CHR Group SNP.lead BP.lead Size W BP.min BP.max BP.width
21 333 rs7283760 45640629 5 0.05308886763581305 45611950 45670770 58820
21 191 rs2834109 34521087 3 0.04095082790869061 34515010 34535415 20405
21 292 rs2280807 42821265 5 0.02999062120056916 42795027 42862936 67909
21 155 rs2832310 30768350 1 0.02424187371930033 30527999 30768350 240351
21 321 rs3737434 44437142 6 0.02378345180163566 44362904 44487404 124500
21 219 rs4817726 36943564 5 0.02322672037078688 36892781 37137766 244985
21 193 rs9981243 34594878 4 0.02310006193131018 34594878 34640788 45910
21 163 rs565489 31523734 5 0.02249808623322639 31511924 31531438 19514
21 26 rs1449525 17762328 8 0.02216967516646022 17743767 17762328 18561
21 243 rs2211860 39552192 9 0.02205596475197595 39493232 39696476 203244
21 91 rs2827079 23196432 7 0.02122754771059806 23173531 23264430 90899
21 203 rs8129311 35922006 7 0.0196277660976001 35838907 35934476 95569
21 31 rs2824098 18235587 3 0.01709677152715709 18228575 18281526 52951
21 170 rs762194 32493031 3 0.01644168541908546 32485200 32517961 32761
21 164 rs2832660 31593066 3 0.01639624040656245 31554936 31719836 164900
21 261 rs447480 41221971 6 0.01574620642445896 41136712 41225542 88830
21 250 rs992244 40252150 12 0.01496097401795523 40157281 40261157 103876
21 241 rs2836074 39346333 2 0.01446074628781607 39332384 39346333 13949
21 303 rs220229 43448797 1 0.01418074520470054 43448797 43453662 4865
21 343 rs8129133 46454237 1 0.01286554870868626 46454237 46454237 0
