CHR Group SNP.lead BP.lead Size W BP.min BP.max BP.width
12 273 rs10774625 111910219 9 0.11872535223200968 111618332 113016553 1398221
12 34 rs1800693 6440009 1 0.10511217290562744 6440009 6476723 36714
12 136 rs2640518 51561056 15 0.06265452390723163 50880216 51755293 875077
12 314 rs838878 125260645 4 0.0616614522858441 125201015 125314921 113906
12 121 rs3747562 42854205 14 0.05514359604631876 42443484 43071393 627909
12 3 rs2075032 717138 4 0.04967445884936451 677756 854331 176575
12 89 rs1487648 24887648 6 0.04865713214910242 24578672 24925239 346567
12 153 rs10877013 58165085 11 0.04476357826014815 57578673 58521091 942418
12 305 rs482522 121194862 9 0.04337750436108426 120846679 121489377 642698
12 122 rs275605 43946204 9 0.0429373535427371 43094326 43973953 879627
12 309 rs585522 123550813 6 0.04284513153529874 123160304 123822711 662407
12 289 rs11068090 117013350 11 0.04247256609365237 116891156 117082846 191690
12 44 ss1388110319 9811832 15 0.04064197635152874 9045670 9813867 768197
12 54 rs1797659 12186453 7 0.03838029739896873 12106881 12256375 149494
12 92 rs1115093 25586533 10 0.03746516120973412 25445122 25590600 145478
12 68 rs726206 16650668 13 0.03690323936782228 16322907 16695762 372855
12 151 rs1701704 56412487 5 0.03275369815726054 56379298 56956213 576915
12 61 rs17820480 13638977 9 0.03249357610835772 13560255 13872044 311789
12 63 rs11055989 14622002 9 0.03184694398626734 14288015 14653867 365852
12 72 rs1471941 18961341 6 0.03131315958499246 18816556 19225583 409027
12 1 rs4980814 443795 3 0.02863208248067013 349298 547683 198385
12 60 rs10744020 13479485 4 0.02800350708982333 13338113 13537838 199725
12 187 rs1705221 71575611 13 0.02628770034261806 71167528 71666552 499024
12 257 rs1043469 104166760 13 0.02577203335602875 104138980 104453196 314216
12 190 rs7970417 72734174 4 0.02572742380251658 72636635 73078427 441792
12 185 rs2870883 70561697 16 0.02528376929560856 70318228 70937443 619215
12 172 rs7300749 67015716 11 0.02450436461853308 66945123 67147603 202480
12 22 rs873613 4232802 4 0.02415941374782679 4118317 4310680 192363
12 138 rs7299647 52544099 7 0.02400723944958094 52282748 52544099 261351
12 204 rs11525598 79870126 1 0.02342345434825096 79481297 79944776 463479
12 57 rs11055015 12836679 2 0.02335125963802619 12765603 12902011 136408
12 365 rs2306546 133358870 4 0.02282817300664447 133341344 133754245 412901
12 152 rs1466535 57534470 12 0.02246067386851616 56988342 57539082 550740
12 79 rs10437776 21583242 8 0.02192742487214305 21317791 21728260 410469
12 70 rs1163929 17602872 7 0.02180206942662401 17376899 18276749 899850
12 117 rs10877201 40012297 14 -0.0211978853967618 39633558 40559062 925504
12 215 rs1782934 85185396 4 0.02113462472933355 85052616 85397604 344988
12 244 rs3815997 99071023 4 0.02109960817336402 98791382 99233282 441900
12 279 rs7960468 114241098 14 0.02090786745631557 114188042 114674261 486219
12 131 rs12819124 48409054 9 -0.02059463209776003 48278487 48954040 675553
12 36 rs870849 6887020 3 0.0200613736496767 6887020 7053149 166129
12 274 rs233716 113039943 1 0.01990594208450279 113036817 113238728 201911
12 222 rs7313740 91286975 14 -0.01868623878194992 91197897 92050203 852306
12 342 rs12818539 129439155 3 0.01862777639985608 129432789 129501057 68268
12 239 rs2075362 96606889 2 0.01830050274384917 96539484 96812261 272777
12 306 rs889970 121856217 9 0.01816579188855 121506154 121933663 427509
12 170 rs10748036 66472284 2 -0.01791699431943495 66398933 66606228 207295
12 158 rs1383187 61321575 4 0.01780667582519884 60861783 61910246 1048463
12 242 rs12579455 97875332 9 0.0177534872396019 97873725 98205710 331985
12 56 rs11834080 12617367 5 0.01684408009391088 12549503 12659894 110391
12 178 rs10878764 68564677 5 0.01676890539506023 68530956 68726857 195901
12 46 rs7979266 10233077 6 0.0166859589047211 10186284 10467067 280783
12 237 rs11610816 96275860 10 0.01665919099688005 96051177 96312686 261509
12 359 rs7967973 131461618 9 -0.0165662924368011 131461618 131642228 180610
12 208 rs7138951 81475633 21 0.01651976723023937 81350719 82338356 987637
12 80 rs4762726 22237590 6 0.01644187651847966 21951107 22245880 294773
12 174 rs12426091 67829605 6 -0.01622068234657793 67440088 67903726 463638
12 83 rs79129189 23104620 3 0.01587902748230373 22976813 23183392 206579
12 81 rs12817074 22386648 3 0.0158326222955997 22263219 22475724 212505
12 232 rs10859731 94953413 3 0.01582545281556092 94934823 95023405 88582
12 177 rs7304878 68485984 13 0.01479471031910701 68249369 68504592 255223
12 101 rs11049439 28349302 6 0.01446731717671459 28209566 28728836 519270
12 207 rs7294577 81204764 7 0.01397614573922843 81007139 81329672 322533
12 275 rs10774676 113362407 5 0.01345625195259915 113273050 113509628 236578
12 144 rs12309572 54074686 8 0.012543241043388 53637466 54187582 550116
12 32 rs7139057 6169323 2 0.01253289977666365 6056450 6174729 118279
12 167 rs1494505 65810174 7 0.01238188646134164 65146676 65910217 763541
12 118 rs33995883 40740686 5 -0.0116998502862077 40601708 40995961 394253
12 310 rs4930714 124067197 11 0.01169937269882201 124053767 124709263 655496
12 114 rs1909510 32778913 6 0.01145104448312906 32649190 33073718 424528
12 143 rs10876405 53500021 2 0.01140745450071899 53393964 53552475 158511
12 20 rs10774176 3969126 1 0.01103956669467428 3878659 4007898 129239
12 241 rs1013422 97737126 3 0.01059716160248356 97689188 97866233 177045
12 347 rs155705 130045752 2 -0.01033087929569896 129939109 130064448 125339
12 29 rs10849261 5522556 4 0.01028856870012947 5391393 5618814 227421
12 45 ss1388112199 9873365 15 0.01026450008676455 9833398 10176144 342746
12 316 rs1080910 125608492 6 0.01004888404062431 125500077 125732246 232169
12 240 rs11837388 97475626 14 0.00994987505513972 96856310 97674468 818158
12 91 rs12229161 25248824 2 -0.00990102544735836 25213582 25410283 196701
12 220 rs704061 89771903 4 0.00990084535458111 89703762 90562017 858255
12 43 ss1388083997 8904132 2 0.0098406487045573 8808006 9027429 219423
12 65 rs1024843 15731744 5 0.0096744021658393 15253372 15763224 509852
12 336 rs1683689 128858494 5 0.00945683245853585 128858494 128902895 44401
12 59 rs741433 13087061 7 0.00937332415976303 13054234 13324295 270061
12 180 rs10083027 68845536 2 0.00931822443969923 68845536 69233215 387679
12 78 rs2117032 21074122 8 0.00927696950806632 20869434 21309714 440280
12 179 rs6581824 68807832 1 0.00912066617774812 68771452 68829232 57780
12 205 rs10862027 80394465 3 -0.00900947867551049 80133070 80429390 296320
12 55 rs718403 12296956 5 -0.0088607707885557 12279361 12514842 235481
12 4 rs7306130 1374396 3 0.00855994066796611 889902 1493559 603657
12 219 rs1401875 89462206 3 -0.00844109732589151 89175535 89655786 480251
12 163 rs1251764 63788284 6 0.00842843776347549 63338414 63897387 558973
12 116 rs7961495 38843441 6 0.00833828207763735 38514872 39613021 1098149
12 145 rs10876528 54421476 2 0.0082374185265032 54257941 54452275 194334
12 103 rs10734773 29558505 10 0.00814488091120903 29130200 29630081 499881
12 299 rs2649978 119288160 2 -0.00800745834572694 119197995 119294242 96247
12 160 rs10219555 62928633 11 -0.00783533485606067 62386908 63055620 668712
12 285 rs7959298 115643608 3 0.00783006305099179 115603902 115836522 232620
12 69 rs994883 17243041 4 0.00765247514884271 16773372 17319646 546274
12 47 rs12819494 10551541 7 0.0072756919256735 10484014 10722585 238571
12 86 rs17485141 24213634 4 0.00697493499187135 23952345 24249224 296879
12 318 rs736438 126021888 4 0.00675386736663744 125899452 126036203 136751
12 280 rs1896003 114738961 4 0.00656756142095244 114702099 114868138 166039
12 194 rs7488278 76129356 6 -0.00656202404785134 76129356 76293660 164304
12 258 rs4964287 104709559 6 -0.00650017270812198 104477393 104839243 361850
12 24 rs11063088 4444742 2 0.00649267513865935 4433389 4664821 231432
12 35 rs7300366 6652227 1 0.00640150884506751 6524679 6836051 311372
12 148 rs11831847 55314346 6 0.00630506776791366 54980215 55316786 336571
12 129 rs2285831 48125702 9 -0.0062633853613271 47746478 48177238 430760
12 85 rs12227654 23688755 6 -0.00625501120371928 23666839 23898340 231501
12 249 rs4764755 101228873 13 0.00615078175134293 100995849 101421625 425776
12 94 rs10842638 26093161 4 0.00613555540334367 26016838 26215107 198269
12 286 rs10774820 116018440 11 -0.00608660743710004 115840082 116178812 338730
12 14 rs3825364 3109873 3 0.00585432939543365 3073149 3134516 61367
12 64 rs10772788 14683816 9 -0.00583004679289316 14673715 15205821 532106
12 344 rs10847790 129674124 2 0.00582565720548648 129595327 129675423 80096
12 90 rs7964847 24959271 6 0.00575974478854263 24947105 25192784 245679
12 93 rs10505966 25677762 8 -0.00568166923251964 25613164 25972117 358953
12 31 rs453385 5759609 7 -0.00564774424014432 5759609 5971176 211567
12 236 rs10777704 95950130 3 0.00563846272266961 95948094 96027467 79373
12 181 rs6581852 69504295 7 0.00547295793945272 69247483 69508022 260539
12 169 rs7972091 66128647 1 0.00542508008890522 66127948 66384885 256937
12 191 rs1461060 74819571 10 -0.00539315926046439 73170582 74835107 1664525
12 221 rs10859032 91097225 7 -0.00522393428625106 90571042 91156974 585932
12 287 rs7304809 116244393 1 -0.00504525986728507 116197943 116746302 548359
12 195 rs10880019 76385805 4 0.00502171221685747 76312596 76446308 133712
12 267 rs2374728 108227299 5 0.00496044584033453 107861624 108496508 634884
12 2 rs10735031 573870 6 0.00495750883917028 573870 662873 89003
12 253 rs4764884 102819599 9 0.00487595558396208 102489302 103125690 636388
12 51 rs2724657 11850632 4 -0.00461665289746256 11768969 11934852 165883
12 95 rs1464054 26406081 3 -0.00460656811211056 26261873 26523923 262050
12 40 ss1388053340 7977723 2 -0.00460510235831761 7960852 8123306 162454
12 224 rs408809 92696131 3 0.00454381249041538 92487362 92821171 333809
12 77 rs12578492 20842041 6 -0.00451459263290249 20719629 20860093 140464
12 263 rs1862028 106281355 4 0.00451421246576396 106241604 106507724 266120
12 135 rs3741562 50529736 6 0.0042880093448572 50341465 50757628 416163
12 321 rs224773 126508567 1 0.00427132139642325 126462568 126534862 72294
12 229 rs10777556 94312091 4 0.00401055244870096 94295622 94491385 195763
12 184 rs10906 70047498 4 -0.00395477452146827 70021405 70311069 289664
12 25 rs10744664 4948668 5 -0.00382404622800536 4699232 4984601 285369
12 246 rs1352921 99726603 5 -0.0038024518867788 99321471 99808128 486657
12 126 rs11534909 46456826 3 0.00374881321792232 46084699 46591906 507207
12 351 rs6486515 130527398 7 0.00372614258261315 130426025 130591803 165778
12 278 rs2081585 114038860 8 -0.00371336546837965 114000115 114177890 177775
12 262 rs10507196 106063813 4 -0.00369079850360903 106063813 106219192 155379
12 226 rs963542 93563956 2 0.0036877989615328 93458831 93563956 105125
12 364 rs6560891 133197018 8 -0.00366764456983763 133008773 133331537 322764
12 313 rs7133829 125089462 4 0.00361550389934267 125041081 125197450 156369
12 297 rs10850957 118526648 4 0.00354437949212282 118502467 118886322 383855
12 100 rs258436 28039023 5 0.00352661767055973 27964996 28165457 200461
12 308 rs10847335 123123258 3 -0.00349226645441021 122494809 123123258 628449
12 251 rs2373455 101892921 2 0.00340567223716127 101890922 102071290 180368
12 154 rs7397895 58982588 6 0.00340177147110259 58569801 59001589 431788
12 362 rs10082903 132078060 1 -0.00337317512218068 132039877 132096632 56755
12 300 rs1405050 119443713 3 0.00324970188271717 119335124 119510036 174912
12 335 rs1193377 128746912 7 -0.00324734237535524 128659722 128799504 139782
12 295 rs10850908 118280475 1 -0.00324477313236605 118158758 118280475 121717
12 198 rs10777124 77757012 3 -0.0032368247917773 77436044 77761458 325414
12 119 rs7305488 41277644 7 -0.00321914392013973 41023399 41685895 662496
12 111 rs2447707 31777952 5 -0.00321260449188955 31516706 32076823 560117
12 23 rs3217830 4392530 2 0.00319860196718385 4322051 4402817 80766
12 290 rs11068157 117147566 2 0.0031720282271985 117093237 117185647 92410
12 315 rs7959530 125439806 3 -0.00305547223749165 125320715 125446436 125721
12 214 rs4631964 84369765 11 -0.0030493407880429 84200102 85026276 826174
12 339 rs3892329 129164603 3 0.003043226890209 129153986 129208187 54201
12 37 ss1388028973 7092665 3 0.00303638124153926 7085171 7370502 285331
12 50 rs7960118 11658814 1 -0.00299660805638887 11495064 11697835 202771
12 41 ss1388062797 8279784 3 0.00298208711433791 8142798 8315255 172457
12 234 rs7133992 95381702 6 0.0029806282126042 95160155 95715994 555839
12 261 rs2694405 105965029 6 -0.00291245628837308 105734338 106048351 314013
12 217 rs2635060 87248804 14 -0.00287240895846029 86593101 88294483 1701382
12 140 rs11549950 52908917 5 -0.00287117469130451 52657665 52913668 256003
12 104 rs7301855 29661473 3 0.00282092856923392 29656604 29762976 106372
12 97 rs841614 27304878 9 0.00270092653119753 26883825 27529219 645394
12 134 rs706795 50297670 4 0.00268241258201881 50187579 50316439 128860
12 252 rs6539019 102303086 5 0.0026761161698122 102087844 102352707 264863
12 348 rs155681 130077125 1 -0.0026725732851171 130075335 130156919 81584
12 243 rs1383127 98660014 10 -0.00265996605468625 98219791 98762487 542696
12 9 rs7967890 1952990 2 0.00265271349996401 1952990 2156904 203914
12 149 rs2252795 55343628 5 -0.00256337956706062 55335383 55431990 96607
12 82 rs2728643 22878685 7 0.00255745442833699 22500419 22916596 416177
12 176 rs2620791 68045584 7 0.00246514801630663 68045584 68236562 190978
12 16 rs10848848 3430368 1 -0.00242594025047314 3345979 3430368 84389
12 345 rs4759592 129757801 5 -0.00242176652539452 129693530 129810707 117177
12 7 rs2010851 1756642 1 0.00238696213328914 1720794 1760478 39684
12 238 rs10161146 96323420 4 -0.00236134715972473 96315487 96483815 168328
12 132 rs10875883 49285390 3 -0.0023239400930823 49058814 49464449 405635
12 247 rs7965793 100175468 3 -0.00228756031408394 99829495 100215417 385922
12 127 rs61748367 46758462 9 0.00227225360524177 46607280 47450430 843150
12 211 rs7979743 83171936 1 0.00225789569344229 83160190 83239281 79091
12 19 rs2191537 3851710 3 0.00224631737501577 3757923 3867471 109548
12 96 rs11048495 26554608 1 0.00223522740275383 26554608 26854487 299879
12 13 rs10848704 2882544 2 -0.00222874764740037 2882544 3060224 177680
12 53 rs2710278 12045185 2 0.00216531226246367 12045185 12084073 38888
12 248 rs10860548 100380198 2 0.00212593420911797 100230985 100899427 668442
12 209 rs17009228 82483116 4 -0.00208590774263856 82343899 82570636 226737
12 325 rs1798816 127239259 3 -0.00208398251471521 127231835 127518105 286270
12 202 rs1717379 78990482 3 -0.00207692115631226 78713436 79055383 341947
12 58 rs7960210 12973815 3 -0.00200872622633099 12932281 13037392 105111
12 282 rs11067295 115219003 3 0.00200834762143703 115050048 115236746 186698
12 110 rs4931468 31379328 3 -0.00200076067605129 31162614 31513999 351385
12 159 rs10877760 62282739 2 0.00196843005286938 61945917 62367084 421167
12 361 rs11061491 131860450 7 0.00186805416264708 131836281 132010067 173786
12 162 rs2839798 63265984 2 -0.00182237411553703 63256210 63309327 53117
12 250 rs1514374 101638522 6 -0.00182032976301739 101468352 101843240 374888
12 329 rs4760974 128037474 3 -0.00179523164289912 127924265 128040502 116237
12 266 rs10128899 107788365 4 -0.00176446756293028 107557112 107842206 285094
12 292 rs532967 117732339 4 0.00175981435556845 117594254 117897323 303069
12 304 rs3999573 120369049 6 0.00175249029202501 120021728 120796112 774384
12 120 rs1391000 42133006 11 -0.00173627100744378 41698342 42344420 646078
12 256 rs1317389 103800290 3 0.00168281553773539 103786515 104124018 337503
12 298 rs10850977 118933709 4 -0.0016808237402295 118925115 119172763 247648
12 294 rs487894 118112859 4 0.00167033409176508 118018700 118145683 126983
12 213 rs4084722 83854627 7 -0.0016620549591864 83580357 84167218 586861
12 284 rs2384569 115560137 2 0.001654205897499 115452473 115575544 123071
12 200 rs17224015 78488242 5 0.00154908660239066 78124579 78542699 418120
12 307 rs1610041 122283781 6 0.00154565728265542 122062722 122468687 405965
12 343 rs11060117 129556120 1 -0.00152333176578135 129528907 129593425 64518
12 164 rs12314553 63954300 3 -0.00149652455334519 63946056 64366408 420352
12 192 rs7302339 75298553 4 0.00148103732899616 74906884 75521362 614478
12 87 rs883569 24393365 4 0.00142565370964736 24308717 24424791 116074
12 106 rs754296 30270589 3 -0.0014045427112232 30084002 30337790 253788
12 319 rs10492032 126077244 2 -0.00136243140195514 126069856 126326568 256712
12 102 rs993168 28999673 3 0.00136074483789876 28776755 29098855 322100
12 203 rs2400267 79199306 1 -0.00124323458406579 79199306 79442837 243531
12 142 rs10876360 53240025 9 0.00123943043463222 53044267 53364014 319747
12 235 rs11108024 95779897 1 -0.00123896815450647 95731336 95927762 196426
12 328 rs1485862 127905639 1 0.00119978087239891 127882841 127917085 34244
12 320 rs12578839 126366825 1 0.00118946339469084 126356564 126433433 76869
12 355 rs12578145 131044757 1 0.00118560681005877 130933687 131092583 158896
12 259 rs835487 105060767 4 -0.0011745843562574 104854011 105081014 227003
12 269 rs10861902 108765747 9 0.00116620897514616 108707123 109017898 310775
12 27 rs11612475 5098637 2 -0.00116536941310823 5086778 5186956 100178
12 233 rs7306517 95136893 1 0.00111794220824568 95053555 95138070 84515
12 113 rs10844187 32486059 7 0.00108797706174891 32370224 32642023 271799
12 75 rs10770633 20372499 2 0.0010727392770019 20087157 20372499 285342
12 303 rs11609862 119889534 1 -0.0010613801199249799 119763890 120001334 237444
12 354 rs12229898 130888284 4 -0.00106054579517011 130753999 130899033 145034
12 105 rs302385 29872623 7 0.00104967032429776 29805354 30077283 271929
12 18 rs11062666 3582651 3 0.00102778603312681 3582651 3744487 161836
12 230 rs870034 94640095 2 0.00102571997120306 94515826 94640095 124269
12 189 rs11178845 71943537 3 0.0010185870102218 71943537 72551952 608415
12 88 rs542388 24502516 1 -0.0010139883794141 24471815 24555622 83807
12 26 rs2240865 5027653 1 -9.878662453054732e-4 4995220 5038334 43114
12 42 ss1388077508 8692843 1 -9.564540863688072e-4 8667897 8704687 36790
12 183 rs485288 69980028 2 9.53854878893942e-4 69697366 70012260 314894
12 193 rs12424442 76090867 5 -9.47796521222478e-4 75575308 76100750 525442
12 12 rs2302727 2774601 3 -9.089910309027912e-4 2613716 2865649 251933
12 225 rs17530 92843638 4 -8.917116797215989e-4 92843638 93433853 590215
12 196 rs2175605 76885875 6 8.688322577229714e-4 76543066 77095868 552802
12 268 rs12824955 108655308 1 8.478015984563659e-4 108526385 108702560 176175
12 71 rs596132 18807001 5 8.434630030718004e-4 18304086 18808012 503926
12 228 rs2364871 94102129 2 8.307235286035492e-4 94013143 94243853 230710
12 73 rs7979433 19400586 2 8.122992601113782e-4 19254633 19909772 655139
12 62 rs1075010 13918341 2 8.107103936242344e-4 13918341 14214636 296295
12 39 ss1388049414 7871112 5 -8.027736348492362e-4 7649484 7912675 263191
12 227 rs7976742 93721801 2 7.762709382010257e-4 93628915 93996980 368065
12 212 rs7307961 83390921 3 -7.032923199157279e-4 83322071 83540904 218833
12 206 rs4489813 80853265 8 -6.933189539246138e-4 80444611 80943669 499058
12 312 rs1243888 124930214 1 6.921690464967775e-4 124863599 124930214 66615
12 216 rs4074726 85671452 1 -6.921593080642771e-4 85406066 86469798 1063732
12 107 rs10082827 30473418 5 6.88229832004403e-4 30368441 30712061 343620
12 270 rs246092 109607051 3 -6.643045826699285e-4 109133588 109675029 541441
12 157 rs11173297 60434728 2 -6.507981242659319e-4 60028954 60823755 794801
12 254 rs1464789 103211059 1 6.213534904323635e-4 103211059 103361379 150320
12 265 rs1861745 107301642 2 -6.087835476134253e-4 106665078 107539486 874408
12 123 rs1531402 44243739 2 -6.05909171999645e-4 43993734 44459583 465849
12 156 rs12367511 59484069 3 5.897974272799026e-4 59316881 59986704 669823
12 301 rs7302554 119530424 1 -5.814755512278968e-4 119530424 119665735 135311
12 302 rs2251190 119708088 3 5.80202507048413e-4 119673183 119733874 60691
12 293 rs6490128 117975866 4 5.745804295153587e-4 117925350 118000836 75486
12 173 rs1252272 67284740 1 5.691958004399527e-4 67192442 67428382 235940
12 210 rs7962987 82988175 6 -5.539258600259118e-4 82612417 83112586 500169
12 49 rs1863842 11460063 1 -5.431082177374277e-4 10953057 11460063 507006
12 255 rs11111512 103666272 3 -5.258149826953794e-4 103436241 103762406 326165
12 357 rs12318582 131252551 1 -5.242326589964674e-4 131226142 131400652 174510
12 125 rs10880776 45724730 8 5.107921786172902e-4 45231387 45986738 755351
12 76 rs11045274 20629739 7 4.684637723983095e-4 20398906 20699771 300865
12 201 rs169949 78601978 1 4.644428136038166e-4 78577755 78643490 65735
12 322 rs10847061 126565356 2 4.470274682469224e-4 126548335 126680346 132011
12 165 rs11837890 64863983 2 4.3855324891370773e-4 64415030 64863983 448953
12 340 rs4760557 129228730 1 4.286859734118196e-4 129228730 129251350 22620
12 66 rs17415853 15930805 1 4.2680488937303017e-4 15856513 16136782 280269
12 231 rs8553 94701318 3 4.194127510211273e-4 94654986 94888615 233629
12 317 rs326387 125805148 1 4.1762408318041694e-4 125760992 125878240 117248
12 0 rs2284329 303320 2 4.1292305368991063e-4 221203 310334 89131
12 199 rs10777158 77835446 1 3.8209374696099194e-4 77806686 78090240 283554
12 283 rs7139439 115422825 4 -3.566273581928935e-4 115272875 115428241 155366
12 271 rs714880 110093847 3 3.2170540753140623e-4 109692053 110108063 416010
12 48 rs10845199 10820318 1 -3.057272212797178e-4 10771039 10894663 123624
12 137 rs7957593 51998690 1 -3.0502365242355444e-4 51802656 52251272 448616
12 67 rs6488814 16222477 1 -2.92583807795e-4 16222043 16299601 77558
12 296 rs5745879 118467645 2 2.8602128170714006e-4 118327310 118477182 149872
12 363 rs12227924 132272725 1 2.7496169963305006e-4 132156008 132694963 538955
12 74 rs10841397 20063968 3 -2.737540528366622e-4 19947908 20063968 116060
12 112 rs17512639 32229817 9 -2.719064208682835e-4 32128219 32322171 193952
12 109 rs7309016 31085550 2 2.6796397342959867e-4 31082324 31139301 56977
12 115 rs12227043 33100678 10 -2.5450879654266654e-4 33085304 34380350 1295046
12 28 rs500677 5295504 4 -2.385624251194596e-4 5210761 5372620 161859
12 353 rs10848032 130681300 1 -2.3240081483489212e-4 130680437 130721733 41296
12 291 rs12301568 117527177 2 -2.2336362615392623e-4 117250034 117539934 289900
12 84 rs3847901 23195088 1 2.157333164393935e-4 23195088 23656815 461727
12 330 rs1967060 128071611 1 2.1415613072533357e-4 128063305 128187674 124369
12 245 rs1549102 99282746 1 2.0149445062811523e-4 99256895 99286617 29722
12 360 rs10773860 131675350 1 1.9761184872842385e-4 131662218 131735792 73574
12 139 rs6580870 52631313 2 1.9720872245100295e-4 52583604 52632573 48969
12 349 rs2398469 130204943 2 1.904928863666405e-4 130166947 130247031 80084
12 98 rs306637 27620727 4 -1.8252266609751348e-4 27536031 27797020 260989
12 150 rs772262 56163734 1 1.7623997772345378e-4 55507465 56163734 656269
12 323 rs6489076 126908667 2 1.7558107772639388e-4 126703253 127035173 331920
12 281 rs713559 115006437 1 1.716533159609675e-4 114894728 115030724 135996
12 324 rs1706487 127147035 2 -1.6625210619549205e-4 127082208 127179905 97697
12 272 rs1420980 110140190 1 -1.5203706447940074e-4 110132304 111401316 1269012
12 128 rs4768783 47592945 1 1.5084027349662328e-4 47496338 47679348 183010
12 334 rs4268573 128645217 1 1.247122827726483e-4 128590748 128651244 60496
12 146 rs10506328 54687232 1 1.2112987855750932e-4 54539005 54774379 235374
12 327 rs1875949 127853862 3 -1.1623337289991784e-4 127763342 127860333 96991
12 15 rs3741947 3325665 2 1.0706700638260184e-4 3200476 3326187 125711
12 346 rs11060281 129852893 2 9.63593153741632e-5 129839544 129932796 93252
12 141 rs7310156 52981676 2 -9.22225577426589e-5 52938320 53036090 97770
12 33 rs797773 6307566 1 -7.350589615878567e-5 6202049 6349328 147279
12 341 rs9738836 129281838 1 6.013388683836269e-5 129266496 129395114 128618
12 188 rs117324318 71834037 2 5.3413603798878665e-6 71714666 71934790 220124
12 124 rs11182653 45156773 4 1.335796219947274e-6 44487061 45195228 708167
