CHR Group SNP.lead BP.lead Size W BP.min BP.max BP.width
5 478 rs6897932 35874575 4 0.1168003672560956 35806960 35925282 118322
5 1610 rs2546890 158759900 6 0.08357355310590685 158690951 158814533 123582
5 1027 rs26232 102596720 3 0.03973151026628512 102280302 102660400 380098
5 1525 rs10036748 150458146 4 0.03552210983337951 150434722 150458146 23424
5 578 rs3776694 53360174 2 0.03442727344153629 53297591 53382156 84565
5 1387 rs11750814 137500665 3 0.02992911566722788 137486426 137782204 295778
5 1418 rs4912622 141490587 6 0.02913827653219736 141439358 141564645 125287
5 566 rs6896291 52105776 5 -0.0279122554869892 52071311 52114611 43300
5 1588 rs3846684 156649132 2 0.02744983783922574 156637347 156664822 27475
5 1192 rs6595174 118440675 3 0.02561093564596531 118440675 118532034 91359
5 1439 rs6580285 142889168 2 0.02333409167275971 142827239 142889168 61929
5 958 rs17314172 93167165 3 -0.02301806177054584 92714691 93222034 507343
5 1352 rs258514 133809801 1 -0.02225890744655584 133781587 133823078 41491
5 1349 rs10059571 133410192 2 0.02128739609707242 133382456 133416258 33802
5 1223 rs2116427 121182996 1 0.0212191472414779 121182996 121182996 0
5 1513 rs887344 149549022 2 0.01951977596689074 149548823 149583175 34352
5 989 rs30187 96124330 7 0.01774444874999395 96082401 96188666 106265
5 249 rs149391 14745268 2 0.01767055011582149 14741921 14745268 3347
5 1808 rs255313 172611648 5 0.01738871324786666 172444136 172619253 175117
5 1103 rs7709420 110544623 1 0.01718700107492378 110491097 110562604 71507
5 1925 rs307814 180074248 1 0.01659335567457198 180074248 180074248 0
5 953 rs13165943 92139632 6 0.01644491272165959 92082627 92177723 95096
5 1089 rs2301010 109132461 2 0.01637095342288426 108992465 109145646 153181
5 1104 rs6875225 110568929 3 -0.01593731221156387 110568929 110620861 51932
5 887 rs6897010 83163554 1 0.01590064945451763 83163554 83163554 0
5 138 rs1353502 6902045 1 0.01558364724422456 6892417 6902045 9628
5 59 rs11747122 3086951 6 0.01511026237823164 3064150 3089964 25814
5 1606 rs10515785 158443352 3 0.01504518635143746 158183996 158443352 259356
5 243 rs149123 14222340 1 0.01495648215510319 14123507 14227482 103975
5 1060 rs4382152 106379106 1 0.01476985732487574 106287409 106379106 91697
5 945 rs6452953 90723034 5 0.01475602101703376 90628243 90751343 123100
5 496 rs4343860 37681646 5 0.01474967291504746 37128315 37751724 623409
5 1102 rs3806932 110405675 4 0.01463457837696971 110405675 110485574 79899
5 1082 rs4616948 108168024 2 -0.01445911779614298 108045369 108229760 184391
5 250 rs9790982 14776585 2 0.01440157336611435 14764934 14835061 70127
5 1589 rs1979006 156734386 2 -0.01421199013174514 156699305 156809248 109943
5 1647 rs312305 162095410 1 0.01420874929796491 162095410 162096682 1272
5 880 rs1805377 82648943 3 0.01343072609696048 82624287 82648943 24656
5 693 rs4235460 65689041 1 0.0133501003359532 65655412 65726784 71372
5 654 rs2409792 59998236 3 -0.01328084470959533 59802783 60065941 263158
5 590 rs4282276 54011945 4 0.01318447941864911 53991758 54038676 46918
5 730 rs4704553 71430895 2 0.01312148000772355 71430895 71454175 23280
5 1004 rs7737402 98333129 6 0.01295827176364713 98124933 98333129 208196
5 726 rs1911923 71155607 1 0.0129567205275441 71155607 71169505 13898
5 964 rs13359541 94147866 4 0.0128556179791197 94096010 94176617 80607
5 1316 rs6888236 130215911 3 -0.01280636765768857 130084469 130359215 274746
5 983 rs269853 95806979 3 -0.01263210044611321 95790016 95821532 31516
5 470 rs2962101 35135741 3 0.01261974228465391 35084647 35145363 60716
5 1257 rs4835839 123939264 2 0.01248514160069457 123939264 123971932 32668
5 1090 rs6594405 109222729 3 0.01246631224623678 109213034 109224099 11065
5 870 rs924619 81953043 1 0.01233896270144844 81953043 81955591 2548
5 1063 rs7711379 106674243 1 -0.01201123840699047 106674243 106701494 27251
5 785 rs17567779 75925916 2 -0.0117686283164907 75923294 75957624 34330
5 619 rs832575 56161787 3 -0.0115013775895439 56064133 56238597 174464
5 451 rs1374017 33835353 2 0.01125239361581576 33835353 33879792 44439
5 1271 rs1490996 124946532 4 -0.01076115604117145 124900197 124958205 58008
5 634 rs719428 57710739 6 -0.01069286635658897 57611865 57713579 101714
5 1604 rs10515765 157947537 4 0.01035684883202123 157947537 158045955 98418
5 244 rs16903338 14253187 4 -0.01023635836264244 14245046 14404596 159550
5 1632 rs2176297 160388599 3 0.00979726877305104 160356255 160390969 34714
5 24 rs7703762 1797548 4 -0.009791815096496 1772615 1833627 61012
5 500 rs4574573 37915720 3 -0.00972685067986857 37913527 37915720 2193
5 1855 rs2471015 174756703 3 0.00967617712496559 174708042 174756703 48661
5 1322 rs743562 131872383 1 0.00966924675765852 131819921 131872865 52944
5 1043 rs10069629 104212940 4 0.0096416149191456 104125475 104212940 87465
5 384 rs1025282 29351886 4 0.00962001446922259 29214777 29361880 147103
5 995 rs7704593 97153609 5 -0.00954168989477832 97137056 97206196 69140
5 1523 rs13158099 150372984 4 -0.00953384656889796 150350990 150387141 36151
5 1285 rs6884533 126041754 1 0.00952602047112002 125989661 126041754 52093
5 428 rs2291114 32074392 3 0.00951722017040509 32067398 32088500 21102
5 559 rs4865518 50984183 2 0.00942837464849676 50920764 51182660 261896
5 54 rs2974686 2939706 4 0.0093999927120051 2897116 2948632 51516
5 562 rs2911762 51688602 1 -0.00936035400272472 51531910 51688602 156692
5 1098 rs10035983 109833727 3 0.00934246706149937 109804977 110120915 315938
5 122 rs7735511 6050134 3 -0.00932759202173423 6050134 6104208 54074
5 1142 rs269515 114679296 2 -0.00917504815148299 114580652 114679296 98644
5 1749 rs1895301 169542343 6 -0.00898560684156206 169511458 169572933 61475
5 805 rs354616 77122240 6 0.00891030797040021 76963674 77122856 159182
5 858 rs10078088 80661696 1 -0.0089081451878498 80660945 80661696 751
5 1736 rs11134564 168688650 1 -0.00878958487647915 168688650 168722937 34287
5 1414 rs17208551 141226970 1 0.00865644455861414 141226970 141226970 0
5 646 rs1445918 58681857 6 0.00862280821722427 58655740 58713680 57940
5 777 rs12655684 75492702 2 0.00857345145933138 75492702 75509233 16531
5 1002 rs154201 97939616 1 0.00856908966089838 97910106 97985312 75206
5 998 rs6890789 97469921 1 0.00855155554114742 97402967 97477227 74260
5 1432 rs6898510 142372435 1 0.00849441495516823 142264406 142372435 108029
5 669 rs16890998 62033116 2 0.00848806855512514 62007687 62055300 47613
5 67 rs4866550 3308312 3 0.00837499352017767 3308312 3338013 29701
5 1306 rs10068886 128612886 2 -0.00834805502125993 128553667 128651624 97957
5 16 rs36979 1503610 3 0.00833251496298763 1493608 1503610 10002
5 1096 rs4315966 109556518 2 -0.00832616600514476 109536583 109570615 34032
5 1817 rs2112620 172958165 4 -0.00827588163165923 172933842 172988569 54727
5 531 rs6893565 40293299 4 0.00826761605226801 40288878 40316181 27303
5 1307 rs13182736 128704748 2 -0.00825835351641799 128704748 128722696 17948
5 302 rs4597970 18971937 5 0.00819015020609944 18908745 19007222 98477
5 1136 rs3891371 113834663 2 0.00816753881749915 113798016 113864076 66060
5 1541 rs159822 151467672 3 0.00812603606794522 151376310 151471642 95332
5 18 rs2963285 1550734 1 0.00803910721753187 1529358 1550734 21376
5 671 rs6865447 62325295 1 0.00794541552334862 62193486 62392211 198725
5 801 rs6863296 76616738 2 0.00794423522795005 76607841 76695540 87699
5 70 rs402272 3411611 3 0.00792297402431498 3411611 3451196 39585
5 471 rs16872491 35164895 2 -0.00790744682151742 35164895 35211240 46345
5 28 rs12656386 1965996 2 -0.00790458451885402 1948303 2014366 66063
5 43 rs374683 2522431 1 -0.00788419810033211 2494273 2538080 43807
5 224 rs4701924 11870554 1 -0.00786457754240006 11855867 11874565 18698
5 652 rs4302546 59522505 3 0.0078187276080335 59502520 59544653 42133
5 1603 rs11960210 157817634 5 -0.00781391926442669 157811415 157917275 105860
5 1195 rs2636968 118838068 4 -0.00779139055553642 118682789 118838068 155279
5 1581 rs10077764 155717149 1 0.00776829022535839 155673942 155717149 43207
5 1191 rs7706037 118357780 2 0.00776319533059819 118303481 118357780 54299
5 1496 rs1438692 148659664 3 -0.00773960809531648 148615987 148659664 43677
5 1381 rs6878269 136526751 3 0.00756727858389632 136518169 136636545 118376
5 1250 rs7713532 123587452 2 0.00756635712010386 123587152 123587452 300
5 1047 rs249557 104682427 4 0.00756304591908278 104582841 104812752 229911
5 221 rs6893111 11538379 3 -0.00746723276823724 11538361 11564995 26634
5 1417 rs10078983 141398031 1 -0.00745396471874616 141398031 141398031 0
5 1811 rs10073580 172725229 2 0.00740423952285239 172700938 172726432 25494
5 1713 rs7722031 167543205 4 0.0073070293927276 167529727 167566707 36980
5 1259 rs4616890 124022189 3 -0.00730032502565473 124001206 124022833 21627
5 803 rs10514104 76808135 2 0.00728221753634292 76733379 76871345 137966
5 1760 rs11957313 169950394 2 -0.00726931211424024 169950394 169950394 0
5 922 rs13357105 87457198 6 0.0072352723134487 87445490 87756918 311428
5 473 rs32745 35357174 2 0.0072096745783076 35315860 35369453 53593
5 741 rs2914544 72809831 2 0.00720966510080065 72690460 72809831 119371
5 1255 rs949973 123853534 1 0.00720473447978378 123853534 123889581 36047
5 1490 rs10070291 148232677 1 0.00719170012418456 148221473 148268149 46676
5 1670 rs10064772 164368235 2 0.00712683492284397 164334870 164458245 123375
5 835 rs265005 79172136 2 -0.00711229867280816 79158432 79191702 33270
5 1567 rs4958761 154065895 3 -0.00708717251029828 154045825 154090511 44686
5 1524 rs3763012 150404657 6 0.00700354869408662 150399210 150428871 29661
5 1711 rs7714553 167466119 2 -0.00696456923334602 167435974 167484417 48443
5 354 rs7723935 25650176 1 -0.00691383232315259 25608727 25668834 60107
5 294 rs17661265 18215931 1 0.00682999907819355 18173795 18288995 115200
5 1015 rs1428439 100238801 5 -0.00662407372842303 100100157 100279289 179132
5 1548 rs6881504 152498173 4 0.00661677358326278 152367546 152498173 130627
5 1451 rs10491258 144132727 3 0.00660871010977931 144055534 144339411 283877
5 1507 rs741580 149201670 1 -0.00660165251737777 149201670 149212510 10840
5 1833 rs1863954 173782172 1 -0.00660060653521913 173772593 173800923 28330
5 74 rs6892937 3684777 1 0.00651931084351991 3684777 3684777 0
5 1444 rs12519988 143211589 5 0.00649497769026655 143201705 143225966 24261
5 418 rs7707027 31761519 1 0.00642880504674388 31761519 31761519 0
5 956 rs4541642 92588936 2 -0.00642171916588764 92378046 92588936 210890
5 1876 rs4075958 176784512 3 -0.00642120575406903 176773091 176825069 51978
5 1865 rs11748001 175212364 5 -0.00636931273171329 175206596 175268492 61896
5 1252 rs257706 123740639 2 0.00626148052442692 123740639 123746171 5532
5 1122 rs7732695 112495421 1 0.00623542553959151 112486175 112530417 44242
5 1049 rs13154551 104957493 3 0.00621194153620756 104864551 105007215 142664
5 770 rs11742194 74646878 3 -0.00611513442180648 74568134 74874990 306856
5 1901 rs11746863 178572268 3 0.00594952669239506 178457434 178579914 122480
5 1882 rs7715618 177612634 3 -0.00594809541713705 177562815 177614931 52116
5 510 rs2561140 38361483 4 0.00593392335718482 38329510 38361483 31973
5 591 rs1991498 54170032 2 0.00593311265814201 54104560 54170032 65472
5 1528 rs17659044 150504416 3 -0.0059088264459334 150503337 150513738 10401
5 1402 rs1030667 139658794 6 -0.00586877522530624 139515394 139658794 143400
5 1125 rs367943 112809728 5 -0.00586305482480253 112681830 112868693 186863
5 569 rs1421941 52297951 4 0.00584776556149198 52237991 52321039 83048
5 565 rs1450952 52034098 3 -0.00582079343529263 51991603 52051514 59911
5 1888 rs2973720 177802161 2 -0.0057988186965484 177798295 177802161 3866
5 1907 rs368080 178796142 1 -0.00578657119828659 178796142 178820635 24493
5 547 rs35201656 43613046 3 0.0057863249322477 43337534 43800333 462799
5 1561 rs17637310 153774496 3 0.00577229618938119 153774496 153788339 13843
5 214 rs441973 11277256 1 0.00576755375102634 11239180 11298223 59043
5 1406 rs2907312 140611099 7 0.00575518997777056 140529711 140614830 85119
5 160 rs10512951 8303911 1 0.00573254539013496 8250539 8328783 78244
5 678 rs6449702 63466256 2 0.00573121617500118 63221842 63710555 488713
5 231 rs6554760 13238542 3 0.00573112612758482 13207953 13246979 39026
5 1665 rs6556742 163681411 1 0.00572015740663529 163681411 163731007 49596
5 1289 rs12655258 126267351 3 -0.00570636750430541 126250812 126479170 228358
5 655 rs159542 60485778 7 -0.00568520979914158 60080374 60550041 469667
5 1410 rs3749759 141041435 2 -0.00566785720964072 141041435 141059360 17925
5 1898 rs7722026 178227525 3 -0.00559100918974499 178213713 178268757 55044
5 1109 rs17842608 111056781 1 0.00557177795667173 111017793 111084245 66452
5 139 rs12520925 6961853 2 -0.00554374648108094 6944267 7006254 61987
5 865 rs11747149 81198579 1 0.00553646381914785 81198579 81457358 258779
5 731 rs13153166 71494931 1 0.00550996724185508 71490962 71667074 176112
5 697 rs7721030 65933932 3 0.00549430328239236 65913576 65998140 84564
5 868 rs905219 81882182 2 0.0054724314077013 81717176 81882182 165006
5 137 rs12513764 6865801 1 -0.00538054826690061 6865801 6869021 3220
5 1906 rs2271214 178770718 1 -0.00537661748752082 178770100 178770718 618
5 1408 rs72790032 140773111 3 0.00534980188792473 140723174 140881474 158300
5 1702 rs4869044 166882756 4 0.00534671967143777 166881177 166902110 20933
5 185 rs17274475 9738382 2 -0.0053455115563293 9738382 9786277 47895
5 248 rs6895973 14621711 1 0.00533597612065088 14583006 14621711 38705
5 1479 rs12656141 147116733 4 -0.00532614683506585 147059645 147152885 93240
5 973 rs6866194 94919966 3 0.00525675918695027 94796041 94939193 143152
5 379 rs4266409 28489325 2 0.00523584334635367 28444697 28573939 129242
5 1396 rs749125 139166808 2 0.00521735643954395 139166034 139166808 774
5 625 rs12658182 56794319 4 -0.00520352577883186 56794319 56806662 12343
5 1891 rs4618447 177867175 1 -0.00513870233548813 177852582 177880278 27696
5 1905 rs456909 178659691 1 0.00502695598809592 178659691 178686332 26641
5 110 rs2399696 5419547 1 -0.00499517610851346 5419547 5419547 0
5 37 rs12189181 2319964 2 -0.00495889596218722 2319964 2330992 11028
5 83 rs10866562 4110205 2 0.00490845659379426 4105915 4136154 30239
5 784 rs16873483 75871350 3 0.00490007377934401 75839165 75914003 74838
5 1574 rs10515719 154803797 4 0.00488345105904809 154803797 154944885 141088
5 277 rs29448 16907538 1 -0.00486093625546844 16907538 16952807 45269
5 1635 rs2010725 160684920 2 0.00485885400250176 160623076 160684920 61844
5 306 rs770301 19537726 3 0.00484685862017066 19498390 19537726 39336
5 1501 rs476741 148815204 1 -0.00483864401620261 148815204 148815204 0
5 1051 rs1482900 105144834 1 -0.0048148658593364 105070480 105232877 162397
5 826 rs7719464 78641327 2 0.00475523330285765 78421780 78661854 240074
5 1296 rs1520246 127266725 1 0.00475442951362635 127248485 127317581 69096
5 1115 rs7702830 111770880 1 -0.00473335351540088 111765962 111770880 4918
5 1181 rs2900110 117336746 1 -0.00472559956784779 117319372 117336746 17374
5 1111 rs1493455 111269667 2 -0.00472325859590877 111144734 111287944 143210
5 141 rs13161773 7118462 2 0.00472010974732145 7111255 7138170 26915
5 1284 rs900641 125931022 2 -0.00465864233968096 125908090 125945742 37652
5 492 rs1549627 36676161 1 -0.00464877964533987 36676161 36678275 2114
5 935 rs10059737 89517833 1 0.00462338729761679 89517833 89546109 28276
5 356 rs366244 25817862 2 -0.00460985271833609 25774428 25819325 44897
5 1889 rs7722612 177826469 1 0.00453453230821481 177820134 177830769 10635
5 610 rs157521 55821031 3 -0.00450746054837708 55810027 55821031 11004
5 1554 rs1422884 153009489 1 0.0045063856078862 153009489 153009489 0
5 534 rs324058 40961894 4 0.00449201059788553 40961164 40985604 24440
5 1840 rs6878215 174060774 1 0.00445765942091569 174050806 174060774 9968
5 842 rs10805934 79603708 3 0.00444352986740117 79603708 79666489 62781
5 1593 rs6882516 157182897 2 0.00440154118616201 157120226 157182897 62671
5 94 rs7711434 4724332 4 0.00440056812718308 4700587 4745979 45392
5 1820 rs703724 173120513 1 0.00438801345193102 173120513 173120513 0
5 349 rs1389221 24884260 1 0.00436962988055855 24884260 24884260 0
5 21 rs872015 1720276 1 -0.00436465583181453 1685297 1723063 37766
5 898 rs10051998 84018132 3 0.0043547968910151 83981802 84033417 51615
5 1265 rs6892878 124525027 2 0.00433915559320622 124491958 124525027 33069
5 60 rs13187652 3095939 1 0.00431268294844579 3095124 3095939 815
5 1751 rs315717 169685163 1 -0.00429459643872942 169644032 169685163 41131
5 467 rs37440 34948532 4 0.00428271840842932 34863220 34998877 135657
5 1274 rs13165374 125149358 1 0.00426100896959018 125130065 125149358 19293
5 1688 rs2133726 165763260 1 0.00425993213705623 165762233 165775731 13498
5 154 rs1377490 8036594 4 0.00425579873647432 7984374 8047543 63169
5 375 rs6862995 27824645 2 0.00420541174673383 27817189 27913746 96557
5 717 rs13175238 68058660 1 0.00419856199684768 68010984 68060559 49575
5 918 rs13158939 86946130 1 0.00416844462542671 86540308 86951508 411200
5 1768 rs7707008 170801952 1 0.00416569383437185 170757560 170801952 44392
5 1575 rs17118094 154989490 2 0.00415000297279798 154989490 155060775 71285
5 1747 rs6863396 169463466 1 0.00413464777940906 169444363 169465861 21498
5 563 rs750544 51749055 1 -0.00412136643107617 51708099 51843256 135157
5 1624 rs10515808 159820931 1 -0.00411642856373786 159787106 159842673 55567
5 1230 rs3811873 121793477 1 0.0041136965115005 121753782 121808701 54919
5 394 rs6878545 30407686 1 0.00409683565703797 30368825 30407686 38861
5 202 rs9790911 10585287 1 0.00404424917021868 10583537 10616846 33309
5 222 rs7713093 11593348 2 0.00404261051146126 11593348 11593348 0
5 1628 rs1363197 160069545 1 -0.00402223964408249 160061565 160150822 89257
5 357 rs7704909 25898921 2 0.00399679161757957 25874921 25951104 76183
5 1522 rs10059011 150226722 3 0.00399649386579159 150176331 150331600 155269
5 1746 rs6555879 169391322 2 0.00398220291602202 169391322 169398287 6965
5 663 rs975134 61137914 5 0.00395172746918548 61101470 61161048 59578
5 240 rs2102443 13995605 4 0.00394025839072661 13964588 14024415 59827
5 431 rs6879213 32474264 4 0.00393338564882783 32466436 32514245 47809
5 466 rs3844310 34819280 1 -0.00392471852885222 34819280 34859409 40129
5 288 rs1399486 17767272 2 0.00391590405516531 17730304 17802524 72220
5 1824 rs2594841 173266547 1 -0.00391200914371145 173242579 173266547 23968
5 1844 rs7728861 174180561 1 0.00389393174783746 174180561 174189823 9262
5 1236 rs34341374 122364538 2 0.00388678307692164 122045488 122367347 321859
5 1874 rs365132 176378574 3 0.00388580731847545 176314206 176434440 120234
5 1182 rs10074918 117434840 6 -0.0038818678011961 117354366 117521059 166693
5 314 rs7446190 20674527 1 -0.00385960341707496 20626297 20688825 62528
5 1508 rs888895 149239093 3 -0.00385671404167309 149239093 149239850 757
5 262 rs998747 16260028 1 -0.00384389502388364 16226898 16278279 51381
5 255 rs2121183 15082673 1 -0.00379181246824302 15022112 15082673 60561
5 329 rs12518494 22938343 2 0.00375612999434982 22826121 22985333 159212
5 1168 rs6594987 116228312 1 0.00375588470637915 116218278 116233236 14958
5 1724 rs1864952 168139239 1 -0.00370100621725513 168066517 168164744 98227
5 135 rs1004758 6792985 3 -0.00369679995879729 6761511 6796405 34894
5 1355 rs139800400 134343662 1 0.00366248123712256 134332143 134380531 48388
5 297 rs7701168 18581767 2 0.00365287972102991 18561967 18665502 103535
5 95 rs16874171 4875420 1 0.00362657048835316 4814945 4876172 61227
5 1277 rs3849066 125390294 3 0.003624616294136 125359766 125520876 161110
5 1919 rs7737438 179619222 2 -0.00357793449899879 179618961 179619222 261
5 1210 rs2405955 119932276 2 -0.0035669299441588 119919047 119978197 59150
5 929 rs1852730 88781868 1 -0.00353663980894446 88777537 88853071 75534
5 321 rs13162954 21743174 2 0.00351576788878789 21723745 21758500 34755
5 1655 rs2303078 162901156 4 -0.00351250986913102 162866548 162949215 82667
5 1834 rs1427958 173819523 3 -0.00350618730420465 173815831 173854937 39106
5 1420 rs10072521 141628405 1 -0.00346802958531571 141628405 141637058 8653
5 165 rs12653550 8554971 1 0.00344460231165059 8543442 8584086 40644
5 1141 rs6866580 114466145 1 0.00344442530378261 114462355 114497972 35617
5 1538 rs1368371 151004568 2 0.00343785356274761 150999990 151054227 54237
5 1797 rs6556035 172079889 2 0.00343544541822658 172061532 172079889 18357
5 913 rs11746597 86128792 2 0.00343432955789178 86059399 86129665 70266
5 1695 rs2161425 166309007 2 0.00342201478578796 166302781 166325332 22551
5 1093 rs11959815 109399630 2 0.00340014150302842 109369796 109419718 49922
5 419 rs11738489 31798252 1 0.00336332441464047 31770733 31806434 35701
5 15 rs460000 1432825 1 -0.00335862560106402 1432825 1432825 0
5 1261 rs6595551 124139895 2 0.00334553069172846 124132647 124147560 14913
5 393 rs4867261 30257748 2 -0.00331811418024821 30164476 30317487 153011
5 549 rs1011814 44335820 1 0.0033107941074941 44066093 44381698 315605
5 533 rs10065570 40835627 5 0.00330067955551168 40646560 40943442 296882
5 116 rs28165 5792720 4 0.00325997175913715 5790928 5792720 1792
5 1198 rs330206 119011525 3 0.00325469441371496 118986107 119029069 42962
5 86 rs261133 4316307 1 0.00320393272481784 4288545 4316307 27762
5 921 rs4412137 87202458 6 -0.00319611714908187 87139133 87355444 216311
5 1562 rs3776996 153797049 1 0.00317040089303399 153796875 153814835 17960
5 194 rs4409061 10142175 1 -0.00316290629099927 10139143 10159036 19893
5 52 rs6878883 2812230 2 -0.00315245215131844 2811135 2843763 32628
5 695 rs10940066 65855856 2 -0.00314290543226129 65855856 65873081 17225
5 1765 rs7716934 170209095 1 -0.00313919002054072 170209095 170214501 5406
5 535 rs704040 40998196 2 0.0031329989997353 40991344 41018798 27454
5 1424 rs33961 141928868 2 -0.00313128750398021 141887906 141929551 41645
5 1535 rs165359 150861036 3 0.00312567881176648 150845369 150906198 60829
5 1178 rs10085098 117017440 1 0.00309807931886819 117017440 117037025 19585
5 210 rs860434 10954186 1 0.00308872733593171 10934026 10955988 21962
5 480 rs586382 36052919 2 -0.00308645096469605 36052919 36137620 84701
5 1385 rs2074344 136961400 2 0.00304080801859089 136953007 136998182 45175
5 1057 rs12374447 106103975 2 -0.00302381230443923 106049034 106116276 67242
5 743 rs17633441 72928247 3 0.00301803639819517 72928247 72980837 52590
5 5 rs6868535 495377 1 -0.00301208749434585 495377 506051 10674
5 564 rs1600175 51872258 1 0.00299275267950519 51861275 51979514 118239
5 571 rs251336 52431388 2 -0.00296823092656225 52427646 52552239 124593
5 1536 rs2278371 150930345 1 -0.00296471702198426 150930186 150964777 34591
5 651 rs16890459 59336110 2 -0.00295273713392269 59309162 59481878 172716
5 1324 rs12186803 132040069 2 -0.0029501006315908 132014109 132093037 78928
5 283 rs298528 17235998 1 0.00293559076111467 17235998 17268112 32114
5 1672 rs9790890 164786295 4 0.0029344468737138 164696018 164792081 96063
5 1097 rs17132048 109732649 1 0.00291659346425472 109630328 109758964 128636
5 1870 rs34767982 176004680 7 0.00290604708947782 176001975 176021956 19981
5 821 rs1065757 78181477 1 -0.00290523781442714 78131336 78186558 55222
5 188 rs1428954 9963889 1 -0.00290289169707429 9933220 9965794 32574
5 508 rs12523287 38220774 1 -0.00287071935477392 38220774 38261117 40343
5 62 rs468828 3152858 3 0.00284835899750645 3132559 3168780 36221
5 208 rs6554614 10905445 1 -0.00282054886100634 10905445 10905445 0
5 1053 rs7731914 105461753 3 -0.00281816842820959 105453357 105663646 210289
5 895 rs305661 83681037 2 0.00280113824759407 83536587 83681037 144450
5 886 rs10063526 83145042 1 0.00279744486735998 83113909 83145042 31133
5 140 rs7711636 7048314 1 -0.00276123904182116 7048314 7093653 45339
5 556 rs7446150 50332780 1 0.00274907121884121 50332780 50372657 39877
5 993 rs7703556 96529990 1 0.00274557168887426 96523921 96731630 207709
5 1818 rs1077613 173003451 1 -0.00273319947441943 173003451 173006447 2996
5 1438 rs258813 142674690 2 0.00272551033197198 142661490 142780339 118849
5 1718 rs10475878 167790204 1 0.00270221934120764 167768114 167790204 22090
5 1512 rs3756309 149505624 2 0.00270204276981508 149498821 149535255 36434
5 494 rs16903304 36731225 2 0.00270011156796716 36724793 36781359 56566
5 318 rs7709236 21402827 1 -0.00269745600916911 21396544 21428775 32231
5 688 rs251288 65191876 3 0.00261609565952828 65171507 65194123 22616
5 923 rs17421627 87847586 3 0.00259866130184701 87783687 87847586 63899
5 548 rs4583891 43989069 1 -0.00258994634335461 43881065 44003444 122379
5 740 rs4704082 72650185 1 -0.00257884150215818 72618120 72650185 32065
5 1153 rs2662468 115382097 3 0.00254571607922354 115382097 115402958 20861
5 417 rs6450855 31711429 1 0.00254117740483252 31711429 31729863 18434
5 206 rs2083232 10812811 2 -0.00253782182614504 10798221 10827151 28930
5 747 rs2931423 73163831 4 0.00252935797897045 73159098 73196640 37542
5 1486 rs10075211 147839537 3 0.00252575103995758 147696018 147845815 149797
5 1599 rs13182707 157526367 3 -0.002491209991231 157519669 157528485 8816
5 1640 rs998754 161325934 2 0.0024901566312235 161198811 161349821 151010
5 977 rs6420125 95177641 2 -0.00246907978661236 95163957 95190176 26219
5 750 rs194274 73308343 3 0.00243970645771941 73240970 73308343 67373
5 781 rs246797 75647630 3 0.00243946868707572 75647630 75659679 12049
5 597 rs2897834 54938579 1 0.00243306372102993 54873285 55016916 143631
5 1443 rs325253 143115696 2 -0.00242744002688464 143058402 143115696 57294
5 1009 rs2602958 99226983 1 0.0024181415963742 99052298 99253302 201004
5 831 rs16877151 79030346 6 0.00240146313739869 79024779 79068089 43310
5 38 rs462498 2339273 1 0.00238157506246771 2333103 2355587 22484
5 722 rs12651858 68577467 4 0.00236657869302468 68455166 68715310 260144
5 660 rs4700423 60960764 2 -0.00235640011423991 60941930 60960764 18834
5 449 rs9784618 33739306 3 -0.00233387999576531 33739306 33800941 61635
5 780 rs16873320 75627989 1 0.00232391329637438 75572032 75627989 55957
5 1356 rs11242232 134406317 2 -0.00229221194710618 134392420 134406317 13897
5 359 rs12651738 26091605 1 -0.00228745099846772 26057117 26091605 34488
5 1529 rs7724685 150548526 4 -0.00228319098281011 150523163 150553419 30256
5 944 rs4916853 90588318 2 -0.00227720649564495 90521117 90604035 82918
5 560 rs16879348 51292487 1 0.00225603894774076 51233085 51375513 142428
5 558 rs6869844 50663234 1 -0.00223522896010673 50622582 50840436 217854
5 1175 rs17141747 116759655 3 -0.00223385690236836 116727172 116783660 56488
5 1304 rs17839625 128417940 1 0.00221681277650056 128336024 128465327 129303
5 1503 rs11750184 148846518 1 0.00220475463381975 148846426 148870100 23674
5 204 rs1531842 10675766 5 -0.00217563196705715 10675766 10753399 77633
5 1108 rs1457716 110979586 1 -0.00217515249428979 110939390 110991602 52212
5 1429 rs930206 142131369 1 -0.00217311086084243 142125177 142142015 16838
5 572 rs419816 52571758 1 -0.0021566357317643 52560644 52654459 93815
5 1302 rs9327490 128136519 5 0.00213691623852141 128072198 128205828 133630
5 1404 rs56003 140298532 2 0.00213670456439255 140255119 140332812 77693
5 1729 rs752498 168380180 1 0.00212593360001346 168363190 168398541 35351
5 1776 rs26413 171098125 1 0.00212067338801709 171081906 171101726 19820
5 432 rs6894230 32631975 2 -0.00210897802012801 32537592 32631975 94383
5 581 rs4865815 53628707 2 -0.00206927627846789 53624687 53628707 4020
5 570 rs2303122 52379277 8 -0.00203946020199904 52323568 52409245 85677
5 1273 rs13176171 125084717 1 -0.00203332807709438 125080061 125103347 23286
5 1360 rs4976285 134609822 1 0.00199391685906744 134609822 134612693 2871
5 1303 rs2577424 128312492 3 0.00199022828377762 128236283 128330093 93810
5 337 rs6875157 23710644 2 -0.00198233392945384 23635910 23716350 80440
5 1116 rs3934641 111891417 3 0.00198217655860828 111829149 111891417 62268
5 376 rs1494617 28017229 1 -0.00197349942695089 27987104 28184320 197216
5 661 rs10514916 60976083 4 0.0019649325895212 60974357 61045934 71577
5 1494 rs4546368 148539100 1 -0.00195266028584878 148417553 148545567 128014
5 258 rs4702100 15694620 1 0.00194506864480344 15688448 15786586 98138
5 1693 rs10475801 166153356 3 -0.00194505308001812 166080461 166153356 72895
5 733 rs3112482 71750900 2 0.00194190648203142 71741094 71757266 16172
5 1845 rs6870098 174195202 1 0.00193238752961313 174193309 174210668 17359
5 860 rs11740719 80723458 2 0.00192623831891157 80719125 80761967 42842
5 545 rs6896899 42914006 3 -0.00192432682760559 42896083 42914006 17923
5 702 rs1428478 66537711 3 0.00192284287342706 66526209 66540687 14478
5 679 rs4404633 63850157 1 -0.00191916995915828 63741058 63850157 109099
5 952 rs10075131 92047795 2 0.00190525156095464 91970189 92048984 78795
5 465 rs462492 34800987 1 0.0019004633177653 34800987 34801172 185
5 719 rs10044075 68231686 3 0.0019003798140384 68194644 68231686 37042
5 176 rs28263 9373641 1 0.00189906958610433 9373641 9373641 0
5 787 rs615986 76093207 4 -0.00189482762232817 76061256 76115069 53813
5 859 rs1013009 80704269 1 -0.00187780687014079 80675496 80704269 28773
5 416 rs10472779 31695322 1 -0.00186806211405727 31687028 31695322 8294
5 97 rs30451 4992163 1 0.00186605966990205 4968029 4995298 27269
5 1802 rs751988 172268003 2 0.00184556818134702 172256024 172271007 14983
5 638 rs292960 58061888 4 -0.00184233492024955 58061888 58093288 31400
5 336 rs6868206 23605043 1 -0.00181722979060073 23584544 23623138 38594
5 1056 rs1120322 106024211 2 -0.00181372718737286 105999196 106039310 40114
5 1860 rs17065021 174858052 5 -0.00180999086312143 174858052 174893557 35505
5 380 rs4389700 28621394 2 -0.00176393420825848 28621293 28682246 60953
5 1120 rs10478101 112317417 1 0.00176321010184481 112317417 112396174 78757
5 907 rs13160406 85314047 2 -0.00176025464634429 85192537 85314047 121510
5 25 rs10512644 1850563 2 -0.00175699151924616 1850220 1850563 343
5 1468 rs609325 146225178 3 -0.00175243705314471 146225178 146334385 109207
5 891 rs1428925 83329010 5 0.00175170304666956 83318042 83360520 42478
5 1539 rs10477000 151175748 1 -0.0017485197182375 151110223 151202476 92253
5 685 rs11739829 64654109 3 -0.00174123909051917 64625512 64726440 100928
5 1017 rs1380391 100618922 2 0.00172467843127492 100611918 100733720 121802
5 1909 rs11743487 178887382 2 0.00172306649258025 178886964 178887382 418
5 1124 rs10519348 112601878 2 0.00171770844307441 112577696 112655413 77717
5 778 rs12654150 75550325 2 0.00170040661582931 75521980 75552501 30521
5 598 rs3843457 55054613 6 0.001697801230287 55034088 55212379 178291
5 1183 rs7735219 117604595 4 -0.00168521881054972 117531223 117649329 118106
5 746 rs9637820 73148294 1 -0.00166993650553304 73104710 73151033 46323
5 680 rs2366901 63923514 3 -0.00166714124835593 63905068 63954744 49676
5 1151 rs6594928 115318418 4 -0.00166112553836969 115318303 115351241 32938
5 698 rs257699 66134711 1 0.00163448534248399 66034905 66149113 114208
5 296 rs10063237 18467699 2 0.00163040320552356 18424199 18495883 71684
5 906 rs12523369 85132877 4 -0.00161636541283572 85058382 85139966 81584
5 472 rs10071999 35263218 1 -0.00161568341758534 35223013 35263218 40205
5 537 rs10071904 41219940 1 0.00161442018797939 41195700 41271357 75657
5 1190 rs17144716 118175020 1 -0.00161232918146691 118164075 118267633 103558
5 1318 rs247011 131359614 1 0.00160071713541937 131325888 131396478 70590
5 1706 rs7723247 167115062 1 0.00158253381880066 167084107 167120619 36512
5 1447 rs6874663 143469796 2 0.00157821112511425 143406683 143479040 72357
5 381 rs1469091 28700896 1 -0.00157185659366396 28700896 28703749 2853
5 1596 rs2430586 157329451 2 0.00156999674033094 157329451 157343390 13939
5 875 rs2656984 82189112 3 -0.00156124826660049 82169620 82207556 37936
5 1149 rs1058600 115166713 1 0.0015535622765251 115166713 115242142 75429
5 1846 rs4263513 174261760 2 -0.00153621518099372 174244471 174261760 17289
5 1158 rs6885854 115837789 1 -0.00153621449242224 115837789 115837789 0
5 435 rs6866384 32752599 1 -0.00150786357468628 32740361 32772043 31682
5 639 rs9292179 58128623 3 0.00150697097711286 58095222 58140538 45316
5 1584 rs253604 155960089 1 0.00150551004506505 155957439 156139569 182130
5 1247 rs1862404 123350243 4 -0.00150237359079731 123246694 123363515 116821
5 1405 rs3756325 140368859 1 0.0014957407409273 140368859 140517431 148572
5 1526 rs3762999 150469426 2 0.00149338613394226 150469426 150478318 8892
5 934 rs7701711 89455539 3 0.00149218196781289 89455539 89462944 7405
5 824 rs28326 78295854 1 0.00148947071620862 78295854 78307309 11455
5 1186 rs1035997 117901781 2 -0.00148193701823438 117901357 117914813 13456
5 1559 rs10057248 153669038 2 -0.00147884125765421 153638793 153702252 63459
5 392 rs10063305 30089279 1 -0.00147794491975022 30028447 30108377 79930
5 322 rs11741494 21778673 2 -0.00147591854847533 21778673 21827593 48920
5 1895 rs4413550 178072635 2 -0.00146966190915987 178010145 178085216 75071
5 383 rs824331 29135233 2 -0.00146075065256236 29052337 29193495 141158
5 579 rs172139 53457867 2 -0.00145062323498047 53399217 53509186 109969
5 117 rs10512811 5821518 3 -0.0014466944991681 5811074 5825953 14879
5 209 rs2399984 10924404 1 -0.00144300232341815 10910739 10924404 13665
5 161 rs2940556 8349784 1 0.00144258431502984 8349784 8407305 57521
5 272 rs12520877 16778415 1 0.00142558308842783 16764644 16778598 13954
5 513 rs13190535 38650637 1 0.00140383495336672 38649445 38650637 1192
5 606 rs158640 55611694 2 0.00140064733193822 55593724 55641683 47959
5 374 rs4585457 27699870 2 0.00139990064639892 27699870 27804605 104735
5 351 rs11952846 25319179 2 -0.00139327958648087 25050413 25334013 283600
5 1715 rs13180204 167622914 3 -0.00138559044583726 167609373 167645010 35637
5 1831 rs10064200 173710328 1 0.00137749037166475 173710328 173728190 17862
5 736 rs570888 72422018 2 -0.00136209723848009 72419267 72422018 2751
5 395 rs4365849 30504668 2 -0.00133766904742576 30504668 30513919 9251
5 1294 rs11241937 127006007 4 0.0013265167259586 126993282 127151976 158694
5 1022 rs4703196 101240273 4 0.00130464260458702 101210703 101432938 222235
5 940 rs2438361 90090437 4 -0.00128410479704457 90022584 90121507 98923
5 407 rs12657313 31284709 2 0.00127809939088458 31259129 31284709 25580
5 1245 rs2194046 123024195 3 0.00126540502322123 123009413 123132945 123532
5 1123 rs7717906 112563686 2 0.00124601854841271 112542527 112566758 24231
5 1560 rs6889241 153765462 2 0.00124249306881073 153765239 153765462 223
5 1169 rs1459085 116329875 1 -0.00123603386287964 116275461 116329875 54414
5 901 rs1500619 84160853 3 0.00123443699271692 84160703 84178732 18029
5 1798 rs4867685 172104628 1 -0.00123047522497507 172096366 172127304 30938
5 1748 rs1316638 169477011 2 0.00122992600013072 169477011 169491247 14236
5 1434 rs3797074 142507171 1 -0.00122190950236298 142463668 142508981 45313
5 1683 rs2591578 165407709 3 0.00121673843011742 165390686 165487589 96903
5 1403 rs2563292 140110847 2 -0.00121058307011166 139745154 140216042 470888
5 464 rs12658204 34771848 1 0.00120027015475303 34755478 34772786 17308
5 1485 rs10463397 147522547 1 0.00119628795951838 147522547 147605857 83310
5 489 rs7715271 36569753 2 0.00118534149239318 36569753 36585689 15936
5 164 rs415234 8522021 1 0.00118263414931824 8521119 8540995 19876
5 1003 rs316507 98011096 2 0.0011803406435225 97995034 98107141 112107
5 1248 rs17151176 123384579 4 0.00116406639989478 123374257 123416065 41808
5 1074 rs12522548 107195824 4 0.00116296192193741 107165073 107248608 83535
5 1023 rs3811976 101570236 4 -0.00115879211681706 101482983 101572156 89173
5 438 rs10079889 32975490 1 0.00114079594488767 32975490 32975490 0
5 856 rs2291940 80597767 1 0.00113840453526281 80501981 80619046 117065
5 364 rs13169349 26430825 1 -0.00111494339368547 26430825 26430825 0
5 1613 rs4334868 158984287 1 -0.00111168718933829 158972473 158984287 11814
5 674 rs2431493 62813630 2 -0.00111136374108946 62709953 62941330 231377
5 1189 rs584789 118087436 3 -0.00110967520127036 118082030 118134414 52384
5 1327 rs7717377 132491562 2 -0.00110941743049507 132487330 132495185 7855
5 124 rs2124935 6249440 2 -0.00110187916774417 6197044 6249440 52396
5 896 rs4266385 83718078 1 -0.00109603617142275 83718078 83856911 138833
5 1238 rs570682 122449650 4 0.00109184816745873 122448244 122520209 71965
5 82 rs1187460 4071067 3 -0.00108736532240596 3992147 4080229 88082
5 205 rs13153621 10771228 1 -0.0010796275045396 10771228 10789570 18342
5 292 rs691970 18052634 1 -0.00107915074327412 18052634 18099766 47132
5 289 rs10941929 17981553 2 0.00107447008105345 17809984 17981553 171569
5 326 rs1911963 22445794 3 -0.00107183850129806 22365310 22478806 113496
5 219 rs31899 11429782 1 0.00106724588707876 11429782 11441822 12040
5 1372 rs2190622 135414280 1 0.00106537891322586 135409014 135431313 22299
5 1150 rs10519434 115315701 2 -0.00106111610180198 115263853 115315701 51848
5 1114 rs379440 111693371 4 0.00106096136334591 111636632 111699317 62685
5 737 rs71542 72451721 1 -0.00104478701967449 72451721 72452547 826
5 1407 rs76571170 140710810 2 0.00104303761620122 140663663 140719224 55561
5 509 rs2367214 38286606 3 0.00104176335263806 38264735 38309923 45188
5 1450 rs165441 143927288 2 0.00104163616285609 143860437 144028395 167958
5 682 rs2968208 64312446 1 0.00103546288005013 64273394 64322549 49155
5 147 rs13166360 7520881 2 0.0010289017584186 7506433 7539712 33279
5 825 rs933684 78324075 1 -0.00102350840001651 78316430 78410564 94134
5 401 rs1995266 31001691 3 0.00102288925752266 30959804 31012808 53004
5 1458 rs443033 145210041 1 0.00101707088227644 145204975 145235481 30506
5 1779 rs26401 171202017 1 -0.00101450043632134 171175270 171204055 28785
5 930 rs7718215 89001243 2 -0.0010132879063116 88902825 89001243 98418
5 941 rs16869330 90301599 2 -0.00100944746892192 90239135 90306443 67308
5 1419 rs249660 141577451 1 -0.00100686568207773 141576973 141590358 13385
5 1863 rs870258 175029274 1 9.88257385546274e-4 175025995 175044569 18574
5 391 rs12658055 29923458 1 -9.878936658852023e-4 29923458 29952177 28719
5 398 rs9292407 30849338 4 -9.777685348118445e-4 30794238 30870858 76620
5 152 rs162031 7880287 4 -9.722551693617502e-4 7859434 7897191 37757
5 1648 rs6556633 162211967 1 9.673859414813704e-4 162124220 162221666 97446
5 412 rs17410000 31538692 4 -9.456577395229456e-4 31538692 31580251 41559
5 1279 rs12513492 125685898 1 -9.453186689879652e-4 125685374 125685909 535
5 786 rs2227831 76023494 1 -9.422613551594756e-4 75964507 76027823 63316
5 869 rs1032757 81939318 2 -9.370520731476992e-4 81920484 81939318 18834
5 1637 rs7714930 160859923 3 -9.362581218584226e-4 160711978 160882045 170067
5 1301 rs1422450 128040308 3 -9.355296715181364e-4 128015559 128042790 27231
5 516 rs4869605 38754050 1 9.317187891197412e-4 38741672 38792486 50814
5 915 rs2452761 86187316 2 9.25520772852814e-4 86186490 86297841 111351
5 1836 rs1490046 173956047 1 -9.24748258989278e-4 173928775 173956047 27272
5 1462 rs6580418 145776488 1 9.205381370598648e-4 145753001 145789406 36405
5 1369 rs6596271 135220829 1 -9.191326102110784e-4 135220829 135230513 9684
5 899 rs4133436 84062058 1 -9.163740679146164e-4 84062058 84062058 0
5 452 rs11955226 33923606 1 -9.131610665226984e-4 33891937 33941356 49419
5 71 rs16871863 3463708 2 -9.130488504461356e-4 3463708 3569556 105848
5 504 rs7705239 38049522 2 9.130196140760176e-4 38045448 38091354 45906
5 1139 rs2416380 114140694 3 -9.109800886498462e-4 114104210 114241746 137536
5 22 rs1392468 1744753 1 9.036700390858864e-4 1744484 1761089 16605
5 1268 rs1444649 124639468 2 8.998142181598374e-4 124626392 124676830 50438
5 1620 rs6861719 159490247 2 8.989129032516787e-4 159437466 159525663 88197
5 355 rs9293175 25678072 1 8.925147502897776e-4 25678072 25698030 19958
5 811 rs10039112 77493085 3 8.922229531458433e-4 77461566 77606215 144649
5 709 rs718291 67352080 1 -8.921257370412064e-4 67352080 67352080 0
5 541 rs10076886 41988481 3 8.899325771219695e-4 41648335 42019110 370775
5 529 rs350040 40209303 1 8.894055746834799e-4 40195443 40211802 16359
5 1299 rs331069 127725467 5 -8.886485230343568e-4 127716424 127856494 140070
5 1782 rs4867660 171402128 1 8.864081258548797e-4 171386091 171402128 16037
5 61 rs16871117 3121728 1 8.855625911577996e-4 3121728 3121728 0
5 1099 rs4432941 110193731 1 8.745985427510677e-4 110170834 110307883 137049
5 1481 rs3910183 147261915 2 -8.739937375055671e-4 147258162 147286458 28296
5 309 rs3112489 20016599 1 8.712016135593243e-4 19975567 20030652 55085
5 1594 rs4704896 157194402 2 -8.708847531806729e-4 157194402 157194991 589
5 448 rs966855 33699777 1 8.706101942035294e-4 33679999 33712442 32443
5 894 rs13166899 83516148 2 8.700319071579453e-4 83516148 83524163 8015
5 1625 rs1582418 159882797 4 8.695503516702495e-4 159879978 159886620 6642
5 1871 rs13160179 176050715 1 -8.659393555554035e-4 176050715 176050715 0
5 1741 rs371856 169146825 4 8.648477325586103e-4 169129284 169146825 17541
5 157 rs2658156 8147584 1 -8.646464906400013e-4 8143945 8174188 30243
5 403 rs10461694 31073148 1 -8.566158720766748e-4 31069613 31084270 14657
5 388 rs17573102 29635164 1 -8.557412676061828e-4 29625796 29704121 78325
5 1484 rs1423007 147442868 1 8.554640854274182e-4 147404281 147510866 106585
5 1521 rs33409 150038265 1 8.498728631045288e-4 150038265 150038265 0
5 594 rs4865908 54316028 1 8.494446456523015e-4 54272446 54324622 52176
5 312 rs1703052 20538115 1 8.4638149580634e-4 20474634 20559438 84804
5 111 rs2591699 5533625 1 -8.31463713542743e-4 5449367 5536047 86680
5 235 rs2652768 13723743 1 -8.264873187942003e-4 13643405 13727212 83807
5 673 rs4260622 62641998 1 -8.236096078128227e-4 62582619 62702621 120002
5 1739 rs11958514 169026982 1 8.051258469079644e-4 168948878 169031218 82340
5 608 rs286002 55706469 3 7.984758463758099e-4 55702460 55750914 48454
5 1825 rs7734214 173401662 1 -7.939695620674264e-4 173272518 173412816 140298
5 1750 rs7712919 169606312 1 -7.929421504108888e-4 169584169 169622208 38039
5 493 rs1025288 36702864 1 7.823839997395587e-4 36702864 36702864 0
5 476 rs16902391 35675616 3 7.75838105770097e-4 35596972 35705333 108361
5 1216 rs17147676 120721018 2 7.732189141741552e-4 120635045 120727051 92006
5 975 rs34896 95084131 2 7.678917521538619e-4 95084131 95094812 10681
5 1933 rs416574 180626927 1 7.677041764134163e-4 180578750 180626927 48177
5 1914 rs61739270 179302921 1 7.601429109210404e-4 179254247 179321657 67410
5 1194 rs6888116 118659579 1 7.57628348750708e-4 118655470 118675246 19776
5 631 rs10940593 57343495 1 7.549788390642054e-4 57343495 57431053 87558
5 1012 rs2617326 99588701 2 -7.49649386388464e-4 99583461 99934829 351368
5 1453 rs13180918 144620356 1 -7.455189298981598e-4 144606950 144660484 53534
5 686 rs1301451 65067041 3 7.405116606272839e-4 64829258 65067041 237783
5 1329 rs1017307 132578203 1 7.298590703849546e-4 132578203 132580990 2787
5 1337 rs17642974 132941794 4 -7.286229717118752e-4 132929310 132959138 29828
5 260 rs250488 15973231 2 7.208459246300256e-4 15960831 16000639 39808
5 1018 rs17137638 100948178 1 -7.201240373713399e-4 100798650 100948178 149528
5 527 rs16869484 39983124 2 -7.14407876699295e-4 39753535 39991855 238320
5 1801 rs1979285 172244302 6 -7.143508251261765e-4 172213709 172246457 32748
5 1586 rs7706174 156475398 2 -7.077660464022644e-4 156345735 156479509 133774
5 1510 rs2278393 149410153 2 7.058773074841642e-4 149345975 149432863 86888
5 107 rs16875287 5294187 2 -7.008825094730759e-4 5274415 5302501 28086
5 573 rs4865544 52684170 2 7.00152695535034e-4 52675782 52788201 112419
5 1704 rs888974 166988967 1 -6.947674081908119e-4 166987674 166992760 5086
5 1024 rs10515329 101850019 3 6.942370501362505e-4 101584499 101850042 265543
5 341 rs9654386 24287790 1 -6.901728057856964e-4 24287790 24354179 66389
5 681 rs725127 64099769 1 6.887667394071437e-4 64064943 64124087 59144
5 774 rs13180297 75297146 1 6.829814869663957e-4 75247677 75297146 49469
5 1696 rs6863941 166355313 1 6.817003848898399e-4 166355313 166424076 68763
5 1642 rs211030 161530735 1 6.74015684628446e-4 161517570 161543711 26141
5 1694 rs6882813 166281216 2 6.732183658857654e-4 166224576 166281216 56640
5 1520 rs10463300 149971345 1 6.726296317165956e-4 149922208 149972167 49959
5 879 rs11949301 82505153 1 6.714066091814362e-4 82433781 82605210 171429
5 1502 rs10062536 148825669 3 -6.705081155329674e-4 148820897 148839424 18527
5 1853 rs4868495 174611803 2 -6.670827777437479e-4 174605024 174619797 14773
5 477 rs4130679 35728440 2 -6.647443440244131e-4 35710038 35776239 66201
5 986 rs2611713 95958950 1 -6.604697913917844e-4 95949002 95958950 9948
5 1721 rs4976606 167851168 1 6.554597531651206e-4 167851168 167861846 10678
5 794 rs12519589 76418218 2 -6.535805668024428e-4 76407577 76418218 10641
5 1072 rs249981 107110109 1 6.53471448420165e-4 107086262 107110446 24184
5 1612 rs12657996 158904313 1 6.474770482060942e-4 158880032 158943044 63012
5 148 rs6555477 7587939 1 6.394620943827745e-4 7542316 7659279 116963
5 1699 rs918501 166691259 1 -6.361714958863047e-4 166672257 166693842 21585
5 1597 rs3095996 157370372 1 -6.333464590622613e-4 157369504 157387156 17652
5 691 rs1864037 65590269 1 -6.329617587260807e-4 65551304 65590269 38965
5 614 rs7712875 55892384 1 -6.328849078154633e-4 55892384 55913552 21168
5 1058 rs6596707 106182573 1 6.296338179450384e-4 106138146 106211190 73044
5 642 rs12109774 58388213 1 6.274199556447478e-4 58334645 58388213 53568
5 1723 rs7709842 167941990 1 6.243625560908796e-4 167913510 168034602 121092
5 4 rs2672734 455696 3 -6.189889085889244e-4 423698 457955 34257
5 1687 rs7710884 165694220 4 6.138818855880043e-4 165680168 165748951 68783
5 361 rs4701532 26231699 2 6.121615460880988e-4 26224170 26322668 98498
5 6 rs4956954 607388 1 6.105726149026474e-4 567246 665148 97902
5 662 rs1501847 61055557 1 -6.103448543640809e-4 61055557 61085552 29995
5 118 rs257073 5834614 1 6.089888216417539e-4 5829115 5865100 35985
5 1147 rs1820631 114989990 1 -6.036668658004621e-4 114989990 115068238 78248
5 1614 rs2421059 159022275 1 6.022775869807374e-4 159013571 159128719 115148
5 914 rs16902429 86151620 1 6.004471809529904e-4 86151620 86151620 0
5 971 rs17084686 94756496 1 5.985309478844288e-4 94688036 94756496 68460
5 1105 rs3797746 110759089 3 5.956713926844818e-4 110694204 110773100 78896
5 1743 rs155073 169239816 2 5.88078606957189e-4 169239816 169314869 75053
5 544 rs4409101 42856126 1 5.877126284298975e-4 42678345 42856350 178005
5 645 rs2028836 58583213 2 -5.841372565560686e-4 58543332 58598034 54702
5 1926 rs7731780 180120192 2 -5.838723226502292e-4 180119918 180181586 61668
5 1119 rs34083474 112222787 1 5.817516847794939e-4 112172219 112294630 122411
5 739 rs4703603 72592583 1 -5.786119259643626e-4 72591905 72592583 678
5 862 rs10035917 81022494 1 5.780090702418441e-4 81022494 81053445 30951
5 190 rs38061 9985893 2 5.710073732196671e-4 9984618 9990381 5763
5 1256 rs6873640 123909500 1 5.697373830440336e-4 123909500 123909500 0
5 1242 rs675443 122644698 1 5.67940923968753e-4 122641073 122644698 3625
5 167 rs999428 8769738 1 5.666114754507848e-4 8661907 8824158 162251
5 1367 rs17169129 135144329 1 5.654572887366614e-4 135047254 135178142 130888
5 694 rs6859445 65778398 3 -5.648154731521582e-4 65739439 65798492 59053
5 575 rs4865789 53130488 1 5.601309532240439e-4 53080847 53156777 75930
5 281 rs638191 17183851 1 -5.598281264249022e-4 17183851 17183851 0
5 123 rs9313144 6132166 2 -5.597392049027805e-4 6132166 6156845 24679
5 580 rs35952 53592163 1 5.570268558314319e-4 53566211 53592163 25952
5 920 rs698060 87086376 1 -5.570034993940845e-4 87086376 87092264 5888
5 1046 rs9790909 104482358 2 -5.566285007489987e-4 104482358 104524071 41713
5 216 rs42687 11342293 1 5.495374316184979e-4 11335373 11371305 35932
5 1861 rs6882734 174934482 3 5.48467745696512e-4 174910619 174955794 45175
5 46 rs6859765 2652947 2 -5.463352004238266e-4 2635891 2652947 17056
5 633 rs2910587 57523164 2 -5.439444890648606e-4 57506467 57594208 87741
5 980 rs7717348 95407894 1 5.426936662276033e-4 95357625 95502132 144507
5 408 rs72749696 31294069 1 -5.38891478047398e-4 31293517 31354147 60630
5 180 rs465991 9529244 1 5.370032947660524e-4 9522303 9529809 7506
5 1742 rs90213 169178278 2 -5.338108979689919e-4 169178278 169219999 41721
5 174 rs40665 9228283 1 5.280883643336103e-4 9228283 9269658 41375
5 440 rs10041417 33182745 2 5.276897348262355e-4 33078406 33230034 151628
5 1395 rs165187 139145049 1 -5.255147922821262e-4 139145049 139145049 0
5 711 rs3730089 67588148 6 -5.227920107302893e-4 67560716 67615731 55015
5 153 rs1532267 7935012 1 -5.201445337794646e-4 7930866 7972269 41403
5 1766 rs13179689 170263657 1 -5.183107503639611e-4 170223210 170282686 59476
5 1659 rs558968 163110078 1 -5.160979355446815e-4 163078699 163110078 31379
5 1482 rs10515600 147335875 3 5.143250825957331e-4 147309468 147341549 32081
5 1658 rs6878378 163045944 1 -5.083019029650737e-4 163028782 163063248 34466
5 850 rs476036 80316686 3 -5.082578001292151e-4 80300491 80360012 59521
5 100 rs9313102 5123214 1 -5.069644924081873e-4 5121337 5123214 1877
5 729 rs2337390 71408867 1 -5.060764744260035e-4 71319262 71411718 92456
5 864 rs7717239 81167030 1 5.060665696746858e-4 81154906 81172913 18007
5 903 rs10068805 84480308 1 5.052594060494095e-4 84407859 84592493 184634
5 1025 rs10072203 102006184 1 -5.037926593973055e-4 101918448 102025684 107236
5 1292 rs61736664 126860223 1 5.017641669443496e-4 126814254 126930433 116179
5 1868 rs11134973 175770422 1 4.985716846722004e-4 175750485 175781959 31474
5 458 rs11738452 34546533 2 -4.937490491379608e-4 34546533 34552389 5856
5 589 rs10940414 53961770 1 4.908699096315531e-4 53941552 53983251 41699
5 352 rs12517406 25384728 1 -4.898102391648992e-4 25384728 25482123 97395
5 1251 rs11956092 123717687 1 -4.847231904679288e-4 123633249 123717687 84438
5 1710 rs39950 167351652 1 4.823761155763047e-4 167351652 167372668 21016
5 1038 rs246373 103258936 1 -4.811992254635615e-4 103253764 103293719 39955
5 1668 rs165065 163993043 1 -4.809189403825008e-4 163993043 164056594 63551
5 1069 rs164694 106960824 1 -4.7629436814100487e-4 106944273 106991031 46758
5 732 rs7445013 71697977 4 4.746587449504401e-4 71688223 71705384 17161
5 386 rs607077 29495564 2 4.740078166362131e-4 29470422 29505241 34819
5 479 rs10472267 35940365 1 -4.729687341214969e-4 35931966 36028494 96528
5 840 rs6863905 79511472 2 -4.729349985691984e-4 79497156 79526346 29190
5 748 rs423333 73218954 1 -4.671732300199774e-4 73215237 73218954 3717
5 632 rs1981838 57474848 2 4.660483770768379e-4 57443632 57495341 51709
5 1877 rs2630767 176870700 2 -4.650034036664469e-4 176842474 176885499 43025
5 1062 rs17159621 106589749 1 -4.643530889031238e-4 106573961 106653325 79364
5 1809 rs12514371 172656107 1 -4.63090485556899e-4 172634592 172656107 21515
5 528 rs6865476 40025084 2 -4.6303203507473776e-4 40025084 40183220 158136
5 426 rs10940984 31952401 2 -4.5971739813289666e-4 31951961 31969830 17869
5 1112 rs922431 111445356 1 -4.5806883308421745e-4 111390356 111452329 61973
5 1272 rs902596 125007623 2 4.565277074018724e-4 125007623 125056418 48795
5 1031 rs34229 102855162 2 -4.56009377048992e-4 102855162 102887795 32633
5 926 rs214134 88253916 1 4.5519550514196426e-4 88233654 88416354 182700
5 1079 rs7720580 107923624 2 4.5425024977032336e-4 107896807 107932100 35293
5 172 rs7731508 9107887 1 -4.539636769444008e-4 9091164 9158742 67578
5 1204 rs12108988 119615110 1 -4.527269083211984e-4 119586814 119640500 53686
5 1126 rs17333442 112947050 1 4.469679454929771e-4 112885560 112998285 112725
5 271 rs250340 16758569 1 -4.433640465268564e-4 16758569 16758569 0
5 1040 rs2715847 103623730 2 4.424138217749476e-4 103562868 103659607 96739
5 99 rs3733787 5078313 1 -4.4222125954028154e-4 5052953 5078313 25360
5 728 rs6896246 71258063 2 4.406538296068806e-4 71249440 71258063 8623
5 1176 rs4920872 116869507 2 -4.392200031403183e-4 116828752 116885713 56961
5 410 rs2279797 31428028 1 -4.380734324955823e-4 31401447 31444434 42987
5 827 rs4455546 78710606 1 -4.3448513227633374e-4 78710606 78763345 52739
5 754 rs13169946 73489192 1 4.2969062243898e-4 73483215 73490564 7349
5 144 rs17207026 7359857 1 -4.2774695994542e-4 7275068 7364187 89119
5 904 rs454887 84628466 1 -4.2734537734805616e-4 84606528 84696828 90300
5 1929 rs3806869 180485353 1 4.2530172437081e-4 180458813 180485353 26540
5 584 rs4865829 53739403 1 4.2426801379087e-4 53706396 53739530 33134
5 1608 rs7726961 158504140 2 -4.232021157217503e-4 158504140 158507676 3536
5 1660 rs446288 163265421 6 4.219619579923534e-4 163152855 163294054 141199
5 1278 rs7704934 125534820 3 -4.2005250487798374e-4 125527992 125670036 142044
5 1006 rs10039243 98583720 1 4.170444989762551e-4 98583720 98593453 9733
5 666 rs2910469 61418196 1 -4.0558627194817534e-4 61404673 61501468 96795
5 684 rs1547454 64585621 1 -4.0529951922455384e-4 64447777 64585621 137844
5 931 rs10035607 89115932 7 -4.02829471834132e-4 89071734 89127815 56081
5 1326 rs61755724 132408967 1 4.0279037364169217e-4 132335165 132408967 73802
5 1314 rs2418539 129615610 3 -4.0016263529199026e-4 129591296 129708350 117054
5 967 rs7708977 94351572 1 3.970614343214272e-4 94297348 94387872 90524
5 1474 rs7724577 146671021 1 -3.933139831163833e-4 146652132 146678112 25980
5 550 rs9292907 44428516 1 3.901987656160783e-4 44403117 44490799 87682
5 1545 rs12654017 151900203 1 3.8990743158358353e-4 151893373 151907086 13713
5 159 rs4639181 8243414 1 3.897781676101194e-4 8231744 8243414 11670
5 635 rs13178332 57830080 1 -3.897555317665312e-4 57724792 57847893 123101
5 1595 rs4704753 157233521 5 3.8943297390823953e-4 157201700 157260015 58315
5 253 rs835136 14926057 1 -3.8910516997073177e-4 14917813 14949939 32126
5 324 rs6884173 22114514 2 3.8383678118635207e-4 21911898 22114849 202951
5 577 rs2407163 53282851 1 -3.778539984324072e-4 53226422 53282979 56557
5 1547 rs6885316 152277537 3 -3.7461387053074903e-4 152219802 152354943 135141
5 266 rs6887031 16586718 1 -3.7339144477479457e-4 16584227 16590355 6128
5 257 rs6878966 15647084 2 3.729038570795576e-4 15550687 15655056 104369
5 530 rs13353952 40233464 3 3.722491445800088e-4 40223183 40278849 55666
5 1578 rs2310879 155400562 1 3.707356343720911e-4 155400562 155415607 15045
5 1875 rs7732626 176737309 5 -3.668229787251553e-4 176517797 176740996 223199
5 304 rs10941254 19359103 1 -3.660271105273501e-4 19280885 19421313 140428
5 203 rs11749155 10620642 3 3.643336671689292e-4 10620642 10621173 531
5 340 rs12518573 24261955 3 3.531062150192491e-4 24133971 24274495 140524
5 1140 rs1377333 114337809 1 -3.5254760201616e-4 114337809 114381312 43503
5 1722 rs12515835 167892338 1 3.5248450433328804e-4 167885622 167902778 17156
5 1363 rs744247 134781400 1 3.510541354825314e-4 134779417 134825485 46068
5 1011 rs57400270 99517454 1 -3.491932101720154e-4 99325303 99533649 208346
5 424 rs7736502 31900372 1 3.4881590301121733e-4 31898172 31907887 9715
5 1452 rs11167892 144460435 2 -3.4271379671933685e-4 144369950 144500457 130507
5 182 rs41461 9619905 1 -3.4022070074990517e-4 9619905 9689026 69121
5 1866 rs2114968 175313487 1 3.3424674214437374e-4 175273481 175313487 40006
5 44 rs403500 2578373 1 3.329671510456056e-4 2564243 2599639 35396
5 1409 rs456998 141025162 3 3.299601023315389e-4 140921411 141033870 112459
5 576 rs271205 53192812 2 -3.289853181416391e-4 53192812 53205703 12891
5 84 rs7706780 4227497 1 3.2878273549207876e-4 4227497 4227497 0
5 1849 rs6897655 174402211 2 -3.276365230568503e-4 174402211 174402211 0
5 367 rs10056950 26762292 1 3.2615725150910953e-4 26737458 26770247 32789
5 888 rs4552569 83173593 1 3.2392759028904475e-4 83173593 83228097 54504
5 1373 rs3734124 135561058 1 -3.1809746869702356e-4 135469500 135574111 104611
5 20 rs1968011 1624351 1 3.1681062733125026e-4 1624351 1676668 52317
5 992 rs2544771 96512683 1 -3.167527774415236e-4 96503378 96512683 9305
5 442 rs893551 33457650 1 -3.165500367244041e-4 33405597 33458636 53039
5 809 rs4484406 77245012 1 3.153802263729642e-4 77239920 77266289 26369
5 568 rs1904162 52185966 1 -3.1132435570928394e-4 52184613 52223516 38903
5 1564 rs11749542 153919809 1 -3.109587142150988e-4 153902050 153960485 58435
5 104 rs11742341 5239921 2 -3.052864540638279e-4 5222336 5240002 17666
5 965 rs293056 94221397 1 -3.017221268800527e-4 94221397 94230358 8961
5 1166 rs10478312 116174466 1 3.01475594590834e-4 116131757 116183712 51955
5 1350 rs30499 133441726 1 -3.005210986567066e-4 133422816 133455153 32337
5 490 rs3776566 36631733 2 2.988614762983201e-4 36602563 36631733 29170
5 925 rs700591 88105614 2 2.9382880827402875e-4 88079010 88194950 115940
5 561 rs10064799 51431680 1 -2.931118444682879e-4 51431680 51431680 0
5 1068 rs10061771 106916625 1 -2.922825160429872e-4 106914027 106916625 2598
5 1118 rs6860333 111983052 1 -2.8831582687340024e-4 111983052 112032575 49523
5 1224 rs2914610 121314168 1 2.8813521260720974e-4 121211925 121314168 102243
5 1622 rs2303059 159714528 1 -2.880203757339318e-4 159686503 159714528 28025
5 1088 rs11744065 108953838 2 -2.87055366843154e-4 108911018 108979718 68700
5 1235 rs6863273 122029790 2 -2.852744387693908e-4 122010221 122036899 26678
5 893 rs153248 83469915 1 -2.84173252121993e-4 83469915 83477654 7739
5 1288 rs3805739 126166191 1 2.795423444588245e-4 126129243 126188989 59746
5 1260 rs11241764 124044428 1 2.77721124263077e-4 124044428 124073861 29433
5 1475 rs12659800 146689412 1 2.715105285382103e-4 146689412 146695681 6269
5 1815 rs1445787 172852878 1 -2.7143497086113777e-4 172844615 172864110 19495
5 48 rs4866662 2696580 1 2.696618774062318e-4 2676993 2709971 32978
5 1492 rs2400711 148321436 1 -2.692705313654208e-4 148321436 148342810 21374
5 1725 rs2304035 168176517 1 2.685896544570225e-4 168176517 168194176 17659
5 957 rs719492 92665721 1 -2.625508891940256e-4 92655132 92665721 10589
5 1333 rs17696621 132751172 1 2.6183290287708314e-4 132746820 132758353 11533
5 687 rs10805402 65132797 2 2.614271727190087e-4 65086850 65160065 73215
5 650 rs1369285 59280611 1 2.598692274940929e-4 59230059 59280611 50552
5 1878 rs4458584 177043366 1 -2.588571685300693e-4 177003616 177057437 53821
5 812 rs7727630 77616951 1 2.526979655148322e-4 77616951 77617159 208
5 1070 rs4957709 107033906 4 -2.515819094919538e-4 107010201 107051942 41741
5 1619 rs6892282 159360485 1 -2.5157834238302284e-4 159341032 159381526 40494
5 609 rs7712360 55780101 2 -2.4553554297588443e-4 55766005 55788355 22350
5 892 rs348894 83410784 1 -2.453343038922852e-4 83376382 83410784 34402
5 788 rs2460508 76156381 1 2.4157100697825692e-4 76140337 76156381 16044
5 1754 rs315791 169735920 1 -2.3728403853994976e-4 169735920 169735920 0
5 1234 rs13156690 121987792 1 2.334013775007983e-4 121987792 121996522 8730
5 1543 rs17113138 151731277 2 -2.2375844829140504e-4 151682559 151751433 68874
5 979 rs3777195 95240327 1 -2.2221893136480865e-4 95209557 95308048 98491
5 275 rs7711618 16878237 1 -2.1902725147776532e-4 16875690 16878237 2547
5 546 rs4866808 43180535 1 -2.1672046866305205e-4 42919685 43237188 317503
5 456 rs6451105 34453581 2 -2.1665818597759695e-4 34453581 34489548 35967
5 1217 rs17147802 120767312 1 2.155820334264791e-4 120757262 120828418 71156
5 1546 rs12522538 152002303 2 2.1549469086035492e-4 151921873 152142182 220309
5 1759 rs10475944 169940759 1 2.1391056110489696e-4 169933055 169940759 7704
5 512 rs3729734 38527308 1 -2.1178449140046743e-4 38486065 38581262 95197
5 2 rs908114 371958 1 2.104547834536326e-4 303686 374748 71062
5 233 rs1992711 13510918 3 2.052818358361119e-4 13505432 13603883 98451
5 218 rs31888 11423628 1 2.045152633509861e-4 11423525 11423628 103
5 539 rs1379310 41461984 1 -2.03866121651384e-4 41438380 41541583 103203
5 1727 rs10068957 168273353 1 -2.033206867630319e-4 168252636 168280389 27753
5 620 rs831789 56349274 1 -1.9914308015890912e-4 56349274 56390346 41072
5 436 rs1173718 32837489 1 1.9734412185932847e-4 32788369 32837647 49278
5 1001 rs10463709 97796120 1 -1.9588728787829027e-4 97793862 97817930 24068
5 536 rs587412 41061871 1 1.95378830382727e-4 41032998 41119167 86169
5 327 rs400155 22551757 1 1.922410716252034e-4 22492196 22652137 159941
5 1505 rs4705079 149096383 1 1.9141615652407885e-4 149045703 149123155 77452
5 483 rs13177348 36337293 3 -1.8592927207780453e-4 36301420 36354241 52821
5 1531 rs1048719 150632832 1 1.8241909665511297e-4 150605070 150632832 27762
5 1827 rs17076870 173557246 1 1.819254381549808e-4 173553760 173570463 16703
5 502 rs10805632 37992218 1 1.8064162061127753e-4 37947775 37992218 44443
5 1826 rs7724254 173424464 1 -1.7956432792933072e-4 173422382 173504716 82334
5 586 rs10066174 53775596 2 1.782850156665687e-4 53770217 53828095 57878
5 287 rs6865140 17719837 1 -1.757059155131346e-4 17697797 17719837 22040
5 720 rs6897246 68349917 1 -1.7461807565631623e-4 68245459 68349917 104458
5 908 rs10071511 85372505 1 -1.7183715030272815e-4 85330526 85392336 61810
5 232 rs2067586 13393043 2 1.7161225894475854e-4 13287359 13459048 171689
5 295 rs2938469 18324937 1 -1.7089131439098525e-4 18324937 18379534 54597
5 482 rs4869473 36253937 1 -1.7019276729208477e-4 36219710 36255364 35654
5 1656 rs297953 162986384 2 1.6793016663155483e-4 162957627 162986384 28757
5 1075 rs10044064 107325598 2 1.6723644349335448e-4 107271524 107326327 54803
5 1552 rs540375 152878727 1 1.671469473440211e-4 152874549 152893433 18884
5 1029 rs3846615 102753215 1 -1.668142300402773e-4 102739759 102770988 31229
5 1627 rs61734665 160042903 1 -1.6628105711686923e-4 159984054 160050162 66108
5 1661 rs2059098 163407815 1 1.641596254953345e-4 163340237 163409675 69438
5 532 rs9292780 40573745 1 1.6335122327560027e-4 40392728 40573745 181017
5 715 rs706733 67883394 1 -1.6009486151176872e-4 67883394 67883394 0
5 1213 rs9327172 120230180 2 1.5718054531759683e-4 120151772 120317035 165263
5 555 rs1374038 50275479 1 -1.5495439504358452e-4 50205230 50289496 84266
5 469 rs40200 35045745 1 -1.5478384347085506e-4 35037115 35045745 8630
5 760 rs294986 73683039 1 1.531737742921282e-4 73674157 73744566 70409
5 1810 rs10475590 172686386 1 1.5108839360553292e-4 172686386 172686386 0
5 1777 rs931117 171103318 1 -1.505622277416307e-4 171103318 171103318 0
5 1585 rs282466 156153399 1 1.5028644100915423e-4 156153399 156243136 89737
5 738 rs4235665 72473814 1 1.4992656721187614e-4 72470715 72551337 80622
5 828 rs12520582 78823934 1 1.4773152648207697e-4 78823934 78848000 24066
5 1383 rs10056463 136882334 1 1.4654926411538155e-4 136774006 136897592 123586
5 902 rs7448798 84342625 1 1.463160547320623e-4 84234232 84342625 108393
5 1691 rs2122554 165957086 2 1.399163641098441e-4 165956290 166026376 70086
5 64 rs10474761 3204386 1 -1.3972275234386717e-4 3204386 3212963 8577
5 990 rs6861666 96205801 5 -1.3913931222137108e-4 96204254 96350710 146456
5 924 rs254778 88009593 1 1.389341223507801e-4 87963761 88069593 105832
5 1297 rs6891025 127574115 1 -1.343344435704281e-4 127350549 127576726 226177
5 1092 rs2416227 109343856 2 1.3431349616692908e-4 109343856 109343856 0
5 773 rs4487476 75229614 1 1.2925507450069e-4 75159919 75230527 70608
5 261 rs7701823 16054101 1 1.285274982172361e-4 16044383 16103046 58663
5 1276 rs12659015 125328001 1 -1.2650868761583057e-4 125311268 125340731 29463
5 1899 rs2004503 178337122 1 -1.2303645731134215e-4 178294060 178410213 116153
5 1020 rs10070937 101097727 1 -1.2283842455783253e-4 101086200 101109146 22946
5 1426 rs249917 142008525 1 -1.1817508510648248e-4 142008525 142008525 0
5 911 rs10805837 85911654 1 1.1806176884712313e-4 85824066 85911654 87588
5 1133 rs4293905 113591476 2 1.1384512615307798e-4 113505686 113596392 90706
5 552 rs9292918 45301035 1 -1.1175715482279453e-4 45301035 45725781 424746
5 876 rs256805 82251838 1 -1.1150284034060388e-4 82248664 82259908 11244
5 1346 rs1618181 133240927 1 -1.099506304914894e-4 133223945 133240927 16982
5 1154 rs1129495 115428381 2 -1.0937392375153606e-4 115415436 115525539 110103
5 1573 rs10039324 154716929 1 -1.0788145842252868e-4 154648174 154749572 101398
5 1569 rs61739724 154394577 1 -1.0752923872501192e-4 154375465 154446956 71491
5 1172 rs13168914 116517515 2 -1.0599713441063648e-4 116485063 116525334 40271
5 1621 rs4921110 159608980 2 -1.0491602429747887e-4 159596509 159633484 36975
5 191 rs314734 10032216 1 9.855805497144154e-5 10032216 10032216 0
5 1769 rs2043278 170882607 1 -9.56594310774278e-5 170863509 170886468 22959
5 1675 rs17064282 164979439 1 9.069079283063998e-5 164979056 164979439 383
5 1321 rs11745587 131796922 1 8.935126713833238e-5 131644718 131808869 164151
5 764 rs16872154 73955280 1 -8.82983157474346e-5 73954619 73960992 6373
5 1896 rs6859031 178125974 1 -8.678072936101636e-5 178096908 178138449 41541
5 1649 rs10079545 162304737 2 -8.638415803381786e-5 162246174 162373515 127341
5 128 rs6869437 6428642 2 -8.235531720234949e-5 6421609 6428642 7033
5 454 rs10941110 33999079 3 8.166032067439405e-5 33998768 34053621 54853
5 1375 rs12518631 135844963 2 -8.070222320126589e-5 135844963 135851739 6776
5 996 rs12658302 97293421 2 -7.94299575800371e-5 97278902 97314521 35619
5 1328 rs6871976 132550830 1 7.751654726090593e-5 132500078 132550830 50752
5 1445 rs1603418 143324439 1 -7.661585355258972e-5 143258738 143348795 90057
5 1412 rs32923 141116062 1 -7.583597009794159e-5 141110907 141133945 23038
5 1858 rs2471007 174816228 1 7.43708426573002e-5 174794364 174817026 22662
5 1080 rs12652136 107951067 1 -7.396605448160689e-5 107951067 108018395 67328
5 195 rs4702678 10222014 2 -7.364218189716139e-5 10175162 10245114 69952
5 1480 rs2082392 147225188 2 -7.356298950885704e-5 147188475 147234371 45896
5 1030 rs291873 102840482 2 7.07746969756406e-5 102827276 102847822 20546
5 179 rs418446 9483209 1 -7.032354918986005e-5 9471319 9495607 24288
5 1309 rs17163418 128760076 1 -6.995547526681088e-5 128760076 128813527 53451
5 1690 rs1405911 165904364 1 -6.847499436647499e-5 165886820 165941091 54271
5 1852 rs6893566 174577496 1 6.760715422977108e-5 174550294 174585025 34731
5 1487 rs7725785 147902703 1 6.716093975274944e-5 147877724 147943769 66045
5 332 rs7715927 23247790 1 -6.633982057350945e-5 23247790 23281444 33654
5 488 rs2115520 36532804 1 6.591008449252247e-5 36502818 36532804 29986
5 278 rs4129967 17000364 2 -6.539513177608797e-5 16991693 17000364 8671
5 382 rs2548005 28806256 1 6.511219109620563e-5 28763652 28927036 163384
5 607 rs11950693 55647984 2 6.452175049811655e-5 55647984 55671741 23757
5 1107 rs428995 110882116 1 -6.25472698909897e-5 110859246 110882116 22870
5 1036 rs491507 103122923 1 -5.706103970234993e-5 103109780 103143067 33287
5 475 rs10053766 35471886 1 5.656263622176624e-5 35422561 35529733 107172
5 3 rs17562461 411361 1 5.650595128983408e-5 407230 411361 4131
5 310 rs6884961 20325180 1 5.5036294059877976e-5 20238774 20382657 143883
5 186 rs6898293 9869692 1 5.34933868484168e-5 9852860 9869692 16832
5 1592 rs10051838 157102159 2 -5.340738293638025e-5 156981913 157102159 120246
5 526 rs12516833 39735991 1 -5.146818912974403e-5 39588084 39735991 147907
5 234 rs2676245 13628062 1 5.015677611284546e-5 13619926 13628062 8136
5 181 rs17329702 9551091 1 4.897425116087561e-5 9539540 9607318 67778
5 1601 rs2419398 157588271 1 4.8627754538074024e-5 157588271 157652081 63810
5 120 rs657865 5943861 1 4.742265904632963e-5 5915186 5951796 36610
5 1263 rs6859102 124354175 1 -4.6747093539074054e-5 124341945 124376698 34753
5 1188 rs2376682 118009472 1 -4.6264231205163545e-5 117982046 118058631 76585
5 443 rs77581578 33549374 2 4.496125950814744e-5 33549374 33549374 0
5 1785 rs7706554 171552219 1 -4.327953574872974e-5 171542877 171552219 9342
5 1816 rs13160187 172926863 1 4.3131429779683255e-5 172896796 172926863 30067
5 955 rs7734991 92333217 2 4.120023723989333e-5 92267794 92351107 83313
5 1180 rs4546421 117239454 1 3.897789004970278e-5 117239454 117263731 24277
5 1653 rs10515854 162737689 1 3.2265123964806834e-5 162710860 162737689 26829
5 1791 rs11958604 171909024 1 3.193126579615562e-5 171908794 171911313 2519
5 844 rs2443549 79833821 1 3.1400637110907574e-5 79686227 79833821 147594
5 769 rs59620469 74491956 1 -3.074809784530897e-5 74300599 74537751 237152
5 1915 rs6873317 179436278 3 -2.9742710568116392e-5 179407229 179543280 136051
5 707 rs10471333 67255464 1 -2.8321695692536157e-5 67209979 67255464 45485
5 987 rs10515242 95982675 1 2.7427295161585887e-5 95965235 95982675 17440
5 1671 rs6556813 164679036 3 2.734554009106954e-5 164541466 164679036 137570
5 1298 rs27754 127694805 2 2.5884803218367697e-5 127622491 127712056 89565
5 1440 rs888993 142942400 1 2.5106327624621605e-5 142895811 142974644 78833
5 1354 rs254709 134111769 1 2.4267798987367743e-5 134111769 134258183 146414
5 90 rs3943533 4542749 1 2.3275064894432503e-5 4520220 4542749 22529
5 317 rs1388579 21170524 1 2.321102985137022e-5 21005503 21235554 230051
5 1571 rs1422834 154578318 1 2.1727374994904222e-5 154578318 154578318 0
5 833 rs410079 79105021 1 -2.097445329324542e-5 79091514 79108476 16962
5 406 rs16900783 31245334 2 1.984494044037743e-5 31179728 31245334 65606
5 1179 rs6879319 117186295 3 1.9257349164299208e-5 117096806 117212923 116117
5 1345 rs12515157 133202612 2 1.7895116794152126e-5 133177280 133212178 34898
5 599 rs6861772 55271621 1 1.5555840302362614e-5 55220819 55274604 53785
5 708 rs13354232 67302176 1 1.1084996015534453e-5 67288272 67308629 20357
5 701 rs3733911 66492707 1 -6.290406703890649e-6 66406143 66492707 86564
5 1867 rs17607568 175571579 1 -5.8977484899664395e-6 175571579 175571579 0
5 1171 rs11241414 116436198 1 4.5396815589319244e-6 116436198 116436198 0
