CHR Group SNP.lead BP.lead Size W BP.min BP.max BP.width
4 132 rs7665090 103551603 15 0.1455252648219979 102714886 104340317 1625431
4 213 rs11733331 175076940 6 0.05526147414472974 174873969 175126378 252409
4 78 rs4695248 47555196 17 0.05360739505258071 47421325 53778384 6357059
4 0 rs3755963 894255 10 0.04905653053226698 85422 941290 855868
4 134 rs7678440 106178902 28 0.04543107831644674 104944893 106472577 1527684
4 117 rs10006766 88160018 33 0.04182117367739385 86935890 88856733 1920843
4 98 rs4600889 72337490 5 0.03059262972420841 71629537 72412029 782492
4 129 rs6849832 101120472 12 0.02977601630059675 100341861 101179982 838121
4 107 rs147332320 79176444 7 0.02973059710606844 79118533 79846570 728037
4 95 rs1371863 68192816 9 0.02601305415114804 67607007 68629070 1022063
4 14 rs16838780 6417785 3 0.02536317295772736 6361632 6507841 146209
4 166 rs1589127 137885582 11 0.02483368011297817 137413277 137964269 550992
4 65 rs630428 38121363 8 0.02402202607449757 37903382 38277904 374522
4 214 rs7685956 175422196 12 0.02369546708460925 175246203 176110924 864721
4 183 rs6839352 151887280 14 0.02328691128224123 150955500 152991825 2036325
4 33 rs2286455 16020162 18 0.02308438679670886 15930961 16513748 582787
4 103 rs2273 76889388 22 0.0228797622256941 75992533 77128026 1135493
4 51 rs12505133 26883909 8 0.02244044478777177 26498513 27254091 755578
4 115 rs2091745 84961080 4 0.02201048836614456 84831724 85430800 599076
4 36 rs2697707 17427573 5 0.02158771483661296 17255650 17550349 294699
4 23 rs4697909 9896760 5 0.02155370781480669 9371116 10388610 1017494
4 16 rs6836687 7151812 4 0.02074767403578777 6918679 7257160 338481
4 152 rs6842940 122401640 15 0.02041017401146368 122156142 122653300 497158
4 236 rs6812958 185325242 4 0.02026862338213746 185086713 185353799 267086
4 27 rs2903351 12707180 7 0.02007212616061099 12017993 13002341 984348
4 187 rs6535930 154540056 4 0.01954893736476864 154513627 155008496 494869
4 194 rs6849580 159950990 5 0.01913067291153298 158778839 160350425 1571586
4 80 rs17747127 55241063 8 0.01907472857298542 55049751 55643116 593365
4 53 rs13110484 27757391 8 0.01896254604141217 27715503 28863159 1147656
4 153 rs13151961 123115502 9 0.01894866385436838 122659704 123563078 903374
4 150 rs1587734 120809455 7 0.01742431157185724 120704766 121538689 833923
4 208 rs10213032 171009360 4 0.01659560942105131 170754412 171244684 490272
4 85 rs12642622 57902276 7 0.01635827536738229 57516896 57948187 431291
4 178 rs6537382 146867376 7 0.01634466570770592 146309232 146870683 561451
4 3 rs4690055 2748663 8 0.01575959824974924 2332705 3526645 1193940
4 179 rs17612742 148414651 18 0.01471568078467792 146883385 148491480 1608095
4 32 rs10155296 15175539 13 0.01426644143382355 14872639 15896341 1023702
4 112 rs953534 83617849 3 0.01413443195355534 83527733 83697854 170121
4 202 rs4147034 166453722 8 0.01348950498749079 165827749 166679175 851426
4 223 rs1546680 180411508 9 0.01328306273004062 180313511 181108510 794999
4 165 rs2897153 137105336 9 0.01270043585275246 135831516 137359917 1528401
