CHR Group SNP.lead BP.lead Size W BP.min BP.max BP.width
13 110 rs9596270 50842440 14 0.11567658406273232 50736491 51339753 603262
13 88 rs9533108 43024710 7 0.09401332567085498 42642546 43073459 430913
13 202 rs7320894 99796620 11 0.0360882597929144 99780461 100451255 670794
13 40 rs3897926 28562605 5 0.03463252974378328 28463673 28584648 120975
13 245 rs1411552 110371264 12 0.02398532414089409 110346216 110665586 319370
13 102 rs1408184 46946157 11 0.02376437741318851 46899943 47313419 413476
13 243 rs592398 109879222 15 0.02148794340718043 109846326 110173324 326998
13 24 rs9318387 24771164 2 0.02057089734918988 24749644 24828660 79016
13 249 rs872587 111015780 4 0.01975880748321146 110986632 111118948 132316
13 93 rs1888303 44374981 10 0.01970818409786843 44249607 44632210 382603
13 160 rs9600982 78711867 6 0.01839609526741459 78042890 78721716 678826
13 129 rs1335781 64574779 15 0.01771113586977623 64000669 64613437 612768
13 173 rs8001205 86498444 5 0.01748104913102652 86369120 87010354 641234
13 213 rs41281676 103697329 12 0.01663062168504739 103577244 103784788 207544
13 126 rs9598274 61994491 5 0.01608913530072369 61601904 62125220 523316
13 109 rs3803185 50205025 19 0.01592764904308547 49989732 50725514 735782
13 191 rs1678388 95853780 12 0.01581325016859779 95802055 95976929 174874
13 178 rs4129526 91067301 6 0.01555870392050524 90876501 91262300 385799
13 165 rs6563154 80694509 2 0.01549243964414935 80595466 80765797 170331
13 1 rs9513003 19980323 6 0.01447429983312173 19658933 20488212 829279
13 120 rs7339394 58859943 12 0.01375901155238184 58252801 59283280 1030479
13 238 rs1805389 108863609 3 0.01322131095257306 108816225 108900121 83896
13 142 rs7981837 71944043 9 0.01235585634601798 71531809 71973660 441851
13 201 rs9554501 99423052 10 0.01178785081001291 99398842 99680697 281855
13 147 rs2503687 73676673 6 0.01174997595242234 73124454 73784759 660305
13 153 rs9530313 74998658 7 0.01165596540935312 74898691 75195207 296516
13 94 rs11619528 44826355 5 0.01125406267886707 44642464 44879062 236598
13 244 rs331622 110290826 1 0.01120482160649667 110192256 110333296 141040
13 162 rs9574311 79396606 2 0.01114965387084802 79073248 79455832 382584
13 252 rs9559922 111637374 7 0.01101065306819705 111485002 111773108 288106
13 27 rs7987497 25428365 3 0.00986919948318932 25378476 25718283 339807
13 210 rs11069468 102600583 2 0.00975973294128334 102318970 102708465 389495
13 118 rs4363757 55350946 6 0.00956715662527527 55158519 56363447 1204928
13 189 rs7995237 95392487 6 0.00955605772965055 95079910 95446803 366893
13 226 rs12431263 106543592 6 0.00931764979862587 106416994 106554560 137566
13 38 rs11617198 28239486 4 0.00931435376910181 27978642 28269905 291263
13 200 rs9513475 99391346 6 0.00930136010524304 99275314 99391346 116032
13 175 rs9585395 88312331 6 0.0092483974292191 88231088 89033066 801978
13 49 rs7986129 30964159 2 0.00900506493563275 30777202 30964159 186957
13 152 rs7989618 74806494 13 0.00879574461640485 74655739 74880098 224359
13 2 rs1323560 20625877 8 0.0086262543735306 20494558 20695554 200996
13 137 rs7984606 70455661 6 0.00850226258631494 69758424 70612412 853988
13 186 rs4366594 94405336 2 0.00823679638723149 94246282 94543694 297412
13 212 rs4150342 103520565 10 0.00821339093289947 103343308 103554630 211322
13 121 rs4334175 59405476 10 0.00806459905889322 59304823 59711493 406670
