CHR Group SNP.lead BP.lead Size W BP.min BP.max BP.width
8 607 rs11997192 129218127 14 0.04960690358773371 129128194 129288749 160555
8 606 rs2720667 129083584 2 0.04347096490514625 129058356 129114007 55651
8 605 rs993725 128988220 7 0.04109545226420571 128929371 129039139 109768
8 380 rs6994325 72764061 8 0.03298255254656169 72761190 72987638 226448
8 643 rs3958181 134638258 3 0.0327227630498411 134626955 134721707 94752
8 545 rs10505343 119580807 3 0.02827473439069983 119499751 119663714 163963
8 697 rs878421 142328020 2 0.02794408075550658 142269874 142367087 97213
8 544 rs4876412 119427392 6 0.02668364828584077 119294282 119492578 198296
8 151 rs537700 17759924 10 0.02646443469715786 17638034 17942204 304170
8 196 rs1010848 23351759 8 0.02365483037051947 23206698 23383743 177045
8 144 rs9644663 17073919 4 -0.02237509728595372 17073919 17226856 152937
8 12 rs997378 1843091 4 0.02204589956002866 1807756 1847184 39428
8 497 rs2436889 103576658 2 0.02097621390350533 103560356 103584651 24295
8 215 rs3779916 26250906 3 0.02065971412724464 26118439 26313736 195297
8 436 rs16892784 90215649 1 -0.02000353926301717 90006314 90350637 344323
8 331 rs10957150 61512060 8 0.01957011362481585 61122903 61568210 445307
8 276 rs7822331 40663789 5 -0.01949612850240832 40519227 40698232 179005
8 116 rs7822459 13402465 4 0.01822547365028511 13397806 13490995 93189
8 154 rs34546534 18241771 5 0.01793223000883297 18194387 18283339 88952
8 474 rs2444871 98980663 2 -0.01775664490416548 98876595 99089452 212857
8 43 rs7822226 4091132 3 0.01759870340490753 4080144 4131490 51346
8 483 rs7832617 101525085 2 0.01728109961539695 101524955 101608919 83964
8 407 rs16906530 80046610 2 0.01656835932192589 79762658 80107372 344714
8 439 rs7815279 91094086 6 0.01606484384672791 90895010 91366482 471472
8 267 rs7835508 38782627 1 -0.01565391936298008 38656652 38804226 147574
8 165 rs10107533 19379421 9 0.01555539572088848 19274742 19489046 214304
8 224 rs4515501 27763129 2 -0.01541255154064291 27763129 27829251 66122
8 391 rs12549456 74455870 2 0.01514324847376281 74424985 74810030 385045
8 108 rs9644758 11818364 1 0.0150133273387331 11763932 11833262 69330
8 301 rs6473849 54460873 7 0.01484095496247295 54399129 54739072 339943
8 589 rs6990457 127293085 2 0.01474911322550879 127188115 127386194 198079
8 29 rs4875111 3065125 3 -0.01470700615999274 3050524 3135739 85215
8 588 rs1906492 127157289 3 -0.01461825405372223 127030253 127182142 151889
8 438 rs10094579 90849305 7 0.01458218212675092 90678123 90881937 203814
8 682 rs899073 140417049 2 -0.01420351089045876 140343359 140452253 108894
8 122 rs7014940 14119944 7 -0.01387209560009752 14032635 14170563 137928
8 289 rs2128001 51461513 4 0.01346121596636998 51182810 51462163 279353
8 506 rs9886642 106022458 4 0.01316711032285718 105989262 106142333 153071
8 557 rs13267240 122330471 2 0.0128473112377425 122330471 122497385 166914
8 105 rs2248334 11514071 2 0.01265169452358978 11479356 11514071 34715
8 535 rs2511653 117621592 8 -0.01252198925942733 117600602 117783975 183373
8 716 rs4333645 145569535 2 -0.01248243127325983 145569535 145661675 92140
8 457 rs730820 96230428 4 0.01244101915590233 96206803 96230428 23625
8 250 rs4733166 33571496 6 0.01237430458356159 33286370 33958171 671801
8 163 rs1915418 19093006 1 0.01220076412798954 19067320 19093006 25686
8 220 rs729609 27396523 9 0.0119593787127104 27073268 27402664 329396
8 549 rs13268676 120795607 4 0.01184910001672675 120501956 120875221 373265
8 200 rs17784945 23691273 3 0.0116635138095912 23663101 23757657 94556
8 625 rs7000465 132355894 2 0.01161700726721874 132202889 132355894 153005
8 369 rs7822729 70838395 3 0.01160180257141364 70731059 70863894 132835
8 546 rs1032128 119951773 5 0.01158284847512468 119766194 120052238 286044
8 619 rs2912191 131300036 11 0.01155517354125196 131027338 131512902 485564
8 711 rs10866910 144420930 3 0.01144346248755294 144258705 144446285 187580
8 413 rs10095139 81397268 1 0.01140427331251752 81397268 81470769 73501
8 8 rs740237 1356333 4 -0.0112818163004325 1319724 1359035 39311
8 594 rs6470466 127739184 3 0.0112017055994255 127737855 127891951 154096
8 505 rs3134467 105979256 5 0.01094041633846496 105784723 105979256 194533
8 626 rs4736476 132489214 1 0.01078351426597335 132370660 132521299 150639
8 86 rs1016512 8881820 2 0.01061778084488586 8837354 9009906 172552
8 188 rs4872524 22489537 3 0.0102724645522005 22439442 22492708 53266
8 712 rs112907282 144672035 6 -0.010141544760032239 144520668 144695499 174831
8 399 rs1464093 76474058 5 0.01010240034762098 76306257 76695262 389005
8 291 rs7841317 52382217 4 -0.00999938256674494 52232487 52532601 300114
8 421 rs988664 83329097 4 0.0099908095085861 83298113 83725076 426963
8 190 rs11781095 22601787 2 0.00994193187502714 22601787 22713012 111225
8 698 rs11782383 142446923 2 -0.00955911216697394 142446923 142518112 71189
8 69 rs6994867 6116071 3 -0.0095394341364937 6082233 6128828 46595
8 254 rs7814362 36496796 2 0.00925811680628287 35920869 36496796 575927
8 603 rs7841193 128677531 2 0.009215970743024 128677531 128718068 40537
8 106 rs17754589 11625808 5 0.00912007516493739 11527910 11650475 122565
8 611 rs16903937 129987132 11 0.00901408468325951 129603185 129988219 385034
8 84 rs1876836 8681756 5 0.00893443295547577 8536451 8722378 185927
8 158 rs12676642 18637208 2 -0.00885237147325842 18637208 18665523 28315
8 522 rs973815 111056336 1 0.00875404620240947 111056336 111421582 365246
8 394 rs17249487 75061350 7 -0.00866432358072508 75061350 75246125 184775
8 449 rs6983017 94407069 6 0.0086479657599654609 94323772 94898694 574922
8 672 rs6577902 139263840 3 0.0086439377055395 139260668 139390139 129471
8 695 rs6988905 142137704 4 -0.00854056000533503 142131002 142188039 57037
8 437 rs7824985 90624692 4 0.0085036922064753 90372447 90624692 252245
8 329 rs10103231 60413073 1 0.00849328251421655 60285226 60413073 127847
8 49 rs1983474 4403586 2 0.00847621461216064 4403586 4454024 50438
8 687 rs6999707 140963102 4 0.00844525404730536 140869942 140984964 115022
8 477 rs10955157 99227157 2 0.00835668895621669 99208190 99254045 45855
8 244 rs4733242 31148512 3 0.00829029063091334 31140870 31434385 293515
8 296 rs6981742 53287893 4 0.00812607318434967 53283773 53295870 12097
8 141 rs1615196 16843277 3 0.00807766628453046 16812832 16871448 58616
8 221 rs10503814 27454575 1 0.0079387831345578 27415476 27454575 39099
8 197 rs4872145 23397750 6 0.00790460325295535 23396101 23477195 81094
8 210 rs1365007 25644016 3 -0.00785858025478111 25598401 25770276 171875
8 408 rs10504700 80202384 2 0.00765046658153977 80145056 80358313 213257
8 458 rs2514557 96283161 5 0.00761899473874735 96245252 96364688 119436
8 677 rs2292927 139838912 1 0.0075869242624307 139818903 139846822 27919
8 201 rs7845836 23932243 1 0.0075441331380698504 23893742 24207438 313696
8 568 rs7159 124027628 4 0.00754105448502687 124023374 124076688 53314
8 248 rs3735781 32624828 4 0.00753588232880928 32453358 32748779 295421
8 172 rs7835387 20150536 1 0.00745109589296417 20143440 20185310 41870
8 261 rs7463174 37635649 1 0.00735451410093784 37635649 37646666 11017
8 416 rs4436084 82038006 2 0.00726904048048479 81958305 82038006 79701
8 481 rs1660351 101275034 3 0.00721751822688555 101024505 101448416 423911
8 692 rs2293939 141551407 1 0.00710850965443372 141506903 141566311 59408
8 406 rs1966115 79556891 8 0.00701532298855273 79420199 79743689 323490
8 51 rs1351107 4579906 2 -0.0068964676179543 4505914 4579906 73992
8 5 rs11137110 869170 3 -0.00687755765979125 857459 1009313 151854
8 45 rs10091031 4190180 1 0.00684778783391523 4169706 4204987 35281
8 514 rs1283651 108366032 5 -0.00682612514265609 108119964 108385748 265784
8 180 rs17607826 21299827 3 -0.0067991928531082 21217677 21326878 109201
8 337 rs4737595 62736289 4 0.00679858000956242 62705616 63020728 315112
8 616 rs16904143 130702811 1 0.00674623126990775 130702811 130702811 0
8 175 rs13260745 20564192 8 -0.00656652374642793 20486184 20669205 183021
8 405 rs13278582 79185247 2 0.00651771298568568 78644605 79408093 763488
8 269 rs3808606 39769375 4 -0.00632498330369735 39390219 39816468 426249
8 41 rs3843921 3904671 3 -0.00621067626392345 3896853 3922696 25843
8 552 rs4871109 121752559 9 -0.00615669265483025 121562418 121763046 200628
8 308 rs4478549 56181259 7 0.00611472068694587 56123119 56425185 302066
8 218 rs9644121 26758650 4 -0.00610426169245169 26695617 26884320 188703
8 2 rs1530662 402692 7 -0.00607354191141444 400916 507994 107078
8 118 rs17117434 13625816 1 0.00600941440086773 13615135 13701631 86496
8 174 rs1383246 20394374 2 -0.00598501167372628 20358618 20482878 124260
8 401 rs7842199 77631769 3 -0.00597494670045765 77456729 77695388 238659
8 313 rs1263156 57541715 3 0.00593298913983819 57450478 57601930 151452
8 478 rs4476980 99374659 1 0.00579315399074715 99262445 99379585 117140
8 642 rs7004947 134606425 4 0.00578540761230619 134579093 134624572 45479
8 339 rs7821895 63984768 1 0.00575422775396524 63773787 64035651 261864
8 238 rs6468011 29786701 3 -0.00571736249176498 29760101 29830855 70754
8 463 rs13253287 96771076 3 0.00565184265561124 96762253 96896725 134472
8 338 rs896491 63446925 10 -0.00558933544765241 63044535 63737308 692773
8 298 rs10095724 53739232 8 0.00558315746374202 53727578 54106610 379032
8 542 rs13255959 119012781 5 -0.00548228064046483 118774997 119084385 309388
8 351 rs2290585 68087279 5 0.00538811211712489 67478431 68556828 1078397
8 596 rs2456449 128192981 2 0.0053604528035274 128072019 128192981 120962
8 657 rs7460819 136735506 5 0.00533470958711025 136713137 136770912 57775
8 464 rs935190 97069446 5 0.0053332712996606 96905645 97081252 175607
8 79 rs7834209 6919748 2 0.00532971688574193 6811559 6919748 108189
8 9 rs4876086 1483050 5 0.00526013185511358 1440839 1625104 184265
8 429 rs1044730 87573120 8 0.005146373410709 87277575 87629825 352250
8 485 rs4734487 101862313 1 0.00508555720966612 101859831 101879598 19767
8 270 rs72632016 39873053 1 -0.0050246037231103 39840234 39942372 102138
8 612 rs7813493 130208039 3 0.00502054425342128 130004216 130218680 214464
8 126 rs4596659 14695745 1 0.00498740012837114 14672930 14868808 195878
8 396 rs2732018 75764715 4 -0.00491264297260696 75462525 75764715 302190
8 551 rs10101508 121398874 1 -0.00488635009978188 121180667 121526747 346080
8 388 rs2383891 74093532 3 0.004825091430498 74038994 74138294 99300
8 520 rs72687022 110464510 5 -0.00482288899965994 109961231 110749551 788320
8 222 rs3103908 27549421 2 -0.00476651236567973 27476815 27564087 87272
8 320 rs9650192 58841890 3 -0.00475686099573309 58795132 58889557 94425
8 539 rs1695693 118325941 2 0.00466632123256272 118300497 118352994 52497
8 461 rs11776832 96536023 2 0.00465232386268416 96536023 96699609 163586
8 433 rs13248723 88655584 3 0.00460619615649692 88646849 89083979 437130
8 160 rs334213 18910834 3 0.00447824231885802 18819473 18928440 108967
8 216 rs328076 26328656 3 0.00445665280328781 26328656 26470222 141566
8 541 rs1396353 118761500 1 -0.00436523198448896 118632412 118761500 129088
8 533 rs799889 117250895 1 -0.00431862187547077 117236486 117415285 178799
8 157 rs7018263 18554698 2 0.00427120424466857 18519032 18590892 71860
8 447 rs7012115 93605944 7 -0.00422283349382177 93605944 94032622 426678
8 330 rs1467300 61000576 1 0.00422268257442278 60478117 61101162 623045
8 328 rs6471780 60250245 6 0.00421473888406835 60024449 60250245 225796
8 595 rs1516935 127919914 3 0.00418104585768139 127902003 128067513 165510
8 206 rs7837477 25240100 1 -0.00413514542313636 25101936 25240100 138164
8 71 rs1550697 6266774 7 0.00404919558822259 6229808 6351252 121444
8 536 rs2289937 117873811 2 -0.0039748490842861604 117838623 117936482 97859
8 631 rs6415551 133378714 2 0.00395869982055924 133355244 133448569 93325
8 213 rs17243310 26001404 2 0.00395421700109045 25974894 26053562 78668
8 321 rs7006812 58928607 3 0.00371859590057102 58928607 59025114 96507
8 422 rs16911067 83762709 3 0.0036883910434929 83738448 83992851 254403
8 708 rs138377917 143763531 2 -0.003650674265975 143757037 143903155 146118
8 379 rs7459644 72718314 5 0.00363420220648503 72707802 72743597 35795
8 601 rs7386167 128568712 2 -0.00359086294597447 128558990 128568856 9866
8 460 rs968962 96482283 6 -0.00358617881488074 96446999 96530971 83972
8 48 rs12547182 4400460 2 0.00356283238315018 4357525 4401124 43599
8 622 rs2889548 131756936 1 -0.00356011054683694 131642621 131774876 132255
8 285 rs9785104 48129224 1 0.00354270424899825 43539041 48885049 5346008
8 567 rs7828669 123938787 1 0.00352639188827922 123897867 123988424 90557
8 420 rs955311 82950636 7 -0.00345937263279058 82892518 83285181 392663
8 512 rs17257240 107556907 4 -0.00342934808036129 107424062 107845898 421836
8 145 rs11203855 17292466 1 0.00341864027890142 17243260 17292466 49206
8 516 rs10087176 108788603 1 0.00341343690956866 108669676 108789816 120140
8 132 rs10093681 15527376 4 0.00333176649081599 15503648 15686349 182701
8 412 rs6473219 81245003 4 0.00329192497288461 81120044 81338686 218642
8 166 rs7001715 19507270 9 0.00327168424250757 19495610 19625619 130009
8 571 rs4388446 124574279 3 0.00326117450256309 124555235 124604759 49524
8 658 rs7004659 136789501 3 -0.0032450601029669 136788138 136941348 153210
8 246 rs327371 31843735 2 0.00322409164741067 31789101 32026449 237348
8 31 rs6558780 3332767 4 0.00319339127175473 3255581 3353059 97478
8 495 rs7007251 103054099 5 -0.00310682391162961 103052377 103198203 145826
8 22 rs9314465 2635152 4 0.00308093178687975 2576054 2667710 91656
8 94 rs7009513 10284051 3 0.00302675597432933 10236559 10381128 144569
8 352 rs16933522 68604866 2 0.00301518912855815 68583722 68664102 80380
8 205 rs1527033 24889912 2 0.0029858068991068 24889912 25061807 171895
8 92 rs6983566 9931941 4 0.00297298242083213 9742578 10046638 304060
8 706 rs10435683 143413136 4 0.00289903720210855 143265173 143514434 249261
8 342 rs6472116 64498360 4 0.00288785897970216 64498360 65045688 547328
8 264 rs16887244 38031345 3 0.00288483881131255 38025175 38362521 337346
8 577 rs4406374 125343441 4 -0.00287932051995103 125251067 125394334 143267
8 336 rs1015905 62690015 3 0.00285991394722868 62365737 62690015 324278
8 404 rs10113207 78088940 5 -0.0027647666572982 78039167 78631154 591987
8 15 rs4875929 1991352 2 0.00273423050635879 1978115 2011098 32983
8 334 rs1367972 62003453 2 -0.00269642372191647 61946967 62003453 56486
8 560 rs6651164 123004940 1 0.00265768831604924 122982390 123019652 37262
8 527 rs9650053 114849850 4 0.00265654091220668 114793032 114978390 185358
8 50 rs17070836 4476957 1 0.00260743850372831 4468542 4476957 8415
8 424 rs6997745 84477913 3 -0.0026058270175321 84442025 84698627 256602
8 89 rs4361767 9217449 6 0.00255688280016448 9177732 9257739 80007
8 97 rs7826180 10627844 8 0.00254464396068483 10565219 10730558 165339
8 350 rs16932800 67220641 3 0.00253725404144251 67169917 67384122 214205
8 286 rs907174 49252862 5 -0.00252021167302356 49039681 49824013 784332
8 33 rs7815959 3460063 6 0.00236924987838377 3421598 3487768 66170
8 290 rs10958249 52102658 2 0.00236675834909917 51480478 52138162 657684
8 1 rs13271818 326522 1 0.00236097840693622 280645 340067 59422
8 247 rs9297191 32283471 4 0.0023563867185105 32143462 32443374 299912
8 400 rs13271620 76738118 5 0.00234992761566364 76705405 77331219 625814
8 282 rs11986055 42135178 4 0.00234821624792179 41794934 42281634 486700
8 363 rs12676187 70353579 4 -0.00233377566457201 70237924 70356990 119066
8 649 rs7840306 135442374 4 0.00232457281142937 135412090 135566905 154815
8 661 rs305234 137600653 1 0.00230809875120516 137564311 137938502 374191
8 540 rs17746363 118611634 2 0.00230309364208708 118418008 118617032 199024
8 448 rs7818649 94167493 2 0.00229702588324538 94039867 94261533 221666
8 125 rs6987164 14544079 1 -0.00224610815028427 14529851 14670963 141112
8 498 rs9642980 103695930 1 0.00221317824162137 103620332 103695930 75598
8 129 rs7003979 15171989 2 0.00216698302565674 15094597 15271666 177069
8 354 rs4437632 68851492 3 0.00214118604952432 68799377 68970343 170966
8 311 rs4551325 56823191 4 -0.00213053461972254 56814010 57036929 222919
8 558 rs6984293 122550491 2 0.0021253540886812 122504923 122619283 114360
8 668 rs10109789 139089126 1 -0.0021209520085334 138932176 139089126 156950
8 686 rs10100424 140855827 3 0.00211774098684277 140742121 140857481 115360
8 655 rs10095580 136293806 2 -0.00207028952379363 136203731 136330821 127090
8 343 rs1011856 65136858 1 -0.00205746951574455 65075261 65427707 352446
8 112 rs500501 12953108 2 -0.00204872450155545 12900843 12973575 72732
8 228 rs12056907 28240092 2 0.00202253540340455 28165985 28296171 130186
8 357 rs61736081 69381053 4 0.00196571506511409 69132033 69381053 249020
8 525 rs17524343 112764621 4 0.00196218409118934 112656042 113630865 974823
8 47 rs7015706 4287134 2 0.00196143164535078 4279582 4341641 62059
8 476 rs35368005 99101976 1 0.00195111848894059 99101976 99159594 57618
8 314 rs16920935 57632308 2 -0.00194708805478873 57623242 57709500 86258
8 715 rs12550729 145155408 1 -0.00189320211858555 144995939 145286483 290544
8 623 rs398267 131816901 3 -0.00188359945954993 131789849 131936854 147005
8 23 rs12546807 2763790 2 0.00187592153867709 2685370 2774638 89268
8 279 rs17595469 41261423 5 0.00180415479052456 41190971 41368500 177529
8 74 rs13256011 6487331 1 0.00178758490620638 6471526 6539289 67763
8 370 rs4737293 70940654 1 -0.00177179191008881 70912296 70981311 69015
8 646 rs13267601 135021967 8 -0.00177073445946415 134966090 135162202 196112
8 62 rs17356089 5525442 2 -0.00176148253762527 5509374 5545554 36180
8 243 rs10954782 31076640 3 -0.00170308927174643 30829623 31076640 247017
8 509 rs1037304 106627197 3 0.00170177789216531 106627197 106665439 38242
8 467 rs2589198 97556565 1 0.00165116183015972 97534651 97578672 44021
8 650 rs1806765 135734604 4 -0.00162662510212902 135570871 135793846 222975
8 34 rs17326146 3547988 2 -0.00162326637978816 3490822 3572855 82033
8 617 rs2062078 130734461 2 0.0016192190692998 130708114 130809688 101574
8 515 rs16876241 108420688 1 -0.00161633427368347 108395025 108638344 243319
8 701 rs1496863 142629143 2 0.00158172455717313 142620990 142712678 91688
8 3 rs11781454 565959 2 0.00157356185392426 519919 649190 129271
8 100 rs13248264 10942742 5 -0.00154912498504695 10942742 11045161 102419
8 362 rs1903614 70073313 3 -0.00153947099575937 70025018 70143771 118753
8 358 rs1434927 69539842 5 0.00153711297722743 69406281 69620696 214415
8 664 rs11992583 138617100 6 -0.00153028235827622 138379427 138629984 250557
8 59 rs9314570 5390576 1 0.00152525028533708 5228896 5392336 163440
8 634 rs9297853 133584558 3 0.00151423369457354 133580193 133975056 394863
8 694 rs11167023 142106228 1 -0.00150586803758644 142038599 142109356 70757
8 227 rs1531383 28121178 3 -0.00149710008928255 28055236 28136109 80873
8 526 rs1522060 114230296 9 0.00148655031908955 113655596 114776941 1121345
8 278 rs10108063 41102437 5 0.00147812161513125 40996160 41158004 161844
8 39 rs17068126 3803623 3 0.00145820284799722 3803623 3842999 39376
8 234 rs10503848 29361255 5 -0.0014271160965902 29331251 29395511 64260
8 217 rs11135955 26638910 3 0.00141838990188322 26514779 26678206 163427
8 288 rs7829956 50628068 4 -0.0013943003960778 50303943 51067154 763211
8 561 rs17270266 123443180 3 0.00139075858127995 123135434 123446870 311436
8 430 rs4557720 87932823 5 0.00135836973344231 87652115 87982674 330559
8 127 rs13265356 14969057 2 0.00135690845335628 14879087 14996912 117825
8 195 rs76824703 23150851 1 -0.00134836538705699 23147564 23186007 38443
8 230 rs7006959 28461323 2 0.0013447411882365 28461258 28585452 124194
8 714 rs148555909 144892984 2 -0.0013402713253103 144892984 144929811 36827
8 371 rs1460680 71163768 1 0.00133971733778629 71151197 71988962 837765
8 57 rs10109571 5112194 2 -0.00131661153003626 5071270 5144783 73513
8 582 rs16900167 125989698 4 -0.00129659180853608 125957082 126303847 346765
8 528 rs1497194 115351857 4 -0.0012860418706578 115027676 115851352 823676
8 444 rs1125730 93358204 3 -0.00127953709795479 93184065 93454053 269988
8 14 rs2280823 1897657 2 -0.00127060976163851 1888447 1897657 9210
8 61 rs2733083 5492579 2 0.00126513200985722 5462398 5492579 30181
8 418 rs9298367 82441040 2 -0.00123557332879452 82274071 82443387 169316
8 627 rs277047 132627248 1 0.00123456871966777 132622946 132725731 102785
8 241 rs2979481 30262786 5 0.00121027168674726 30174964 30503371 328407
8 469 rs7814447 97826743 1 0.00119016899491355 97682211 98109070 426859
8 123 rs12676434 14241349 1 -0.00118606095326733 14199014 14374513 175499
8 56 rs7014013 4951542 3 -0.00118553058214356 4924379 5011233 86854
8 307 rs16921098 55981777 1 0.00113914166199019 55937602 56081879 144277
8 573 rs6995099 124710664 3 -0.00112473493098926 124689847 124717641 27794
8 403 rs10087163 77895865 1 0.00111901764226475 77876363 77896845 20482
8 0 rs3752670 221922 1 0.00111764278225585 190568 236656 46088
8 451 rs6995326 95037331 1 0.00110815567842147 95009020 95171183 162163
8 66 rs1834201 5864927 1 0.00109394809817301 5857354 5952944 95590
8 683 rs10101763 140497806 3 0.00109191446217914 140462221 140587030 124809
8 133 rs4430096 15799511 2 0.00108655644678565 15713330 15813380 100050
8 510 rs7845449 106715767 1 -0.00108441315507332 106715767 106916907 201140
8 268 rs6474129 39199543 3 0.00107723539194864 38854041 39206995 352954
8 124 rs1355303 14463388 2 -0.00107504357664904 14389640 14505407 115767
8 635 rs4388441 134110705 1 0.00107175261858427 133992758 134132812 140054
8 468 rs750343 97643454 2 0.00106819063623068 97596782 97664572 67790
8 265 rs4733924 38438589 1 -0.00104824303762358 38385914 38440791 54877
8 309 rs4336589 56462853 1 -0.00104344823704995 56460052 56589428 129376
8 156 rs10110600 18444535 9 0.00102121150322375 18431478 18498687 67209
8 37 rs10102119 3670381 2 -0.00101826781671115 3647890 3694914 47024
8 302 rs10095164 54882796 1 0.00101293005523814 54822319 55127333 305014
8 681 rs13270196 140308182 1 0.00100851829954082 140274384 140333323 58939
8 146 rs11203867 17359171 3 9.988931487727897e-4 17303403 17359171 55768
8 689 rs7002644 141252750 1 -9.864689851507694e-4 141160226 141252750 92524
8 326 rs12547374 59938578 2 -9.861739118247545e-4 59803719 59966167 162448
8 315 rs1396115 57874064 1 9.735093238010132e-4 57752823 57902388 149565
8 223 rs11778759 27740237 4 -9.677872359044296e-4 27590027 27753688 163661
8 537 rs4876702 118121734 2 9.312977586961696e-4 117947385 118174941 227556
8 640 rs2142307 134492551 5 -9.3100164530915e-4 134468864 134502322 33458
8 398 rs7015436 76200829 1 9.14801147441548e-4 76077838 76292539 214701
8 237 rs6992654 29702442 3 -8.662838097457156e-4 29682635 29718019 35384
8 64 rs7845744 5643995 6 8.62955382943694e-4 5643189 5774771 131582
8 486 rs2923774 101986864 1 8.530822576421508e-4 101898707 101986864 88157
8 251 rs2609653 34236992 1 -8.467058753707523e-4 33994638 34770257 775619
8 335 rs11785638 62099814 2 8.284500037070528e-4 62024167 62323556 299389
8 231 rs10112345 28964670 3 -8.259494129167997e-4 28637027 29231270 594243
8 85 rs332017 8752587 1 7.889843901135396e-4 8747894 8814890 66996
8 170 rs1390938 20036713 3 -7.783988236806146e-4 19995717 20081890 86173
8 409 rs7814425 80546329 1 -7.72682236418118e-4 80498998 80652442 153444
8 25 rs11984691 2800096 2 -7.613597304897781e-4 2795835 2837777 41942
8 494 rs4145554 102966148 2 7.605217311482395e-4 102750391 103039917 289526
8 240 rs16876489 29971290 1 7.492765420192269e-4 29918642 30149262 230620
8 644 rs6988999 134804170 1 -7.479014437895132e-4 134797424 134832652 35228
8 690 rs7010142 141339278 2 -7.411272128800276e-4 141265687 141345638 79951
8 466 rs2678332 97376980 3 7.384506998164894e-4 97329366 97522543 193177
8 513 rs6469084 107908032 3 7.3682735615984e-4 107860362 108086983 226621
8 226 rs6558039 27961879 1 7.336471120334478e-4 27900710 28004531 103821
8 472 rs6468549 98350880 3 -7.221861935038649e-4 98325837 98472201 146364
8 387 rs11992993 74003084 1 -7.050457709236052e-4 73997147 74034680 37533
8 684 rs888345 140646990 1 -6.991815134059032e-4 140590799 140646990 56191
8 24 rs7840244 2788108 1 6.924799528330031e-4 2788108 2788108 0
8 6 rs12716579 1096519 1 -6.853045786752515e-4 1074425 1153941 79516
8 30 rs13282938 3196760 1 6.797165580832193e-4 3140036 3233443 93407
8 538 rs3802177 118185025 2 -6.749040686441652e-4 118182924 118289276 106352
8 366 rs1078495 70512729 2 -6.701860399455053e-4 70484161 70537507 53346
8 455 rs2678841 96088515 2 6.678603990541406e-4 95820969 96102659 281690
8 621 rs10956535 131554761 1 6.67345751089591e-4 131554761 131609951 55190
8 584 rs4870946 126603194 5 -6.596559964461822e-4 126576084 126629575 53491
8 565 rs11774246 123696613 1 6.510704995296977e-4 123676863 123775124 98261
8 450 rs7817292 94985722 2 6.449085652858383e-4 94922985 94991734 68749
8 503 rs2458415 105351998 3 -6.410279966703048e-4 104670180 105367264 697084
8 281 rs6989331 41697078 1 -6.408170054417091e-4 41636071 41697078 61007
8 143 rs2959631 17034509 1 -6.393634045443663e-4 16994927 17034509 39582
8 693 rs7001653 141621038 2 6.380575365897527e-4 141587404 142025644 438240
8 587 rs1602511 126959274 2 6.370694814042862e-4 126927059 126984970 57911
8 111 rs2466273 12866004 1 6.278675488725804e-4 12733077 12880105 147028
8 348 rs7001138 66712108 2 -6.079108444353306e-4 66499226 66940998 441772
8 19 rs1993480 2354194 1 -6.064889578946873e-4 2289839 2391471 101632
8 275 rs7016856 40440413 2 5.908990893604554e-4 40427255 40501168 73913
8 699 rs871952 142569536 2 5.879354592015475e-4 142537715 142576687 38972
8 639 rs7823430 134437026 1 5.686463886640348e-4 134350067 134450481 100414
8 659 rs2166944 137091947 3 -5.683550639795638e-4 136962086 137301441 339355
8 609 rs11779444 129475576 1 5.48083643105154e-4 129312741 129488686 175945
8 114 rs289553 13246338 2 5.470007055469174e-4 13117733 13260536 142803
8 411 rs16907441 80993478 1 -5.45799680779857e-4 80783998 81065580 281582
8 385 rs10099670 73748305 3 -5.398280187229411e-4 73734459 73834777 100318
8 204 rs926104 24739169 3 5.339640541463723e-4 24709967 24819116 109149
8 665 rs4389979 138702381 2 -5.318467875237713e-4 138657388 138777847 120459
8 42 rs11992309 3942847 3 -5.315175102377392e-4 3937191 4055073 117882
8 319 rs6471657 58760524 1 -5.014644183377672e-4 58694111 58762889 68778
8 615 rs6985166 130679176 2 -4.971292526234713e-4 130484031 130691025 206994
8 253 rs2978576 35479911 2 -4.957889345371341e-4 35328477 35490181 161704
8 52 rs12677376 4611924 1 4.941333601703065e-4 4589168 4657472 68304
8 592 rs9297740 127626359 2 4.880815960146349e-4 127603083 127656250 53167
8 53 rs7012483 4693023 3 4.873604376489873e-4 4659738 4728668 68930
8 65 rs2840478 5803581 2 -4.8618846053705047e-4 5782377 5853513 71136
8 139 rs611863 16691422 2 4.7382807644833646e-4 16645869 16726107 80238
8 117 rs11784733 13556813 1 4.732575166394875e-4 13496786 13594258 97472
8 419 rs1010504 82760263 1 -4.696849344433889e-4 82466788 82879546 412758
8 208 rs10081452 25488542 1 -4.4219801076810135e-4 25478871 25529047 50176
8 445 rs561608 93508014 1 -4.342847727613051e-4 93499817 93535437 35620
8 475 rs2514335 99094948 1 -4.152410728438988e-4 99094948 99094948 0
8 312 rs9298554 57423356 1 -4.057050991428858e-4 57095808 57436577 340769
8 130 rs12674702 15324518 2 -4.0416830251375856e-4 15280811 15356034 75223
8 4 rs17667042 802678 2 -4.018331267476367e-4 677305 830167 152862
8 579 rs10956197 125712420 1 -3.947836920595456e-4 125687498 125713791 26293
8 242 rs17557435 30575838 1 -3.881473753096559e-4 30535727 30802695 266968
8 452 rs2607060 95233336 2 -3.820160365215452e-4 95176404 95279760 103356
8 395 rs16938888 75265600 2 3.811839782543896e-4 75254086 75432528 178442
8 306 rs11996465 55828934 2 3.8101096238109705e-4 55537560 55912151 374591
8 675 rs4301456 139642327 2 -3.8051732973962127e-4 139634170 139681125 46955
8 203 rs10088359 24536448 3 3.787713784701546e-4 24473215 24666099 192884
8 252 rs10087728 34900118 3 3.7853007088083063e-4 34887877 35305866 417989
8 107 rs4731 11666337 1 -3.7545425863032224e-4 11662885 11702542 39657
8 372 rs1481792 72089631 3 3.7336850518393744e-4 72017177 72089631 72454
8 508 rs302961 106517946 1 -3.688916274655197e-4 106515179 106573578 58399
8 18 rs7828726 2104726 1 3.576641060516248e-4 2063158 2164005 100847
8 581 rs11779177 125937760 2 3.5241193193976013e-4 125836386 125951520 115134
8 548 rs1364705 120224806 1 -3.460719102446518e-4 120219129 120459480 240351
8 718 rs12544206 146235564 1 -3.3364836422372705e-4 146151479 146275966 124487
8 632 rs6471070 133482984 1 3.303662288889855e-4 133458487 133497127 38640
8 696 rs3739238 142222445 2 -3.300122462008897e-4 142201477 142253369 51892
8 702 rs9694100 142839492 1 -3.291821829117138e-4 142745374 142847158 101784
8 229 rs164658 28441566 1 -3.1017606626203867e-4 28359611 28444787 85176
8 91 rs4841239 9692825 1 3.0991946166748974e-4 9388022 9713280 325258
8 284 rs798827 42858299 2 -2.9361346366641697e-4 42489842 42864916 375074
8 425 rs2067807 84864845 2 -2.933458371537929e-4 84740129 85032004 291875
8 653 rs6578047 136009494 1 -2.9186423093693214e-4 135969632 136032287 62655
8 40 rs7812972 3882868 1 -2.761885593291313e-4 3848025 3883119 35094
8 376 rs10101336 72329553 1 -2.697603584673447e-4 72316250 72527240 210990
8 13 rs11995882 1861971 1 -2.587371174174107e-4 1857293 1861971 4678
8 142 rs11989486 16963329 1 -2.5603511767279365e-4 16905525 16985962 80437
8 656 rs10103759 136558683 1 -2.5508002506986906e-4 136374029 136686466 312437
8 453 rs2515137 95316256 1 2.534850802148241e-4 95316256 95641629 325373
8 402 rs61729527 77761919 1 2.533691682429365e-4 77718819 77840501 121682
8 663 rs7837472 138337729 1 -2.529058301389661e-4 138231791 138372696 140905
8 599 rs10109622 128458151 1 2.4196358102046832e-4 128413305 128466814 53509
8 543 rs2451136 119238894 2 2.3551552899380587e-4 119098527 119258208 159681
8 572 rs2385441 124631864 1 -2.33522699008616e-4 124630352 124664167 33815
8 35 rs1905029 3582148 1 2.295857223529466e-4 3578731 3582535 3804
8 550 rs4871825 121034642 1 2.2234996852604473e-4 120884499 121104786 220287
8 482 rs1892736 101473019 1 2.1688557477795228e-4 101472510 101474782 2272
8 46 rs2043116 4220707 1 2.05524454769532e-4 4214179 4271213 57034
8 192 rs17088859 22832115 1 -1.9938932559216308e-4 22832115 22875985 43870
8 152 rs11203939 17957107 1 1.9352404702957808e-4 17950757 18071907 121150
8 184 rs56094005 21769432 2 1.8371554193866111e-4 21769432 21896097 126665
8 344 rs1007219 65576786 3 1.8152387428787547e-4 65438121 65711945 273824
8 162 rs6985201 18986961 3 -1.7382618405212703e-4 18981713 19044862 63149
8 263 rs2517388 37977732 1 -1.728889278566306e-4 37977732 37977732 0
8 676 rs10113301 139745263 2 1.7279272465167976e-4 139693681 139764832 71151
8 280 rs11996226 41460187 1 1.7089338088828308e-4 41416952 41621903 204951
8 678 rs4736229 139900534 1 -1.654689727618244e-4 139900534 139923605 23071
8 660 rs10095940 137435391 1 -1.6476082019268202e-4 137318613 137523046 204433
8 384 rs2247672 73632103 1 1.645303177440741e-4 73443576 73717976 274400
8 705 rs10085978 143233677 2 -1.6437440763527792e-4 143187128 143234923 47795
8 181 rs6993164 21431520 1 1.622690516728152e-4 21336738 21475703 138965
8 507 rs7822940 106468396 1 1.5679560319161373e-4 106231172 106482105 250933
8 480 rs11995956 100350083 1 1.563701112017365e-4 99413330 100916952 1503622
8 159 rs6586786 18785476 3 -1.560485854937068e-4 18675150 18786682 111532
8 614 rs2719194 130417371 1 1.5386244857438228e-4 130385926 130477823 91897
8 519 rs3019343 109722443 3 1.4461940902767677e-4 109614094 109921843 307749
8 390 rs114263344 74334889 1 -1.441109311662263e-4 74300542 74413922 113380
8 274 rs2599675 40411787 1 1.4071610102321818e-4 40285421 40411787 126366
8 322 rs733665 59261531 2 -1.393606657998633e-4 59081949 59532707 450758
8 341 rs1431586 64390729 1 -1.3809682965251307e-4 64219345 64448090 228745
8 219 rs17056786 26962037 1 1.266429821530221e-4 26901426 27021712 120286
8 414 rs2028814 81870851 3 1.1763539450251978e-4 81518320 81873396 355076
8 381 rs10504534 73122689 1 -1.079796197291887e-4 72989790 73164823 175033
8 212 rs12548228 25939846 1 -1.0545737242299048e-4 25844226 25939846 95620
8 235 rs6986919 29416526 1 1.009113989032434e-4 29404109 29582090 177981
8 378 rs10283242 72619613 1 9.446383739436024e-5 72606051 72701380 95329
8 304 rs16920174 55311978 1 9.376766730371436e-5 55276083 55394269 118186
8 473 rs2331652 98725970 4 -8.890264696282595e-5 98581814 98866057 284243
8 578 rs7015740 125633124 4 7.602726500332402e-5 125463083 125670045 206962
8 530 rs16887294 116308464 1 7.03894465015738e-5 116188975 116308464 119489
8 7 rs12546588 1286006 1 6.308282806578919e-5 1214057 1304128 90071
8 266 rs7845862 38471714 1 6.11242050119255e-5 38465928 38559825 93897
8 673 rs6577927 139499127 1 -5.8820508405325213e-5 139413529 139499127 85598
8 299 rs2081507 54180981 2 -5.200423498139844e-5 54130678 54277247 146569
8 287 rs7819763 50030513 3 -4.740926158221714e-5 49995284 50265730 270446
8 360 rs10111517 69901440 1 4.723830342911196e-5 69873833 69944403 70570
8 652 rs10111298 135923654 1 -4.643989126864976e-5 135879159 135962651 83492
8 432 rs7829334 88358049 1 -3.573716067358354e-5 88255964 88578142 322178
8 532 rs926135 116938631 3 3.27216077334572e-5 116660365 117129410 469045
8 484 rs6468728 101638424 2 -3.027856430191071e-5 101637840 101821743 183903
8 202 rs9650409 24240704 1 2.1744558271250223e-5 24221015 24433531 212516
8 55 rs7000866 4815661 1 -2.0732153366190852e-05 4807157 4875172 68015
8 629 rs2280851 133089975 1 1.98270802992186e-5 133050900 133143105 92205
8 262 rs6468443 37727281 1 -1.5827107295131343e-5 37686749 37750289 63540
8 435 rs1353739 89773651 3 6.5720341570026835e-6 89773651 89982095 208444
8 99 rs10111872 10881408 3 1.997695952663664e-6 10861385 10914233 52848
