CHR Group SNP.lead BP.lead Size W BP.min BP.max BP.width
7 165 rs10488631 128594183 14 0.27144554553969297 127999459 129148058 1148599
7 40 rs17365098 20408459 11 0.10038230554554152 20326797 20703948 377151
7 71 rs11984075 37436854 9 0.07576005725560939 36985541 37473071 487530
7 121 rs11976258 84595806 9 0.04683951201319241 83986207 85560522 1574315
7 67 rs10237930 34681220 14 0.04514945119848854 34448659 35326018 877359
7 103 rs17145817 73046779 11 0.04289229414019465 72193854 73313856 1120002
7 105 rs13238568 74076493 5 0.03582115677900679 74076493 74115258 38765
7 180 rs10273974 138735512 10 0.03477045308349634 138436480 138735734 299254
7 223 rs3763412 158525086 13 0.03395283376338158 158038989 158914795 875806
7 197 rs10229125 149015443 4 0.03320203714719746 148680989 149072406 391417
7 6 rs6961561 3910657 16 0.03126125335214259 3295229 4328870 1033641
7 44 rs10155981 22756463 12 0.02935933129155627 22169078 22807473 638395
7 73 rs2043260 38657224 12 0.02852098348031691 38217555 38933942 716387
7 154 rs1799999 113518434 7 0.02652008094306628 113377065 114905432 1528367
7 122 rs10238607 87775157 21 0.02584118544953973 85593562 87820419 2226857
7 128 rs2078032 93334446 7 0.02572145746397195 92695002 93339775 644773
7 123 rs2263064 88208465 10 0.02550103490263896 87908388 88686705 778317
7 136 rs9297145 98759117 6 0.02391802553105723 98759117 100512119 1753002
7 25 rs10488260 13325060 14 0.0229004425571602 12972685 13659764 687079
7 161 rs740812 122186974 21 0.02195899076812313 121967298 124144999 2177701
7 95 rs11763777 64075291 15 0.02092401373110757 63383123 67237875 3854752
7 18 rs9886212 9045876 8 0.0200808470774039 9022706 9368357 345651
7 87 rs1396277 50010988 4 0.01999000531419448 49638772 50361683 722911
7 66 rs10486625 34022301 5 0.0199373727117297 33824673 34416608 591935
7 7 rs10276022 4560681 12 0.01981694587145567 4352417 4667201 314784
7 37 rs2074633 19035920 4 0.01927994530514523 18979516 19067252 87736
7 187 rs916011 141947082 7 0.01856508305919991 141896059 142954903 1058844
7 127 rs1004051 92328956 4 0.01760639829185488 92132493 92670860 538367
7 134 rs16869462 97758335 3 0.01747906295527423 97635841 98136310 500469
7 141 rs2073791 104122989 7 0.01742176088405234 103584701 105076977 1492276
7 107 rs7799638 76040527 3 0.01722396181641617 75452584 76432653 980069
7 138 rs7810922 101597464 6 0.01684561444958705 101200595 101724053 523458
7 17 rs4725148 8997725 6 0.01673109203777227 8729206 9009281 280075
7 155 rs11983531 115169187 9 0.01630732520570923 114946569 115490279 543710
7 208 rs4410821 153350882 3 0.01559927846527026 153248772 153402084 153312
7 70 rs3807162 36908551 6 0.01546058255299279 36556478 36972188 415710
7 86 rs12718168 49312703 8 0.01512331966313238 49145008 49621833 476825
7 12 rs724254 7186554 10 0.01482002439527054 7054045 7349495 295450
7 104 rs6948963 73425238 5 0.01469356111875846 73410408 73944185 533777
7 152 rs7781871 112469673 4 0.01451151707168798 111794368 112697690 903322
7 41 rs6947953 20930177 8 0.01424718202374138 20739465 21378687 639222
7 79 rs2908290 44216137 11 0.01384028066113999 43495098 44966771 1471673
7 199 rs1104881 150141809 13 0.01379381634932632 150017408 150491084 473676
7 94 rs2894771 57417569 3 0.01357948050463074 57256128 63249780 5993652
7 190 rs1406716 144588780 8 0.01334241877309151 144368758 145363652 994894
7 131 rs7777424 95259612 6 0.01295558908904604 95213702 96065364 851662
7 140 rs3914132 103527369 5 0.01293008394981435 103207234 103562551 355317
7 74 rs6951760 39796229 8 0.01273951005499978 38990205 40918070 1927865
7 11 rs6962026 6246523 6 0.01265802651317316 6035507 6870635 835128
7 189 rs12703545 143645824 1 0.01262497136721197 143572286 144220783 648497
7 85 rs6463462 48142194 13 0.0124432999115689 47927744 49103406 1175662
7 124 rs1013540 88974907 5 0.01208949716689569 88747694 89724772 977078
7 14 rs2058519 8214574 4 0.01181551208557154 7938344 8214574 276230
7 203 rs9640300 151558997 7 0.01180643984832822 151503301 151694438 191137
7 158 rs11981239 117869066 8 0.01119803608987925 117496144 119579473 2083329
7 81 rs1085924 46155974 10 0.0111702238335064 45553681 46242583 688902
