CHR Group SNP.lead BP.lead Size W BP.min BP.max BP.width
7 1369 rs10488631 128594183 3 0.24648352346455676 128568960 128692657 123697
7 325 rs17365098 20408459 2 0.06845756613002593 20376018 20451427 75409
7 587 rs11984075 37436854 3 0.04873710848296554 37391266 37436975 45709
7 376 rs6461662 22757089 4 0.03924862799553489 22756463 22807473 51010
7 893 rs13238568 74076493 6 0.03645798207242311 74076493 74115258 38765
7 1274 rs1799999 113518434 1 0.03355921962267937 113377065 113534005 156940
7 1494 rs10273974 138735512 5 0.03258625199151011 138692417 138735734 43317
7 1611 rs10229125 149015443 2 0.03135729735733752 148933942 149015443 81501
7 605 rs2043260 38657224 1 0.02770397432176256 38646891 38678273 31382
7 1068 rs2078032 93334446 2 0.02433123261187583 93334446 93339775 5329
7 1002 rs11976258 84595806 4 0.02290305390864588 84555234 84699387 144153
7 812 rs11763777 64075291 4 0.02157576505869604 63836532 64077521 240989
