CHR Group SNP.lead BP.lead Size W BP.min BP.max BP.width
12 876 rs10774625 111910219 10 0.11946448406972804 111887659 113016553 1128894
12 93 rs1800693 6440009 1 0.1063003780261064 6440009 6440009 0
12 10 rs2075032 717138 6 0.05015927987089211 714224 783484 69260
12 483 rs10877013 58165085 3 0.04082637583928638 58012233 58260601 248368
12 378 rs3747562 42854205 6 0.03752915923019716 42443484 42863801 420317
12 1000 rs838878 125260645 3 0.03747662232224905 125260645 125261593 948
12 985 rs585522 123550813 6 0.03569898182158002 123477311 123822711 345400
12 476 rs1701704 56412487 4 0.03407806035405261 56379298 56737973 358675
12 587 rs1705221 71575611 8 0.0332970460901001 71410182 71666552 256370
12 186 rs11055989 14622002 5 0.032991374626481 14441966 14653867 211901
12 387 rs275605 43946204 3 0.03097614458264162 43707269 43973953 266684
12 432 rs4762040 51713430 2 0.03053795247475645 51609600 51755293 145693
12 1136 rs2306546 133358870 4 0.03033484706269403 133341344 133499481 158137
12 59 rs873613 4232802 2 0.03021315151652665 4174675 4258438 83763
12 278 rs1487648 24887648 3 0.03017033529158964 24860035 24925239 65204
12 929 rs11068090 117013350 5 0.02938914326169153 117013350 117066501 53151
12 480 rs1466535 57534470 6 0.0283824813320751 57489709 57539082 49373
12 3 rs4980814 443795 4 0.0282607590550451 349298 520947 171649
12 974 rs482522 121194862 6 0.0274633088870761 121067429 121371233 303804
12 219 rs1471941 18961341 7 0.02736560642827508 18879599 19072980 193381
12 126 ss1388110319 9811832 5 0.02568636488486509 9531055 9813867 282812
