CHR Group SNP.lead BP.lead Size W BP.min BP.max BP.width
7 903 rs10488631 128594183 6 0.24593068944461025 128568960 128746301 177341
7 378 rs11984075 37436854 9 0.07393768729532178 37369189 37436975 67786
7 210 rs17365098 20408459 3 0.0692520436224871 20376018 20468718 92700
7 240 rs6461662 22757089 5 0.04036310761954827 22716524 22807473 90949
7 585 rs13238568 74076493 5 0.03577083763321122 74076493 74115258 38765
7 839 rs1799999 113518434 1 0.0333204111011632 113377065 113534005 156940
7 987 rs10273974 138735512 5 0.03278164090832318 138692417 138735734 43317
7 1070 rs10229125 149015443 3 0.03148536291573103 148933942 149015443 81501
7 667 rs4728674 86679338 10 -0.02824850051090511 86678967 86861313 182346
7 390 rs2043260 38657224 2 0.02744860281796442 38646891 38678273 31382
7 912 rs4728198 130399691 3 -0.02493548992715802 130113070 130408959 295889
7 578 rs1128349 73097654 4 -0.02453610241044615 73096993 73133241 36248
7 701 rs2078032 93334446 2 0.02441475774704491 93143761 93339775 196014
7 1191 rs3763412 158525086 8 0.02311393183634949 158412279 158626029 213750
7 673 rs2263064 88208465 3 0.02275302736520712 88191618 88209768 18150
7 352 rs10237930 34681220 5 0.02200046770725534 34543087 34697140 154053
7 347 rs12701341 34021755 2 0.0205658069104816 34012829 34107393 94564
7 593 rs7799638 76040527 1 0.01983726329302652 75879334 76111938 232604
7 937 rs12531471 132741757 3 -0.01982988363654731 132481248 132741757 260509
7 211 rs17143056 20596929 5 0.01974484005305896 20497113 20620316 123203
7 807 rs10487840 107771288 2 0.01960758925038871 107720162 107771288 51126
7 197 rs2074633 19035920 4 0.01942360415632175 18979516 19048472 68956
7 737 rs16869462 97758335 1 0.01875004368201626 97635841 97838247 202406
7 744 rs9297145 98759117 1 0.01842769753063907 98759117 98836916 77799
7 602 rs3779320 77691587 4 -0.01775541606097476 77668741 77760416 91675
7 30 rs6961561 3910657 7 0.01738378368165951 3766819 3939055 172236
7 848 rs10273354 115473965 1 -0.01718964588040228 115443656 115490279 46623
7 758 rs7810922 101597464 3 0.01692190485526221 101569302 101665431 96129
7 577 rs17145817 73046779 4 0.01620903731157702 72885810 73046779 160969
7 1121 rs4410821 153350882 2 0.0160539511537251 153294306 153350972 56666
7 685 rs10225744 89946003 4 -0.01459877107021886 89848991 90165009 316018
7 694 rs1004051 92328956 3 0.01412139200705605 92132493 92360397 227904
7 315 rs11979875 30759776 3 -0.0141024587772935 30754949 30805595 50646
7 282 rs3779472 27823243 2 0.01399259131318337 27578405 27917884 339479
7 470 rs12718168 49312703 5 0.01382193380185556 49287008 49471861 184853
7 580 rs6948963 73425238 2 0.0137262383275197 73410408 73470714 60306
7 524 rs2894771 57417569 3 0.01363132355480328 57401925 57481104 79179
7 123 rs6965929 12029512 2 -0.0134375033752163 12029512 12074909 45397
7 209 rs206190 20360101 3 0.01258064817167198 20326797 20360101 33304
7 834 rs7781871 112469673 1 0.01236424290732134 112295934 112469673 173739
7 136 rs10488260 13325060 5 0.0123035824057066 13293842 13358803 64961
7 774 rs2073791 104122989 1 0.01202126637707284 104117921 104151867 33946
7 248 rs16210 24267358 1 0.01197825656413086 24166303 24274753 108450
7 169 rs7794591 16568529 7 -0.0116283003986127 16486969 16590306 103337
7 280 rs1055182 27420533 8 0.01158570859822717 27362214 27499198 136984
7 353 rs17197848 34758676 3 0.01149277760614597 34698210 34867124 168914
7 818 rs1723563 109790867 5 -0.01147503123256129 109703062 109809055 105993
7 475 rs1396277 50010988 4 0.01129719600415743 50010988 50172468 161480
7 79 rs2058519 8214574 1 0.01125305173175767 8191111 8214574 23463
7 1027 rs727713 144098922 5 -0.01124665383379171 144075013 144220783 145770
7 795 rs41805 106234010 1 0.01108435171994858 106221448 106257186 35738
7 359 rs12111746 35572955 5 -0.01060911009531587 35535930 35610162 74232
7 838 rs9784924 113322649 3 -0.01051648143887028 113058364 113322649 264285
7 39 rs10276022 4560681 3 0.01049685035900184 4530940 4565594 34654
7 118 rs10280808 11595832 6 -0.01033390139568573 11555918 11621813 65895
7 1165 rs10246481 156184748 2 -0.01020172999284245 156172079 156227374 55295
7 34 rs6978817 4237382 4 -0.01019053387537426 4213940 4264920 50980
7 31 rs6956208 4027536 1 0.0101717621247427 3982653 4027536 44883
7 799 rs2536501 106711398 1 -0.01014777053336414 106642123 106723926 81803
7 463 rs6463462 48142194 4 0.01012680669883161 48128596 48361784 233188
7 1099 rs9640300 151558997 4 0.01012445262598876 151536181 151558997 22816
7 114 rs10950342 11285157 5 0.01011382431861088 11246692 11295119 48427
7 859 rs11981239 117869066 1 0.01011299512816687 117744660 118222312 477652
7 1025 rs12703545 143645824 1 0.01008522941050059 143572286 143687572 115286
7 882 rs1860577 123911882 3 0.01000056371903084 123864147 123951585 87438
7 871 rs2402586 121333348 6 0.00998881552904068 121270977 121379616 108639
7 1000 rs35456446 139734069 3 0.00997269740007573 139696248 139734069 37821
7 429 rs2908290 44216137 6 0.0098772193762432 44153780 44218856 65076
7 176 rs7797977 16862235 4 -0.00987373647680092 16844064 16895475 51411
7 846 rs11983531 115169187 4 0.00961960847278811 115144978 115277575 132597
7 670 rs10238607 87775157 2 0.00952798770734387 87624805 87820419 195614
7 443 rs1085924 46155974 4 0.00947259343822522 46033433 46210835 177402
7 1029 rs1406716 144588780 3 0.00936915213229835 144478662 144654138 175476
7 849 rs6968419 115823384 10 0.00936833181498093 115566788 115976844 410056
7 166 rs1942645 15906295 4 -0.00934448985458851 15889830 16089752 199922
7 658 rs4529405 84405422 8 0.00928046215456968 83986207 84699387 713180
7 63 rs724254 7186554 4 0.00912008565313779 7171465 7217796 46331
7 371 rs3807162 36908551 6 0.00911115357932208 36800555 36908551 107996
7 190 rs1178328 18233458 7 0.00899905273507822 18150005 18388143 238138
7 1077 rs1104881 150141809 1 0.00898856157069828 150115183 150141809 26626
7 615 rs10224582 78659092 1 0.00894341770622296 78544172 78678354 134182
7 397 rs6951760 39796229 2 0.00888074380878868 39544787 39796229 251442
7 1002 rs6948262 139976963 2 0.00876675586337742 139969051 140009332 40281
7 901 rs2290228 128388648 3 0.00875347427450589 128388648 128425768 37120
7 528 rs11763777 64075291 4 0.00874955070007009 63704031 64077521 373490
7 170 rs562687 16620928 4 0.00864482691660561 16601536 16642995 41459
7 1163 rs9638077 156048322 2 0.00861399670036944 156048322 156062171 13849
7 216 rs6947953 20930177 1 0.00859612718994477 20911982 21066684 154702
7 479 rs880028 50570136 5 0.00840720479838714 50428428 50627101 198673
7 1150 rs10264222 155212392 1 -0.0083940185583173 155212392 155220964 8572
7 950 rs4294134 135293128 7 -0.00828456746642876 135048804 135364526 315722
7 990 rs140343844 138946363 1 0.00819691776759227 138918990 139127083 208093
7 11 rs4719457 2230225 2 -0.0081004809408135 2212758 2313607 100849
7 978 rs1874326 138157390 1 0.00797057421315996 138157390 138292828 135438
7 226 rs2072220 21775387 3 0.00796240066773845 21761038 21787705 26667
7 960 rs11767346 136205020 4 0.00759662480366606 136131088 136333854 202766
7 92 rs9886212 9045876 1 0.0075230884755407 9022706 9045876 23170
7 201 rs10950719 19415207 5 -0.00741481404370291 19389750 19477609 87859
7 566 rs1574440 70788156 5 -0.00729183943750123 70755998 70883515 127517
7 1017 rs916011 141947082 12 0.0071532204431056 141942895 142515811 572916
7 55 rs6962026 6246523 3 0.00713210800519984 6035507 6246523 211016
7 946 rs1377297 134546119 6 0.00709678625260763 134476237 134618710 142473
7 1181 rs6944306 157700614 1 0.0070740831229562 157688363 157754482 66119
7 466 rs12718290 48676230 2 -0.00706199098310145 48665024 48840395 175371
7 33 rs10951446 4191811 5 0.00704845630185644 4152089 4192168 40079
7 659 rs1029563 84738495 5 -0.00701839994144744 84719338 84845546 126208
7 680 rs1013540 88974907 2 0.00697289929503078 88964061 89103561 139500
7 489 rs965277 51798888 5 0.00689981057537939 51779695 51851003 71308
7 716 rs7777424 95259612 2 0.00688675826860582 95213702 95315537 101835
7 766 rs262340 103418242 3 -0.00688228921607683 103403076 103461273 58197
7 351 rs1468559 34523186 4 0.00683024196423605 34448659 34539317 90658
7 94 rs6463875 9128241 1 0.0067498460468219 9128241 9147398 19157
7 675 rs11971667 88324856 6 -0.00674803752619754 88311477 88550219 238742
7 1183 rs11772608 157819325 3 0.00666511904221483 157802672 157842635 39963
7 923 rs10155893 131281224 1 0.00662137495171622 131281224 131295088 13864
7 263 rs12673720 25544205 3 -0.00657408388592964 25474384 25561872 87488
7 1156 rs1151790 155629975 2 0.00656921954368386 155619980 155655522 35542
7 277 rs10486474 26784880 4 0.00654058090938098 26663492 27026872 363380
7 900 rs7790478 128348405 6 0.00649726020946853 128031298 128371298 340000
7 909 rs34752500 129668746 1 0.00628527796440063 129634289 129668746 34457
7 785 rs212417 105494963 2 -0.00624981858953683 105453542 105562881 109339
7 37 rs10216277 4401148 1 0.00621956143542784 4388142 4414803 26661
7 772 rs9792096 103944237 4 -0.0061787872016326 103936631 104010267 73636
7 554 rs12667664 68790622 2 0.00612861882934911 68785411 68905738 120327
7 640 rs12668403 81585921 2 0.00612754682309425 81569820 81697666 127846
7 459 rs4724619 47782640 2 0.00597790699592291 47747268 47795664 48396
7 623 rs6978602 79987771 3 -0.00595830468189483 79945112 80055910 110798
7 330 rs3807626 31834751 2 -0.00593551164639175 31834751 31877261 42510
7 1065 rs2041074 148355456 2 -0.00589865764633904 148308179 148355456 47277
7 200 rs13221528 19368402 1 0.00583230801379306 19278190 19374370 96180
7 512 rs6948049 54781060 4 -0.00577671610145178 54751771 54893417 141646
7 272 rs7776941 26519717 2 0.00564186279495424 26462580 26520694 58114
7 477 rs6583437 50350267 2 0.00562814461388866 50269672 50361683 92011
7 567 rs11561753 70946807 4 0.005550394179186 70899397 70976393 76996
7 877 rs13244086 122770085 6 0.00545007584855827 122566809 122809234 242425
7 930 rs2198051 131886839 1 0.00539421079174369 131867842 131900355 32513
7 723 rs7781370 96133531 5 -0.00537711707760737 96076927 96364324 287397
7 117 rs6943841 11544610 1 -0.00529880092801698 11521542 11544610 23068
7 620 rs6945349 79723943 1 0.00528426264417574 79361836 79750012 388176
7 460 rs7797545 47823298 7 -0.00524757488963153 47811850 47898751 86901
7 798 rs1724262 106491677 3 -0.00510633041762152 106480649 106601566 120917
7 735 rs2136704 97446702 4 0.0048815667594693 97404380 97502737 98357
7 652 rs17148223 83399295 3 -0.00484957649074392 83307600 83406694 99094
7 217 rs2159851 21103691 3 0.00482453778767437 21072954 21164766 91812
7 124 rs10247762 12096768 1 -0.00472056004605337 12091807 12172083 80276
7 516 rs7809332 55293361 4 -0.00468315912377095 55268916 55306579 37663
7 657 rs594533 83936564 2 0.00468209794602415 83814352 83936564 122212
7 776 rs7781331 104275367 2 0.00465773577085825 104220920 104381939 161019
7 654 rs10239654 83590231 3 -0.00463866221408024 83531098 83599383 68285
7 579 rs13232536 73219508 2 0.00452113206087326 73219508 73313856 94348
7 113 rs7810016 11070937 3 -0.0044897677556727 10987822 11220846 233024
7 306 rs10499585 29631927 4 -0.00440223643061568 29551124 29633340 82216
7 854 rs2402157 116799466 1 -0.00438377388393926 116799466 116840492 41026
7 59 rs10951991 6721661 2 0.00435093733279721 6621277 6780231 158954
7 286 rs4722771 28279243 1 0.00434810530545093 28267876 28302072 34196
7 911 rs5011386 130017309 1 0.00434495668323432 129950740 130036801 86061
7 604 rs6963699 77836239 1 -0.00432595394990135 77828434 77836723 8289
7 322 rs7793414 31149283 3 0.00430915992295825 31148279 31204503 56224
7 199 rs3922356 19250811 3 0.00430154088660243 19193072 19262091 69019
7 961 rs9656474 136534657 2 0.0043008833796215 136350740 136549033 198293
7 1170 rs6963005 156772542 3 -0.00426467626866902 156497668 156772542 274874
7 253 rs9648009 24804756 1 -0.00422773779650407 24803592 24874499 70907
7 537 rs10279927 67261526 4 0.00422656529020618 67258286 67365305 107019
7 1076 rs7393 150095271 1 0.00417496182647465 150017408 150095271 77863
7 453 rs9876 47315291 3 -0.00417329969993969 47305969 47321050 15081
7 134 rs7778616 13077065 1 -0.00414584779738282 13067198 13248712 181514
7 187 rs4486086 17743719 2 0.00414312914293967 17732490 17801437 68947
7 823 rs2091309 110376327 3 0.00413352340888508 110343824 110475186 131362
7 308 rs740142 29894775 4 0.00413233593875333 29772138 29917385 145247
7 495 rs10260088 52554215 7 0.0041110221720085 52530601 52658500 127899
7 425 rs7808837 43393057 6 0.00411081720033503 43320431 43433030 112599
7 660 rs17159737 84894831 4 0.00410205408157704 84877814 85043554 165740
7 709 rs12669501 93995008 3 0.00402753881807746 93995008 94054000 58992
7 228 rs7807695 21869525 1 -0.00401163106555152 21868744 21897714 28970
7 269 rs4722551 25991826 2 0.00399126130366639 25955056 26120798 165742
7 137 rs878643 13492340 9 0.00392929016524661 13435506 13520443 84937
7 103 rs1639730 9877720 2 -0.00387787051157395 9737511 9877720 140209
7 405 rs273209 41469325 2 0.00384726799389093 41431684 41506114 74430
7 223 rs7803642 21641629 3 0.00383750426327513 21606129 21698078 91949
7 483 rs10258680 50954338 6 0.00382956540946295 50903714 51075104 171390
7 847 rs10280896 115357649 1 0.0038202819803414 115323654 115362547 38893
7 376 rs10233311 37326897 2 -0.00377547492903774 37220188 37341710 121522
7 44 rs2137502 4975010 1 0.00372391947604036 4968125 4975010 6885
7 342 rs6952877 33284738 5 -0.00369876572785105 33166070 33554216 388146
7 440 rs950971 45575915 3 0.00368465333052268 45553681 45680258 126577
7 128 rs10249671 12547917 3 -0.00368215174371638 12508894 12615859 106965
7 98 rs1155197 9283806 3 0.00361691758479558 9283742 9368357 84615
7 1079 rs3807382 150263795 7 0.00359866386141252 150208112 150328326 120214
7 800 rs2107763 107029879 6 0.00359096050194359 106892227 107244545 352318
7 575 rs6460021 71967583 1 0.00358197576217053 71918506 71982924 64418
7 222 rs17144465 21504427 3 0.00356632292119847 21483605 21582917 99312
7 690 rs7791302 91113318 1 -0.00355996888090304 90986046 91149325 163279
7 536 rs12698621 67205472 1 0.00354507884047169 67147232 67237875 90643
7 91 rs4725148 8997725 3 0.00348290074834301 8992884 9009281 16397
7 605 rs6976643 77841529 1 -0.00345643171641955 77840632 77953166 112534
7 109 rs1589764 10395970 1 -0.00344609114589535 10339651 10476040 136389
7 355 rs17791600 34944778 5 -0.00343427369548236 34942820 35326018 383198
7 1063 rs6464907 148188533 1 0.00341589797165175 148188533 148245573 57040
7 1073 rs11982494 149365696 2 0.00340557171844536 149365696 149445585 79889
7 54 rs308080 5888663 1 0.00339963110146029 5854003 5888663 34660
7 1161 rs4294053 155851624 1 -0.00336073175700219 155851624 155870431 18807
7 1044 rs6946957 146599374 5 0.0033146794061537 146586456 146720738 134282
7 843 rs2594442 114648223 1 -0.00330217988760014 114629285 114799909 170624
7 748 rs1734907 100315517 1 0.00323656360054259 100235970 100315517 79547
7 745 rs12533251 99115677 1 0.00321599501192308 98880642 99355975 475333
7 517 rs1554717 55337209 1 0.00321039565792023 55337209 55416964 79755
7 880 rs1395381 123432100 7 0.00319299728558927 123285578 123607276 321698
7 1004 rs12539339 140097554 1 -0.00317574306101219 140070378 140108096 37718
7 521 rs11761352 55950947 3 -0.00315086925747188 55798357 56294281 495924
7 1054 rs12673711 147615015 4 -0.00314307098673331 147613758 147735399 121641
7 354 rs28480169 34917702 2 0.00312917419361982 34886825 34920075 33250
7 560 rs3923606 70171159 3 0.00312917417757226 70171159 70228020 56861
7 1038 rs2692359 145807447 2 0.00309671070946477 145777665 145883566 105901
7 220 rs10277012 21298242 2 -0.00307954949845875 21291229 21378687 87458
7 496 rs13243026 52734328 7 0.00305637370465912 52661162 52759429 98267
7 966 rs12707359 137132243 1 -0.00304255522185702 137128390 137140515 12125
7 720 rs1488514 95627771 1 0.00303584950910624 95614521 95627771 13250
7 728 rs12056091 96758671 4 -0.00303267590978738 96724585 96883030 158445
7 335 rs7779181 32345283 4 -0.00302853667506835 32248744 32376953 128209
7 462 rs2686784 48086778 4 -0.00302025158926136 47927744 48098949 171205
7 445 rs13226636 46295568 1 -0.00299516032560643 46259925 46297747 37822
7 1162 rs11769720 156013230 2 -0.00296367389119666 155980396 156025546 45150
7 178 rs4582450 16932926 3 -0.00294608975802594 16925645 17004301 78656
7 888 rs2107093 125481946 1 -0.00292364980997954 125434707 125733306 298599
7 686 rs802382 90630558 4 -0.00290022872187407 90210980 90639136 428156
7 504 rs10264027 53611898 2 0.00286931350430204 53503144 53661764 158620
7 1003 rs558 140033631 1 0.00278621490189599 140020787 140045011 24224
7 905 rs6971551 129072024 4 0.00277929455232071 128890812 129148058 257246
7 61 rs2280918 7119469 1 0.00274156086976933 7054045 7130950 76905
7 767 rs3914126 103505675 3 -0.00273969791527672 103481730 103562551 80821
7 625 rs1107660 80150131 1 -0.00273423552893803 80119690 80285850 166160
7 866 rs6944490 120339674 3 0.00272712341832213 120305149 120680236 375087
7 941 rs1646667 134035080 2 0.00272527634437841 134013902 134036313 22411
7 391 rs6951440 38692014 3 -0.00270847890915665 38692014 38721690 29676
7 206 rs10950785 19997260 3 -0.00268787511433165 19861549 20006793 145244
7 105 rs12536973 10062341 4 -0.00267923969746894 9994397 10093480 99083
7 513 rs2252586 54978924 3 -0.00267320251463625 54926166 55082418 156252
7 326 rs218092 31504969 2 0.0026471655976556 31504969 31594166 89197
7 1194 rs17837871 158875394 1 0.00264312195873968 158845384 158914795 69411
7 399 rs4723936 40271224 1 0.0026299023206691 40271224 40427000 155776
7 87 rs17154637 8764246 2 0.00261608729161699 8764246 8772150 7904
7 1043 rs10952662 146497318 4 0.00260852831682858 146454421 146571183 116762
7 896 rs322840 127708975 5 0.00260489256337138 127286897 127814357 527460
7 1062 rs735787 148154833 2 0.00259477506843533 148143416 148176899 33483
7 638 rs17155560 81466742 1 -0.00259464089974922 81408549 81498151 89602
7 1039 rs17170033 145998111 2 0.00256674077929916 145959243 146060608 101365
7 1092 rs4726070 151328218 1 0.00256476626507702 151152665 151335260 182595
7 907 rs13233824 129232720 3 0.00256331307230815 129199328 129380243 180915
7 138 rs2692464 13557623 1 -0.00256174867154891 13557623 13577494 19871
7 369 rs7797451 36706968 1 -0.00256050931705228 36682895 36764489 81594
7 535 rs6972789 67120558 3 0.00254841544630259 67019762 67143897 124135
7 239 rs2905345 22617721 3 -0.00249430722233375 22604319 22663453 59134
7 267 rs4719826 25814109 1 0.00245803603500985 25807078 25823776 16698
7 684 rs7791143 89687264 3 0.00244418661791737 89580280 89724772 144492
7 392 rs6415270 38841447 4 0.00241210075231776 38729405 38933942 204537
7 129 rs35385652 12675690 2 0.00241012563554025 12645380 12682919 37539
7 724 rs11982457 96377441 1 -0.00240711925174537 96376027 96431346 55319
7 1146 rs2951012 154975445 1 0.00240519164693465 154975445 154987620 12175
7 414 rs4724100 42264679 6 0.002402116702384 42244373 42314044 69671
7 447 rs993183 46670743 4 -0.00238097302602556 46623843 46699079 75236
7 1048 rs826822 147054250 7 0.00235720129174753 147025943 147203767 177824
7 1015 rs10224453 141855193 1 -0.00234814613643572 141847782 141861469 13687
7 635 rs11531619 81000965 1 0.0023459419977801 80975390 81087389 111999
7 76 rs6964558 8116948 2 -0.00232289392430199 8007509 8131828 124319
7 173 rs818488 16754702 3 -0.00231445106396675 16740554 16788739 48185
7 309 rs35960711 29980471 1 0.00230239607784533 29936632 30129125 192493
7 42 rs4720435 4912398 1 0.00229696539288036 4897153 4912398 15245
7 244 rs12540730 23483815 2 0.00227263862174731 23483815 23568653 84838
7 884 rs1917353 124196444 5 0.00219797206295577 124164127 124332986 168859
7 1157 rs1531381 155690938 1 -0.00217795650836913 155690938 155698255 7317
7 695 rs445 92408370 1 0.00216775670980973 92377183 92445480 68297
7 249 rs6461794 24358497 4 0.00214480802710123 24297458 24385049 87591
7 845 rs10233079 114946569 4 0.00212597910724296 114946569 115094152 147583
7 669 rs4148737 87171152 4 0.00212594085291096 87138511 87564277 425766
7 626 rs1058425 80387766 2 0.00211860853200939 80351673 80401470 49797
7 81 rs9472 8302284 1 0.00211804921690179 8264410 8302284 37874
7 1072 rs11773063 149331027 2 -0.00211402723740923 149145139 149344332 199193
7 416 rs6972060 42584265 1 -0.00210401082340615 42498852 42605354 106502
7 155 rs10259838 14751257 1 -0.00210087390750528 14639749 14754271 114522
7 754 rs10264271 101171175 2 0.00209824273691715 101102046 101185166 83120
7 49 rs4357206 5402606 2 0.00208090637324695 5359680 5402606 42926
7 384 rs9986874 38029651 4 -0.00204797246430229 37988589 38153390 164801
7 609 rs2192883 78096656 1 0.00202984848485264 78096656 78105071 8415
7 3 rs11766651 1161646 6 -0.00202243642444448 998802 1216013 217211
7 481 rs2237455 50724129 4 -0.00201977956624986 50699818 50875030 175212
7 297 rs2252521 29041190 2 -0.00201128870895213 28975343 29083262 107919
7 500 rs4947764 53039588 1 -0.00201050648552451 52995767 53105335 109568
7 1189 rs7803342 158170316 1 0.00200918702140376 158166170 158170316 4146
7 107 rs10271818 10137638 1 0.00200755681104152 10137638 10182235 44597
7 241 rs6973118 22883518 3 0.00197117961034363 22813879 22914712 100833
7 899 rs145413607 127999459 1 0.00195754644053074 127999459 128006395 6936
7 651 rs6966242 83211117 3 0.00191613865459493 83206573 83295674 89101
7 100 rs17161716 9572098 1 0.00190975355103585 9537201 9572098 34897
7 254 rs2285690 24902762 1 0.00190289870834631 24890808 24921240 30432
7 919 rs6467365 130887581 3 0.00189096731878993 130824877 130924955 100078
7 207 rs38152 20047575 2 0.00188927764882939 20047011 20116799 69788
7 439 rs11976218 45386995 2 0.00188076220244359 45386995 45498400 111405
7 945 rs17168029 134456444 1 0.00185126845002761 134395461 134456444 60983
7 77 rs887848 8179846 1 0.00182892546516114 8166023 8179846 13823
7 751 rs2898568 100810983 3 -0.00182422286587431 100776931 100818846 41915
7 864 rs9655832 119705787 2 -0.0018211637809939 119695355 120003915 308560
7 972 rs3805362 137794388 1 0.00181551301015986 137678762 137794388 115626
7 64 rs2159191 7266939 1 0.00181295589509736 7227427 7302293 74866
7 93 rs12539486 9104637 1 0.00180103501639577 9062830 9105028 42198
7 506 rs6963388 53920963 2 -0.00179389560085725 53834850 54076794 241944
7 531 rs6949812 65387101 1 0.00178904960085616 65202326 66452054 1249728
7 1192 rs1188960 158687998 2 0.00171694408180146 158651087 158730579 79492
7 1034 rs850388 145135064 6 0.00170489631332747 144971709 145154459 182750
7 596 rs3108418 76854725 1 0.00168869037228045 76812454 76896701 84247
7 387 rs1861239 38515584 4 0.00168571479766878 38424039 38533101 109062
7 1091 rs10231083 151119265 2 -0.00164872396634151 151119265 151140792 21527
7 755 rs11771949 101286624 3 -0.00163536432207643 101200595 101286624 86029
7 101 rs17161870 9642956 1 0.00162085189036583 9576690 9644762 68072
7 858 rs2402296 117667791 4 -0.00159626476712606 117496144 117713915 217771
7 219 rs2390498 21280322 3 -0.00158988752485311 21243188 21284666 41478
7 413 rs3801216 42233283 1 -0.00158732268792555 42198560 42233283 34723
7 1084 rs2373961 150681210 1 0.00158491185577108 150622162 150681210 59048
7 538 rs6961611 67426323 1 0.00157907320294419 67373364 67456507 83143
7 526 rs11978034 62689447 1 -0.00157452686597667 62689447 63249780 560333
7 982 rs3734936 138447395 4 -0.00156593091551535 138436480 138450098 13618
7 648 rs17819684 82732583 1 -0.00156512876499524 82640237 82736474 96237
7 1023 rs73154206 143086010 2 -0.00156392960465196 143086010 143117735 31725
7 404 rs37267 41337044 1 0.00156369007012735 41337044 41416234 79190
7 441 rs45444695 45747949 1 0.00154158334843696 45723834 45920582 196748
7 655 rs7788378 83647970 1 -0.00153239900031675 83634712 83703019 68307
7 252 rs3922328 24557667 5 -0.00151070820569846 24540490 24788209 247719
7 1037 rs6464716 145720467 1 -0.00150350439850607 145720467 145773704 53237
7 943 rs2229542 134135621 1 0.00150047465777765 134135621 134298890 163269
7 979 rs2305816 138312122 2 -0.00148961412610594 138312122 138314465 2343
7 836 rs2272260 112757862 4 0.00148435865257802 112734225 112889512 155287
7 45 rs6958550 5124934 1 -0.00147833229529766 5120148 5146319 26171
7 22 rs10951010 3076053 1 0.0014743993095586 3076053 3076053 0
7 90 rs6945904 8924442 2 -0.00145846538549307 8910032 8985708 75676
7 96 rs1581686 9212941 1 0.00145459465259038 9212941 9214578 1637
7 890 rs10954138 126425745 3 0.00145108672894473 126197081 126513625 316544
7 401 rs2302025 40847909 3 -0.00143930879102118 40786932 40918070 131138
7 644 rs6467901 82132710 4 -0.0013851694435598 82103053 82206178 103125
7 833 rs2906787 112137676 3 0.00137739644466991 112135207 112212780 77573
7 313 rs7791663 30674374 3 -0.00135564541648926 30540399 30716643 176244
7 678 rs2214339 88813289 2 -0.00132605376419139 88747694 88813289 65595
7 840 rs1194328 113898450 1 0.00131226225285056 113735848 113963334 227486
7 408 rs988329 41907182 2 0.00131160193862303 41866396 41973787 107391
7 699 rs17785143 93013606 1 -0.00130825251980261 93009475 93013606 4131
7 565 rs11766740 70669190 2 -0.00130667580649594 70659219 70738729 79510
7 557 rs4718966 70040558 3 -0.00130651275210658 70014509 70051715 37206
7 711 rs6465454 94702805 4 -0.00129648495004019 94505109 94702805 197696
7 550 rs7805438 68448569 1 0.0012946050465487 68433598 68448569 14971
7 435 rs3735493 45122324 3 0.00125870262969263 45023302 45178748 155446
7 1069 rs1202470 148889043 1 0.0012561614239315 148801091 148908562 107471
7 597 rs7778518 76919068 3 -0.00125391780413076 76908199 77036025 127826
7 320 rs1894847 31066593 1 -0.00125166631892297 31009576 31074214 64638
7 1125 rs10155813 153623251 1 0.00124717793063114 153622306 153652188 29882
7 275 rs730558 26588153 2 0.00123322910962037 26585687 26615293 29606
7 1031 rs1525461 144728291 1 0.00122771475430792 144703987 144811326 107339
7 1100 rs12540735 151580648 1 0.00120176799398397 151580648 151596307 15659
7 668 rs4148824 87075362 4 0.00119799194127413 86969559 87133366 163807
7 589 rs6978786 75370368 4 0.00119528365729457 75287410 75370368 82958
7 712 rs13229820 94836537 3 0.00117240764854014 94788164 94948626 160462
7 1118 rs960840 153061413 2 -0.0011711744519366 153039060 153071114 32054
7 334 rs10274609 32206323 1 0.00116808753016688 32191808 32220641 28833
7 1145 rs1881690 154925087 2 0.0011640273469901 154925087 154955663 30576
7 72 rs12671658 7842281 1 -0.00116227890235097 7842281 7864751 22470
7 642 rs3801737 81786628 1 0.00115496362199836 81781051 81812996 31945
7 485 rs12719026 51145202 3 0.00114366925035417 51137856 51295543 157687
7 619 rs2714679 79294183 4 -0.00113436337176472 79168005 79324680 156675
7 1136 rs11243339 154429560 2 0.00112854758863574 154414361 154472375 58014
7 610 rs12666870 78158472 2 -0.00110392077161176 78108303 78163301 54998
7 1098 rs4726101 151513282 2 0.00110282076728844 151513282 151519128 5846
7 208 rs2892970 20139644 1 0.00109035440465795 20138506 20228202 89696
7 679 rs7778127 88919393 1 0.00108539007042252 88830659 88935494 104835
7 1046 rs4559158 146879634 1 0.00107576502559663 146800106 146887300 87194
7 552 rs11983901 68571255 2 0.00105256419179458 68569986 68616110 46124
7 958 rs1097147 135880446 2 -0.00104868322575153 135870953 135950203 79250
7 970 rs7796821 137514791 2 0.0010456666600808 137514791 137534627 19836
7 666 rs982339 86399943 2 -0.00100754611416013 86372884 86633357 260473
7 1012 rs1569085 141241540 2 0.0010060439793964 141241540 141672705 431165
7 1071 rs1473127 149026686 1 -0.00100171465784437 149026686 149072406 45720
7 962 rs10488598 136587843 2 9.983614463687624e-4 136584075 136688996 104921
7 260 rs11762772 25344021 1 9.885875453588147e-4 25343429 25362736 19307
7 647 rs9656532 82414933 1 9.884779650172098e-4 82385732 82582846 197114
7 350 rs318583 34294321 1 9.878462715776982e-4 34283049 34416608 133559
7 1051 rs700315 147370955 1 -9.874509335059262e-4 147370955 147405082 34127
7 771 rs2385143 103893163 1 -9.860669930199285e-4 103872165 103931634 59469
7 400 rs10486813 40728610 2 9.6717600072535e-4 40638365 40760498 122133
7 881 rs1540352 123836711 3 9.479941363856402e-4 123700519 123855507 154988
7 487 rs1880428 51532411 2 -9.476221571180464e-4 51497675 51660226 162551
7 437 rs1294906 45235862 1 9.4382291720479e-4 45235862 45237407 1545
7 135 rs17166921 13275578 2 9.42600608507559e-4 13265700 13287995 22295
7 183 rs10263424 17562902 2 9.145994060752888e-4 17528130 17566398 38268
7 628 rs17154583 80522906 2 9.125241402966064e-4 80474046 80522906 48860
7 1007 rs528957 140769459 1 8.939414638022185e-4 140369114 140799480 430366
7 1049 rs6464824 147257915 2 -8.888335353320011e-4 147226891 147305180 78289
7 458 rs13235604 47665372 1 8.863525514763257e-4 47665372 47716264 50892
7 1086 rs62489646 150873754 2 -8.73508983784419e-4 150800739 150888788 88049
7 165 rs10950582 15852195 3 8.702812740336578e-4 15833180 15868471 35291
7 582 rs17145361 73697327 2 8.6452444212712e-4 73697327 73742424 45097
7 259 rs916893 25295346 2 8.606193080834781e-4 25233396 25304791 71395
7 156 rs975689 14891202 3 8.581832882732644e-4 14788121 14915289 127168
7 573 rs10950298 71603773 2 -8.542015920173862e-4 71533900 71828060 294160
7 120 rs9785045 11742920 1 8.511551109272753e-4 11677840 11771288 93448
7 969 rs3800642 137420389 1 -8.5022627944873e-4 137420389 137506041 85652
7 1182 rs2043496 157769055 1 -8.469157031958538e-4 157769055 157782708 13653
7 108 rs17162816 10279486 1 8.26235743660706e-4 10204914 10303377 98463
7 935 rs7789101 132226627 2 -8.206082992134199e-4 132189689 132351489 161800
7 402 rs6963950 41042490 1 8.20027195550662e-4 40954481 41066269 111788
7 603 rs987493 77766520 1 8.165919062683433e-4 77766520 77795921 29401
7 294 rs4719946 28716154 1 8.130832719436907e-4 28715056 28716154 1098
7 664 rs17222177 85594984 3 -8.085242586938758e-4 85593562 86173228 579666
7 1075 rs2074699 149547703 2 8.052218456499479e-4 149513152 149565489 52337
7 1006 rs685182 140265434 1 -8.019731580139123e-4 140227293 140321562 94269
7 1184 rs6961856 157866856 1 7.919047953263948e-4 157860945 157928710 67765
7 24 rs1872881 3148092 3 7.906756030915177e-4 3109177 3189341 80164
7 887 rs1464833 125115662 2 7.79446533185479e-4 125111326 125321117 209791
7 1090 rs1004340 151099634 1 7.744386840099762e-4 151094048 151099634 5586
7 672 rs2373452 88098737 4 7.716192780493184e-4 88039884 88161734 121850
7 778 rs10808139 104709946 2 -7.67735871713906e-4 104568299 105076977 508678
7 718 rs319327 95550100 3 7.528780243767717e-4 95473550 95552114 78564
7 971 rs273957 137600690 1 -7.528411385956918e-4 137571931 137647262 75331
7 161 rs12234378 15331080 1 7.518702553766435e-4 15277504 15402966 125462
7 266 rs4722511 25779243 2 7.44546556510089e-4 25687574 25802471 114897
7 865 rs723908 120136191 1 7.313997272984831e-4 120017847 120223084 205237
7 168 rs35681285 16326646 1 -7.301993268983437e-4 16326646 16471712 145066
7 375 rs4720237 37201320 1 -7.300902713923143e-4 37157641 37213483 55842
7 514 rs4947490 55160538 2 7.201614664010755e-4 55123968 55160538 36570
7 1055 rs10235838 147798729 1 -7.163963129333834e-4 147791788 147812192 20404
7 733 rs6946227 97196765 2 -7.149965957768224e-4 97193864 97298855 104991
7 1122 rs7794175 153378283 1 7.103478128742015e-4 153368459 153402084 33625
7 331 rs7808892 31933965 2 7.102500648998495e-4 31902703 32034799 132096
7 236 rs17146521 22317659 1 -6.934316169129263e-4 22256988 22389875 132887
7 986 rs17160623 138620876 2 6.909298354582502e-4 138597036 138648537 51501
7 873 rs7802078 121878287 7 6.845338103717874e-4 121642360 121897109 254749
7 224 rs2965387 21716567 1 -6.815190627018499e-4 21716567 21716567 0
7 1172 rs6979947 157005863 2 6.814967050772881e-4 156904943 157045557 140614
7 274 rs6461949 26552429 1 6.732263627868577e-4 26552429 26582309 29880
7 592 rs2868180 75590808 1 -6.712678637187402e-4 75590808 75702719 111911
7 727 rs6960249 96660132 4 6.6742913823511e-4 96649356 96697572 48216
7 73 rs2348763 7897715 5 6.655142795077423e-4 7876466 7918642 42176
7 1177 rs6459804 157510195 1 6.551192632062271e-4 157476460 157516956 40496
7 576 rs6951638 72216292 1 6.515448389708819e-4 72193854 72761178 567324
7 507 rs2222689 54097645 1 6.435617051501745e-4 54097204 54135851 38647
7 562 rs7784844 70317727 1 6.429526451144672e-4 70316365 70465729 149364
7 431 rs35397936 44301371 1 6.404835605448884e-4 44301371 44331505 30134
7 185 rs6958106 17681020 1 -6.381646446466944e-4 17605070 17709204 104134
7 221 rs7781656 21406569 2 6.359902135122555e-4 21406569 21450943 44374
7 1036 rs77370995 145492986 1 -6.304251514759133e-4 145492986 145717715 224729
7 379 rs12540876 37460441 1 6.180258271514016e-4 37444728 37473071 28343
7 698 rs140921998 92732769 5 -6.026934565815621e-4 92695002 92970847 275845
7 10 rs7783715 1923385 2 6.016097846251138e-4 1876081 2125942 249861
7 237 rs740294 22471195 1 5.985551775324883e-4 22409383 22482415 73032
7 796 rs41836 106266554 1 5.966980448176612e-4 106266554 106359216 92662
7 403 rs756439 41242812 5 5.887507082734958e-4 41139728 41294684 154956
7 606 rs798309 77958122 1 -5.867647572304109e-4 77958122 78024012 65890
7 722 rs6945303 96029077 2 5.862557523111921e-4 96000818 96065364 64546
7 852 rs2237712 116338658 1 5.849625438591338e-4 116322791 116567649 244858
7 415 rs6966512 42440761 1 5.821674261895567e-4 42342253 42489711 147458
7 167 rs10269890 16168502 1 5.6871979053539e-4 16107358 16311996 204638
7 643 rs6950804 81827878 2 -5.680336980884719e-4 81827878 81972795 144917
7 407 rs257114 41830184 2 5.639447587647397e-4 41764992 41839311 74319
7 258 rs2717885 25174332 2 5.615735545989905e-4 25132897 25210826 77929
7 940 rs1222430 133915760 1 5.582260513972685e-4 133740264 133994652 254388
7 82 rs974645 8396706 1 -5.531210672337682e-4 8337432 8453313 115881
7 783 rs672416 105376750 1 5.527746304558447e-4 105348894 105386461 37567
7 518 rs11974368 55442775 2 5.51638061376751e-4 55442775 55603625 160850
7 819 rs10272725 109939167 1 -5.350771414242728e-4 109900921 109987031 86110
7 1059 rs7779924 147988263 1 -5.297890875172299e-4 147931329 147990737 59408
7 529 rs10234472 64118662 4 5.193135189333692e-4 64102495 64292695 190200
7 1130 rs7804017 154079635 1 -5.074216765970412e-4 154072020 154122060 50040
7 57 rs836472 6434904 3 -5.074147930538934e-4 6383524 6477002 93478
7 665 rs1830249 86252828 1 -4.980577173613642e-4 86222259 86325620 103361
7 164 rs7787043 15698178 4 -4.9358598565535e-4 15698178 15775401 77223
7 617 rs4730806 79030922 1 4.935070891756755e-4 78858392 79122018 263626
7 810 rs4298438 108258793 1 -4.762630105258972e-4 108108759 108258793 150034
7 929 rs1399090 131829128 3 4.698709361271381e-4 131775747 131855165 79418
7 288 rs16874525 28391182 2 -4.670071548505192e-4 28366100 28399159 33059
7 747 rs941290 99678622 1 4.649137358911893e-4 99654600 100160264 505664
7 29 rs12701044 3730909 1 4.593731849454495e-4 3515437 3736942 221505
7 974 rs6953434 137878774 1 4.593129673393213e-4 137878774 137902633 23859
7 242 rs10950938 23100220 2 4.5838829563478104e-4 22932736 23100220 167484
7 546 rs4499981 68084026 1 -4.563250112448133e-4 68031324 68099467 68143
7 333 rs30593 32105096 1 4.494782891313256e-4 32105096 32120897 15801
7 826 rs6979050 111392415 1 4.3604095408497406e-4 111311611 111395987 84376
7 498 rs2913036 52853441 1 4.348235333121675e-4 52793270 52897504 104234
7 340 rs7785065 32915204 1 4.325000236825305e-4 32908704 32995331 86627
7 131 rs4410798 12756756 2 4.316211511758812e-4 12756756 12813460 56704
7 428 rs61751727 43978084 2 4.286105428174149e-4 43916727 44114251 197524
7 346 rs7457120 33899231 2 4.25162396059906e-4 33824673 33949959 125286
7 467 rs12531263 48866316 2 -4.194101190708752e-4 48857278 49103406 246128
7 780 rs1721492 105226180 1 4.1583579438924983e-4 105127696 105241647 113951
7 196 rs17350355 18928503 1 4.136979961959269e-4 18877874 18928503 50629
7 243 rs6461687 23116580 2 4.097743112960499e-4 23115966 23389751 273785
7 1175 rs1049329 157331828 2 -4.088858460997264e-4 157289534 157409757 120223
7 637 rs11975846 81363334 2 4.0516020795615827e-4 81308396 81371619 63223
7 106 rs6463963 10113276 1 4.025589731437869e-4 10113156 10125808 12652
7 530 rs4717229 64451699 3 3.982446869501501e-4 64451699 64895354 443655
7 649 rs17157388 82923367 3 -3.967236017849274e-4 82785304 82958464 173160
7 729 rs9692573 96946643 3 -3.929552752442605e-4 96896364 96970705 74341
7 928 rs4731841 131761018 2 3.9267759174398353e-4 131647414 131770215 122801
7 542 rs4717437 67633440 1 3.917873960254882e-4 67633440 67641115 7675
7 149 rs7778972 14265179 1 3.913463576485221e-4 14265179 14270475 5296
7 420 rs10254637 43125193 2 3.873792921224018e-4 42941854 43147965 206111
7 616 rs2191813 78818348 1 -3.786623108920347e-4 78742376 78818348 75972
7 433 rs2304372 44606184 2 3.784651696849005e-4 44600376 44730284 129908
7 1035 rs850476 145324078 1 -3.774597912164164e-4 145175716 145363652 187936
7 1089 rs446079 151060074 1 -3.773602881450985e-4 151042447 151069296 26849
7 954 rs7798858 135710436 1 3.7513500628363336e-4 135608912 135715070 106158
7 471 rs17394967 49542874 1 3.747481403645536e-4 49542874 49621833 78959
7 967 rs834059 137229997 1 3.720265650796783e-4 137221292 137229997 8705
7 465 rs11762388 48527244 1 3.7162627094222976e-4 48459410 48627660 168250
7 842 rs7796836 114474551 1 3.7126411474590587e-4 114338312 114517317 179005
7 1066 rs243538 148404379 1 3.569596053609839e-4 148368954 148501758 132804
7 934 rs2241733 132130033 2 3.5639232669318886e-4 132102811 132172359 69548
7 28 rs17133289 3451138 2 3.553992729497123e-4 3312870 3488521 175651
7 725 rs767198 96446260 1 -3.5458463751337143e-4 96446260 96554285 108025
7 454 rs6964472 47416733 1 -3.5362949876304524e-4 47345002 47416733 71731
7 844 rs6954514 114905432 1 -3.499166211927935e-4 114874584 114905432 30848
7 18 rs1182206 2811543 1 3.4880523376582743e-4 2763102 2911972 148870
7 287 rs177485 28319962 1 -3.486367710672243e-4 28319962 28319962 0
7 412 rs17172014 42157147 1 3.484532630341903e-4 42128896 42179377 50481
7 85 rs4538793 8635885 1 3.475972945422743e-4 8582096 8635885 53789
7 365 rs196649 36359387 2 -3.433153485716275e-4 36359387 36492212 132825
7 809 rs17334792 107990819 2 -3.400104575559652e-4 107938242 108102346 164104
7 1138 rs729269 154512110 2 -3.3523302793530624e-4 154512110 154544544 32434
7 696 rs6955627 92577760 1 -3.2588532389707126e-4 92527551 92577760 50209
7 721 rs6959358 95806578 2 3.139076091372384e-4 95685122 95948495 263373
7 953 rs7789182 135583537 2 -3.1302978620929216e-4 135480428 135583537 103109
7 663 rs12670014 85433391 1 3.1208486623245395e-4 85433391 85560522 127131
7 502 rs7808774 53251092 4 3.107672559965794e-4 53186040 53303291 117251
7 879 rs6967772 123051352 1 -3.1024761725468924e-4 123037157 123250169 213012
7 586 rs1167829 75165018 2 3.0599812440353146e-4 75163169 75189471 26302
7 276 rs11763033 26644642 2 3.040131300467994e-4 26639622 26654077 14455
7 1093 rs6978142 151378505 1 -3.026513113203024e-4 151350262 151387531 37269
7 951 rs3112362 135404841 1 -2.9970879277479637e-4 135376893 135441131 64238
7 802 rs10248785 107438305 1 2.975510234527262e-4 107437048 107458561 21513
7 283 rs7806217 27937777 1 -2.8936439985681407e-4 27936243 28032942 96699
7 327 rs10252720 31618008 1 2.8848212299109274e-4 31615654 31692270 76616
7 551 rs3102796 68553958 1 2.8634456945152425e-4 68464812 68553958 89146
7 436 rs2074654 45217015 1 -2.85487842572921e-4 45192586 45232842 40256
7 568 rs7806531 71023877 1 -2.830328936055959e-4 71016159 71125622 109463
7 627 rs17275986 80418689 2 2.7792514648724474e-4 80403185 80418689 15504
7 367 rs4723537 36576068 2 -2.7443473078972e-4 36556478 36625301 68823
7 719 rs1488516 95563391 1 -2.7173683955428375e-4 95563391 95600368 36977
7 814 rs711450 108982274 1 -2.662100974296042e-4 108762225 109086546 324321
7 1028 rs6979644 144392407 1 2.649694642340339e-4 144368758 144461855 93097
7 65 rs6956860 7349495 1 2.6430682644849407e-4 7311593 7349495 37902
7 948 rs292708 134989301 1 2.6281003998874234e-4 134946179 134989301 43122
7 878 rs4142046 122914243 5 2.627900047278862e-4 122858776 122986940 128164
7 862 rs2402437 118580301 4 -2.583753077198378e-4 118569946 118925326 355380
7 115 rs17542300 11330387 2 2.560263294116814e-4 11316581 11387291 70710
7 40 rs4723895 4611655 7 2.551357078920966e-4 4584559 4667201 82642
7 782 rs846936 105327647 1 2.53835739884937e-4 105312942 105327647 14705
7 924 rs1862084 131317893 1 -2.463725701061623e-4 131317195 131327818 10623
7 1085 rs2303929 150761314 1 2.440115431775821e-4 150732812 150761314 28502
7 339 rs13223936 32487376 1 2.3765579641791371e-4 32461015 32866723 405708
7 947 rs4366014 134708675 2 2.3275907462197277e-4 134671030 134923406 252376
7 247 rs6461774 24051036 2 -2.320779864698872e-4 23980327 24143493 163166
7 920 rs1426470 131167570 1 -2.28232893599696e-4 130973720 131201947 228227
7 289 rs10233653 28440320 1 -2.275722334916787e-4 28415827 28446340 30513
7 1108 rs6948868 152318718 2 2.2497498421264096e-4 152318718 152406533 87815
7 290 rs4722804 28532464 1 2.2193691621117656e-4 28494295 28551960 57665
7 830 rs6466401 111782891 2 2.1400358101881785e-4 111722814 111782891 60077
7 1185 rs6459844 157952084 1 -2.1356420346392663e-4 157934557 158020147 85590
7 383 rs2598119 37936384 1 2.0855831767413284e-4 37936384 37958289 21905
7 127 rs1371607 12463056 1 -2.049274512690428e-4 12400783 12498511 97728
7 821 rs2966406 110134191 1 2.0292940032212568e-4 110125420 110264234 138814
7 1134 rs6962496 154250592 1 -1.976675759721921e-4 154201817 154250592 48775
7 613 rs37859 78420458 5 1.9742976921091623e-4 78319728 78422208 102480
7 1053 rs2708240 147577537 5 1.969914882277747e-4 147494803 147612321 117518
7 1166 rs7778219 156250444 1 1.9529635382412164e-4 156243562 156268109 24547
7 310 rs7793699 30202836 1 1.879363324599539e-4 30195058 30243357 48299
7 522 rs10282225 56755583 1 -1.847528135255684e-4 56306726 56755583 448857
7 692 rs813382 91316215 2 -1.7706760948557203e-4 91299161 92043016 743855
7 396 rs6462914 39419783 2 -1.7503050567023063e-4 39376593 39533774 157181
7 777 rs10953454 104503813 1 1.7244458269931773e-4 104411736 104552636 140900
7 1033 rs3919487 144955976 1 1.7146843365248394e-4 144880214 144955976 75762
7 886 rs17148196 124979488 2 -1.713605610692732e-4 124958806 125001250 42444
7 35 rs11762889 4324730 1 -1.696440734553172e-4 4324730 4328870 4140
7 715 rs3801916 95121019 2 1.6924222446427212e-4 95082010 95131967 49957
7 1113 rs1525041 152736800 1 1.671141274017584e-4 152726381 152737733 11352
7 324 rs1006229 31413303 1 -1.6321377966593348e-4 31395137 31434405 39268
7 312 rs2709803 30510534 1 -1.626284082687815e-4 30492237 30512030 19793
7 151 rs40450 14308129 1 1.6138162959904322e-4 14296948 14310025 13077
7 451 rs17172817 47145978 1 1.6116993252946328e-4 47112988 47206621 93633
7 805 rs1732164 107649288 1 1.6054260394424066e-4 107622150 107649288 27138
7 434 rs1050331 44808091 1 1.5824466027502797e-4 44808091 44966771 158680
7 1144 rs2581831 154876724 1 -1.5753255887254394e-4 154812516 154889716 77200
7 122 rs6460848 11856806 4 -1.5714498134610828e-4 11855947 12004294 148347
7 741 rs9986780 98376458 1 1.532914302675135e-4 98210558 98376458 165900
7 84 rs6978212 8532844 1 1.499019185370637e-4 8532844 8562722 29878
7 931 rs7776974 131947817 1 1.495071038031881e-4 131907045 131980776 73731
7 261 rs10241627 25380703 1 -1.4561421712525443e-4 25368902 25420721 51819
7 245 rs12154330 23679387 5 -1.431489834507063e-4 23618026 23926738 308712
7 850 rs6466587 116198001 1 1.417450775421651e-4 115996276 116218086 221810
7 581 rs223014 73579794 1 -1.39752645040125e-4 73579794 73579794 0
7 1081 rs3173833 150491084 2 -1.3958841860122444e-4 150464171 150491084 26913
7 1088 rs2975199 151016648 1 1.3832117483103846e-4 150992226 151016648 24422
7 563 rs10265996 70572266 2 1.352890842723168e-4 70499159 70577001 77842
7 650 rs1860610 83149564 1 1.2934216804302663e-4 82990977 83158344 167367
7 927 rs10272905 131496807 1 1.256214942351821e-4 131496807 131597501 100694
7 1129 rs11765968 154026312 1 -1.240216675773887e-4 154026312 154060445 34133
7 191 rs17169602 18446741 1 -1.1624639425046733e-4 18446741 18446741 0
7 492 rs6592964 52126953 2 1.158593085355472e-4 52098740 52167885 69145
7 861 rs1406739 118455178 1 1.1582861037850953e-4 118355075 118512837 157762
7 323 rs1860795 31344595 7 1.1449039829491362e-4 31213647 31377369 163722
7 891 rs2237777 126642455 1 -1.1370661068993751e-4 126551079 126642455 91376
7 301 rs3793306 29314083 1 1.1214056038137177e-4 29295856 29319074 23218
7 646 rs997166 82331576 1 1.0897192700959784e-4 82327115 82371376 44261
7 8 rs7785046 1685010 1 -1.0884626193697952e-4 1667380 1750797 83417
7 700 rs2283004 93061227 1 -1.065711764961154e-4 93050980 93069426 18446
7 159 rs12112796 15125363 1 -9.387161074663324e-5 15073547 15126153 52606
7 1169 rs7790357 156464214 1 9.197876130673709e-5 156426292 156469123 42831
7 47 rs13247861 5279887 1 9.140849031449655e-5 5220675 5279887 59212
7 956 rs834760 135840461 1 8.903799810779618e-5 135785380 135840461 55081
7 1110 rs2535969 152600817 1 -8.698177189125702e-5 152600817 152607732 6915
7 688 rs2518782 90800787 1 -8.509115670753996e-5 90800787 90818888 18101
7 902 rs2279668 128511731 1 -7.213027058830928e-5 128445370 128548954 103584
7 964 rs1431093 137016297 1 6.596669208238235e-5 136979849 137059416 79567
7 25 rs1404874 3244898 2 -6.2168683063705e-5 3204014 3244898 40884
7 381 rs1346019 37589526 3 -5.916274052365673e-5 37562368 37893219 330851
7 791 rs7789066 105927752 2 5.838046525049711e-5 105807547 105933203 125656
7 770 rs6948583 103849940 2 -5.5597582097022835e-5 103650219 103870718 220499
7 894 rs10245698 126922129 2 5.507908483166183e-5 126873928 126932944 59016
7 598 rs10953236 77046222 1 -5.504375117841401e-5 77046222 77086107 39885
7 285 rs10275834 28150475 1 5.4852979062710674e-5 28150475 28245295 94820
7 1083 rs12703105 150594658 1 5.369527679479372e-5 150557622 150594658 37036
7 325 rs218106 31492624 2 5.237326388913275e-5 31468306 31492624 24318
7 204 rs12536095 19716163 1 5.2051803712220623e-5 19659818 19730538 70720
7 358 rs342976 35458934 3 4.939414924022923e-5 35424928 35532924 107996
7 867 rs13221538 120768246 1 4.7543906797611475e-5 120705246 120852193 146947
7 1009 rs11973211 140984375 1 -4.4333057250382614e-5 140983999 141025713 41714
7 69 rs17137257 7792702 1 -4.2739082507380016e-5 7703579 7792702 89123
7 759 rs12668959 101674768 2 -4.1438205941475155e-5 101672836 101724053 51217
7 543 rs11983970 67806641 1 -3.89335164066863e-5 67668651 67806641 137990
7 630 rs853051 80619575 1 3.759027212844249e-5 80619055 80619575 520
7 875 rs7778137 122139167 1 -3.6958760617455014e-5 122071191 122338970 267779
7 975 rs4099093 137934757 1 -3.466733732833102e-5 137934757 137934757 0
7 895 rs10267162 127212172 2 2.825987587769759e-5 126958628 127257894 299266
7 99 rs10266127 9448650 1 2.633177781162288e-5 9448142 9518522 70380
7 494 rs296307 52432938 2 -2.5398680725334597e-5 52326551 52520976 194425
7 424 rs17172181 43283115 3 2.39060806853336e-5 43283115 43299455 16340
7 743 rs219824 98645517 1 -2.0343057671222315e-5 98491261 98681222 189961
7 508 rs1405443 54165227 1 -1.39909907995318e-5 54165227 54254629 89402
7 611 rs17439102 78217826 1 -1.2342260271572626e-5 78192343 78217826 25483
7 1047 rs1404707 146984783 1 1.1942647504135972e-5 146913540 147021164 107624
7 111 rs12531454 10863492 1 -1.1569017196140522e-5 10721320 10889618 168298
7 406 rs10486718 41659417 1 9.39985964195351e-6 41518076 41706132 188056
7 316 rs7780081 30894983 3 8.366782291925352e-6 30825762 30906193 80431
7 130 rs10488228 12714577 1 -8.005788983300573e-6 12697797 12732118 34321
7 753 rs7799285 100968363 1 5.606990851998233e-6 100964722 101071257 106535
7 599 rs6465825 77416439 1 -1.6147441669720185e-6 77114154 77596047 481893
7 374 rs13230570 37073913 1 1.3386607769976257e-6 37073913 37135479 61566
