CHR Group SNP.lead BP.lead Size W BP.min BP.max BP.width
12 61 rs1800693 6440009 1 0.10518972848175996 6440009 6440009 0
12 554 rs10774625 111910219 9 0.09448934595570536 111887659 113016553 1128894
12 632 rs838878 125260645 3 0.0600980326033944 125260645 125314921 54276
12 236 rs3747562 42854205 8 0.04214630224568707 42443484 42932928 489444
12 621 rs585522 123550813 5 0.04144907253585563 123477311 123822711 345400
12 614 rs482522 121194862 6 0.04104870721527071 121067429 121489377 421948
12 83 ss1388110319 9811832 11 0.04033035894222708 9352459 9813867 461408
12 300 rs10877013 58165085 2 0.03915666423524085 57859431 58260601 401170
12 5 rs2075032 717138 6 0.03755648372674076 677756 783484 105728
12 710 rs2141188 131464024 3 -0.03322818179353319 131461618 131525053 63435
12 295 rs1701704 56412487 4 0.03305096820472095 56379298 56737973 358675
12 369 rs1705221 71575611 7 0.03029348920987084 71410182 71666552 256370
12 121 rs11055989 14622002 7 0.02999491368522869 14441966 14653867 211901
12 39 rs873613 4232802 3 0.02885122471301925 4174675 4310680 136005
12 2 rs4980814 443795 4 0.02836873893773776 349298 547683 198385
12 177 rs1487648 24887648 2 0.02785695212643349 24860035 24925239 65204
12 298 rs1466535 57534470 5 0.02705228647278309 57489709 57539082 49373
12 269 rs7399073 51614050 2 0.02622828650765719 51609600 51755293 145693
12 268 rs2640518 51561056 12 0.02505551616715521 50880216 51568505 688289
12 115 rs10744020 13479485 5 0.02498056907175984 13394006 13537838 143832
12 107 rs11055015 12836679 2 0.02399102669261205 12765603 12858969 93366
12 240 rs275605 43946204 6 0.02389622874760988 43460540 43973953 513413
12 720 rs2306546 133358870 5 0.02384989116314102 133341344 133754245 412901
12 403 rs11525598 79870126 1 0.02362199960470001 79776101 79944776 168675
12 101 rs1797659 12186453 5 0.02290824858038963 12106881 12193013 86132
12 106 rs11834080 12617367 5 0.02274372061902663 12549503 12659894 110391
12 374 rs7970417 72734174 6 0.02250790499814555 72705816 73078427 372611
12 15 rs7967890 1952990 3 -0.02107245198787688 1952990 2008799 55809
12 65 rs870849 6887020 4 0.0206195944742758 6887020 6919569 32549
12 410 rs7138951 81475633 16 0.02042217960973598 81350719 81861791 511072
12 585 rs11068090 117013350 5 0.0200859105695021 117013350 117082846 69496
12 338 rs7300749 67015716 12 0.01988164685308632 66945123 67066139 121016
12 555 rs233716 113039943 2 0.0187169086383049 113036817 113238728 201911
12 562 rs7960468 114241098 3 0.01865202171716685 114188042 114243728 55686
12 479 rs2075362 96606889 3 0.01864197224164468 96556961 96732305 175344
12 681 rs12818539 129439155 4 0.01856109180369695 129432789 129446921 14132
12 116 rs17820480 13638977 6 0.01852766901664152 13560255 13675196 114941
12 157 rs10437776 21583242 7 0.01791694184192478 21578559 21728260 149701
12 168 rs10505891 23677922 4 -0.01727001854859965 23666839 23817655 150816
12 490 rs3815997 99071023 2 0.01703750013942343 98791382 99071023 279641
12 164 rs79129189 23104620 4 0.01686971039741435 22976813 23104620 127807
12 311 rs1383187 61321575 3 0.01666281710208664 60861783 61386860 525077
12 143 rs1471941 18961341 7 0.01662465053230441 18816556 19072980 256424
12 222 rs1909510 32778913 6 -0.01647684564613469 32649190 32810721 161531
12 134 rs12320148 16819159 2 -0.01628560301822851 16773372 16844634 71262
12 466 rs10859731 94953413 4 0.01581588206472218 94934823 95023405 88582
12 198 rs11049439 28349302 6 0.01528863457861484 28209566 28728836 519270
12 420 rs12821359 84721592 6 -0.01528688074138 84200102 84721592 521490
12 55 rs6489661 5936315 2 0.01527093789919368 5898504 5971176 72672
12 349 rs10878764 68564677 1 0.01522186467106672 68530956 68591685 60729
12 238 rs7962745 43153849 4 0.01516969547804341 43094326 43307405 213079
12 584 rs11068043 116925539 7 0.01498215459252122 116891156 117002658 111502
12 569 rs10850373 115169479 10 -0.01468533875185698 115135430 115236746 101316
12 501 rs618278 101394344 10 0.01466871022402654 101214177 101421625 207448
12 513 rs12310655 103628391 2 0.01437606090654906 103628391 103762406 134015
12 159 rs4762726 22237590 6 0.01435608800662894 22169854 22245880 76026
12 111 rs1056927 13070752 3 0.01403642943010587 13054234 13093342 39108
12 237 rs4288814 43067451 7 0.01390338017096694 42946285 43071393 125108
12 429 rs1461282 88186449 3 -0.01382909141288991 88170640 88294483 123843
12 422 rs1782934 85185396 5 0.01357564742634602 85052616 85233731 181115
12 390 rs11117126 77500311 4 -0.01349605167446169 77436044 77600617 164573
12 272 rs11612312 52349088 3 0.01318637560155111 52282748 52369300 86552
12 475 rs11610816 96275860 6 0.01301901534959259 96101271 96312686 211415
12 503 rs11609579 101843240 9 -0.01299049204256991 101637203 101843240 206037
12 556 rs10774676 113362407 4 0.01298986750216665 113273050 113448288 175238
12 161 rs12817074 22386648 5 0.01294882330371485 22327988 22475724 147736
12 641 rs4435061 126069934 7 -0.01288027037623762 126069856 126266664 196808
12 553 rs4766566 111706877 4 -0.01279899738784789 111618332 111788402 170070
12 282 rs12309572 54074686 7 0.01273798112491579 53637466 54094036 456570
12 58 rs7139057 6169323 2 0.01266427287922699 6143984 6174729 30745
12 363 rs2870883 70561697 16 0.01258334475319986 70318228 70803674 485446
12 176 rs3110018 24697192 6 0.01245850801199984 24578672 24838934 260262
12 714 rs10744514 131903037 3 -0.01245152641321824 131855990 132010067 154077
12 330 rs1494505 65810174 7 0.01203622483410494 65391905 65910217 518312
12 182 rs4281557 25449557 2 0.01200847173725995 25445122 25486908 41786
12 348 rs7304878 68485984 4 0.01193899091095585 68444971 68504592 59621
12 87 rs7979266 10233077 7 0.01192822520439162 10186284 10285984 99700
12 411 rs7955253 82236828 5 -0.0118596408147667 81871025 82338356 467331
12 206 rs6487855 30042521 3 -0.01181920848729515 29943923 30077283 133360
12 516 rs1043469 104166760 5 0.0117401139433249 104138980 104227273 88293
12 495 rs17029587 99922550 3 -0.01164584626075803 99829495 99984754 155259
12 281 rs10876405 53500021 2 0.01126112073226949 53393964 53552475 158511
12 132 rs6488840 16492515 8 0.01121692723303367 16442500 16568746 126246
12 488 rs1504560 98559807 7 0.01114119574571559 98219791 98578617 358826
12 274 rs7299647 52544099 2 0.01093744400194911 52518795 52544099 25304
12 636 rs1080910 125608492 3 0.01085614151666808 125608492 125732246 123754
12 90 rs12819494 10551541 4 0.01075442090054259 10492728 10722585 229857
12 551 rs6606683 110712212 6 -0.01071223809386461 110276477 111294520 1018043
12 617 rs889970 121856217 6 0.0106665270462856 121847135 121933663 86528
12 624 rs863750 124505444 2 -0.01063659516679131 124505444 124709263 203819
12 428 rs12366380 87957653 4 -0.01059275771815129 87741561 88073449 331888
12 36 rs10774176 3969126 2 0.01057488141124198 3878659 4007898 129239
12 117 rs2268118 13872044 8 0.01039665993337069 13714181 13872044 157863
12 51 rs10849261 5522556 3 0.01037553486572596 5391393 5536065 144672
12 484 rs1013422 97737126 2 0.0101835023838876 97689188 97781590 92402
12 603 rs2649978 119288160 2 -0.01006104110397009 119197995 119294242 96247
12 518 rs4411337 104695580 7 -0.0100364414553258 104477393 104839243 361850
12 565 rs1896003 114738961 3 0.00994881229349764 114702099 114832360 130261
12 435 rs704061 89771903 2 0.00994028164283685 89703762 89771903 68141
12 672 rs1683689 128858494 1 0.0098611695876752 128858494 128858494 0
12 170 rs1391782 24135408 4 -0.00978925371337888 23952345 24135408 183063
12 322 rs1251764 63788284 4 0.00961083524000235 63528025 63897387 369362
12 538 rs12303478 108051406 2 -0.00955763641447725 108038203 108175652 137449
12 267 rs1362983 50614707 5 -0.00946496658377153 50407286 50757628 350342
12 286 rs10876528 54421476 1 0.00944771143370693 54384947 54452275 67328
12 387 rs4432068 76982825 4 -0.00923870272425783 76643364 77095868 452504
12 629 rs7133829 125089462 2 -0.00916602074008274 125089462 125097030 7568
12 197 rs10771387 28059187 4 -0.00885746468686304 28037859 28165457 127598
12 352 rs6581824 68807832 1 0.00879997589600843 68796448 68829232 32784
12 227 rs7961495 38843441 7 0.00877721823520336 38514872 39613021 1098149
12 80 ss1388083997 8904132 3 0.00865104083730804 8808006 8964708 156702
12 3 rs10735031 573870 4 0.00863312193268718 573870 628236 54366
12 613 rs606443 120910630 2 0.00857974548583361 120846679 120967364 120685
12 307 rs12367511 59484069 3 -0.00857368106507367 59316881 59550108 233227
12 376 rs1520555 73828862 4 0.00853212954699344 73673738 74116264 442526
12 205 rs302385 29872623 2 0.00848115001946806 29859352 29928388 69036
12 483 rs11837388 97475626 8 0.00839002112354402 97453340 97674468 221128
12 316 rs348631 62447532 8 -0.00819435194686862 62386908 62611260 224352
12 317 rs1498712 63015551 2 -0.00812839589548412 62748862 63055620 306758
12 362 rs10906 70047498 4 -0.00790835735188603 70021405 70311069 289664
12 228 rs11174359 40327411 9 -0.00789785028350655 39633558 40367128 733570
12 493 rs2201161 99631219 5 -0.00785036157088905 99321471 99631219 309748
12 219 rs16919122 32134815 2 0.00778859538820163 32128219 32143302 15083
12 186 rs10842638 26093161 2 0.00776240001619156 26016838 26215107 198269
12 202 rs10734773 29558505 5 0.00755592877096724 29373899 29630081 256182
12 409 rs3782165 81255620 4 0.00733947242533139 81201638 81329672 128034
12 686 rs10847790 129674124 1 0.00731131769861849 129654318 129675423 21105
12 291 rs9943768 55287990 5 0.00727250020554535 55126449 55316786 190337
12 622 rs4930714 124067197 7 0.00725093674582507 124053767 124241506 187739
12 574 rs7959298 115643608 4 0.00722462665838571 115603902 115659913 56011
12 474 rs7959749 96051177 3 0.00719649818968585 96051177 96075523 24346
12 353 rs10083027 68845536 3 0.00718645915943143 68845536 68877237 31701
12 187 rs2291138 26363903 8 -0.00717219920722582 26261873 26428677 166804
12 169 rs1382826 23859015 2 -0.00703501293535738 23828139 23898340 70201
12 698 rs6486515 130527398 2 0.00702912854740921 130496976 130546009 49033
12 54 rs3782641 5846020 3 0.00673668753675256 5759609 5846020 86411
12 126 rs1024843 15731744 6 -0.00663525467736181 15577635 15763224 185589
12 42 rs11063088 4444742 3 0.00653646052977473 4433389 4496280 62891
12 124 rs10505784 15127141 3 0.00647548904117094 15070656 15205821 135165
12 563 rs4767155 114324609 1 0.00640607818539154 114285113 114440169 155056
12 301 rs17120203 58345606 3 0.00639505656997155 58293664 58521091 227427
12 508 rs4764884 102819599 6 0.00637527058960237 102489302 102959705 470403
12 8 rs7306130 1374396 6 0.00629088582382037 1084783 1493559 408776
12 63 rs7300366 6652227 2 0.006158158978419 6524679 6654050 129371
12 482 rs10860122 97416064 2 0.0061523644776749 97391684 97434537 42853
12 136 rs994883 17243041 1 0.00602503157317504 17141339 17319646 178307
12 77 ss1388062797 8279784 3 0.00601920888161307 8230161 8279784 49623
12 25 rs3825364 3109873 3 0.00600595941734421 3073149 3113401 40252
12 34 rs16930739 3847077 3 -0.00593766444392243 3757923 3851710 93787
12 477 rs10492225 96461306 3 -0.00591424071529732 96453396 96483815 30419
12 304 rs7397895 58982588 5 0.00578797343413686 58846726 59001589 154863
12 687 rs7304563 129705832 4 0.00572834680165994 129693530 129707854 14324
12 616 rs2942076 121794748 2 0.00571374634364516 121755561 121794748 39187
12 229 rs12581285 40509341 2 -0.00566134805037596 40371492 40559062 187570
12 640 rs736438 126021888 3 0.00552309419664823 125959440 126036203 76763
12 526 rs11112638 106048351 5 -0.0054869809056684 105853532 106048351 194819
12 279 rs11170242 53117023 9 -0.00546735649612334 53044267 53177322 133055
12 703 rs12229898 130888284 1 -0.00546464655349235 130888284 130899033 10749
12 612 rs11829123 120393756 5 0.00541455550144851 120339204 120796112 456908
12 221 rs2651364 32559693 10 -0.00540962517454031 32370224 32642023 271799
12 491 rs936208 99205713 1 0.00539340137901207 99157523 99233282 75759
12 290 rs10876578 55048199 5 -0.00532996365218362 54980215 55091438 111223
12 529 rs1862028 106281355 4 0.00527664430819822 106241604 106339977 98373
12 332 rs7972091 66128647 1 0.00525790164358653 66127948 66160971 33023
12 423 rs1581563 85397604 1 0.00523873652688295 85285222 85397604 112382
12 504 rs2373455 101892921 1 0.00523478697828058 101890922 101966423 75501
12 280 rs10876360 53240025 3 0.00513391529511843 53199883 53364014 164131
12 183 rs11047987 25535059 8 -0.00512131942245068 25535059 25590600 55541
12 692 rs155705 130045752 2 -0.00501792542812997 130003842 130064448 60606
12 718 rs12809358 133021634 2 -0.00483542226826593 133008773 133021634 12861
12 472 rs10777704 95950130 4 0.00481832726935721 95948094 95986202 38108
12 561 rs6489916 114127055 5 0.00472547817043328 114058640 114177890 119250
12 178 rs7964847 24959271 4 0.00468465808829463 24947105 25047720 100615
12 357 rs6581852 69504295 1 0.00465120915406529 69504295 69508022 3727
12 22 rs2238096 2749913 2 -0.0044848280651941 2705356 2774601 69245
12 450 rs12302020 93201015 2 -0.00448360455120289 93002195 93274860 272665
12 486 rs12579455 97875332 3 0.00447033917761222 97873725 97946561 72836
12 398 rs1510885 78791340 2 -0.00435596014911092 78713436 78832826 119390
12 646 rs7137352 126658669 3 -0.00424021637204406 126548335 126680346 132011
12 399 rs10778069 78978500 5 -0.00422108878057783 78860383 79055383 195000
12 426 rs2635060 87248804 7 0.00419686567649752 86593101 87308897 715796
12 618 rs12832268 122222761 5 0.00419087761475027 122062722 122468687 405965
12 676 rs3892329 129164603 3 0.00410929871271391 129153986 129165051 11065
12 645 rs224773 126508567 2 0.00403109480798977 126482820 126534862 52042
12 82 ss1388096019 9308525 3 -0.00402099983539225 9045670 9331065 285395
12 264 rs2720298 50189807 3 -0.00395388179779865 50187579 50285061 97482
12 201 rs10506049 29135180 6 -0.00392636373524592 29130200 29364807 234607
12 572 rs7972261 115463839 1 -0.00381044035144014 115452473 115463839 11366
12 96 rs2724657 11850632 3 -0.00369078550993837 11768969 11850632 81663
12 154 rs4762785 20945273 2 0.00366799244421236 20869434 20986061 116627
12 303 rs782113 58830614 2 -0.00366006743130518 58750305 58833530 83225
12 171 rs17485141 24213634 2 0.00363888004708451 24166066 24249224 83158
12 453 rs963542 93563956 2 0.0035957174855937 93513096 93563956 50860
12 71 ss1388045716 7753295 5 0.00351784953797114 7649484 7821692 172208
12 30 rs10848848 3430368 1 -0.00345980952391398 3356234 3430368 74134
12 396 rs17224015 78488242 1 0.00342994395024775 78402567 78542699 140132
12 347 rs2930110 68346653 11 -0.00341671056457126 68249369 68421622 172253
12 442 rs10859106 91476568 6 0.00337072492848798 91286975 91630155 343180
12 1 rs2284329 303320 1 -0.00335889066208554 257695 310334 52639
12 265 rs706795 50297670 1 0.00333345900532024 50297670 50316439 18769
12 471 rs11108024 95779897 2 -0.00327559826137203 95731336 95927762 196426
12 611 rs10849704 120326063 2 0.00327337430394285 120021728 120326063 304335
12 151 rs11045274 20629739 4 -0.00321194803197106 20529327 20699771 170444
12 487 rs1450999 98017735 8 0.00318963043508192 97996553 98205710 209157
12 497 rs10860548 100380198 4 0.00317095908167755 100230985 100768827 537842
12 224 rs12227043 33100678 7 0.00315630507099523 33085304 33419575 334271
12 250 rs61748367 46758462 4 0.00311830535970524 46607280 47173662 566382
12 610 rs11609862 119889534 2 -0.00307298059609235 119866533 120001334 134801
12 542 rs10861902 108765747 7 0.00306697287620514 108707123 108885446 178323
12 335 rs10748036 66472284 3 -0.00306522372230996 66449972 66606228 156256
12 408 rs7963905 81137921 3 -0.00301431012207864 81007139 81173501 166362
12 189 rs11048495 26554608 2 0.0030086367553192 26554608 26704127 149519
12 525 rs10778394 105762981 4 -0.00297154949048564 105734338 105842283 107945
12 586 rs11068157 117147566 2 0.00292532644265767 117093237 117185647 92410
12 203 rs7301855 29661473 1 0.00290557400912003 29656604 29762976 106372
12 230 rs7966550 40688695 6 0.00289213776576029 40601708 40727779 126071
12 460 rs10777556 94312091 1 0.0028918403036887 94295622 94313141 17519
12 144 rs4598716 19225583 2 0.00286451150182149 19091386 19225583 134197
12 350 rs4913287 68658270 2 0.00286043102969641 68603834 68726857 123023
12 594 rs487894 118112859 1 0.00282623756908596 118112859 118145683 32824
12 232 rs11178431 41190135 1 0.00273567299475882 41023399 41198144 174745
12 448 rs408809 92696131 3 0.00270808082689048 92696131 92821171 125040
12 220 rs956361 32289363 4 0.0026900359040086 32185924 32322171 136247
12 384 rs17116093 76399611 6 -0.0026701722339851 76312596 76401140 88544
12 470 rs7133992 95381702 7 0.00264854625993319 95340146 95715994 375848
12 670 rs7977882 128696981 5 0.00262599888173683 128659722 128746912 87190
12 604 rs1405050 119443713 3 0.00262145346676316 119335124 119510036 174912
12 600 rs10466937 118564087 6 -0.00261618974820348 118518306 118886322 368016
12 336 rs289067 66662280 1 -0.00258443243461995 66662280 66816139 153859
12 667 rs10773484 128573135 1 -0.00258236902217364 128537287 128580867 43580
12 415 rs7979743 83171936 1 0.00252898165230286 83160190 83239281 79091
12 539 rs2374728 108227299 4 0.00252646847342463 108207233 108496508 289275
12 588 rs12301568 117527177 2 -0.00250612559596195 117357445 117539934 182489
12 84 ss1388113518 9916640 11 -0.00249330648304939 9833398 9991160 157762
12 711 rs11061312 131560173 7 -0.0024787398755223 131542891 131642228 99337
12 427 rs10858565 87607901 1 -0.00244219329918125 87607901 87728443 120542
12 615 rs7975910 121685394 5 0.0024292681840682 121506154 121712301 206147
12 123 rs2099014 14843835 2 0.00240831102367435 14843835 15038788 194953
12 191 rs11048689 26957401 4 0.0023919993432525 26883825 27090550 206725
12 394 rs7131741 78251906 2 0.00238768995813098 78124579 78253891 129312
12 619 rs10847335 123123258 2 -0.00238167552996106 122494809 123123258 628449
12 684 rs500769 129549735 2 -0.00235220477744663 129547345 129593425 46080
12 496 rs7965793 100175468 4 -0.00232525489261609 100002021 100215417 213396
12 184 rs279014 25683496 5 -0.00230761911022015 25613164 25749472 136308
12 688 rs4759592 129757801 2 0.00223448819065103 129722628 129810707 88079
12 181 rs10743535 25225335 3 0.00221562355258652 25213582 25410283 196701
12 649 rs1706487 127147035 2 -0.00219887002788438 127082208 127179905 97697
12 156 rs11045863 21361868 9 -0.00215067976674638 21317791 21567793 250002
12 564 rs7971457 114615807 4 0.0021346295240662 114457844 114674261 216417
12 673 rs1683723 128900005 4 0.00213345094364842 128872849 128902895 30046
12 371 rs11178918 72125285 5 -0.00212392698872713 71943537 72125285 181748
12 454 rs7976742 93721801 1 0.00211791091994114 93628915 93791233 162318
12 590 rs532967 117732339 3 0.0021163811820362 117720185 117861069 140884
12 28 rs10848825 3325815 4 -0.00211050779460561 3253569 3326187 72618
12 137 rs1163929 17602872 5 0.00205025399016735 17376899 17606289 229390
12 494 rs1032390 99693251 1 -0.00204508878616483 99693251 99808128 114877
12 199 rs10506041 28832911 5 -0.00202008675096322 28776755 29018318 241563
12 592 rs6490128 117975866 6 -0.00201320907267383 117925350 118000836 75486
12 523 rs4964316 105433077 1 -0.00201265934804913 105143135 105433607 290472
12 149 rs9669759 20346064 2 0.00200787802840106 20293893 20372499 78606
12 434 rs1949538 89573732 3 0.00200477887632603 89462206 89655786 193580
12 297 rs117805856 57397876 5 0.00197595669828363 56988342 57457959 469617
12 462 rs1434704 94483206 3 -0.00195543690135279 94483206 94491385 8179
12 432 rs7305771 89239766 2 -0.001906805173255 89175535 89376538 201003
12 41 rs3217830 4392530 1 0.00188301399562313 4392530 4402817 10287
12 44 rs12821116 4890114 3 0.00188007283494003 4699232 4890114 190882
12 100 rs2710278 12045185 1 0.00187816436583194 12045185 12084073 38888
12 677 rs11829045 129172019 1 -0.00187162405838688 129172019 129208187 36168
12 209 rs10082827 30473418 4 -0.00186790324545154 30368441 30474937 106496
12 13 rs2010851 1756642 1 0.00174065309580968 1753356 1760478 7122
12 248 rs11534909 46456826 3 0.00173546125716958 46084699 46487024 402325
12 46 rs2240865 5027653 2 -0.00173104468825762 4995220 5038334 43114
12 24 rs10848704 2882544 1 0.00172689660308072 2882544 3060224 177680
12 383 rs12426679 76237987 7 0.00170926918546971 76210525 76293660 83135
12 596 rs7960031 118246065 2 -0.00170107535316154 118211046 118280475 69429
12 163 rs2728643 22878685 6 0.00168881835463126 22867619 22916596 48977
12 461 rs2362411 94388945 2 0.00168125439038715 94352709 94437395 84686
12 438 rs1344963 90671979 1 0.0016462465533379 90571042 90719672 148630
12 548 rs1036515 109745620 6 -0.00164533311514425 109692053 110038454 346401
12 517 rs3751209 104373600 10 0.00164445878446214 104253514 104453196 199682
12 510 rs17542122 103115225 3 -0.00163037543616347 103104592 103125690 21098
12 468 rs7306517 95136893 1 0.00162268663031626 95136893 95138070 1177
12 253 rs4768783 47592945 3 0.00161312137355239 47508853 47618366 109513
12 179 rs16928217 25093004 3 0.00158926731806847 25077205 25138016 60811
12 440 rs17018277 91156974 2 0.00158414258541343 91024916 91156974 132058
12 104 rs16907786 12314602 3 -0.00158265539432874 12279361 12458534 179173
12 715 rs10082903 132078060 1 -0.00158213017682487 132039877 132096632 56755
12 166 rs16925818 23273114 3 -0.00154464364654828 23195088 23625634 430546
12 576 rs2384616 115951160 2 0.00152209236690438 115840082 115980907 140825
12 651 rs11058920 127502469 4 -0.00150236710572461 127388659 127502469 113810
12 138 rs1706673 17744821 6 -0.00149658820961996 17638662 18018289 379627
12 381 rs11180644 76096630 1 -0.00149141923250472 76048838 76100750 51912
12 246 rs2710459 45251110 6 -0.00147527865370338 45231387 45824581 593194
12 234 rs10880029 41715800 3 0.00146563083793269 41698342 42118062 419720
12 382 rs7488278 76129356 1 -0.00145821089254857 76129356 76186758 57402
12 573 rs2384569 115560137 1 0.00145713475503357 115495279 115575544 80265
12 356 rs10878883 69375536 3 0.00144586740476476 69312523 69442056 129533
12 40 rs4766227 4363350 2 0.00141551676112124 4322051 4363350 41299
12 192 rs841614 27304878 3 0.00141478402617937 27098202 27529219 431017
12 444 rs7960822 92191466 1 -0.00141271441288645 92161384 92191466 30082
12 152 rs4583026 20794191 1 0.00137684301462132 20719629 20794191 74562
12 443 rs10777317 91980374 3 -0.00137342180886583 91649224 92050203 400979
12 251 rs2408710 47440496 3 0.00136165884972411 47184783 47450430 265647
12 476 rs10859990 96336039 5 -0.00135526548807934 96315487 96437554 122067
12 131 rs1405513 16322907 1 -0.0013533485639439 16322907 16423287 100380
12 208 rs12579700 30228467 3 -0.00134779650537321 30205712 30337790 132078
12 607 rs2251190 119708088 1 0.00133421047372052 119673183 119725401 52218
12 657 rs1485862 127905639 1 0.00131968291089769 127882841 127917085 34244
12 247 rs10880810 45924964 3 0.00131011960075477 45869279 45986738 117459
12 656 rs1684227 127846842 1 0.00129736053514572 127826108 127860333 34225
12 520 rs875679 105013796 1 0.00129151847155422 104925884 105052250 126366
12 327 rs10506538 64933925 1 -0.00126415623583037 64927493 64933925 6432
12 355 rs7971479 69247483 2 0.00122555367231494 69247483 69285094 37611
12 506 rs10860779 102127262 6 -0.00121339942880209 102087844 102335627 247783
12 658 rs11059209 127976657 3 -0.00120427292760185 127924265 127999665 75400
12 313 rs17124819 61744621 1 0.00117936787629051 61744621 61910246 165625
12 158 rs117295320 21951107 1 -0.00117032048793765 21951107 22101824 150717
12 627 rs1243888 124930214 1 0.00116800302998262 124863599 124930214 66615
12 623 rs7960854 124333519 3 -0.00116393988269426 124288264 124460703 172439
12 153 rs14083 20836856 4 0.00114473327520434 20810511 20860093 49582
12 260 rs7299704 48444488 11 0.00112812981352227 48356109 48954040 597931
12 620 rs10847446 123160304 2 0.00112321934704305 123160304 123364198 203894
12 379 rs7132640 75275217 3 0.00111533008723335 75215265 75521362 306097
12 118 rs1075010 13918341 2 0.00108965708951143 13918341 14101954 183613
12 541 rs61740671 108686316 2 -0.00108370158564115 108655308 108702560 47252
12 609 rs4453294 119840837 1 -0.00107968442532027 119763890 119853272 89382
12 437 rs17017109 90004107 3 0.00107201807086835 90004107 90562017 557910
12 173 rs883569 24393365 1 0.00105930392130183 24386579 24424791 38212
12 217 rs10506079 31942106 1 -0.00105082907261528 31810126 31944985 134859
12 315 rs10877760 62282739 3 0.00101478290689868 62282739 62367084 84345
12 577 rs10774829 116084431 7 0.00101467618111651 116011729 116139373 127644
12 261 rs17238800 49061511 2 0.00100867814214203 49058814 49226743 167929
12 150 rs1593848 20428489 4 0.00100079438698144 20398906 20521654 122748
12 481 rs1421411 97056904 5 -9.97974256455458e-4 96856310 97361004 504694
12 633 rs7134003 125380714 1 9.92272187261483e-4 125320715 125385572 64857
12 86 rs686148 10129694 3 -9.751100426840508e-4 10108433 10176144 67711
12 701 rs6486530 130690280 1 -9.73325322912992e-4 130680437 130721733 41296
12 643 rs12578839 126366825 1 9.71424739298625e-4 126356564 126433433 76869
12 465 rs8553 94701318 1 9.55972380515304e-4 94654986 94888615 233629
12 361 rs485288 69980028 1 9.303495574045784e-4 69827658 70012260 184602
12 377 rs10879741 74616769 7 -9.3011239511233e-4 74133672 74835107 701435
12 367 rs7297717 71167528 1 -9.126623425795576e-4 71167528 71212168 44640
12 598 rs5745879 118467645 2 9.092716095169258e-4 118380934 118477182 96248
12 346 rs11176893 68236562 3 8.959158021743041e-4 68179936 68236562 56626
12 292 rs2252795 55343628 4 -8.71953051788766e-4 55335383 55431990 96607
12 705 rs12578145 131044757 1 8.4410046057353e-4 131036662 131092583 55921
12 456 rs7488123 93951607 1 -8.420605123376339e-4 93951607 93996980 45373
12 397 rs169949 78601978 2 8.210806753606949e-4 78577755 78643490 65735
12 464 rs870034 94640095 2 8.187719687188906e-4 94594559 94640095 45536
12 67 ss1388029506 7114196 3 -8.009095106247372e-4 7085171 7188562 103391
12 99 rs743613 12008864 1 -7.987404243437503e-4 12004154 12039551 35397
12 242 rs1531402 44243739 2 -7.916267614262674e-4 44215732 44459583 243851
12 345 rs2620791 68045584 4 7.769201729682287e-4 68045584 68157051 111467
12 419 rs2403106 84008275 5 7.724049193910849e-4 83866535 84167218 300683
12 146 rs10841337 19897179 1 -7.683248387638127e-4 19785990 19909772 123782
12 412 rs11829752 82395279 4 7.647921068221456e-4 82343899 82570636 226737
12 320 rs2839798 63265984 3 7.629926492924136e-4 63256210 63309327 53117
12 502 rs164365 101560328 2 7.544355334949775e-4 101468352 101617797 149445
12 449 rs4006659 92917591 5 -7.459880139499479e-4 92843638 92968457 124819
12 148 rs17373317 20279517 2 -7.458396880877229e-4 20087157 20279517 192360
12 210 rs7968413 30678017 2 -7.289985208260934e-4 30550521 30712061 161540
12 122 rs10846014 14673715 3 7.270525481818744e-4 14673715 14720554 46839
12 142 rs2931484 18803034 2 7.217667821390683e-4 18641138 18808012 166874
12 514 rs1317389 103800290 5 7.1852565027065e-4 103786515 103993566 207051
12 145 rs7979433 19400586 2 7.080658962704189e-4 19254633 19746587 491954
12 257 rs2285831 48125702 7 -7.031116142939275e-4 47940764 48177238 236474
12 114 rs10505772 13371511 1 -6.845986523387013e-4 13338113 13380486 42373
12 635 rs6488977 125519849 1 6.843451190087941e-4 125500077 125540106 40029
12 249 rs1867501 46523879 1 6.81371442049588e-4 46517922 46591906 73984
12 259 rs7136534 48294626 1 -6.787285688459114e-4 48278487 48320109 41622
12 631 rs838853 125204372 1 6.782187558716802e-4 125201015 125250248 49233
12 669 rs4268573 128645217 1 6.682209333323124e-4 128617478 128651244 33766
12 407 rs61735664 80735737 5 6.622494250659302e-4 80699475 80943669 244194
12 591 rs7306852 117889383 1 -6.555872688600049e-4 117875158 117897323 22165
12 91 rs10845199 10820318 3 -6.519311974434008e-4 10771039 10894663 123624
12 218 rs1259743 32039681 2 -6.442555802091513e-4 31959514 32076823 117309
12 593 rs4767571 118018700 1 6.421450110521397e-4 118018700 118080746 62046
12 68 ss1388032708 7281317 2 6.413428297744241e-4 7248556 7370502 121946
12 414 rs12425131 82984879 2 6.409943602254062e-4 82984879 83112586 127707
12 655 rs906737 127763342 1 6.268203568859845e-4 127763342 127807994 44652
12 697 rs870779 130440075 3 -6.23370140382809e-4 130426025 130493840 67815
12 70 ss1388041486 7603345 1 -6.215299081529035e-4 7527124 7630833 103709
12 11 rs10773958 1650097 1 -6.128138566749102e-4 1637913 1670493 32580
12 72 ss1388049722 7879654 1 -5.992657966660832e-4 7850431 7912675 62244
12 103 rs1615942 12244222 1 5.869403872387149e-4 12238317 12256375 18058
12 337 rs903088 66935080 1 -5.84080053331587e-4 66846562 66935080 88518
12 498 rs17030162 100850107 1 -5.790253333155272e-4 100800193 100899427 99234
12 162 rs17341505 22777844 1 5.716904058766936e-4 22500419 22777844 277425
12 421 rs10779113 85012313 1 -5.683873348178468e-4 84830157 85026276 196119
12 172 rs11047284 24308717 1 5.65604147436572e-4 24308717 24358865 50148
12 671 rs7307538 128777013 1 -5.62605870114428e-4 128773787 128799504 25717
12 4 rs748125 632922 2 5.604555327354395e-4 632645 662873 30228
12 243 rs17094119 44512431 2 5.481049541906048e-4 44487061 44720874 233813
12 53 rs3782594 5717713 2 -5.441911719743142e-4 5641113 5747963 106850
12 380 rs7979548 75750513 1 5.404069539740425e-4 75575308 76035445 460137
12 342 rs17781166 67516075 2 -5.394952673625994e-4 67440088 67634643 194555
12 120 rs10772747 14352318 3 5.337104957846533e-4 14288015 14404281 116266
12 678 rs4760557 129228730 1 5.150300592847748e-4 129228730 129228730 0
12 323 rs1983148 64168113 1 5.063204884814574e-4 63946056 64284283 338227
12 52 rs2052355 5576943 1 -4.95087902870461e-4 5554678 5618814 64136
12 445 rs4240750 92299169 2 4.923913413254533e-4 92248851 92377558 128707
12 699 rs11060702 130591803 1 -4.8325275454160746e-4 130559833 130591803 31970
12 88 rs3741860 10320444 3 -4.7903532246506745e-4 10320444 10467067 146623
12 647 rs10773257 126726530 1 4.783666458321597e-4 126703253 126823845 120592
12 27 rs12820322 3200476 1 -4.7247549364521165e-4 3200476 3231116 30640
12 582 rs6490057 116777570 1 4.681012983240207e-4 116769723 116806443 36720
12 43 rs7302664 4664821 1 4.6764639534919354e-4 4518169 4664821 146652
12 689 rs11060281 129852893 1 4.615001649901131e-4 129839544 129884771 45227
12 289 rs7299852 54872938 1 -4.575768673538131e-4 54866969 54942886 75917
12 278 rs11612661 52971564 3 -4.530156886943326e-4 52938320 53036090 97770
12 9 rs16928482 1590693 1 -4.415597265794869e-4 1553797 1598223 44426
12 447 rs1013848 92516807 1 4.230203249744488e-4 92487362 92670773 183411
12 543 rs2228315 109017898 1 4.1841705814339367e-4 108918146 109017898 99752
12 49 rs500677 5295504 2 4.143559481789356e-4 5210761 5309827 99066
12 583 rs1732334 116826177 1 -4.122763293969814e-4 116826177 116863241 37064
12 85 rs688577 10074626 5 4.111115803076083e-4 10007761 10092173 84412
12 235 rs1468618 42323344 2 -3.99977703420685e-4 42120502 42344420 223918
12 713 rs4614547 131837938 1 3.9554698463667686e-4 131836281 131837938 1657
12 293 rs12582022 55694360 1 -3.9060929819308425e-4 55507465 56036131 528666
12 441 rs1973519 91229736 4 -3.872090145285996e-4 91197897 91275998 78101
12 147 rs10841372 19974796 3 -3.837580003338152e-4 19947908 20063968 116060
12 360 rs7295234 69811369 3 3.727377352275896e-4 69697366 69811369 114003
12 127 rs17415853 15930805 1 3.708628451139944e-4 15856513 16014695 158182
12 193 rs306637 27620727 3 -3.671225630484342e-4 27536031 27746753 210722
12 33 rs11062734 3708546 1 3.5848465985723526e-4 3682483 3744487 62004
12 308 rs7957738 59771041 1 -3.5519262463377515e-4 59585251 59986704 401453
12 165 rs3847899 23172273 1 -3.5057598066345425e-4 23155705 23183392 27687
12 392 rs10777158 77835446 1 3.492859065327344e-4 77806686 77911322 104636
12 693 rs155681 130077125 1 3.394406355170007e-4 130075335 130156919 81584
12 707 rs7967173 131143201 1 3.3381842384610036e-4 131142912 131222100 79188
12 135 rs16912235 16963281 1 3.2783822833182345e-4 16893686 17057423 163737
12 296 rs2657887 56943533 1 3.191107082536014e-4 56815922 56956213 140291
12 256 rs7971524 47935320 3 3.189967711771578e-4 47891755 47935320 43565
12 325 rs11175240 64442435 1 3.1810685051998795e-4 64415030 64538378 123348
12 458 rs2364871 94102129 2 3.1247006544815213e-4 94091999 94194890 102891
12 634 rs4765011 125446436 2 -3.121317320035632e-4 125432618 125446436 13818
12 489 rs7954125 98762487 4 -3.1024353116797503e-4 98584412 98762487 178075
12 416 rs11115492 83322071 6 3.091555408228602e-4 83322071 83494349 172278
12 549 rs714880 110093847 1 2.9919832339226596e-4 110056708 110108063 51355
12 571 rs10735087 115387853 3 -2.868627139353757e-4 115346424 115428241 81817
12 105 rs3741799 12496011 1 -2.7555847775491275e-4 12480088 12514842 34754
12 558 rs1458366 113672577 1 -2.751958323906964e-4 113528588 113798712 270124
12 188 rs7301846 26523923 2 -2.735118602416577e-4 26442052 26523923 81871
12 140 rs4340104 18315949 1 2.673346594738813e-4 18304086 18465255 161169
12 413 rs4471506 82738459 2 2.6593568933479917e-4 82612417 82792949 180532
12 680 rs9738216 129281788 2 2.5624609607591487e-4 129266496 129395114 128618
12 76 ss1388058913 8144661 1 -2.3860719703412423e-4 8142798 8211187 68389
12 326 rs11837890 64863983 1 2.320541420307534e-4 64586221 64863983 277762
12 570 rs7973594 115276032 2 -2.2907236327061333e-4 115272875 115320513 47638
12 696 rs12306127 130332478 1 2.2462430430190763e-4 130315930 130361533 45603
12 310 rs17123206 60405103 1 2.2257022762867175e-4 60274570 60823755 549185
12 559 rs9988968 113938443 1 -2.212426686556557e-4 113938443 113982356 43913
12 271 rs7957593 51998690 2 -2.2118108439536373e-4 51952880 52251272 298392
12 544 rs10861970 109221013 1 2.195008355083869e-4 109133588 109287984 154396
12 93 rs11835196 11411923 1 2.1880260116923073e-4 11368653 11460063 91410
12 45 rs12423234 4930360 1 -2.1674718576641873e-4 4915652 4984601 68949
12 406 rs6539493 80565946 2 2.1576434315941e-4 80453341 80614851 161510
12 682 rs646464 129462178 1 -2.1537004530364736e-4 129460301 129501057 40756
12 694 rs2398469 130204943 2 2.151776136289704e-4 130166947 130247031 80084
12 507 rs3751130 102350785 2 2.0774347813226e-4 102350785 102352707 1922
12 60 rs797773 6307566 1 2.0588229297097905e-4 6307566 6349328 41762
12 719 rs75585377 133196037 3 -2.022486207226273e-4 133090791 133331537 240746
12 125 rs4763417 15297057 2 1.9771286127366817e-4 15253372 15545143 291771
12 64 rs2178692 6836051 1 1.9667294728948828e-4 6691452 6836051 144599
12 283 rs6580960 54159380 1 1.9510027660757932e-4 54109659 54187582 77923
12 245 rs1551082 45159485 2 1.920992475182137e-4 44927340 45195228 267888
12 537 rs957628 107979753 4 1.9203326747027323e-4 107861624 108012066 150442
12 638 rs326387 125805148 1 1.796036799042259e-4 125802173 125878240 76067
12 716 rs12227924 132272725 1 1.7909848777400593e-4 132156008 132302324 146316
12 112 rs1291359 13157267 1 1.7881406201066392e-4 13097327 13185401 88074
12 196 rs258402 28008791 2 1.7689916240509057e-4 27964996 28008791 43795
12 492 rs1549102 99282746 1 1.608641604311559e-4 99256895 99286617 29722
12 7 rs4766394 1047531 1 -1.5924072448830518e-4 889902 1073052 183150
12 535 rs1991310 107722780 1 1.4985398009039817e-4 107557112 107722780 165668
12 319 rs549433 63180816 1 -1.483986944179109e-4 63180816 63224547 43731
12 109 rs7956578 12932281 1 1.4563284678316272e-4 12932281 13009379 77098
12 575 rs1920947 115801070 1 -1.4411341595009866e-4 115670022 115836522 166500
12 685 rs7961192 129612338 2 1.4140186033213592e-4 129595327 129631493 36166
12 511 rs1464789 103211059 1 1.369702595811928e-4 103211059 103361379 150320
12 266 rs3741559 50344976 2 1.2049346290575648e-4 50341465 50344976 3511
12 57 rs917859 6082113 1 -1.1055558443710424e-4 6082113 6106018 23905
12 457 rs11830104 94030479 1 1.0798625877108978e-4 94013143 94030479 17336
12 287 rs10506328 54687232 1 1.0400536526162398e-4 54539005 54687232 148227
12 270 rs1389195 51920264 1 -9.99780521796402e-5 51802656 51920264 117608
12 174 rs2970422 24527268 1 -9.959149911260552e-5 24471815 24538432 66617
12 155 rs12824715 21056715 7 -9.723053327173604e-5 20996314 21309714 313400
12 207 rs10843576 30114379 2 -9.468549874338626e-5 30084002 30157592 73590
12 370 rs10748178 71904790 2 -9.19808640855652e-5 71714666 71934790 220124
12 578 rs11614245 116159429 1 -9.156182192564732e-5 116155595 116178812 23217
12 32 rs11062666 3582651 1 9.131396037604496e-5 3582651 3670151 87500
12 273 rs7964071 52466050 2 -9.077534840008e-5 52402998 52488413 85415
12 515 rs1677979 104027585 2 8.914924533143714e-5 104020232 104124018 103786
12 602 rs2049128 119047482 2 -8.801769003723343e-5 118998140 119172763 174623
12 275 rs7300317 52632573 3 8.705386961651779e-5 52583604 52632573 48969
12 536 rs4964573 107785779 2 8.700845358491414e-5 107732227 107842206 109979
12 102 rs2909001 12208578 4 8.516060148585844e-5 12208578 12223868 15290
12 534 rs61743416 107141265 1 -8.200497903761381e-5 106965482 107539486 574004
12 277 rs4761907 52880097 3 -7.996358146126589e-5 52810246 52913668 103422
12 648 rs6489076 126908667 2 7.757840393523928e-5 126895488 127035173 139685
12 233 rs11180661 41684799 2 -7.6953770099808975e-05 41222390 41685895 463505
12 225 rs10844563 33503996 1 7.238169323728836e-5 33458768 33824953 366185
12 404 rs10862027 80394465 2 -6.749442073800821e-5 80133070 80429390 296320
12 519 rs1704910 104915880 1 -6.65450601706439e-5 104854011 104916224 62213
12 113 rs11832369 13296185 1 -6.518080588039453e-5 13211471 13324295 112824
12 255 rs1029429 47879568 1 -6.19101342135146e-5 47746478 47879568 133090
12 660 rs1967060 128071611 1 5.839420869509801e-5 128063305 128128048 64743
12 19 rs1009281 2528984 1 5.410694326869297e-5 2482330 2538941 56611
12 321 rs1681993 63338414 1 -5.301875264929263e-5 63338414 63517867 179453
12 505 rs3751246 102064058 1 -4.4969597318391474e-5 101991750 102071290 79540
12 180 rs11047761 25172884 1 3.3466431381618646e-5 25172884 25192784 19900
12 133 rs726206 16650668 6 3.0187138713545086e-5 16590311 16695762 105451
12 299 rs1800141 57588433 2 2.9988261338254817e-5 57578673 57829129 250456
12 418 rs4084722 83854627 2 -2.619096086137662e-5 83580357 83856696 276339
12 213 rs7309016 31085550 1 2.522528107389183e-5 31082324 31139301 56977
12 589 rs11068393 117623136 2 2.4264758232943524e-5 117594254 117693817 99563
12 500 rs1606761 101165369 2 2.135001773895495e-5 101093560 101203535 109975
12 262 rs10875883 49285390 1 -1.9843679877300176e-5 49270097 49464449 194352
12 393 rs1727860 78054695 1 -1.972326039592145e-5 77934303 78090240 155937
12 81 ss1388087861 9013755 1 1.4251733831623083e-5 8990937 9027429 36492
12 654 rs10847300 127709389 1 1.132362119000108e-5 127688917 127735962 47045
12 340 rs10506503 67225980 2 -7.925960284779852e-6 67192442 67285768 93326
