CHR Group SNP.lead BP.lead Size W BP.min BP.max BP.width
21 65 rs2834109 34521087 10 0.06021874975452983 34515010 34716789 201779
21 114 rs7283760 45640629 5 0.03692848248862623 45209559 45670770 461211
21 55 rs565489 31523734 7 0.03100605266759176 31511924 31719836 207912
21 100 rs2280807 42821265 7 0.02108623165326729 42682644 42862936 180292
21 110 rs3737434 44437142 8 0.01746519229114831 44362904 44519655 156751
21 52 rs2832310 30768350 14 0.0173229524840568 30004254 30768350 764096
21 57 rs762194 32493031 9 0.01521937639793537 32294481 32517961 223480
21 9 rs1449525 17762328 7 0.01486667534916192 17743767 17826260 82493
21 11 rs2824098 18235587 8 0.01471325396960147 18228575 18457828 229253
21 83 rs2836074 39346333 15 0.01457959700360756 39332384 39721888 389504
21 90 rs447480 41221971 4 0.01306360922642311 41136712 41277049 140337
21 31 rs2827079 23196432 12 0.01256570653665713 22888198 23264430 376232
21 119 rs8129133 46454237 4 0.01026677452115559 46454237 46684517 230280
21 35 rs12483180 24720653 14 0.00939768727527681 24696982 25075551 378569
21 50 rs2831503 29481474 4 0.00911158617133842 29305612 29485359 179747
21 3 rs1292747 16115679 11 0.00888971315404539 15954660 16189981 235321
21 69 rs8129311 35922006 10 0.00871121553670254 35757915 36009296 251381
21 86 rs992244 40252150 14 0.00818393710211624 40157281 40377215 219934
21 34 rs20461 24521301 12 0.00784978292172714 24185967 24684174 498207
21 102 rs9917486 43102097 3 0.00779652237577528 43059884 43107623 47739
21 39 rs7281937 26021230 1 0.00726103650086877 25912293 26058246 145953
21 63 rs10427540 34374530 3 0.00704895616104911 33998027 34375854 377827
21 104 rs220229 43448797 5 0.00699050359710849 43359680 43453662 93982
