CHR Group SNP.lead BP.lead Size W BP.min BP.max BP.width
19 92 rs3745516 50926742 11 0.21082694726292775 50699504 51040416 340912
19 32 rs2304256 10475652 16 0.12094397827173618 10219076 10608064 388988
19 48 rs3761041 18183917 12 0.0824836106075558 18038782 18454825 416043
19 98 rs273634 51718837 6 0.05992551318434588 51676299 51894738 218439
19 45 rs8109466 17207011 13 0.05969606333274815 17108127 17469382 361255
19 41 rs8110002 15963695 20 0.05072101122124526 15235879 16072037 836158
19 43 rs12710303 16282131 7 0.04734929301588284 16282131 16797415 515284
19 50 rs892035 19758190 13 0.03879929882339974 19136541 20488698 1352157
19 33 rs1122608 11163601 22 0.03838131601289722 10668452 11417200 748748
19 101 rs3745101 53085813 8 0.03766193412457682 52928039 53233273 305234
19 99 rs7260152 52160305 16 0.03717507298088281 51907788 52204942 297154
19 62 rs10411210 33532300 10 0.03712079510544859 33532300 33760339 228039
19 53 rs811020 28393499 23 0.03572104981384058 23556852 28903629 5346777
19 85 rs1862499 47549791 9 0.03528370809802728 47549791 48198675 648884
19 25 rs72558007 7762440 9 0.03477906675549721 7758339 8106521 348182
19 80 rs4803766 45371168 10 0.03123477139849729 45296806 45487420 190614
19 12 rs45465594 3813906 4 0.03054441838314898 3813906 4147445 333539
19 110 rs17305311 54705641 4 0.02871426830569849 54545531 54797848 252317
19 40 rs116923487 15133803 13 0.02869334465393902 14910321 15174953 264632
19 27 rs2336573 8367709 7 -0.02843260294588301 8271721 8579011 307290
19 18 rs778805 5832209 3 0.02763571578158114 5822490 6187800 365310
19 6 rs10417628 2251817 2 0.0274154174504374 2113518 2438884 325366
19 61 rs7253538 32834547 21 0.02725432597589699 32595038 33468067 873029
19 65 rs8191371 34868776 4 0.02602938626880183 34833079 35298961 465882
19 68 rs11084813 35923858 24 0.02600416208110128 35868773 36324324 455551
19 100 rs324125 52887282 17 0.02552080838637075 52246157 52887603 641446
19 78 rs16976937 44470147 17 0.0254799879868474 44172188 45029208 857020
19 79 rs8108277 45205877 3 0.02476645996830262 45048323 45205877 157554
19 74 rs61750953 41306650 13 0.02410912784162387 41012190 41675162 662972
19 72 rs10407035 39913634 6 0.02325844285220147 39761790 40169328 407538
19 88 rs16982241 49202859 14 0.02201792349141652 48715269 49252989 537720
19 121 rs10403926 57588298 14 0.02066713081275171 57524031 57909872 385841
19 95 rs2659122 51363026 5 0.01976505660431013 51361315 51446530 85215
19 38 rs888876 14416793 6 0.01933779108972218 13993457 14450812 457355
19 70 rs8102476 38735613 12 0.01908532480652578 38478465 38983180 504715
19 123 rs1051500 58944402 13 0.01881482675334125 58547449 59069353 521904
19 73 rs887804 40357123 17 0.01805907073866421 40188968 40952148 763180
19 51 rs11085403 21107489 14 0.01771339834152054 20731545 22036167 1304622
19 57 rs77238711 31039669 8 0.01656185930852803 30625513 31057349 431836
19 84 rs12609920 47210859 10 -0.01651959895625271 47207654 47455315 247661
19 63 rs4805889 33954588 13 0.01506761324441726 33791127 34177770 386643
19 22 rs2914559 7103542 4 -0.01470214871927311 6833777 7114213 280436
19 86 rs12979616 48350011 7 0.01356633635521629 48263635 48472474 208839
19 109 rs7257945 54429450 4 -0.01342195990980783 54390121 54486773 96652
19 71 rs879689 39650830 11 0.01326385407472606 38996990 39743165 746175
19 54 rs10417003 29366711 16 -0.01307689626222621 28948389 29762562 814173
19 23 rs7254060 7283414 3 0.01287679508580936 7167715 7298095 130380
19 108 rs9749510 54281322 1 -0.01253498929835878 54276241 54332061 55820
19 58 rs17628152 31339621 9 0.01252571524983418 31099589 31370794 271205
19 77 rs4803630 43951083 7 -0.01241417234041311 43815568 44156472 340904
19 67 rs2853332 35746706 6 0.01219266983940059 35615995 35794775 178780
19 59 rs56688754 31906847 14 0.01201956816027514 31401756 32053745 651989
19 69 rs2967465 37027217 33 0.01173571918501325 36442117 38411090 1968973
19 115 rs485152 56148389 6 -0.01168027263935508 56134038 56332628 198590
19 29 rs61732905 9070264 19 0.01145227456487745 8921033 9237542 316509
19 17 rs1129046 5654449 4 0.01142204631224889 5393748 5663920 270172
19 111 rs35336528 54968038 5 0.01093820746109792 54849481 55159164 309683
19 94 rs919276 51231068 10 0.01085285955024762 51231068 51323676 92608
19 113 rs890871 55672055 5 0.0107277656060191 55497843 55710074 212231
19 34 rs624899 11612498 2 0.01070159515953053 11502291 11651810 149519
19 28 rs7249094 8672000 4 0.00980228546938485 8633943 8808942 174999
19 20 rs422981 6556778 2 0.00979482779974196 6520490 6588267 67777
19 4 rs4807140 1773999 2 -0.00972018623636607 1744203 1773999 29796
19 82 rs10405141 46743245 15 -0.00914215090087251 45976758 46743245 766487
19 87 rs891015 48542414 12 -0.00876974275829222 48518417 48678148 159731
19 8 rs61754927 2917509 7 0.00874545065598051 2833431 2977638 144207
19 7 rs4334421 2580057 4 0.00795341862216414 2514565 2668611 154046
19 104 rs1045764 53611473 6 0.00759056311523792 53554075 53793574 239499
19 116 rs306481 56487603 13 0.00748279280789715 56369189 56571547 202358
19 26 rs8103218 8143114 7 0.00747560062068694 8136398 8242511 106113
19 75 rs1800472 41847860 7 0.00736448459330425 41767987 42091163 323176
19 14 rs243335 4402017 11 0.00712185035114929 4353174 4735663 382489
19 114 rs1058511 55859439 8 0.00701479366609276 55739515 56058737 319222
19 11 rs8102902 3769049 4 -0.00671563315633244 3592730 3806837 214107
19 91 rs12609870 50229644 9 0.00664893984401544 49948612 50563899 615287
19 1 rs8108922 691025 3 0.00653372154350587 682010 765568 83558
19 97 rs2691273 51596136 2 0.00646194503873009 51561023 51628529 67506
19 52 rs11666025 23408129 10 -0.00637799676830555 22062158 23408129 1345971
19 56 rs8113773 30350139 5 -0.00621934975809109 30164574 30566056 401482
19 119 rs10425564 57312980 12 0.00621687822297954 57162288 57419586 257298
19 9 rs3786947 3114229 5 0.00565479217803686 3030118 3256521 226403
19 10 rs11672955 3511709 1 -0.00547281135270712 3309021 3511709 202688
19 122 rs2375145 58401342 20 -0.00515011775705718 57955244 58518534 563290
19 102 rs7252166 53293834 1 0.00514639390786162 53278953 53293834 14881
19 66 rs1687983 35568212 6 0.00480790630947875 35357338 35570307 212969
19 47 rs3761055 17835831 5 0.00431734688676054 17768818 17927041 158223
19 118 rs4801699 56785231 6 -0.00422666093041056 56765460 57126728 361268
19 83 rs75175362 46914927 8 -0.00415648193291646 46797830 47104226 306396
19 36 rs16019 13411451 5 0.00394932886825754 13374913 13597003 222090
19 37 rs16979195 13640105 1 -0.0037752674934845 13622767 13951830 329063
19 30 rs2303100 9968434 7 0.0037214050146761 9289039 10017135 728096
19 39 rs8109493 14603932 10 0.00357777639478654 14494473 14854338 359865
19 89 rs684959 49296654 2 0.00334619405795193 49294862 49447713 152851
19 31 rs889125 10120571 3 0.0032956577655104 10050184 10160578 110394
19 64 rs7256463 34366393 9 0.0027909633602693 34231542 34610341 378799
19 42 rs8110325 16176940 2 0.00279015087165024 16116583 16245267 128684
19 44 rs773901 17003789 1 -0.00252139680408184 16860558 17054492 193934
19 15 rs12979279 4764306 4 0.00230326736189682 4742465 4900684 158219
19 24 rs612862 7593589 7 -0.0022732709611907 7448832 7624391 175559
19 2 rs2072283 1116117 1 0.00224196780788216 844020 1116117 272097
19 117 rs274154 56671836 2 0.00216002367895227 56583306 56745520 162214
19 16 rs2074983 5285570 4 0.00198814453240127 4929473 5359211 429738
19 107 rs7254177 54206688 1 0.0017361664381558 54167270 54222824 55554
19 35 rs286300 11797308 20 0.00158683105275496 11687195 13059147 1371952
19 81 rs11878644 45876967 2 -0.00140938498137634 45589595 45923653 334058
19 0 rs4897939 301619 1 -0.00140531884516128 301619 508626 207007
19 105 rs8104523 53829121 2 0.00108545069795144 53818436 53932295 113859
19 55 rs10411539 29972230 7 0.00104437116569636 29847162 30137035 289873
19 60 rs511811 32314430 4 9.931177140460636e-4 32183171 32501502 318331
19 120 rs1433105 57461103 1 9.66069389026591e-4 57433407 57485951 52544
19 49 rs10330 19017862 2 8.041097064703838e-4 18707048 19017862 310814
19 3 rs1875960 1537467 4 6.567274407837671e-4 1370526 1630341 259815
19 21 rs12608960 6755155 4 -5.778893563406908e-4 6617161 6788907 171746
19 76 rs7251044 42202285 4 4.804909211485669e-4 42147477 43198035 1050558
19 19 rs7253395 6401588 3 -3.96117097537329e-4 6205825 6468907 263082
19 13 rs4435380 4335869 3 -3.339447382201293e-4 4182060 4342847 160787
19 5 rs17684904 1933930 2 -3.090256677195899e-4 1926027 2039727 113700
19 112 rs4436877 55216162 6 2.4268647976536132e-4 55216162 55447595 231433
19 46 rs76629753 17662616 6 1.59918843982002e-4 17487620 17667970 180350
19 93 rs4801844 51159571 1 -9.62455809254634e-5 51073579 51159571 85992
19 96 rs2569522 51455389 1 4.270274782582671e-5 51455389 51546642 91253
19 90 rs113984787 49671207 10 -1.2136300355358036e-5 49571957 49899076 327119
