CHR Group SNP.lead BP.lead Size W BP.min BP.max BP.width
19 156 rs3745516 50926742 9 0.2143230668518166 50855935 51040416 184481
19 52 rs2304256 10475652 21 0.12452806073914642 10219076 10608064 388988
19 81 rs3761041 18183917 9 0.07827396474562248 18180236 18454825 274589
19 163 rs273634 51718837 6 0.05392746338598521 51676299 51769145 92846
19 72 rs12710303 16282131 8 0.04928991504811349 16282131 16426657 144526
19 124 rs61750953 41306650 11 0.04716524500383789 41175149 41537698 362549
19 53 rs1122608 11163601 10 0.04539995275006524 10668452 11170839 502387
19 70 rs8110002 15963695 17 0.04343700569354977 15668140 16072037 403897
19 105 rs16967952 33795241 11 0.04201022030370686 33791127 34117092 325965
19 83 rs892035 19758190 12 0.03930818202106272 19136541 19863014 726473
19 116 rs753420 36643695 38 0.03157814715366827 36643695 38411090 1767395
19 68 rs116923487 15133803 7 0.03109684658298233 15022931 15174953 152022
19 113 rs11084813 35923858 11 0.03019425871011591 35868773 36029240 160467
19 75 rs8109466 17207011 5 0.02994778902438694 17108127 17212992 104865
19 9 rs10417628 2251817 4 0.02993402385531686 2113518 2438884 325366
19 31 rs778805 5832209 5 0.02960985490456028 5822490 6187800 365310
19 136 rs4803766 45371168 7 0.02741007512563802 45366779 45487420 120641
19 159 rs2659122 51363026 6 0.02733672516013443 51361315 51446530 85215
19 117 rs8102476 38735613 17 0.0272301452579116 38478465 38983180 504715
19 109 rs8191371 34868776 4 0.026912231564066 34833079 35298961 465882
19 122 rs4490099 40731491 5 0.02668262665552293 40477465 40952148 474683
19 166 rs7260152 52160305 13 0.02610914388222097 52000187 52204942 204755
19 120 rs1865093 39936134 5 0.02602386491876071 39761790 40169328 407538
19 86 rs11085403 21107489 20 0.02534913941604611 20925934 22036167 1110233
19 146 rs12461639 48172671 8 0.02507149353519518 47928003 48198675 270672
19 69 rs11085954 15594019 4 0.0250497117549686 15235879 15607508 371629
19 64 rs11670064 14447600 4 0.02321591955909626 14351574 14450812 99238
19 114 rs231228 36268771 9 0.02301171461476806 36113590 36324324 210734
19 41 rs72558007 7762440 3 0.02247032456027562 7758339 7800361 42022
19 80 rs7259041 18123738 3 0.02138975448708684 18038782 18141996 103214
19 195 rs306481 56487603 7 0.02133926861673713 56426073 56571547 145474
19 12 rs61754927 2917509 6 0.02125270957601559 2833431 2933480 100049
19 184 rs17305311 54705641 5 0.02017823469197802 54705641 54797848 92207
19 97 rs77238711 31039669 10 0.01758290733129496 30880662 31057349 176687
19 42 rs652260 7900562 6 0.01747550987909168 7831166 8106521 275355
19 147 rs12979616 48350011 5 0.01730827993434081 48263635 48472474 208839
19 134 rs8108277 45205877 7 0.01680750490818622 45048323 45205877 157554
19 132 rs16976937 44470147 11 0.01677560064873414 44286513 44855757 569244
19 204 rs6510064 57855930 11 0.01645736045976947 57678194 57909872 231678
19 103 rs13345904 33130529 22 0.01631247173984457 33001746 33468067 466321
19 24 rs16992410 4487806 6 0.01624070726860986 4353174 4538599 185425
19 54 rs322151 11417200 13 0.01591850131296248 11222300 11417200 194900
19 182 rs10420331 54469068 1 0.01577196194693608 54469068 54486773 17705
19 167 rs4802866 52299675 12 0.01563592457065221 52246157 52618506 372349
19 158 rs919276 51231068 11 0.01446382469443107 51231068 51323676 92608
19 104 rs10411210 33532300 12 0.01444156796761703 33532300 33760339 228039
19 107 rs7256463 34366393 6 0.01430227636626884 34231542 34421191 189649
19 170 rs9630874 52928039 1 0.01429270060976195 52928039 52937339 9300
19 76 rs2305767 17294296 6 0.01409532875649772 17241649 17469382 227733
19 150 rs16982241 49202859 8 0.01399908484439385 49046562 49252989 206427
19 30 rs1129046 5654449 5 0.01397687422893861 5479522 5663920 184398
19 20 rs1985358 3729042 1 0.01374582499126063 3729042 3806837 77795
19 121 rs3944083 40301967 10 0.0136637888705151 40188968 40364280 175312
19 47 rs61732905 9070264 20 0.0136557719583232 8921033 9101672 180639
19 11 rs4334421 2580057 2 0.01348068814460605 2580057 2668611 88554
19 90 rs12985572 28769462 13 0.01340818992828055 28569401 28903629 334228
19 203 rs10403926 57588298 5 0.01329949370864812 57524031 57649962 125931
19 21 rs45465594 3813906 3 0.01326124417581663 3813906 3928369 114463
19 98 rs10405541 31343577 7 0.01311238940218327 31099589 31370794 271205
19 200 rs10425564 57312980 7 0.01282026556741875 57162288 57344913 182625
19 145 rs1862499 47549791 4 0.01259912603595284 47549791 47823871 274080
19 102 rs7253538 32834547 9 0.01246516967066787 32595038 32944565 349527
19 165 rs1820112 51930706 3 0.01181327480066025 51907788 51989254 81466
19 34 rs422981 6556778 2 0.01179889282961598 6520490 6588267 67777
19 149 rs16981988 48821757 7 0.01099711010363514 48715269 48968312 253043
19 169 rs324125 52887282 6 0.01093864328290633 52761215 52887603 126388
19 186 rs35336528 54968038 2 0.01077703257247051 54937469 55010819 73350
19 22 rs7251928 4077096 3 0.01074610853113069 4007080 4147445 140365
19 55 rs624899 11612498 2 0.01058787952486612 11502291 11651810 149519
19 168 rs6509628 52741712 2 0.00984511998011372 52660279 52742366 82087
19 2 rs8108922 691025 3 0.00898941036458839 682010 765568 83558
19 162 rs2691273 51596136 2 0.00875122849110911 51561023 51628529 67506
19 199 rs4801177 57089050 4 0.00873178583097765 56949967 57126728 176761
19 190 rs890871 55672055 9 0.00870929507557601 55497843 55710074 212231
19 46 rs7249094 8672000 5 0.00844326858020587 8633943 8808942 174999
19 43 rs8103218 8143114 9 0.0083560414212467 8136398 8242511 106113
19 126 rs1800472 41847860 8 0.00824022734856586 41767987 42091163 323176
