CHR Group SNP.lead BP.lead Size W BP.min BP.max BP.width
19 1050 rs3745516 50926742 1 0.1685625130694653 50926742 50926742 0
19 265 rs2304256 10475652 2 0.0892881553281094 10469975 10478945 8970
19 416 rs8109466 17207011 1 0.04535761261298621 17160720 17212992 52272
19 1049 rs1726801 50905074 2 0.04193298212449904 50905074 50905074 0
19 368 rs116923487 15133803 3 0.03924749976206333 15131668 15133926 2258
19 657 rs10411210 33532300 5 0.03391679629438019 33532300 33537096 4796
19 1202 rs17305311 54705641 1 0.03171705420509281 54705641 54707822 2181
19 695 rs8191371 34868776 1 0.03003137946566341 34833079 34868776 35697
19 760 rs8102476 38735613 3 0.0300225510486255 38735613 38765822 30209
19 27 rs10417628 2251817 2 0.02997145618644766 2251817 2251817 0
19 86 rs243335 4402017 5 0.02933791421231091 4353174 4433412 80238
