CHR Group SNP.lead BP.lead Size W BP.min BP.max BP.width
20 278 rs543477 48209718 9 0.04550404610275679 48205055 48323380 118325
20 242 rs6130568 42834765 10 0.04295668784912114 42803776 42989714 185938
20 252 rs6074022 44740196 10 0.03794054104162846 44688665 44777295 88630
20 241 rs6017247 42657841 1 0.03223329642906835 42657841 42763717 105876
20 396 rs944893 60902389 5 0.03164514701336703 60890375 60902402 12027
20 325 rs6127423 53807443 5 0.02961665255325894 53757603 53883417 125814
20 408 rs755017 62421622 6 0.02685280587115677 62212928 62473704 260776
20 106 rs8118592 10996304 6 0.02589198966445411 10897878 10996304 98426
20 160 rs6045989 19292926 11 0.02545400897329396 19113918 19372443 258525
20 183 rs6048822 23454758 3 0.02294312769079004 23328004 23642458 314454
20 309 rs6063942 52037947 2 0.02241098328394945 51932381 52037947 105566
20 126 rs6033981 14572059 3 0.02162510341632505 14511168 14688519 177351
20 52 rs1543452 4974106 1 0.02087742726230986 4952923 5024237 71314
20 283 rs6063516 49057248 6 0.02081694265202415 48959241 49063113 103872
20 303 rs2031979 51475632 2 0.0207933416386478 51436401 51535828 99427
20 37 rs6076524 3452447 4 0.01916588287509481 3445445 3643653 198208
20 295 rs3827032 50225206 7 0.01739322007866013 50189220 50459530 270310
20 312 rs6013772 52344919 1 0.01729080098641776 52328338 52394238 65900
20 214 rs13042600 38442513 9 0.01716609805031917 38438771 38648634 209863
20 76 rs6077153 7179994 3 0.01641511064637887 7106289 7199413 93124
20 99 rs6104550 10068488 2 0.01610511951799476 10055467 10108941 53474
20 182 rs6048661 23251415 6 0.01558867696722704 23245623 23305768 60145
20 168 rs17307939 20148329 4 0.01510010486928381 20006368 20169641 163273
20 367 rs3934412 58120733 4 0.01457631531074655 58105747 58190157 84410
20 65 rs742711 5904040 8 0.01450894739396655 5870347 6042852 172505
20 179 rs6082866 22803909 2 0.01407221768838733 22790548 22939045 148497
20 36 rs6051693 3244449 2 0.01395588008213043 3180283 3433158 252875
20 127 rs2208083 14771194 4 0.01383337793411409 14759169 14927862 168693
20 263 rs6018359 45873923 3 0.01364512141798382 45761700 45905856 144156
20 185 rs6114429 24023945 4 0.0134956733485995 23930543 24024259 93716
20 194 rs6088033 31486051 1 0.01344440327540524 31105389 31486051 380662
20 104 rs6040095 10680221 2 0.01338343689475032 10456586 10705007 248421
20 343 rs61733436 55758929 3 0.01251239697048966 55758929 55918939 160010
20 280 rs1555317 48643650 1 0.01201010875678712 48454671 48643650 188979
20 317 rs2762932 52768391 1 0.01187447768352484 52746669 52817038 70369
20 164 rs13036479 19797038 9 0.01137794056694798 19751330 19843894 92564
20 360 rs6123832 57418071 3 0.01037226580898908 57212541 57429447 216906
20 251 rs3746500 44511533 5 0.00948896709174649 44336716 44656112 319396
20 202 rs1146264 35489005 5 0.00922202906404236 35075339 35489005 413666
20 32 rs6515646 2593863 5 0.00908335229011119 2576272 2656495 80223
20 213 rs294428 38278997 11 0.00896994955061414 37906360 38338620 432260
20 395 rs6061457 60777232 5 0.0080812407149874 60658404 60778301 119897
20 67 rs2326748 6293824 8 0.00798502738280894 6126302 6404281 277979
20 304 rs16997342 51574683 3 0.00772061650833662 51571802 51620301 48499
20 382 rs16984735 59707964 2 0.00751528187229365 59707964 59739626 31662
20 291 rs6126195 49869862 2 0.00719937249334575 49848254 49869862 21608
20 130 rs6043241 15359412 1 0.00719234517013194 15264901 15365627 100726
20 19 rs6042507 1459060 4 0.00702455267724111 1300456 1483926 183470
