CHR Group SNP.lead BP.lead Size W BP.min BP.max BP.width
8 3332 rs11997192 129218127 4 0.05003827829996139 129179990 129218127 38137
8 3322 rs993725 128988220 3 0.04311043120023233 128978326 128991152 12826
8 1117 rs1010848 23351759 1 0.0312592435541116 23349637 23367883 18246
8 1834 rs10957150 61512060 4 0.03014512233502671 61369006 61512060 143054
8 3762 rs878421 142328020 2 0.02798875492753411 142328020 142337734 9714
8 3048 rs10505343 119580807 2 0.02780458970146647 119580807 119580973 166
8 918 rs10110600 18444535 4 0.02618840681429503 18442085 18456179 14094
8 3043 rs4876412 119427392 1 0.02534139516733924 119427392 119427392 0
8 2091 rs6994325 72764061 2 0.02405094672476039 72761190 72777556 16366
8 3157 rs7159 124027628 3 0.02137152257039801 124023374 124038045 14671
8 2742 rs2436889 103576658 2 0.02122425796496938 103576658 103576658 0
8 1204 rs3779916 26250906 5 0.02033478301981075 26204089 26269191 65102
8 658 rs7822459 13402465 4 0.01921134494222227 13397806 13405241 7435
8 2248 rs16906530 80046610 1 0.019030533108786 80022146 80070539 48393
8 2676 rs7832617 101525085 2 0.01856663395606255 101524955 101545455 20500
8 3261 rs6990457 127293085 3 0.01818658291476586 127267251 127312417 45166
