CHR Group SNP.lead BP.lead Size W BP.min BP.max BP.width
19 290 rs3745516 50926742 2 0.21516770629575835 50855935 50926742 70807
19 96 rs2304256 10475652 11 0.10223651783291136 10394792 10608064 213272
19 147 rs3761041 18183917 13 0.06327847870520355 18180236 18395537 215301
19 305 rs273634 51718837 6 0.05900062396530973 51676299 51769145 92846
19 151 rs892035 19758190 8 0.04873198871365983 19329924 19863014 533090
19 136 rs8109466 17207011 3 0.04622320735009711 17148156 17212992 64836
19 123 rs116923487 15133803 4 0.03983569404120807 15131668 15174953 43285
19 217 rs10426712 38362792 24 0.03856058896203027 36950171 38411090 1460919
19 130 rs12710303 16282131 9 0.03852960911744534 16282131 16352403 70272
19 233 rs61750953 41306650 5 0.03759581246880485 41175149 41324684 149535
19 161 rs11666025 23408129 6 -0.03677983772633559 22934973 23408129 473156
19 137 rs2305767 17294296 4 0.0359160450409961 17241649 17340400 98751
19 367 rs4801699 56785231 3 -0.03587797994899312 56765460 56800202 34742
19 196 rs16967952 33795241 8 0.03453126244425145 33791127 34000725 209598
19 127 rs8110002 15963695 12 0.03404673616084976 15784116 16072037 287921
19 343 rs17305311 54705641 2 0.03258434556235 54705641 54749011 43370
19 97 rs11673064 10955925 10 0.03025242613604548 10668452 11170839 502387
19 205 rs8191371 34868776 1 0.02958988307292348 34833079 35003245 170166
19 214 rs231228 36268771 10 0.02872251517405181 36113590 36324324 210734
19 165 rs12985572 28769462 6 0.02851405036845807 28718660 28903629 184969
19 253 rs4803766 45371168 6 0.02835637848591452 45366779 45414451 47672
19 227 rs1865093 39936134 8 0.02788202451371332 39913558 40169328 255770
19 320 rs3745101 53085813 3 0.02720585059729206 53034598 53105547 70949
19 219 rs8102476 38735613 6 0.02687579732840957 38735613 38920382 184769
19 39 rs243335 4402017 6 0.02665814494176423 4353174 4511181 158007
19 20 rs61754927 2917509 5 0.02488018056272457 2900518 2933480 32962
19 270 rs12461639 48172671 4 0.02486175435252665 48015572 48198675 183103
19 85 rs250316 8921033 6 -0.02414326090568284 8921033 8987218 66185
19 14 rs10417628 2251817 5 0.02401790220840035 2113518 2251817 138299
19 115 rs888876 14416793 4 0.02299915578015742 14351574 14450812 99238
19 327 rs7246435 53743134 5 -0.02215766374494682 53705554 53793574 88020
19 202 rs7256463 34366393 4 0.02213586331026419 34351775 34421191 69416
19 72 rs72558007 7762440 1 0.02195232818258077 7758339 7762440 4101
19 194 rs10411210 33532300 13 0.02168847015123509 33532300 33680782 148482
19 251 rs8108277 45205877 1 0.02118618118164335 45205877 45205877 0
19 383 rs1051500 58944402 4 0.02043315034061338 58830261 59069353 239092
19 267 rs1862499 47549791 2 0.02028073081764521 47549791 47589895 40104
19 146 rs7259041 18123738 3 0.02012866556397189 18061509 18141996 80487
19 218 rs705507 38610721 7 0.01980971749466502 38478465 38717378 238913
19 313 rs4802866 52299675 5 -0.01802730692654672 52246157 52301571 55414
19 246 rs16976937 44470147 10 0.01796712344474363 44286513 44495315 208802
19 125 rs11085954 15594019 3 0.01784193804514295 15403778 15607508 203730
19 156 rs11085403 21107489 14 0.01775124208791789 20925934 21783995 858061
19 278 rs16982241 49202859 4 0.01752012076521485 49098750 49252989 154239
19 54 rs778805 5832209 5 0.01738130449900985 5822490 5839746 17256
19 204 rs379989 34568108 4 -0.01683273152625686 34520077 34610341 90264
19 312 rs7260152 52160305 8 0.01646676981977086 52155449 52204942 49493
19 102 rs286300 11797308 5 0.01607141348060101 11687195 11842323 155128
19 185 rs56688754 31906847 16 0.01602525445423618 31801130 31963015 161885
19 143 rs3761055 17835831 5 -0.01593167117357198 17827257 17892591 65334
19 35 rs7251928 4077096 1 0.0159030213776091 4007080 4077096 70016
19 356 rs1058511 55859439 3 0.01564142878942642 55819845 55879872 60027
19 99 rs322151 11417200 6 0.01556201062892654 11302807 11417200 114393
19 212 rs11084813 35923858 7 0.01545196112927815 35868773 35936004 67231
19 237 rs1800472 41847860 2 0.01540031876017155 41847860 41944237 96377
19 229 rs3944083 40301967 5 0.01485201481563903 40301967 40364280 62313
19 86 rs61732905 9070264 8 -0.01473947946762532 9026651 9101672 75021
19 272 rs12979616 48350011 4 0.01420389180292868 48336188 48472474 136286
19 319 rs9630874 52928039 1 0.01409994080742032 52928039 52937339 9300
19 31 rs1985358 3729042 1 0.0139300149430066 3729042 3769049 40007
19 33 rs45465594 3813906 2 0.01368112236742327 3813906 3851344 37438
19 301 rs1474520 51530693 3 -0.01361096599277932 51530693 51546642 15949
19 297 rs2659122 51363026 2 0.01313726248439621 51361315 51374047 12732
19 376 rs10403926 57588298 2 0.01305432844758848 57582025 57649962 67937
19 122 rs7250965 15031834 3 -0.01231871553681833 15022931 15113675 90744
19 190 rs7253538 32834547 4 0.0122690880404954 32755790 32944565 188775
19 153 rs7259355 20398266 3 -0.01222064181355773 20329637 20470564 140927
19 369 rs4801177 57089050 4 0.01210003636773171 56949967 57126728 176761
19 308 rs1820112 51930706 5 0.01192604064742044 51907788 51954858 47070
19 17 rs4334421 2580057 2 0.01181086638596986 2580057 2601811 21754
19 216 rs753420 36643695 5 0.01175776460224439 36643695 36828217 184522
19 382 rs260428 58736625 5 0.01171760245970934 58620068 58808709 188641
19 304 rs2691273 51596136 4 0.01141736451883937 51595583 51628529 32946
19 347 rs35336528 54968038 3 0.01134949061638377 54937469 55010819 73350
19 276 rs16981988 48821757 8 0.01129273895658159 48800751 48968312 167561
19 77 rs8111372 8170591 3 0.01128119101385374 8136398 8186519 50121
19 59 rs422981 6556778 3 0.011239178977050941 6520490 6556778 36288
19 101 rs624899 11612498 2 0.01113038418847471 11612498 11651810 39312
19 135 rs8105013 17109350 4 -0.01103472582996334 17108127 17118433 10306
19 193 rs892024 33399344 14 -0.01102032207988217 33181484 33468067 286583
19 126 rs2683043 15764071 8 0.01102004943324914 15668140 15773915 105775
19 291 rs35951152 50945512 3 -0.01101550974873549 50940938 51040416 99478
19 232 rs7259067 41124931 3 -0.01044008571402607 41012190 41141434 129244
19 318 rs324125 52887282 3 0.01024029674921475 52859007 52887603 28596
19 81 rs2913968 8467235 6 -0.01007231764265416 8433196 8579011 145815
19 241 rs10421714 43198035 1 -0.01002029453170071 43010843 43198035 187192
19 206 rs10426376 35233027 3 -0.00997264610264233 35079781 35298961 219180
19 247 rs2722737 44852134 7 -0.00983230819267068 44515352 44855757 340405
19 75 rs652260 7900562 2 0.00963978214050919 7898541 7936208 37667
19 3 rs8108922 691025 2 0.00953250915589262 682010 691025 9015
19 339 rs10420331 54469068 2 0.00949388374386651 54469068 54486773 17705
19 144 rs11086080 17927041 3 -0.00949127041677482 17920758 17927041 6283
19 179 rs7247350 30884407 6 0.00926361456705102 30880662 30949343 68681
19 69 rs7254060 7283414 1 0.00923159008570418 7266878 7298095 31217
19 15 rs7248779 2403564 3 -0.00893905712512411 2306575 2438884 132309
19 316 rs10424348 52702778 3 0.00889237556992514 52670905 52742366 71461
19 68 rs12460755 7231679 8 -0.00884170274917131 7167715 7239555 71840
19 131 rs390017 16406034 2 0.00871030400295018 16398314 16426657 28343
19 223 rs879689 39650830 7 0.00842366839301475 39551941 39710903 158962
19 262 rs2110577 46895747 2 0.00833578641089259 46797830 46906997 109167
19 360 rs10424927 56304607 3 -0.00827412632534546 56293414 56332628 39214
19 192 rs13345904 33130529 8 0.00821021752572643 33034189 33167837 133648
19 46 rs1982468 4953351 5 -0.00819480498465116 4929473 5188319 258846
19 181 rs4805602 31205300 2 0.00811144403203665 31099589 31229053 129464
19 234 rs11666982 41531368 6 0.00798081832583198 41393760 41537698 143938
19 284 rs12609870 50229644 3 0.00794597302649845 50140068 50229644 89576
19 298 rs2659079 51421491 8 0.00789696566773191 51391656 51446530 54874
19 208 rs1687983 35568212 2 0.0078431570789535 35556123 35570307 14184
19 303 rs3745542 51587643 1 -0.00784294546814369 51575424 51587643 12219
19 294 rs919276 51231068 1 0.00757667750499122 51231068 51236834 5766
19 170 rs4805350 29714355 4 -0.0075448843846457 29678680 29762562 83882
19 371 rs10425564 57312980 8 0.00751654665508734 57198573 57344913 146340
19 177 rs12611074 30702788 1 0.00740380050817485 30625513 30711242 85729
19 91 rs2303100 9968434 3 0.00739505450223123 9741123 10017135 276012
19 322 rs7252166 53293834 1 0.00739289662112574 53278953 53293834 14881
19 250 rs754340 45163671 2 0.00730672945856193 45115487 45179567 64080
19 150 rs4808907 19136541 3 -0.00730145981608364 19136541 19287802 151261
19 52 rs797544 5479522 2 0.0071153327218863 5479522 5525988 46466
19 228 rs10421474 40235008 2 -0.00709522886804889 40188968 40269473 80505
19 163 rs811020 28393499 8 0.00703094810737938 28312200 28551991 239791
19 248 rs2734459 44928885 6 -0.00700335553101313 44892168 45029208 137040
19 281 rs11673003 49571957 8 0.0068685202540385 49571957 49683320 111363
19 105 rs7255130 12567293 4 -0.00674606696564351 12562294 12641232 78938
19 277 rs10413911 49046562 2 -0.00665386653668925 49046562 49084655 38093
19 89 rs917707 9362799 1 -0.00661857558115767 9289039 9362799 73760
19 315 rs1366245 52660279 1 -0.00629861472483705 52660279 52660279 0
19 53 rs1129046 5654449 3 0.00612783228255047 5582535 5663920 81385
19 157 rs10404622 21934891 9 -0.00602234164403825 21927706 22036167 108461
19 67 rs2914559 7103542 2 -0.00582473817082101 7074561 7114213 39652
19 160 rs16999232 22797775 7 0.00570912647095982 22767819 22797775 29956
19 162 rs17000593 24182464 10 -0.00556925786688309 23556852 24358391 801539
19 74 rs868875 7831166 3 0.0055055668506957 7831166 7846887 15721
19 24 rs3786947 3114229 3 0.00544560745684983 3099982 3114229 14247
19 306 rs12985380 51861176 1 0.0054333148959163 51823015 51869346 46331
19 252 rs3208856 45296806 5 0.00538492418986703 45296806 45333834 37028
19 296 rs9991 51301230 7 0.00527922133452504 51297825 51323676 25851
19 231 rs4490099 40731491 8 -0.00514664170731124 40731491 40952148 220657
19 207 rs4806060 35357338 6 -0.00505915697003296 35357338 35510304 152966
19 180 rs77238711 31039669 4 0.00503193782664872 30987104 31057349 70245
19 37 rs10402917 4211256 4 -0.00493457534325013 4182060 4268341 86281
19 348 rs4470262 55036661 2 0.00491303142066721 55017508 55046380 28872
19 260 rs6509238 46412255 4 -0.00489209791081847 46406698 46498827 92129
19 82 rs7249094 8672000 2 0.00481783106125147 8633943 8672000 38057
19 140 rs8109373 17579984 2 -0.00477518756029225 17562969 17621508 58539
19 175 rs3746314 30197155 7 -0.0045235284096348 30164574 30352142 187568
19 189 rs10413445 32722146 3 0.00449655187193542 32595038 32722146 127108
19 71 rs612862 7593589 4 -0.00448275791311654 7567757 7624391 56634
19 107 rs4926244 13374913 6 0.00448150669043558 13374913 13452550 77637
19 13 rs2395891 2032148 1 -0.00443239535942199 2032148 2039727 7579
19 263 rs8109759 46949662 4 0.00436361032512271 46914927 47035436 120509
19 128 rs8110325 16176940 1 0.00435058131820386 16116583 16176940 60357
19 48 rs2074983 5285570 2 0.00433492276446286 5285570 5312177 26607
19 104 rs3106727 12374905 5 0.00432400093676624 12014274 12486228 471954
19 121 rs12971470 14959299 4 -0.00432217493007921 14938616 14997907 59291
19 286 rs35002951 50312801 4 0.00426948965855051 50271924 50444061 172137
19 182 rs10405541 31343577 5 -0.00425336386587331 31283654 31370794 87140
19 76 rs6603134 8106521 1 0.00423979113148741 8033348 8106521 73173
19 43 rs12979279 4764306 4 0.00423863362323285 4742465 4837501 95036
19 166 rs2191018 29011648 6 -0.0042329618267075 28948389 29103301 154912
19 358 rs112525800 56030250 4 0.00417452194019467 55977909 56058737 80828
19 354 rs36092369 55698955 5 -0.00410011444198051 55598724 55710074 111350
19 373 rs10404759 57433407 1 -0.00403354051405451 57433407 57447994 14587
19 18 rs2110119 2668611 2 -0.00401470882085692 2646072 2668611 22539
19 332 rs10424226 54107677 1 -0.00390465315148735 54107677 54111610 3933
19 261 rs1010693 46513183 10 -0.00386864248511396 46513183 46743245 230062
19 222 rs11879029 39379906 3 0.00382251212401174 39378804 39537895 159091
19 191 rs6510250 33001746 4 0.00381614292008471 33001746 33014643 12897
19 215 rs62109744 36546015 6 0.00379226762653625 36442117 36590329 148212
19 220 rs11083462 38959680 3 -0.00358710058756774 38959680 38983180 23500
19 178 rs7257460 30746753 3 -0.00353773075956436 30746753 30806165 59412
19 139 rs754847 17541017 3 -0.00350833709498 17487620 17541017 53397
19 0 rs4897939 301619 2 -0.00347035622935447 301619 342617 40998
19 148 rs2227270 18420704 2 -0.00346573657685603 18420704 18454825 34121
19 83 rs7254400 8740520 3 -0.00337920914078418 8740520 8751106 10586
19 11 rs4426464 1765297 1 0.00330466492357692 1765297 1773999 8702
19 258 rs10995 46030154 4 -0.00329634162642088 45976758 46098885 122127
19 129 rs10419562 16223287 2 -0.00328026434415833 16192625 16245267 52642
19 328 rs8104523 53829121 2 0.00325219723447846 53818436 53833712 15276
19 187 rs511811 32314430 2 0.00325023327562734 32183171 32383700 200529
19 158 rs283168 22450922 3 -0.00320951422124604 22062158 22652436 590278
19 238 rs2191139 42001210 3 -0.00317299606881423 41953430 42091163 137733
19 256 rs13181 45854919 1 -0.00316680338385394 45767214 45854919 87705
19 6 rs2072283 1116117 1 0.0031584116703163 1043748 1116117 72369
19 211 rs16970163 35739702 8 0.00308742803047929 35710685 35794775 84090
19 142 rs1157615 17768818 2 -0.00295965604400956 17768818 17802817 33999
19 310 rs3810114 52006351 6 -0.00293804065472253 52000187 52083552 83365
19 118 rs7508694 14714811 2 0.00287212998553494 14664933 14721019 56086
19 221 rs12052046 39135874 6 -0.00276595972288937 38996990 39367111 370121
19 98 rs1433099 11242658 6 0.00274421687993709 11222300 11276744 54444
19 379 rs139899284 58067703 7 0.00273409434450487 57955244 58200099 244855
19 183 rs10418485 31500379 2 -0.00263855153878823 31401756 31509362 107606
19 103 rs17001671 11931746 2 -0.00257414765212058 11866510 11931746 65236
19 362 rs306481 56487603 9 0.00256461916553727 56426073 56501050 74977
19 344 rs103294 54797848 2 -0.00252078559998389 54797848 54797848 0
19 90 rs971366 9598587 7 0.00252049429555134 9395584 9603751 208167
19 169 rs2865496 29606361 2 0.00251449116161856 29482011 29653398 171387
19 265 rs588712 47217914 6 -0.00249762922487784 47207654 47323384 115730
19 16 rs12462317 2534581 2 -0.00249120899165551 2514565 2547015 32450
19 70 rs17255882 7504456 2 0.00239783484646091 7448832 7555092 106260
19 172 rs10411539 29972230 6 0.00238775377618066 29938906 30042913 104007
19 119 rs75269766 14815918 8 0.00234562898952162 14737431 14854338 116907
19 345 rs2241385 54849566 1 -0.00232593601593457 54849481 54875323 25842
19 23 rs367825 3063409 1 0.00231738079338267 3063409 3063409 0
19 317 rs7247178 52815890 4 0.00228229399569016 52761215 52825032 63817
19 149 rs10330 19017862 3 0.00223404876560302 18707048 19017862 310814
19 359 rs310436 56178559 1 0.00218114504233505 56134038 56257259 123221
19 355 rs10411896 55783552 2 -0.00213024320659151 55739515 55783552 44037
19 63 rs7258236 6760974 3 0.00210602846953312 6751293 6788907 37614
19 171 rs13344206 29880707 5 -0.00203436250706999 29847162 29912414 65252
19 66 rs6510937 6994987 2 0.00203191872247479 6984708 6994987 10279
19 274 rs11564538 48601512 6 0.00196453659307591 48581142 48678148 97006
19 114 rs2242130 13993457 2 0.00193564569041529 13993457 14164629 171172
19 271 rs10405467 48297228 3 0.00188807867471689 48263635 48297228 33593
19 352 rs269957 55445174 5 -0.00188737551133179 55433596 55447595 13999
19 239 rs7251044 42202285 1 0.00187061752606232 42147477 42373893 226416
19 5 rs351111 844020 2 -0.00186148212144159 844020 866018 21998
19 350 rs4436877 55216162 4 -0.00185621146252953 55216162 55216950 788
19 245 rs395760 44214193 3 0.00185585216422063 44172188 44260572 88384
19 132 rs10411344 16520403 3 0.00184748177503027 16520403 16797415 277012
19 334 rs7254177 54206688 2 -0.00174256401326218 54204008 54222824 18816
19 321 rs10401904 53120559 4 0.00172473790413548 53115843 53233273 117430
19 203 rs2159328 34439135 1 -0.00171851962324808 34439135 34439135 0
19 380 rs10424571 58496890 13 -0.00168272579070827 58210808 58518534 307726
19 38 rs888930 4288332 1 0.0016336655676356 4288332 4342847 54515
19 255 rs1469704 45589595 2 -0.00162047722785761 45589595 45604163 14568
19 106 rs11085824 13001547 3 -0.00162033212719542 12684559 13059147 374588
19 117 rs8109493 14603932 3 0.00160417333324373 14557821 14652278 94457
19 88 rs13345002 9168586 3 -0.00159645342171374 9168586 9237542 68956
19 349 rs61739171 55144623 1 -0.0015899898090428 55128339 55159164 30825
19 374 rs1433105 57461103 1 0.00157865565377909 57461103 57485951 24848
19 141 rs76629753 17662616 1 0.0015084168510261 17654181 17667970 13789
19 363 rs17713875 56543982 3 -0.00150359539533005 56543982 56571547 27565
19 49 rs8111216 5353576 2 0.00148997905263266 5352551 5359211 6660
19 95 rs117064827 10334725 12 0.00147256454055166 10219076 10338676 119600
19 173 rs10403021 30079604 3 -0.00147239780401346 30056335 30104871 48536
19 176 rs277079 30566056 1 -0.0014546676089923 30566056 30566056 0
19 292 rs2042279 51103361 1 -0.00141857944825964 51073579 51103361 29782
19 167 rs10405496 29338210 4 -0.00139299483071203 29235810 29366711 130901
19 120 rs8113284 14914914 2 0.00139156024206444 14910321 14914914 4593
19 370 rs2052240 57186892 2 0.00137202854780435 57162288 57187163 24875
19 65 rs252564 6922735 2 -0.0013617970288782 6901891 6951434 49543
19 280 rs2270941 49438363 5 0.00135093773502879 49438363 49447713 9350
19 124 rs4808217 15240815 6 0.00134811565081056 15235879 15303225 67346
19 365 rs16987032 56689214 3 0.0013093280401412 56671836 56689214 17378
19 289 rs667907 50785386 1 0.00130891600793603 50785386 50808749 23363
19 2 rs4919908 508626 1 -0.00130151947775777 508626 508626 0
19 279 rs684959 49296654 2 0.00128396900979636 49294862 49400634 105772
19 29 rs11672955 3511709 1 -0.00126726760728949 3432252 3511709 79457
19 8 rs1875960 1537467 1 0.00126611220961906 1537467 1537467 0
19 41 rs10420817 4605239 2 -0.00123671751552782 4590877 4640983 50106
19 138 rs7252581 17469382 3 -0.00120906428150423 17367435 17469382 101947
19 108 rs7250857 13484853 3 0.00118079639399934 13484853 13563952 79099
19 42 rs10415651 4687075 2 0.00117192685142198 4654757 4735663 80906
19 273 rs2303690 48525507 6 0.00114106496093264 48518417 48557013 38596
19 288 rs10413463 50699504 3 0.00113081408527604 50699504 50771322 71818
19 25 rs17347521 3160385 2 0.0011188062896347 3136845 3165895 29050
19 335 rs9749510 54281322 1 -0.00107181550874964 54276241 54281322 5081
19 353 rs1654410 55524813 7 0.00107143117366315 55497843 55555988 58145
19 155 rs10413625 20731545 2 -0.00106130786099821 20731545 20892999 161454
19 197 rs3898492 34064054 5 0.00104485666773349 34029507 34064054 34547
19 73 rs1010047 7793502 2 -0.00102847784031462 7793502 7800361 6859
19 61 rs392751 6645178 1 -9.979099117953054e-4 6617161 6679511 62350
19 235 rs1645685 41668003 2 9.954393900956614e-4 41602470 41675162 72692
19 36 rs1823059 4115993 2 -9.51217664297484e-4 4115993 4147445 31452
19 351 rs1654644 55373362 2 -9.350428218804292e-4 55373362 55401170 27808
19 361 rs1841955 56376574 3 -8.97606611426579e-4 56369189 56393051 23862
19 275 rs4801753 48764695 2 -8.968072003630475e-4 48715269 48764857 49588
19 57 rs4807854 6258557 3 8.458288688742771e-4 6205825 6306971 101146
19 112 rs346144 13834082 3 -8.334495327649509e-4 13772030 13890205 118175
19 311 rs4802831 52127134 1 -8.31017368102729e-4 52127134 52127134 0
19 168 rs2902965 29401768 2 7.302353645846197e-4 29376565 29404979 28414
19 58 rs7253395 6401588 3 7.079541534455943e-4 6325659 6468907 143248
19 377 rs11672517 57678194 1 6.776746701258556e-4 57678194 57759835 81641
19 266 rs384842 47379025 3 -6.570960216440261e-4 47371616 47455315 83699
19 240 rs3745231 42713835 2 -6.004864485949447e-4 42549934 42863035 313101
19 7 rs2668423 1370526 1 5.998355385364975e-4 1370526 1413574 43048
19 78 rs35277492 8201121 3 5.921898743411567e-4 8201121 8242511 41390
19 269 rs10421978 47928003 2 5.867602299600523e-4 47928003 47954171 26168
19 79 rs17159388 8320555 2 5.853976655095387e-4 8271721 8334280 62559
19 375 rs2902943 57524031 2 5.74837982184477e-4 57524031 57563500 39469
19 174 rs10415705 30125153 2 -5.691647688347545e-4 30116004 30137035 21031
19 325 rs1045764 53611473 5 -5.580973513856493e-4 53554075 53627777 73702
19 381 rs2288274 58572959 1 -5.024135116854943e-4 58547449 58572959 25510
19 340 rs77090474 54561561 1 4.868132369730256e-4 54545531 54561561 16030
19 378 rs4801468 57835306 11 -4.8112865338257454e-4 57790613 57909872 119259
19 44 rs7246083 4866451 1 4.720319186572486e-4 4859937 4866451 6514
19 326 rs10409924 53668549 1 -4.30778771934563e-4 53666745 53697937 31192
19 299 rs2569522 51455389 2 -3.9020040702195417e-4 51455389 51455389 0
19 164 rs9973221 28587534 2 3.8749931122321704e-4 28569401 28703053 133652
19 109 rs11879128 13581369 1 -3.831302988012811e-4 13581369 13597003 15634
19 372 rs8100664 57396250 3 -3.7763307195662734e-4 57396250 57419586 23336
19 184 rs4805644 31635312 4 3.637371255984759e-4 31635312 31724380 89068
19 116 rs9917042 14494473 1 -3.527659810621518e-4 14494473 14506632 12159
19 93 rs889125 10120571 3 3.5166934235721613e-4 10120571 10131999 11428
19 50 rs11667049 5421962 1 -3.478937004679938e-4 5393748 5431265 37517
19 329 rs7255193 53893338 2 3.442596123905447e-4 53884412 53932295 47883
19 188 rs11882901 32497463 2 3.3051949031138604e-4 32444568 32501502 56934
19 210 rs1688005 35648365 1 3.233788918561485e-4 35648365 35648365 0
19 295 rs4802740 51263432 1 2.931428309708204e-4 51263432 51263432 0
19 244 rs11083711 44001379 3 2.7071674465107924e-4 43967147 44156472 189325
19 62 rs344541 6687595 1 -2.62105305639814e-4 6687517 6697406 9889
19 254 rs5167 45448465 1 2.558874803430093e-4 45448465 45487420 38955
19 159 rs2057667 22684424 1 -2.4226422114146e-4 22675183 22729318 54135
19 47 rs2238639 5261230 1 -2.397719001335028e-4 5212923 5261506 48583
19 92 rs3815748 10078589 1 -2.350291963250033e-4 10050184 10078589 28405
19 30 rs11085029 3624838 1 2.1652471135761572e-4 3592730 3698333 105603
19 55 rs731773 5991622 4 1.7345537945388e-4 5880949 5991622 110673
19 243 rs7259375 43885085 2 1.543521827056263e-4 43885085 43951083 65998
19 201 rs29942 34309277 3 -1.2991584607126934e-4 34290995 34333914 42919
19 198 rs8103587 34105378 1 1.1870533912978192e-4 34069736 34117092 47356
19 84 rs4804078 8787140 1 -1.1820266039618044e-4 8787140 8808942 21802
19 314 rs61743893 52568422 7 1.1748122809712888e-4 52305158 52618506 313348
19 21 rs929535 2977638 1 1.1448366016633876e-4 2962275 2977638 15363
19 357 rs10425596 55901099 3 1.1308077352039964e-4 55901099 55941508 40409
19 213 rs1005948 35975921 6 -1.1307301872191224e-4 35944375 36029240 84865
19 152 rs10407807 20046102 5 1.1296934653779594e-4 19887578 20162695 275117
19 12 rs7251590 1989867 2 -1.1015736560007396e-4 1926027 1989867 63840
19 19 rs17685286 2833562 1 6.373325526925808e-5 2833431 2848948 15517
19 133 rs8108315 16981044 2 6.105997049157445e-5 16860558 17003789 143231
19 287 rs1052450 50479999 4 4.765600144951139e-5 50456518 50563899 107381
19 259 rs8108269 46158513 1 3.709746970308723e-5 46129999 46374557 244558
19 4 rs7247458 765568 1 -2.7842309545429754e-5 746206 765568 19362
19 236 rs3760659 41769104 6 -2.018101314522317e-5 41767987 41785282 17295
19 268 rs4467185 47823038 2 7.0113184376786445e-6 47787587 47823871 36284
