CHR Group SNP.lead BP.lead Size W BP.min BP.max BP.width
4 707 rs7665090 103551603 4 0.1148200269003468 103448582 103607635 159053
4 1158 rs11733331 175076940 4 0.04572084316976688 175059268 175076940 17672
4 719 rs7679673 106061534 13 0.03861489970302276 106048291 106472577 424286
4 692 rs6849832 101120472 8 0.03853963148889284 100740709 101131209 390500
4 514 rs4600889 72337490 2 0.03270535022479998 72149030 72412029 262999
4 3 rs3755963 894255 6 0.02693333038312569 843508 941290 97782
4 559 rs147332320 79176444 2 0.0268913160649056 79118533 79245028 126495
4 392 rs11931912 48134118 5 0.02678717740048263 48132891 48222818 89927
4 62 rs16838780 6417785 3 0.02674853494654978 6416028 6507841 91813
4 651 rs321717 92855968 3 -0.02476044234955792 92706551 93198845 492294
4 498 rs1371863 68192816 4 0.0245908815286992 68173959 68453189 279230
4 621 rs1463091 88788036 5 -0.02395274215678248 88765516 88856733 91217
4 541 rs10008757 76903036 8 0.02385183287775006 76857309 77128026 270717
4 1013 rs2404903 155071496 1 0.02295095090770433 155062069 155083506 21437
4 14 rs4690055 2748663 3 0.02278839308305308 2460546 2748663 288117
4 824 rs6836610 123601697 2 0.02266898871251704 123578850 123752017 173167
4 256 rs13110484 27757391 3 0.02265593208283535 27715503 27814738 99235
4 145 rs10155296 15175539 3 0.02082972779559438 15154795 15223639 68844
4 248 rs6855865 27011357 4 0.02055115238394763 26852438 27045049 192611
4 799 rs10025675 118796265 7 -0.01961807048737659 118758795 118870933 112138
4 1097 rs4147034 166453722 2 0.01956587251179974 166453722 166478477 24755
4 105 rs4697909 9896760 3 0.01946782405744823 9804556 9912101 107545
4 216 rs668672 24001226 7 -0.01923617492373063 23957254 24118165 160911
4 806 rs1587734 120809455 6 0.01901437613421601 120704766 120858803 154037
4 1104 rs4596200 167368812 1 -0.0184279101012949 167104872 167368812 263940
4 897 rs7658921 137745250 4 0.01819942899232147 137713140 137775757 62617
4 705 rs10049581 103192893 8 0.01740243582926213 103125285 103218446 93161
4 1048 rs6849580 159950990 2 0.01730335356534174 159881479 159952353 70874
4 1062 rs1036618 162042105 6 -0.01649588190521343 161808304 162105557 297253
4 1161 rs7685956 175422196 2 0.01621441162673603 175246203 175422289 176086
4 1224 rs2546570 181423108 4 -0.01596123009003163 181382631 181469840 87209
4 434 rs12642622 57902276 3 0.01589016023193257 57718195 57906335 188140
4 1167 rs13130150 175876473 5 0.01579374165383736 175875390 175954859 79469
4 1036 rs11943855 157557726 4 -0.01579251307165745 157492586 157574035 81449
4 778 rs13134836 114709273 5 -0.01556553254103077 114690439 114855972 165533
4 1293 rs12650715 185776850 2 0.01546815568637967 185767176 185791901 24725
4 1287 rs6812958 185325242 1 0.01540226382191028 185325242 185325242 0
4 390 rs4695248 47555196 2 0.0149298960965311 47548254 47705578 157324
4 653 rs9307120 93508896 5 -0.01454860540544585 93467486 93723466 255980
4 487 rs4364313 66289167 5 0.0142782969363629 66254728 66381581 126853
4 124 rs2903351 12707180 2 0.01422402741152902 12586593 12725738 139145
4 602 rs2091745 84961080 1 0.01404053296043313 84957198 85056551 99353
4 590 rs953534 83617849 4 0.01397736651986541 83527733 83628973 101240
4 167 rs2697707 17427573 3 0.01379212402526173 17385551 17451760 66209
4 73 rs9991298 7170562 2 0.01355319524678819 7170562 7183984 13422
4 845 rs11938961 127255447 1 0.01333415261244052 127247924 127265065 17141
4 892 rs2897153 137105336 2 0.01285301107948301 136993300 137206602 213302
4 1159 rs12651020 175121923 1 0.01278619892506084 175103590 175121923 18333
4 617 rs10006766 88160018 4 0.01262740877117328 88159940 88368830 208890
4 326 rs1344603 38109847 2 -0.01233594737087953 38109847 38157510 47663
4 979 rs10019047 150459436 1 0.012263993681984 150068414 150576943 508529
4 1035 rs1123714 157409735 5 0.01217459095718949 157349944 157449624 99680
4 1194 rs17749802 178520166 4 0.01208604230361641 178514984 178598308 83324
4 703 rs10031210 102714886 8 0.0119693535208326 102714886 103016878 301992
4 149 rs4698433 15964863 4 0.01184652578659611 15930961 15964863 33902
4 958 rs6537382 146867376 1 0.01179395967497541 146853165 146870683 17518
4 404 rs17747127 55241063 2 0.01153373683065268 55225121 55291724 66603
4 987 rs7669761 152609304 2 -0.01107416226398723 152355268 152746079 390811
4 237 rs959903 25810096 1 -0.01092385368784911 25803830 25810096 6266
4 406 rs17230634 55480024 2 0.01087938292798468 55434828 55480024 45196
4 417 rs11729403 56267182 4 0.01087552608350482 56195626 56527767 332141
4 849 rs17011836 127827145 4 0.01039088546665443 127656069 128167093 511024
4 1336 rs1354634 188547880 4 -0.01035226229790735 188509004 188670027 161023
4 985 rs6839352 151887280 5 0.01033219408764659 151809625 152147441 337816
4 316 rs6816980 37417596 4 0.0102735521757213 37390658 37469174 78516
4 972 rs12650033 148987187 5 0.01022643556147702 148936414 149025406 88992
4 959 rs11728407 146987013 6 -0.01009614384917777 146883385 146999111 115726
4 72 rs6836687 7151812 1 0.01000492911516699 7146033 7151812 5779
4 831 rs2390685 125336932 3 -0.00997749066942507 125073255 125336932 263677
4 951 rs4555661 145782963 2 -0.00986820539428988 145544836 145986668 441832
4 309 rs9995922 36317970 5 0.00984312789880232 36310049 36341903 31854
4 659 rs17365288 94904738 5 -0.00976764568910228 94793323 94968451 175128
4 460 rs12645705 61422632 5 -0.00959221241355143 61395456 61552933 157477
4 159 rs283029 16698184 4 0.00956576167621752 16698184 16747687 49503
4 997 rs7664303 153829996 1 0.00950184210056468 153695501 153879878 184377
4 862 rs6836368 130751286 5 0.00936312782112709 130661821 130913879 252058
4 189 rs10013103 20827366 2 -0.00904284651452761 20767337 20866469 99132
4 708 rs4699052 104137790 6 -0.00900691103597982 103999220 104340317 341097
4 90 rs6824093 7959029 5 -0.00895790367495843 7931635 7992749 61114
4 569 rs9991949 80634958 3 0.00888150749889892 80608250 80812960 204710
4 962 rs4835310 147379015 9 -0.00886943445191541 147180527 147469133 288606
4 1347 rs6826087 189475684 4 -0.00884426072429492 189447377 189522110 74733
4 823 rs13151961 123115502 8 0.00878941488120705 123096486 123563078 466592
4 616 rs447990 88033352 1 0.00878553816459607 87996745 88148812 152067
4 213 rs2932965 23805486 3 0.00861449232252324 23805486 23829314 23828
4 331 rs6531631 38396739 3 0.00860096741204434 38395949 38492765 96816
4 1124 rs6553418 170019039 2 0.00854671320223945 170008947 170077789 68842
4 922 rs1350038 140744599 2 0.00851465612804326 140724600 140795327 70727
4 1250 rs9312290 183067139 1 0.00851112307947137 183047776 183067139 19363
4 817 rs6842940 122401640 4 0.00850177129841066 122369141 122450475 81334
4 620 rs11097166 88611344 3 0.00842042717606584 88601464 88755967 154503
4 840 rs4446326 126688743 4 0.00821003559209175 126524825 126696308 171483
4 1320 rs9999651 187366649 4 -0.0080891821793337 187358040 187388958 30918
4 1120 rs1392750 169745078 3 0.00801226626712009 169689516 169745078 55562
4 889 rs4146972 136503631 3 -0.00792785229180537 136453566 136549624 96058
4 592 rs11099549 83697854 1 -0.00791317195791435 83697854 83697854 0
4 1156 rs2332756 175002057 2 -0.00766723831290511 174873969 175009881 135912
4 171 rs740672 17782264 8 0.00758088242268435 17781209 18017730 236521
4 168 rs1031326 17488064 3 0.00758010485021257 17467715 17506042 38327
4 1026 rs1155097 156414715 3 0.00748382200340535 156393197 156517289 124092
4 151 rs2286455 16020162 1 0.00745089793647914 16018282 16034634 16352
4 574 rs6837827 81225455 3 -0.00738584727734628 81225455 81535393 309938
4 1085 rs6536780 164972256 2 -0.00726426862091011 164922631 164972450 49819
4 752 rs939213 111420577 6 -0.0071385126247842 111364167 111463277 99110
4 112 rs10516217 10973261 4 0.00706637597534572 10970811 11050420 79609
4 391 rs76537883 47954624 8 -0.00699011638568641 47731360 48096781 365421
4 756 rs536099 111812462 1 -0.0069818555590466 111783306 111869115 85809
4 789 rs10024264 117468423 1 0.00696292775913624 117374128 117475813 101685
4 565 rs1484140 80234648 1 -0.00689168789500348 80135060 80234648 99588
4 1103 rs904246 167044948 4 0.00687291433336497 167020644 167083575 62931
4 1295 rs10001154 185849906 2 -0.00686941501996624 185835029 185885897 50868
4 400 rs728587 54574680 3 0.00686329357341613 54557933 54638662 80729
4 718 rs17429675 106028073 2 -0.00680392436887185 105872720 106036545 163825
4 936 rs6825690 142296923 6 -0.00665634629684389 142197917 142331924 134007
4 318 rs17604934 37542764 1 0.0066418165297596 37542764 37542764 0
4 312 rs1870504 36847609 1 -0.00662606861323905 36684936 36916955 232019
4 604 rs1442164 85274948 3 0.00662289438373067 85159891 85294388 134497
4 684 rs12502429 99682017 3 0.00662014877009607 99608363 99703142 94779
4 129 rs10008923 13213672 2 0.00659987816782311 13130251 13276652 146401
4 1088 rs12513081 165490671 2 0.00654802417377439 165490671 165516166 25495
4 2 rs4690309 756377 2 0.00654217067713805 712222 809787 97565
4 1199 rs1458717 179114110 4 -0.00651062403860038 179032994 179326362 293368
4 25 rs2980164 4297389 4 0.00649230974959777 4267298 4327912 60614
4 306 rs1368621 35929368 4 -0.00648482933421057 35921123 36015133 94010
4 582 rs6819863 82667620 1 0.00643393045212583 82659400 82680686 21286
4 967 rs17612742 148414651 1 0.00641406235426617 148306058 148434688 128630
4 575 rs4385052 81712772 3 -0.00639581077509796 81543568 81829660 286092
4 336 rs4543123 38792524 5 -0.00637705268909541 38774785 38893843 119058
4 734 rs1003169 109176161 2 0.00637185542311143 109163035 109236454 73419
4 127 rs4834860 13030876 4 0.00626696806859537 13023307 13056521 33214
4 1312 rs6852642 186917039 1 0.00626470115696438 186915297 186917269 1972
4 716 rs2051788 105450529 4 0.00623559648704484 105428417 105511810 83393
4 1202 rs5012200 179539753 6 -0.00623252193960906 179470439 179541387 70948
4 0 rs6817633 181832 2 0.00622911221984954 85422 181832 96410
4 644 rs1454329 91685949 5 -0.00622486344902537 91567112 91775468 208356
4 928 rs3104107 141449275 3 0.00617138478921462 141262836 141489068 226232
4 154 rs16893404 16365531 6 0.00615750786599627 16257677 16419601 161924
4 1098 rs1320225 166508518 3 -0.00614025256702428 166497317 166592304 94987
4 356 rs7679772 41104347 3 -0.00608857007435749 40989048 41140233 151185
4 423 rs11732236 57132047 3 0.00602008681143689 57116323 57132047 15724
4 679 rs7690692 98198773 5 -0.00597226625997248 98098473 98432390 333917
4 1065 rs12512822 162461996 2 0.00590262018278537 162382240 162482595 100355
4 912 rs10020229 139687856 2 0.00585906009068938 139636653 139717020 80367
4 613 rs1599313 87135124 6 0.00581576644998997 86935890 87151468 215578
4 325 rs16994148 38016822 1 0.00581006167237037 37954670 38092096 137426
4 1059 rs1992108 161548582 2 -0.00564448969941791 161436341 161575686 139345
4 307 rs13152028 36060318 1 0.00557425170803735 36046629 36217002 170373
4 11 rs2236998 2256716 2 0.00555417982112361 2176454 2275835 99381
4 1344 rs10028269 189315208 4 -0.00549307803097042 189271272 189344863 73591
4 510 rs1109501 71329490 5 -0.00546934621165562 71260539 71426541 166002
4 661 rs2510802 95410168 2 -0.00546472753839776 95329157 95444255 115098
4 382 rs957858 45737256 2 0.00542243949519498 45737256 46152332 415076
4 1007 rs6535930 154540056 2 0.00532121238491927 154540056 154540743 687
4 947 rs1808991 144792959 2 0.00519053991654773 144617842 144894260 276418
4 675 rs1506302 97263153 6 0.00518535762872409 96916758 97430897 514139
4 868 rs6843806 132125400 3 -0.00514563057983808 131861798 132179341 317543
4 1204 rs6816550 179790822 2 0.0050391543608838 179770149 179930635 160486
4 869 rs4133013 132242896 2 0.0050286311020648 132192738 132413729 220991
4 324 rs2995919 37906032 2 -0.00502840638678658 37903382 37909841 6459
4 522 rs1247574 74521045 3 -0.0050186769457303 73858464 74528627 670163
4 1040 rs4234914 158468178 2 0.004940440727918 158462362 158468178 5816
4 26 rs4688956 4343240 3 0.00490503224318459 4333418 4360381 26963
4 1257 rs6552568 183449806 3 0.00488443479318514 183382591 183450690 68099
4 212 rs13118539 23631863 7 0.00488179435141691 23631863 23759757 127894
4 747 rs6533495 111055435 1 -0.0048770993320266 111055435 111055435 0
4 1136 rs12505546 172228547 2 0.00486177400866216 172228547 172367775 139228
4 530 rs4552542 75598990 2 -0.00485774689703842 75575898 75619533 43635
4 744 rs61745483 110773048 2 0.00481116095919219 110663642 110803816 140174
4 710 rs7657942 104540960 1 -0.00480459582187749 104428500 104553287 124787
4 1248 rs17072678 182964412 1 -0.00475665538382434 182964412 182975220 10808
4 814 rs3817171 122063735 3 0.00470174017360258 122004252 122143664 139412
4 278 rs13115999 30641018 2 0.00469804688534035 30556489 30689598 133109
4 819 rs6534309 122609929 5 0.00468759725189513 122572851 122653300 80449
4 239 rs6820540 25874058 4 -0.00467058402197104 25874058 25961788 87730
4 536 rs1391010 76081553 2 0.00464948071720299 76081553 76281282 199729
4 1113 rs590272 169181074 5 0.00464082124673975 169096954 169298765 201811
4 1239 rs12650613 182459990 5 -0.00461531147615521 182431113 182463971 32858
4 386 rs17539445 47231416 4 0.00460583725727586 47101223 47243813 142590
4 1349 rs2377458 189756940 4 0.00458101137481927 189654390 189759697 105307
4 310 rs1501116 36403061 1 -0.00456969018585287 36350375 36517634 167259
4 443 rs11728659 58479761 6 -0.00453962034178238 58408330 58572081 163751
4 479 rs11131464 64360700 4 -0.00453850610281404 64348036 64473271 125235
4 1221 rs13113937 181266001 1 -0.00447600919502952 181221342 181266001 44659
4 771 rs10022885 114038963 1 0.00446145285858379 114038963 114080240 41277
4 40 rs7678335 5452895 4 0.00441975296713171 5413525 5463535 50010
4 458 rs1378566 61264831 3 0.00439092853381904 61230612 61352529 121917
4 717 rs574966 105534056 4 0.00438184286378346 105528877 105716540 187663
4 450 rs10004285 59559715 3 -0.00437161315889743 59541966 59670283 128317
4 639 rs3775442 90715231 5 0.00433689127766272 90630901 90857479 226578
4 583 rs2045772 82824944 5 0.00431726844214267 82717546 82932359 214813
4 782 rs1460775 115368816 3 -0.00429031021098242 115368816 115656533 287717
4 1079 rs11945307 164196370 1 -0.00416940655074385 164188601 164230540 41939
4 379 rs4326040 44870506 2 0.00416735912969652 44636193 44935266 299073
4 1032 rs13143174 157022492 2 0.00415825845162751 156991316 157034642 43326
4 697 rs2645373 101904475 2 0.00414706149273267 101904205 101931826 27621
4 516 rs2282679 72608383 2 -0.00410778386581424 72578724 72618334 39610
4 558 rs6845871 79048490 5 0.00403838803458936 78970864 79048490 77626
4 263 rs1402492 28923633 1 0.00400666649576611 28901589 28926321 24732
4 334 rs7654396 38570708 4 0.00400072968959258 38570708 38722709 152001
4 662 rs1493112 95472630 3 -0.00398696135824221 95470815 95589337 118522
4 201 rs1392592 22302352 3 -0.00396038557650711 22235796 22304073 68277
4 78 rs7681365 7352477 1 -0.00394792916749561 7347203 7352477 5274
4 465 rs6854914 62076443 2 0.00390017695995931 61984568 62083565 98997
4 902 rs5020420 138333658 4 0.0038906271043535 138238306 138382556 144250
4 108 rs6835433 10484987 4 0.0038547173244972 10419465 10528226 108761
4 364 rs6839810 41850006 1 -0.00381927822323178 41841334 41889667 48333
4 1114 rs1387329 169301208 2 -0.00378173454175678 169301208 169338127 36919
4 89 rs12641498 7917574 5 0.00376746673738802 7822186 7917574 95388
4 875 rs12501689 133786573 2 0.00375316321127159 133772334 133786573 14239
4 611 rs9307010 86706193 4 -0.00375055548376416 86615391 86756230 140839
4 125 rs7692324 12757442 3 0.00373378386815583 12733389 12839087 105698
4 430 rs7667406 57503077 1 0.00369605727129916 57477794 57503077 25283
4 614 rs2869433 87279096 4 0.00357200063737604 87231768 87743984 512216
4 852 rs7441245 129436625 3 0.00355881581836037 129336928 129465489 128561
4 836 rs6819896 126116915 3 -0.00353343819626854 125892629 126136137 243508
4 261 rs16880825 28602089 3 -0.00349100370631253 28503413 28723573 220160
4 1207 rs6850582 180187024 2 -0.00348540596985368 180131863 180193914 62051
4 134 rs17811685 13860927 3 0.00345079049247424 13824647 13882785 58138
4 368 rs923309 42376356 3 0.00343230872857269 42368901 42517211 148310
4 352 rs1552138 40651632 2 -0.00335488535716531 40598634 40652510 53876
4 1178 rs1106568 176861301 1 0.00334670018739722 176850196 176971792 121596
4 905 rs12374402 138678024 5 0.00333926200804573 138577151 138801711 224560
4 594 rs2868729 84147407 9 0.00333253124773326 84140400 84216941 76541
4 419 rs1447045 56761548 4 -0.00332902259353863 56668431 56874517 206086
4 123 rs6448887 12361202 2 0.00332159816820078 12361202 12585408 224206
4 9 rs17680881 1732978 3 0.00329894727476258 1701317 1737262 35945
4 650 rs4455379 92673841 1 0.00329864481065059 92651110 92691639 40529
4 1005 rs6810447 154461884 1 0.00328576949533386 154448872 154469214 20342
4 146 rs13116304 15569146 6 0.00326686234673376 15369280 15672200 302920
4 1112 rs7683178 168988043 1 -0.00323302814187103 168985670 169061427 75757
4 1063 rs7687260 162228270 2 -0.0031964374090419 162220823 162236867 16044
4 714 rs960345 105230647 2 0.00318465675253872 104944893 105231848 286955
4 765 rs2023828 113356961 5 -0.00317267259252352 113337560 113622050 284490
4 341 rs16995300 39478264 3 0.00316308465685829 39452290 39590364 138074
4 1288 rs7677486 185336852 4 -0.00316079497850618 185331977 185353799 21822
4 1346 rs4863330 189430792 1 -0.00315376637968183 189394485 189430792 36307
4 618 rs17012774 88443470 4 0.00313267825038153 88404126 88468852 64726
4 727 rs17549820 108118301 3 0.00306929244495961 108051500 108120955 69455
4 137 rs12499480 14167488 3 0.00306608632948548 14127483 14269174 141691
4 230 rs316807 25310351 4 0.00303923749969248 25168417 25444762 276345
4 1149 rs6820651 174461343 1 -0.00303747113702865 174454083 174471671 17588
4 497 rs10005602 68113850 4 0.00298145953249556 68061633 68132298 70665
4 462 rs1486492 61830190 1 0.00296932398660766 61825087 61836190 11103
4 542 rs17236661 77196476 5 -0.00295204057828608 77139510 77208412 68902
4 335 rs6824105 38754189 2 0.00293004448236733 38741849 38754189 12340
4 1147 rs7658148 174235624 1 0.00291579431517385 174070959 174251422 180463
4 729 rs2672470 108464074 5 0.00290512608137604 108189246 108464074 274828
4 135 rs10005317 13887264 2 -0.00289431436906355 13887264 14026708 139444
4 1254 rs2063905 183198752 1 -0.00283493639400308 183198752 183239761 41009
4 898 rs1589127 137885582 5 -0.00282931208932674 137874783 137964269 89486
4 249 rs2041627 27102429 2 0.00281068032940961 27060775 27122947 62172
4 957 rs1027841 146769074 5 -0.0027888140813181 146685889 146821410 135521
4 1012 rs6835823 154972357 1 0.00277188724921238 154951914 155008496 56582
4 1183 rs2167095 177373302 1 0.00275914670940707 177350693 177466989 116296
4 545 rs344135 77652219 5 -0.00275721215647945 77487977 77701909 213932
4 1143 rs333384 173245389 4 -0.00273790755954959 173225040 173356104 131064
4 195 rs11730849 21438786 3 0.00268663908373044 21425057 21494981 69924
4 431 rs12642085 57549528 3 0.00268604325801915 57516896 57597210 80314
4 539 rs924937 76769442 1 0.00266519507433558 76769442 76780943 11501
4 1108 rs11132983 168256989 6 0.00265731688205866 168256989 168390470 133481
4 572 rs3755913 81105762 3 -0.00265529141003873 81069624 81153922 84298
4 768 rs2174558 113927365 1 -0.00264061260386509 113927365 113954926 27561
4 442 rs11725660 58328884 3 -0.00260645661182801 58296826 58332294 35468
4 761 rs3850475 112809145 3 -0.00257544811894281 112568464 112824982 256518
4 894 rs10519392 137485929 1 0.00256252294128238 137413277 137534902 121625
4 654 rs11097358 94064059 1 -0.00254831458924609 93875521 94159658 284137
4 964 rs1347655 147905897 2 0.00254139888542748 147701619 147935557 233938
4 1109 rs17053380 168520452 1 -0.00254058962574025 168515495 168615218 99723
4 1266 rs11941467 184190233 2 0.00251738516318762 184190233 184281811 91578
4 1080 rs7658224 164293345 4 0.00249024284426184 164260276 164402006 141730
4 418 rs12641893 56628525 2 0.00246514494058649 56551185 56629191 78006
4 380 rs7659184 45133240 1 0.00244126454701216 45030609 45182527 151918
4 304 rs5011112 35751033 2 0.00244017239024666 35673557 35765765 92208
4 643 rs17017255 91524285 1 -0.00242555099345134 91464162 91546380 82218
4 1129 rs17629030 171068077 4 -0.00242534453482054 171009360 171206696 197336
4 27 rs12512085 4372439 1 0.00242157595906643 4372439 4392357 19918
4 482 rs9918005 65423635 4 0.00241693834269899 65309971 65437395 127424
4 399 rs1077966 54517341 2 0.00241681150315196 54453676 54517341 63665
4 354 rs2437346 40831652 3 0.0023825112366058 40739635 40843288 103653
4 378 rs6815111 44531148 4 0.00236987396897543 44526544 44612959 86415
4 1056 rs13145112 161206712 2 -0.0023598118892214 161116677 161206712 90035
4 119 rs6842740 11619288 3 0.00231836270158465 11571164 11758071 186907
4 1311 rs7676342 186901587 1 0.00229835940431292 186893350 186901587 8237
4 678 rs7659471 97915370 1 0.00225921210100489 97915370 98045861 130491
4 672 rs1579627 96636651 3 0.00225562202393591 96508701 96647588 138887
4 955 rs11100883 146450970 4 0.00225043195810201 146350184 146488327 138143
4 298 rs10023150 34595824 2 0.00224638033126787 34541266 34731172 189906
4 802 rs17050196 119896633 1 -0.00223508855144707 119817622 119902065 84443
4 264 rs4326073 28935317 1 -0.00223358575811113 28935317 28935317 0
4 665 rs11733843 95703047 3 -0.00222711465334599 95703047 95892128 189081
4 440 rs2177642 58197731 3 0.00221202450419218 58136668 58198454 61786
4 42 rs4689278 5690902 1 -0.00220799343431865 5665201 5690902 25701
4 1095 rs12330937 166168419 1 -0.00220205225355991 166089111 166237389 148278
4 1128 rs10004128 170801265 2 -0.00219382475335544 170801265 170937348 136083
4 1066 rs6852064 162538914 3 0.00215509011852118 162514902 162607930 93028
4 893 rs13106779 137359917 2 -0.0021493309781163 137323344 137359917 36573
4 695 rs1396286 101642607 1 0.00214765507190313 101490650 101642607 151957
4 804 rs12644283 120133549 2 0.00214534612654594 120055799 120167111 111312
4 250 rs1013532 27157313 2 0.00214386194490299 27139247 27254091 114844
4 1004 rs13119846 154415184 2 0.00213831130604068 154288126 154427319 139193
4 517 rs1352844 72647749 3 0.00212245897867528 72647749 72792667 144918
4 1267 rs6821104 184292528 2 0.00209826004260515 184292528 184305340 12812
4 140 rs905043 14539140 2 0.0020793768776388 14397827 14572063 174236
4 1081 rs6815345 164471823 1 0.00207677404051852 164418356 164471823 53467
4 1319 rs11931790 187340688 4 0.00206228478556113 187271047 187347697 76650
4 988 rs361191 152761633 1 0.00206080494386613 152761633 152779838 18205
4 1039 rs6853505 158379629 3 -0.00202503467259554 158131579 158452144 320565
4 426 rs12644498 57372630 2 -0.0019736414630458 57176832 57372630 195798
4 142 rs4698295 14812935 1 0.00196299177937971 14751518 14813651 62133
4 407 rs2237034 55528653 1 0.00195741093451703 55492212 55575144 82932
4 37 rs989707 5210283 2 0.00195311099647407 5154673 5216320 61647
4 900 rs10519412 138129929 4 -0.00194526638944623 138087831 138164950 77119
4 1269 rs11723316 184415338 4 0.00194323251062287 184345714 184415338 69624
4 484 rs10452250 65815033 2 -0.00192647507117961 65613269 65817978 204709
4 585 rs13116695 83094251 2 0.00191177340163753 83094251 83118318 24067
4 1350 rs7669213 189818663 1 -0.0019030172093792 189818663 189885883 67220
4 98 rs754740 8331956 3 0.00189876335910759 8320126 8342853 22727
4 713 rs6533126 104882439 1 0.00189388132468405 104882439 104882439 0
4 222 rs10033408 24610039 5 -0.00189210563463058 24528048 24626903 98855
4 968 rs17613180 148486299 1 -0.00188870803170252 148461073 148491480 30407
4 786 rs10017879 116658800 3 -0.00188694706761938 116527361 116667561 140200
4 984 rs6817572 151303318 2 -0.0018761190582759 151303318 151794207 490889
4 858 rs186444 129825629 2 0.00184650795528313 129737089 130129275 392186
4 940 rs11930321 143305002 1 0.00184012685380996 143234593 143349518 114925
4 357 rs7683197 41175148 2 -0.00183769987369445 41153134 41212997 59863
4 803 rs9784534 119963646 3 0.00183123061358813 119947135 120013590 66455
4 1041 rs1032334 158637156 3 -0.00180970069844364 158492974 158669702 176728
4 663 rs6812065 95626444 1 0.00180643156824709 95618987 95631307 12320
4 966 rs2357604 148077418 5 0.00179932881018216 148075340 148289389 214049
4 888 rs17579742 136381862 1 -0.00179360817519178 136068696 136381862 313166
4 377 rs13144404 44435685 1 0.0017904433436275 44144150 44435685 291535
4 983 rs6535725 151158952 3 -0.00178640140746986 151130051 151284982 154931
4 796 rs6852211 118445531 1 0.00177449202576102 118396886 118473924 77038
4 798 rs17867524 118562309 1 -0.00176929288153126 118551128 118727351 176223
4 1230 rs1357353 181935405 1 0.0017556968601812 181897552 181942406 44854
4 114 rs9683691 11201074 3 -0.00175464497312291 11201074 11267586 66512
4 996 rs13124365 153629791 2 -0.00174724850658362 153629791 153641782 11991
4 1030 rs17033572 156727377 1 -0.00173896192875823 156713031 156727377 14346
4 524 rs6816849 74748325 3 -0.00171142858582185 74731278 74863997 132719
4 139 rs4698737 14368628 1 0.00170575916923326 14296613 14370747 74134
4 414 rs17709898 55957723 1 -0.00169882874256791 55957723 55957723 0
4 260 rs3925061 28210028 3 -0.00166697587526429 28194516 28473048 278532
4 766 rs10433899 113724108 1 -0.00166514512455014 113658372 113779891 121519
4 668 rs4130507 96259062 1 0.00166491914346447 96255088 96311257 56169
4 327 rs7694647 38181187 5 -0.00166202187391637 38170057 38193772 23715
4 1339 rs7439650 188904235 2 -0.00165497260135653 188904235 188936629 32394
4 812 rs17051273 121792785 2 0.00165339246779636 121645012 121795956 150944
4 1107 rs6829378 167995689 2 -0.00163738115188963 167866712 168150023 283311
4 815 rs12650479 122163552 4 -0.00163537022386664 122156142 122203163 47021
4 1002 rs10001638 154055176 1 0.00163062200486618 154055176 154087520 32344
4 363 rs9997912 41790600 2 -0.00161769293566011 41714272 41805686 91414
4 977 rs6821426 149596272 1 -0.00161695438396169 149562638 149713872 151234
4 508 rs1613461 71024240 1 -0.00160207079372857 71024240 71025548 1308
4 405 rs218280 55424289 2 0.00159927911845125 55354275 55424655 70380
4 742 rs10005272 110250481 3 0.00157602352941705 110220384 110466758 246374
4 537 rs1026694 76321147 1 -0.00157519832578032 76296421 76489582 193161
4 688 rs729147 100333267 2 0.00157041649842952 100333267 100335586 2319
4 299 rs1912842 34872926 1 -0.0015656998028446 34869949 35128162 258213
4 820 rs769243 122741807 3 -0.00152141331666076 122659704 122857568 197864
4 285 rs16885723 31715825 1 0.00151246651008294 31660739 31720459 59720
4 208 rs11944694 23085015 3 -0.00150999788941886 23018704 23235331 216627
4 359 rs9637557 41340526 4 -0.00150140116420173 41309544 41359965 50421
4 1328 rs1583219 187751154 1 -0.00144338232218113 187751154 187786316 35162
4 223 rs12507254 24673420 1 0.00143299802860664 24673420 24736258 62838
4 374 rs1582714 43756450 1 -0.0014325105868571 43277125 43775063 497938
4 1153 rs11941310 174705265 1 0.0014247863552553 174705265 174731952 26687
4 1029 rs10517620 156676558 2 0.00142136457330517 156622727 156677592 54865
4 711 rs3796962 104574265 1 -0.00142057809170842 104574265 104789707 215442
4 503 rs6818594 69850452 1 0.00142031684272136 69646009 70031620 385611
4 28 rs12504020 4524826 1 0.00142007768596134 4445315 4562916 117601
4 1179 rs12641442 177006043 1 -0.00141876087267872 176993039 177121983 128944
4 499 rs2630489 68591252 2 0.00141728472002969 68460255 68629070 168815
4 945 rs11947756 144398793 1 0.00141646938134645 144357737 144406061 48324
4 457 rs2165482 61011853 1 -0.0014119943196626 60929487 61210768 281281
4 1105 rs11941399 167455493 5 -0.00140818040361825 167412572 167540460 127888
4 179 rs10000908 19576975 1 -0.00140449912208196 19318965 19795105 476140
4 1046 rs6832186 159481490 4 0.00138726370158556 159481490 159642576 161086
4 1015 rs1388070 155300938 1 -0.00137408354200597 155273743 155357085 83342
4 615 rs6839933 87964363 4 0.00136506062056325 87754419 87976178 221759
4 774 rs916874 114392393 1 0.00135966849181611 114332705 114437456 104751
4 191 rs17448392 21189870 1 0.0013543044856458501 21033853 21189870 156017
4 578 rs710839 82134787 4 -0.00134403657192407 82134787 82315470 180683
4 932 rs1425446 141845421 1 -0.00133711152240745 141833025 141875683 42658
4 1034 rs6817934 157344783 3 -0.00131931800523749 157166746 157345022 178276
4 362 rs1061597 41691601 1 0.00131561544015889 41639999 41691601 51602
4 792 rs12649613 117946646 1 0.00130687427648426 117897658 117993779 96121
4 196 rs1817324 21546537 6 0.00129882547960056 21506851 21571755 64904
4 1186 rs1545089 177854130 1 0.0012981943647691 177650866 177854130 203264
4 978 rs9307850 149762698 1 -0.00129776262110107 149742690 149949967 207277
4 308 rs35822395 36230843 1 0.00129742368206488 36230843 36293143 62300
4 444 rs343549 58614509 1 0.00128660071622704 58614509 58670994 56485
4 1191 rs13112358 178274750 3 0.00128575325201305 178269670 178290368 20698
4 515 rs2177921 72531761 2 0.00126425052468445 72425863 72545947 120084
4 1141 rs17057887 172943891 2 -0.00124767301070259 172929844 172953080 23236
4 1213 rs10084772 180635834 4 -0.00123995446986839 180608655 180652005 43350
4 842 rs10857108 126780071 1 -0.00123831704174397 126763987 126880304 116317
4 150 rs2058147 15992486 2 0.00123015191274528 15982480 16011211 28731
4 1243 rs7659598 182699379 1 -0.0012241919788298 182699379 182704551 5172
4 1100 rs13136952 166833808 2 -0.0012238431612384 166705990 166850443 144453
4 1099 rs1380355 166602585 1 0.00120053650612303 166602585 166679175 76590
4 99 rs1678272 8353829 1 0.00119169232852896 8353829 8518896 165067
4 699 rs1405688 102074134 1 -0.0011900427720608 102037719 102074134 36415
4 224 rs7435399 24765819 2 -0.00118870960855085 24765819 24802412 36593
4 1168 rs6820739 176028487 2 0.00118570439015014 176028487 176110924 82437
4 163 rs1522075 17178058 2 -0.00117550642826308 17063786 17224345 160559
4 1284 rs11724229 185128641 1 0.00116851640811893 185096468 185128641 32173
4 989 rs360915 152887879 3 0.00116420010716633 152801922 152912247 110325
4 606 rs7685784 86074453 2 0.00116125144141604 85449323 86100764 651441
4 466 rs12505990 62140177 1 0.00115924704637715 62106989 62140177 33188
4 272 rs2613180 30132119 2 0.00115678290980801 30132119 30132119 0
4 700 rs3811063 102120290 2 -0.00115381403511989 102084331 102407109 322778
4 194 rs1495509 21393616 1 -0.0011504043634934 21341637 21407759 66122
4 538 rs2037012 76566975 5 0.0011492776582494 76519096 76730195 211099
4 1297 rs4415003 185977226 1 -0.00114400457525639 185957817 185977226 19409
4 292 rs9884706 32632087 7 -0.00114134012150781 32609134 32813842 204708
4 746 rs7662161 110975433 1 0.0011316939107903 110975433 111030787 55354
4 623 rs2725264 89026109 2 0.00112784602295372 88973006 89026109 53103
4 85 rs2079169 7685529 1 0.00112495685301829 7683417 7689152 5735
4 909 rs2976481 139339576 3 0.00110380729118148 139326271 139396007 69736
4 202 rs7674804 22344500 1 -0.00109261027962015 22344500 22390167 45667
4 1238 rs4861478 182411624 2 0.0010892538215339 182327465 182416097 88632
4 531 rs4345250 75667920 3 -0.00107783382967745 75659256 75745515 86259
4 233 rs10013819 25577184 2 0.00107615677827364 25576330 25578269 1939
4 18 rs6831256 3473139 2 -0.00105900757152617 3390900 3473139 82239
4 865 rs7675104 131340368 4 0.0010583288679243 131301036 131502194 201158
4 540 rs13120456 76809074 2 0.00104675900887849 76809074 76837098 28024
4 625 rs7661312 89201007 2 -0.00103848416127138 89191346 89228455 37109
4 973 rs7670069 149063523 1 0.00103776827684758 149040160 149131264 91104
4 381 rs6843723 45310246 2 -0.00103578122891282 45191856 45548380 356524
4 106 rs10012779 10038112 3 0.0010356519648803 9920347 10149595 229248
4 287 rs6813096 31895086 3 -0.0010269425511621 31784698 32129961 345263
4 1245 rs6823165 182784916 2 0.00100365085781328 182747639 182784916 37277
4 981 rs12504006 150746787 2 9.950619691951046e-4 150688687 150924437 235750
4 235 rs6448388 25654566 1 9.916446405877914e-4 25638736 25674194 35458
4 449 rs11133570 59388759 1 -9.8219912372818e-4 59362260 59481416 119156
4 1027 rs7680331 156540258 1 -9.780512673313617e-4 156540258 156540258 0
4 637 rs1495556 90458283 1 9.762160327157796e-4 90441444 90492766 51322
4 394 rs11722603 52969732 3 -9.677549422820836e-4 48989358 53061395 4072037
4 337 rs7655305 38912621 2 -9.666234676118808e-4 38912621 38933859 21238
4 772 rs29305 114216924 3 9.61394883536233e-4 114105776 114224764 118988
4 816 rs2302309 122257950 3 9.54629834272116e-4 122249743 122348834 99091
4 693 rs11734053 101176062 1 -9.507157195743944e-4 101176062 101179982 3920
4 1214 rs17090640 180667647 1 9.450226435781968e-4 180655625 180687498 31873
4 283 rs6448771 31397618 5 -9.346112368277154e-4 31319406 31397618 78212
4 286 rs13136356 31758426 1 9.29670330445508e-4 31751775 31758426 6651
4 330 rs991331 38308761 2 9.26988394201617e-4 38308761 38367538 58777
4 698 rs6851231 101983607 1 -9.221623369572403e-4 101947930 102021290 73360
4 271 rs4407457 30022650 2 9.108998913961623e-4 29909867 30068213 158346
4 1184 rs13131892 177529663 1 -9.069475707931534e-4 177481511 177531472 49961
4 783 rs11945934 115823991 2 9.04356159921535e-4 115701304 115829919 128615
4 496 rs1435423 67884593 1 -8.971148455212883e-4 67733857 68038559 304702
4 920 rs11940710 140637882 2 8.964381542933573e-4 140606425 140678281 71856
4 300 rs2127853 35175249 1 -8.785739513269234e-4 35164369 35248847 84478
4 200 rs9291436 22165174 1 -8.663482669253536e-4 22018923 22202451 183528
4 315 rs3910363 37264831 4 8.64135683648314e-4 37264831 37335699 70868
4 461 rs10012618 61592332 2 -8.594678294588223e-4 61592332 61799685 207353
4 581 rs4401444 82620131 2 8.583536857613185e-4 82492363 82624148 131785
4 640 rs34001515 91025850 1 8.49036189063067e-4 90916437 91069888 153451
4 372 rs6850625 43082956 1 8.121809472509877e-4 43019669 43140284 120615
4 371 rs7439983 42924853 3 -8.097250367691879e-4 42839254 42975329 136075
4 12 rs3118617 2340417 1 -8.032206079420349e-4 2332705 2351350 18645
4 950 rs2657799 145282779 2 8.000229667048241e-4 145254685 145513053 258368
4 666 rs34585936 96091414 1 -7.939212965456941e-4 95948640 96161342 212702
4 956 rs4835011 146560236 1 -7.932362898910724e-4 146509970 146644389 134419
4 467 rs1350246 62276356 2 7.850510446760169e-4 62258836 62349873 91037
4 1263 rs17271644 183809272 1 7.823700013132454e-4 183809272 183812287 3015
4 1134 rs7695819 171808256 3 7.80631415394088e-4 171788150 171914470 126320
4 1024 rs1078275 156216726 2 -7.781809409703151e-4 156153446 156285170 131724
4 1261 rs2309777 183722743 1 7.776645265315634e-4 183709536 183722743 13207
4 241 rs1567649 26026002 4 7.759657639885085e-4 26016156 26060048 43892
4 701 rs13434873 102451022 2 7.624575031808302e-4 102451022 102526313 75291
4 174 rs2048963 18696177 2 -7.576886077599439e-4 18668957 18722405 53448
4 451 rs9997522 59799872 1 -7.55733451113232e-4 59713317 59953116 239799
4 793 rs4541598 118147396 2 -7.4697476836285e-4 118039852 118218045 178193
4 631 rs2869967 89869332 2 -7.34084339762801e-4 89751858 89886297 134439
4 152 rs1040206 16104538 1 -7.229177647181878e-4 16063055 16105431 42376
4 555 rs920666 78511203 1 7.146550790471108e-4 78511203 78511203 0
4 215 rs2946403 23921453 2 -6.999275461278485e-4 23893369 23921453 28084
4 930 rs6843792 141682299 1 -6.942935816264962e-4 141578155 141682299 104144
4 157 rs10805350 16531401 1 6.942487034565757e-4 16531401 16551836 20435
4 715 rs9307295 105405240 2 6.885892803346402e-4 105333354 105405240 71886
4 1189 rs4690504 178201257 1 -6.873034079763028e-4 178201257 178201257 0
4 1053 rs4690958 160766276 1 6.872791877621804e-4 160594757 160766276 171519
4 48 rs6840908 5931208 1 6.812640422339553e-4 5924289 5931208 6919
4 153 rs7359 16164489 4 6.739319440164041e-4 16113889 16189136 75247
4 937 rs17701271 142711243 1 -6.702353275188829e-4 142478548 142797440 318892
4 655 rs6532407 94372827 2 -6.664020837665301e-4 94233967 94390998 157031
4 851 rs1391980 129218126 3 6.631114614391247e-4 128528617 129287011 758394
4 1340 rs4862860 189022420 3 6.553066525638591e-4 188971489 189022420 50931
4 918 rs17050847 140578500 1 -6.48633365925446e-4 140552399 140585089 32690
4 1157 rs2332758 175039764 1 -6.447684494266414e-4 175025442 175039764 14322
4 161 rs123043 16823900 2 -6.44011911083797e-4 16823900 16873743 49843
4 635 rs10027938 90242059 1 -6.415162186253355e-4 90241029 90293076 52047
4 1326 rs6553020 187668886 1 6.325255228434798e-4 187668795 187678866 10071
4 180 rs10516343 19974862 1 -6.321149593815145e-4 19821565 20038761 217196
4 1345 rs13114765 189390949 1 6.300690281311989e-4 189365509 189390949 25440
4 633 rs11733183 90170094 1 6.300633708689914e-4 90137336 90180437 43101
4 284 rs1966546 31427408 1 6.193158530092672e-4 31413759 31599070 185311
4 1009 rs1105491 154726634 1 6.166972681587279e-4 154585922 154726634 140712
4 939 rs17015594 143075715 6 -6.162698483216916e-4 142969773 143224296 254523
4 511 rs10015958 71629537 2 6.116485321121149e-4 71629537 71685092 55555
4 376 rs4695447 44093499 3 6.093207118778609e-4 43968054 44093499 125445
4 205 rs12507337 22661136 2 6.088490494631864e-4 22631389 22721970 90581
4 1210 rs1546680 180411508 3 6.08684872441788e-4 180356846 180512797 155951
4 1117 rs17707379 169509103 1 6.072532118705021e-4 169500402 169551542 51140
4 1068 rs2163492 162797025 2 6.021047896203967e-4 162737097 163008656 271559
4 770 rs6819998 114010341 2 -6.002811875534317e-4 114010341 114019871 9530
4 788 rs1489001 117245430 1 5.892062731010248e-4 117245430 117266519 21089
4 41 rs730469 5624670 1 -5.882003470763218e-4 5516030 5629298 113268
4 1042 rs7691126 158936705 1 -5.754601890599146e-4 158778839 159086166 307327
4 279 rs6856017 30916863 1 -5.734014788547809e-4 30799850 31017642 217792
4 1208 rs6826259 180257370 1 5.697230696958869e-4 180250564 180298293 47729
4 416 rs7661296 56155385 2 5.678014833244809e-4 56131739 56160158 28419
4 563 rs4619914 79612009 3 -5.657755644758195e-4 79579045 79846570 267525
4 117 rs11725667 11513562 3 5.615624616781611e-4 11455518 11524263 68745
4 343 rs17585937 40045687 7 5.599817764554379e-4 39818522 40139719 321197
4 36 rs12651470 5128511 1 5.551861960363904e-4 5121450 5128511 7061
4 319 rs115231391 37633026 2 5.508403331406232e-4 37575251 37648845 73594
4 680 rs10002767 99298166 2 -5.496545741534645e-4 98652689 99337881 685192
4 95 rs7660199 8157710 1 -5.457360150501563e-4 8157710 8157710 0
4 490 rs2882317 66645823 3 -5.445975803572362e-4 66645823 67029494 383671
4 965 rs1370300 147941480 5 5.404154874352144e-4 147941013 148051452 110439
4 121 rs6858365 12172669 1 -5.393555805227575e-4 12017993 12182361 164368
4 1057 rs1532391 161240911 3 5.368412457671328e-4 161211232 161280429 69197
4 649 rs6845679 92350342 5 -5.337035937103247e-4 92309543 92544404 234861
4 801 rs7676892 119768598 1 -5.319732200520614e-4 119552849 119790013 237164
4 311 rs12507648 36546041 1 5.258764498686197e-4 36543025 36656080 113055
4 877 rs7663268 134123827 1 -5.198610425587873e-4 134123827 134153787 29960
4 535 rs17000192 75992533 3 -5.197537225219335e-4 75992533 76072424 79891
4 251 rs759097 27337756 1 -5.194359022567209e-4 27298305 27339904 41599
4 758 rs1490915 112134116 2 -5.112625042177068e-4 112061855 112198777 136922
4 990 rs17028543 152991825 1 -5.097489739356012e-4 152943626 152991825 48199
4 629 rs11736472 89458051 2 5.0971531132444e-4 89456219 89607905 151686
4 509 rs10007509 71171720 1 5.048012528046754e-4 71051031 71237421 186390
4 1133 rs1522571 171616095 1 4.969810163007933e-4 171576294 171762217 185923
4 477 rs2346649 63901724 1 -4.958025275796034e-4 63883185 64103715 220530
4 551 rs17643945 78194110 1 4.955309629945706e-4 78168932 78216136 47204
4 276 rs3846269 30412195 1 -4.95527800665833e-4 30397570 30439397 41827
4 660 rs17311887 95313228 1 4.883527811536212e-4 95035175 95313228 278053
4 81 rs4689773 7522239 1 4.850797314963521e-4 7466980 7522239 55259
4 10 rs1923775 2103096 1 4.808721636660597e-4 1996670 2103096 106426
4 562 rs6533780 79487060 2 -4.780508055717661e-4 79485876 79513215 27339
4 1064 rs17040982 162307000 3 -4.7162465731171474e-4 162248546 162350385 101839
4 169 rs2597791 17528463 1 -4.711113525127146e-4 17519867 17550349 30482
4 110 rs7698615 10877223 1 4.637218032474827e-4 10706422 10909225 202803
4 254 rs7697958 27614790 1 -4.6092592492041624e-4 27584802 27661645 76843
4 166 rs16894953 17361114 1 4.601399929705841e-4 17304974 17361114 56140
4 890 rs958632 136572585 1 4.532118839572895e-4 136570132 136742846 172714
4 754 rs11931959 111719685 1 -4.524577653389289e-4 111622134 111730243 108109
4 211 rs4317189 23495538 2 -4.493437902060622e-4 23485419 23561662 76243
4 455 rs17089834 60680656 2 4.35753765638669e-4 60674843 60681208 6365
4 762 rs6812046 112902209 1 -4.3326676381319945e-4 112874121 113150559 276438
4 808 rs2892890 120992642 5 4.292871496946612e-4 120988552 121263497 274945
4 916 rs6853235 140253202 2 4.259824227683632e-4 139906122 140370149 464027
4 44 rs12331393 5759347 3 4.258879054148306e-4 5746620 5761366 14746
4 671 rs7699716 96428992 1 4.2346262931872104e-4 96390834 96434992 44158
4 60 rs4270639 6391735 1 -4.217072760619542e-4 6376273 6391735 15462
4 69 rs13115900 6876569 1 4.105360837797747e-4 6854060 6890937 36877
4 1219 rs10520443 181158380 1 4.0845741524660336e-4 181153885 181161490 7605
4 566 rs10004440 80272792 1 -4.068318847104369e-4 80272792 80316417 43625
4 1285 rs12503492 185179394 2 4.048131778041005e-4 185172565 185249147 76582
4 100 rs4696842 8554894 1 -4.037180224843135e-4 8537786 8554894 17108
4 1226 rs3113765 181535808 1 4.037096161686057e-4 181535808 181584314 48506
4 664 rs4348103 95678443 1 -3.993806963862011e-4 95644727 95678443 33716
4 1110 rs6834993 168679456 2 -3.968530074867646e-4 168626439 168705038 78599
4 946 rs7692376 144466050 1 -3.796643316175484e-4 144451912 144545727 93815
4 1 rs13115344 515489 1 3.768452618128645e-4 498459 658089 159630
4 470 rs954645 62859511 1 -3.7028728411120533e-4 62845490 62859511 14021
4 445 rs10020207 58706462 3 3.698690523823053e-4 58706462 58708318 1856
4 743 rs6533438 110538429 2 -3.692201260896915e-4 110523044 110659067 136023
4 874 rs13119882 133685637 1 3.658573868354759e-4 133529212 133707298 178086
4 507 rs17148188 70982011 1 -3.650100246056148e-4 70734059 70982011 247952
4 395 rs3733504 53611668 3 -3.591408489461448e-4 53136123 53619367 483244
4 800 rs6856076 119109520 2 -3.575889016307672e-4 118941387 119337263 395876
4 182 rs7659298 20171488 1 -3.5477010366696354e-4 20088468 20229873 141405
4 5 rs6814036 1415698 1 -3.5018782682679547e-4 1203265 1415698 212433
4 1317 rs4241824 187191787 1 3.4928613369012183e-4 187191787 187223583 31796
4 332 rs11723479 38506777 1 3.470926477931335e-4 38506777 38519943 13166
4 544 rs6817593 77461011 1 -3.4637319255160555e-4 77454497 77464016 9519
4 24 rs1991917 4207366 1 -3.435774798922533e-4 4207366 4258887 51521
4 976 rs12644824 149525713 1 3.418708095150202e-4 149461969 149525713 63744
4 794 rs11723116 118281370 2 -3.410119485979921e-4 118244984 118309390 64406
4 45 rs4689304 5784934 2 -3.394918539482467e-4 5784934 5816938 32004
4 599 rs10004130 84664343 1 -3.3019265997687565e-4 84664343 84721814 57471
4 730 rs2040708 108587771 3 3.275153547390661e-4 108506584 108587771 81187
4 759 rs9307366 112233572 5 3.245610773413204e-4 112217944 112497952 280008
4 355 rs6817509 40885144 1 3.235102234726417e-4 40881353 40956574 75221
4 560 rs1454890 79266563 1 3.20509550683433e-4 79254058 79295322 41264
4 584 rs6827036 83027442 1 3.1829792960126163e-4 82977205 83045736 68531
4 1356 rs1551137 190438606 1 3.175921653603028e-4 190344851 190467123 122272
4 217 rs4697052 24223553 1 3.1602748569686915e-4 24144512 24264901 120389
4 144 rs1455207 15128633 1 3.1499875902795267e-4 15038411 15145180 106769
4 453 rs1511404 60283466 1 -3.129638354867359e-4 60209085 60442490 233405
4 57 rs10002743 6276581 1 3.121446365102128e-4 6270056 6315954 45898
4 1086 rs4691956 165037553 1 2.9915875169109e-4 164982057 165203351 221294
4 908 rs3096659 139260411 1 2.98822829883429e-4 139243656 139301744 58088
4 641 rs12647859 91230579 1 -2.9808351339452913e-4 91175600 91289294 113694
4 197 rs1394135 21598315 1 -2.9617676576083185e-4 21576754 21689430 112676
4 373 rs7683961 43254889 1 -2.9296933555971415e-4 43147514 43260134 112620
4 1170 rs9994051 176344294 1 -2.909954090459429e-4 176289800 176349829 60029
4 452 rs357833 59988095 1 2.9099206377735564e-4 59988095 60143686 155591
4 818 rs17051373 122511492 4 -2.876710776928996e-4 122473563 122559883 86320
4 370 rs1562839 42813800 1 2.838999344503956e-4 42694179 42823790 129611
4 731 rs2522426 108621483 2 2.828579016347317e-4 108611941 108732508 120567
4 632 rs10516828 90051294 1 2.8244005379801846e-4 89890784 90116432 225648
4 403 rs4864872 55152284 1 -2.765646918874008e-4 55049751 55161813 112062
4 1160 rs12651414 175126378 1 2.7089652413156255e-4 175126378 175126378 0
4 262 rs6833159 28832788 4 -2.7021091621966286e-4 28745882 28863159 117277
4 281 rs6448754 31196514 1 2.6711314169137253e-4 31110337 31196514 86177
4 1058 rs1946869 161386383 1 -2.6398797476583004e-4 161300559 161413994 113435
4 493 rs11731608 67345098 1 -2.619385700962086e-4 67345098 67525255 180157
4 667 rs10010112 96200216 1 -2.6147615734263823e-4 96200216 96200216 0
4 273 rs1985974 30160782 1 -2.5815133501973155e-4 30160782 30161847 1065
4 346 rs10009228 40356422 1 2.5470175375449033e-4 40303633 40356422 52789
4 1028 rs11722434 156584397 1 -2.538846813108473e-4 156584397 156586949 2552
4 1116 rs10518002 169431126 1 2.522964551889355e-4 169422705 169475517 52812
4 229 rs6846989 25088919 2 -2.521702568450065e-4 25072651 25107115 34464
4 1318 rs7349633 187247089 1 2.521674043332115e-4 187247089 187251860 4771
4 1165 rs2029570 175675480 1 2.470258483792047e-4 175667606 175675480 7874
4 1325 rs455219 187622064 1 -2.4370977838874787e-4 187591526 187630590 39064
4 986 rs36097019 152201053 2 2.373038236460163e-4 152172980 152280646 107666
4 923 rs17314804 140946828 1 2.2751732760504625e-4 140849333 140959594 110261
4 638 rs17015895 90527778 1 -2.245326910017862e-4 90516679 90584840 68161
4 1055 rs11930198 161094977 2 -2.2272550968349095e-4 161094977 161109431 14454
4 488 rs13144830 66454374 1 -2.2229964343651012e-4 66394160 66576310 182150
4 1211 rs17831521 180528017 1 -2.14269024161683e-4 180521957 180542333 20376
4 340 rs13147477 39419322 1 -2.1417187996815133e-4 39055870 39419322 363452
4 1249 rs17226385 183034755 2 2.1050853891839953e-4 183008639 183034755 26116
4 436 rs3806744 57945439 1 2.1033008183588627e-4 57934091 57948187 14096
4 1185 rs4690358 177583933 1 2.0866458627279505e-4 177583933 177607731 23798
4 567 rs3924829 80352632 2 2.067019232281323e-4 80352632 80365765 13133
4 52 rs16838138 6058701 1 2.06029958622721e-4 6058701 6058701 0
4 227 rs13135230 24996698 2 -1.9946205418345264e-4 24996698 25009491 12793
4 844 rs10213170 127224641 1 1.9916899261359755e-4 127201582 127235715 34133
4 1162 rs3756273 175445237 1 -1.9777603111821167e-4 175434394 175479552 45158
4 1296 rs6820983 185916343 2 -1.9568416629761463e-4 185894655 185929310 34655
4 244 rs10517097 26430147 1 1.949392724385199e-4 26308792 26460991 152199
4 1241 rs745704 182544544 1 -1.9257771686062393e-4 182537084 182615625 78541
4 903 rs151070417 138442527 1 1.924415649098898e-4 138395132 138442527 47395
4 969 rs11557361 148560193 2 1.8167895467538375e-4 148554421 148696917 142496
4 17 rs7664480 3084269 1 1.7922957212071917e-4 3084269 3376302 292033
4 1188 rs2246360 178100729 1 1.757488819096553e-4 178001276 178100729 99453
4 1277 rs2309942 184839829 1 1.7501940461749508e-4 184825696 184839829 14133
4 1137 rs17057154 172525210 2 -1.743718308260089e-4 172416533 172540259 123726
4 236 rs2276951 25760885 1 1.7410112339980854e-4 25758940 25784320 25380
4 253 rs210749 27438947 2 -1.7338722089927012e-4 27405561 27560693 155132
4 872 rs9996530 133047300 1 1.6837633571843003e-4 132961058 133047300 86242
4 1279 rs2871385 184875120 1 1.6411546052185874e-4 184875120 184922669 47549
4 895 rs2406037 137591468 1 1.558516609856086e-4 137551442 137597423 45981
4 518 rs4296652 72938462 1 1.538510778087219e-4 72927226 73146274 219048
4 1067 rs17041550 162719690 2 1.456613324157404e-4 162651017 162719690 68673
4 1140 rs230 172896473 1 1.443754657951365e-4 172816200 172896473 80273
4 652 rs1513460 93309526 1 1.4361229302167804e-4 93241587 93428415 186828
4 485 rs1440931 65902264 1 1.4306964997403145e-4 65840580 65908016 67436
4 107 rs1001216 10168849 3 -1.4141799478133502e-4 10155041 10388610 233569
4 974 rs6836191 149188327 1 -1.388557716200265e-4 149170058 149332071 162013
4 34 rs4689967 4984192 1 1.352904022445386e-4 4942150 4984192 42042
4 689 rs11097669 100486295 4 -1.340338487470352e-4 100341861 100642113 300252
4 472 rs778554 63322306 1 -1.3212489102972313e-4 63258627 63323188 64561
4 76 rs17755381 7282506 2 1.270563500698903e-4 7280033 7288703 8670
4 740 rs7679355 109999116 1 -1.263262048175846e-4 109999116 110017206 18090
4 1195 rs11131820 178683325 2 1.2313993414206272e-4 178646542 178754587 108045
4 31 rs1039905 4763850 2 1.225089552671799e-4 4761862 4822309 60447
4 1082 rs3828491 164506575 1 1.224370342631743e-4 164492395 164564775 72380
4 481 rs972537 65134786 1 1.2226276261771249e-4 65134786 65274937 140151
4 873 rs6858643 133504375 2 -1.2088561021381458e-4 133156160 133508970 352810
4 87 rs17466657 7730560 1 1.2083854285085056e-4 7730560 7730560 0
4 791 rs4834594 117851859 1 1.1873248163890164e-4 117653901 117891755 237854
4 850 rs1008995 128487450 1 1.172335936120344e-4 128367991 128487450 119459
4 1122 rs4396955 169845720 1 1.1620378120832862e-4 169772342 169928842 156500
4 70 rs7675524 6951583 1 1.159396602739418e-4 6918679 7069804 151125
4 520 rs4694519 73618256 1 1.1443606407079264e-4 73575548 73645351 69803
4 187 rs17620615 20570787 1 -1.1035519316600352e-4 20563108 20585883 22775
4 724 rs2648037 107520859 3 -1.1031994856188203e-4 107517238 107769255 252017
4 1071 rs12508239 163267782 1 -1.0604126987967764e-4 163264951 163392037 127086
4 896 rs17674050 137679664 1 1.0567781015105922e-4 137650213 137679664 29451
4 314 rs2376241 37163951 2 -1.0514916852326772e-4 37111552 37240580 129028
4 176 rs938840 18851987 1 1.050065664229204e-4 18851987 18908518 56531
4 619 rs1381626 88552784 2 -1.0438084921903494e-4 88502642 88552784 50142
4 199 rs1913330 21929301 3 1.0435927988144468e-4 21764761 21986877 222116
4 1172 rs2333233 176538654 1 1.0432086511623138e-4 176538654 176568582 29928
4 181 rs6845174 20054356 1 1.01414653853115e-4 20054356 20064263 9907
4 1281 rs4862299 184990090 1 -1.0063091963292544e-4 184952645 184990090 37445
4 1033 rs2340252 157129218 2 9.454176065178815e-5 157065076 157152021 86945
4 1308 rs11132350 186725449 1 -8.93223533309524e-5 186721885 186758065 36180
4 290 rs1454310 32398607 2 -8.616171993550432e-5 32368307 32481587 113280
4 1127 rs7666155 170757025 1 -8.569506012104882e-5 170754412 170757025 2613
4 863 rs1567193 130962263 1 8.56818243883019e-5 130962263 131062875 100612
4 476 rs10025992 63838796 1 -8.38471301728704e-5 63779473 63838796 59323
4 132 rs2270279 13755011 1 -8.356424054559053e-5 13713538 13783235 69697
4 265 rs16881220 28954136 1 -8.344569389242618e-5 28954136 29095909 141773
4 1217 rs1316917 180942572 1 8.160909479819494e-5 180920998 180968431 47433
4 1323 rs328418 187557893 1 -7.813094204110968e-5 187508057 187557893 49836
4 784 rs505277 116028808 2 7.474748611183784e-5 115897055 116029548 132493
4 723 rs13148020 107423164 2 -7.439004014201585e-5 107318580 107499928 181348
4 1276 rs6552711 184779187 1 7.374970508694563e-5 184762700 184792187 29487
4 598 rs13117154 84603816 1 -7.295572025118416e-5 84552920 84604639 51719
4 88 rs2240054 7765193 1 -7.061792661150784e-5 7752091 7809042 56951
4 420 rs998064 56997350 1 -7.055663078921278e-5 56916879 56997350 80471
4 303 rs16991102 35429711 1 7.00032086435458e-5 35410631 35608822 198191
4 1233 rs6845037 182118509 1 -6.990103534501964e-5 182089409 182118509 29100
4 521 rs7676987 73707973 1 6.97793368164141e-5 73681946 73851964 170018
4 39 rs9985541 5265305 1 -6.80473188649527e-5 5265305 5367985 102680
4 694 rs357652 101353122 1 6.686026525365185e-5 101238386 101443803 205417
4 172 rs7687236 18135757 1 6.622110564148444e-5 18111823 18203435 91612
4 1003 rs6833828 154196082 1 6.512120804154501e-5 154138086 154244315 106229
4 634 rs2005104 90211779 1 -6.229148334738739e-5 90193727 90211918 18191
4 1000 rs932159 154012692 1 6.129872495581361e-5 154000968 154012751 11783
4 1111 rs17525095 168768607 1 -6.0091268111161905e-5 168764988 168898057 133069
4 30 rs7690052 4700606 2 -5.8886118724428555e-5 4687339 4727507 40168
4 809 rs1685593 121371794 1 -5.6958354046035544e-5 121347367 121371794 24427
4 901 rs10519419 138225124 1 5.5559534198554737e-5 138206940 138227898 20958
4 338 rs17583377 38955135 1 -5.156070976442895e-5 38944101 38955135 11034
4 348 rs278981 40428010 1 5.040185947236671e-5 40420437 40428010 7573
4 767 rs12503954 113916575 1 -5.0095348949448635e-5 113916575 113917110 535
4 813 rs17051284 121972302 1 4.834728309576561e-5 121801457 121974645 173188
4 838 rs1355164 126262415 5 4.821049684668112e-5 126239986 126359456 119470
4 1300 rs35700132 186241986 1 -4.632822797988547e-5 186150254 186302406 152152
4 1091 rs13126014 165726126 1 4.540924000604134e-5 165721118 165746041 24923
4 534 rs17250773 75967100 2 4.212421889380894e-5 75929358 75980925 51567
4 210 rs13151220 23346349 1 -3.8604536783610466e-5 23346349 23477944 131595
4 557 rs4577601 78858515 1 -3.476328257806206e-5 78655778 78967046 311268
4 1017 rs6056 155488821 1 -3.22367317786049e-5 155448553 155542248 93695
4 543 rs12651108 77411996 2 3.1832555315032486e-5 77222933 77424167 201234
4 257 rs13145714 27888838 1 -3.10861452692921e-5 27844411 27903383 58972
4 1302 rs13123635 186504441 1 3.063995895642172e-5 186423637 186504441 80804
4 486 rs1349446 66218334 2 -2.986110079122328e-5 66142596 66244369 101773
4 396 rs10000595 53646007 1 2.73106235479234e-5 53643039 53778384 135345
4 837 rs9998852 126170152 1 2.69418623423363e-5 126169900 126216963 47063
4 437 rs4579186 58015899 1 2.4775840609212567e-5 58015899 58015899 0
4 427 rs10023933 57400769 1 -2.3204471015975013e-5 57387706 57410548 22842
4 579 rs1444891 82376621 1 2.117135951503913e-5 82347502 82383449 35947
4 349 rs10018317 40447356 1 -2.042442132210783e-5 40438576 40447356 8780
4 1052 rs4383572 160558972 2 -2.0164346681101963e-5 160477041 160574450 97409
4 1089 rs11935111 165614362 1 -2.0132286105617065e-5 165576740 165627020 50280
4 275 rs4692446 30243958 1 2.009138861655933e-5 30243958 30371605 127647
4 47 rs3885409 5848928 1 -1.98816540139628e-5 5847493 5895798 48305
4 1260 rs10434298 183622901 2 -1.9509297167606436e-5 183605088 183664522 59434
4 704 rs190223 103105685 1 1.6440649972188584e-5 103105685 103117289 11604
4 952 rs10006257 146205494 1 1.3868035806311885e-5 146184565 146205494 20929
4 848 rs1511138 127516859 4 -1.1975198082652716e-5 127438435 127646765 208330
4 495 rs6830822 67674435 1 1.03043740097466e-5 67657239 67677853 20614
4 1154 rs7700171 174777061 1 9.797576116310595e-6 174772568 174800374 27806
4 188 rs7688805 20732334 1 6.3622678816725695e-6 20605594 20755240 149646
4 435 rs1401189 57919919 1 -5.559283410828765e-6 57910214 57923774 13560
4 231 rs3851436 25464878 1 4.24882455979888e-6 25464878 25465970 1092
4 46 rs2286282 5843266 4 5.063753750618157e-7 5830296 5843328 13032
