CHR Group SNP.lead BP.lead Size W BP.min BP.max BP.width
2 835 rs10931468 191538562 11 0.1732353405983612 191504064 191935804 431740
2 834 rs4638823 191312906 5 0.0873148426837491 191045969 191469731 423762
2 874 rs3181113 204601910 11 0.08516128807750752 204459206 204802578 343372
2 176 rs7583409 25491056 6 0.06459611162164983 25491056 25894556 403500
2 1002 rs2048054 228652347 4 0.06184594880125502 228622128 228653164 31036
2 601 rs6725404 128972833 5 0.05204464933896846 128465547 129007898 542351
2 71 rs10174949 8442248 10 0.04932813492632731 8438959 8531037 92078
2 636 rs842362 135341120 4 0.0421841369614214 135341120 135690061 348941
2 496 rs12475055 102878891 4 0.03487480645207676 102878891 103091540 212649
2 183 rs1260326 27730940 7 0.03260537191854885 27414134 28479472 1065338
2 836 rs13022931 192020729 5 0.03250037750770889 191991459 192020729 29270
2 539 rs4849261 114450028 14 0.032409632171342 114432293 114784936 352643
2 529 rs1398030 111972005 4 0.03225995659251448 111864915 112000058 135143
2 1016 rs1365776 231072709 3 0.03078702060413351 231035575 231223383 187808
2 730 rs4420712 162952349 3 0.02962502518892141 162811186 162983749 172563
2 358 rs1186706 61673394 13 0.02806859375104939 60972786 61731478 758692
2 500 rs1433312 103987135 6 0.02672141259839651 103987135 104537499 550364
2 211 rs6751050 31993081 7 0.02669531106413539 31628705 32447718 819013
