CHR Group SNP.lead BP.lead Size W BP.min BP.max BP.width
2 4339 rs10168266 191935804 2 0.0527559772283214 191931464 191935804 4340
2 740 rs7583409 25491056 2 0.05026964739363464 25491056 25492467 1411
2 5136 rs2048054 228652347 3 0.04490890693432706 228652347 228653164 817
2 2500 rs12475055 102878891 3 0.03345942388548019 102878891 102888565 9674
2 3739 rs1990760 163124051 3 0.02893341686172223 163110536 163152351 41815
2 4341 rs13022931 192020729 3 0.028747893181414418 192013921 192020729 6808
2 3194 rs842362 135341120 2 0.02738275860751627 135341120 135341200 80
2 1136 rs4670932 39618666 2 0.02543190071683074 39604876 39626388 21512
2 4525 rs3181113 204601910 1 0.02459088014203229 204601910 204611195 9285
2 4337 rs3024908 191894141 1 0.02342828640048832 191875901 191894141 18240
2 2694 rs1398030 111972005 4 0.02325701760186596 111957894 112000058 42164
2 4329 rs10931468 191538562 3 0.02309188314193459 191504064 191553931 49867
2 1123 rs17493321 38772507 2 0.0229964436648555 38772507 38772915 408
2 3400 rs1012272 144993201 2 0.0222950906499506 144951782 145058077 106295
2 861 rs17321999 30479857 4 0.02215337059494814 30478453 30480027 1574
