CHR Group SNP.lead BP.lead Size W BP.min BP.max BP.width
22 231 rs12627970 39721745 8 0.1372717272846645 39659773 39721745 61972
22 142 rs1002189 30771458 8 0.05617445662390907 30658722 30796422 137700
22 239 rs132902 41797758 12 0.05434678155187632 41418154 41799106 380952
22 40 rs7291930 20876509 3 0.04802999143247239 20753615 20903410 149795
22 207 rs2284033 37534034 3 0.04727513538925618 37506680 37535471 28791
22 233 rs2294360 39897792 6 0.04387344962061755 39897792 39989216 91424
22 47 rs1210606 21452237 5 0.03342899321222085 21423908 21452237 28329
22 240 rs9607852 42258272 4 0.03251030134876033 41961831 42282012 320181
22 72 rs1041749 24846391 6 0.02941191661122995 24755025 24946924 191899
22 241 rs5996130 42612297 6 0.02875023138456893 42338152 42685537 347385
22 369 rs140522 50971266 2 0.02696473928427784 50937445 50971752 34307
22 218 rs143910997 38321806 4 -0.02671698193334958 38093169 38447444 354275
22 27 rs5748167 19370586 7 0.02446945902535254 19154522 19505531 351009
22 259 rs2267597 44427612 2 0.02189365983267432 44424108 44435552 11444
22 305 rs13057352 47095235 3 0.02141371916475568 47021203 47103512 82309
22 149 rs5994466 32518130 6 0.02095632115667148 32355455 32533584 178129
22 92 rs8139900 26394724 2 0.02000088031938613 26394724 26415475 20751
22 17 rs439231 18319179 5 0.01916321077484563 18286672 18319179 32507
22 177 rs204276 34744069 4 0.01837831945494394 34646980 34799261 152281
22 189 rs4820201 35970204 7 0.0183286697657263 35970204 36041650 71446
22 243 rs733278 42811919 7 0.01702238656762187 42776276 42867898 91622
22 309 rs86559 47454664 4 -0.01702101166723332 47454664 47489470 34806
22 67 rs7287310 24047092 6 0.01641470218435754 23971028 24096783 125755
22 237 rs6001931 40877514 6 0.01594353869357761 40729614 41075543 345929
22 290 rs6006756 45884487 1 0.01515109614082942 45864459 45892433 27974
22 37 rs9606241 20075858 6 0.01492743850183658 20037315 20100596 63281
22 125 rs7511351 27748742 2 -0.01490797255220143 27747270 27756300 9030
22 62 rs2330452 23754578 1 0.01450353444327843 23752398 23754578 2180
22 148 rs16989291 31971282 8 0.01384339451969707 31543260 32324140 780880
22 166 rs16992276 33801983 3 0.01345704667406893 33771672 33801983 30311
22 88 rs739281 26277148 1 0.01341429808049094 26227767 26278427 50660
22 232 rs5757670 39829736 2 0.01324877110948359 39781585 39829736 48151
22 36 rs2531708 20017445 9 0.01259811336036975 19956781 20020229 63448
22 344 rs12158344 49214032 4 0.01243301391215189 49212730 49228507 15777
22 213 rs5750423 37734452 2 0.0123941210541714 37728491 37771985 43494
22 308 rs4476 47440669 3 0.01225940573743383 47302584 47440669 138085
22 145 rs4820897 31117495 6 0.01215426439903175 31070493 31261107 190614
22 70 rs1007888 24241101 2 -0.01194837130864493 24226890 24270777 43887
22 109 rs13054025 27222059 1 0.01160265050821781 27222059 27222286 227
22 157 rs743762 32959350 2 -0.01129772519470438 32959350 32971900 12550
22 353 rs11703376 49678713 3 0.0111608309942337 49671776 49685455 13679
22 162 rs9609684 33429708 5 -0.01080543581401525 33246032 33433761 187729
22 246 rs738533 43172308 4 0.01065856118477959 43162952 43179166 16214
22 102 rs5752327 26844070 6 0.01022674799302094 26794102 26909750 115648
22 129 rs8136304 27917070 1 0.00998755056192145 27905428 27935369 29941
22 154 rs11703151 32849712 4 0.00992259391686632 32831809 32849712 17903
22 126 rs136923 27785809 1 0.00986059000239747 27779122 27785809 6687
22 224 rs5757166 38995385 2 0.00972046114777362 38995385 39138332 142947
22 50 rs4821112 21964761 3 0.00968532969335208 21917190 21982892 65702
22 120 rs550260 27575542 7 -0.00928720653748431 27557030 27613318 56288
22 352 rs8140508 49610259 3 0.00885925843575749 49593847 49623181 29334
22 341 rs13056461 49155087 3 0.00857788379295097 49154931 49175009 20078
22 165 rs5998876 33729763 4 0.00828978744185455 33728035 33743341 15306
22 55 rs16985150 22525600 5 0.00827484055669473 22504946 22548831 43885
22 212 rs2284051 37710569 2 0.00810867457564162 37699377 37710569 11192
22 202 rs4821540 37241788 2 0.00809954219971041 37197530 37241788 44258
22 250 rs148458324 43618695 3 -0.00799296346491803 43577048 43624305 47257
22 270 rs135938 44812036 1 -0.0079195077626934 44812036 44812036 0
22 18 rs1072405 18406068 6 0.00786744469218225 18350514 18486017 135503
22 130 rs723184 27962517 2 0.00761574388546936 27962517 27974819 12302
22 215 rs8140025 37910395 1 0.00756264205462487 37843239 37929759 86520
22 307 rs974226 47230348 2 0.00735357234681734 47138659 47230348 91689
22 338 rs8135393 49050448 4 -0.00693292320938288 49050435 49074301 23866
22 329 rs4499 48646288 2 0.00653538139295972 48603295 48646288 42993
22 298 rs142737602 46633784 2 -0.006524290235768 46610409 46644177 33768
22 28 rs5992428 19563347 4 -0.00644961007350573 19534856 19594436 59580
22 135 rs3819658 28160074 1 -0.0063451066335322 28160074 28160972 898
22 138 rs132372 29604561 1 0.00634019471846071 29498118 29604561 106443
22 94 rs134716 26507446 3 -0.00625671609266427 26485668 26507645 21977
22 172 rs1009730 34260738 6 -0.00601684559226006 34133758 34260738 126980
22 211 rs8139798 37660255 1 0.00594606418320843 37618637 37673781 55144
22 82 rs9608379 25620142 3 -0.00560450190123397 25608548 25620142 11594
22 153 rs5753991 32738182 4 0.00557341739767955 32729530 32823071 93541
22 110 rs9608534 27273238 1 -0.00556685816901307 27227219 27273238 46019
22 181 rs5755407 35298506 3 -0.00545367527692699 35157380 35337195 179815
22 31 rs1985884 19643245 3 -0.00540375213810497 19643245 19678655 35410
22 357 rs7287788 49817197 5 -0.00529659396597125 49803587 49823224 19637
22 186 rs743811 35792974 2 0.00522386778906313 35792974 35818398 25424
22 210 rs5995396 37586000 3 0.00508981638401946 37570845 37611807 40962
22 283 rs132011 45421536 3 0.00502848296998508 45421242 45435202 13960
22 320 rs738738 48180475 3 -0.00502303855559444 48062251 48184882 122631
22 242 rs9620039 42738766 3 0.00490214086728424 42698800 42742451 43651
22 296 rs910923 46487902 1 0.00487029826326497 46487902 46487902 0
22 262 rs5764558 44544028 2 0.0048656072506141 44530420 44544028 13608
22 348 rs6009408 49461764 4 0.00478380751006099 49450131 49486490 36359
22 150 rs9606916 32567306 1 0.00476647551428882 32554997 32592390 37393
22 289 rs6006753 45846472 5 -0.00468352633243902 45693828 45846472 152644
22 79 rs139762 25307571 7 0.00462599355157573 25307571 25320371 12800
22 345 rs4824047 49351767 4 -0.00456630228650239 49316305 49351767 35462
22 101 rs2226691 26789849 1 0.00455958432532704 26758375 26789849 31474
22 356 rs5770391 49790713 1 0.00448975276941436 49784591 49796800 12209
22 256 rs2017461 44285765 8 0.00436519892311282 43950853 44286950 336097
22 197 rs139933 36845207 4 0.00433122287423431 36770038 36900806 130768
22 65 rs140174 23922983 1 0.00427621282749369 23922983 23922983 0
22 147 rs2232183 31532960 3 -0.00422451402246681 31487701 31533967 46266
22 161 rs242076 33229830 5 -0.00395534673444433 33159636 33234931 75295
22 221 rs6001064 38638071 1 0.0038583815905585 38628306 38678387 50081
22 71 rs17854874 24468386 5 0.00385566994731751 24460593 24639069 178476
22 193 rs2239831 36583084 2 -0.0037885452054155 36583084 36598058 14974
22 45 rs396130 21357602 2 -0.00366405708119878 21352181 21362849 10668
22 312 rs9626702 47609914 1 -0.00364462232328863 47604571 47627231 22660
22 294 rs3788673 45994189 2 0.00358970677683898 45988571 46038908 50337
22 61 rs5759742 23700907 2 0.00358418298081081 23700907 23700907 0
22 248 rs8141749 43483242 3 0.0035770590270713 43430077 43483242 53165
22 313 rs6008118 47683805 3 -0.00347670256202682 47683805 47688003 4198
22 163 rs5998709 33445313 1 -0.00336760672214003 33445313 33502167 56854
22 188 rs13054394 35950648 1 0.00331704502178446 35922604 35952603 29999
22 317 rs10460765 47944748 2 0.00323411349982572 47940908 47944748 3840
22 103 rs13056218 26917626 4 -0.00317975292062253 26916722 26960789 44067
22 49 rs460106 21806401 2 0.00317456377959717 21806401 21809185 2784
22 14 rs174330 18009909 1 0.00317220764114629 17990852 18021760 30908
22 234 rs136858 40065322 1 -0.00314708280379664 40065322 40083730 18408
22 340 rs130129 49096694 2 0.00306355832068666 49096694 49128427 31733
22 141 rs737906 30367857 5 0.00303893893411923 30121285 30597810 476525
22 220 rs11570680 38528888 2 -0.00301278377196744 38509439 38569006 59567
22 59 rs5751592 23497674 3 -0.00300080574737954 23407301 23569063 161762
22 75 rs7287595 25208398 1 0.00299366525490587 25158445 25208398 49953
22 347 rs5769373 49411595 2 0.00294231374759202 49405594 49434131 28537
22 4 rs917838 17492452 1 0.0029204716931146 17492452 17492452 0
22 370 rs131749 51024624 10 0.00284575411507156 50990669 51072161 81492
22 258 rs1010023 44336098 7 0.00284559241980953 44322970 44395451 72481
22 136 rs134551 28807625 5 -0.00275576232475326 28288136 28923317 635181
22 288 rs9306493 45682425 1 -0.00270247004045806 45680473 45686090 5617
22 77 rs56123612 25251372 2 0.00269577125401302 25238729 25284829 46100
22 43 rs756875 21318433 1 -0.00268719993156231 21318433 21318433 0
22 114 rs6005266 27410749 1 0.00263483936676578 27410749 27413509 2760
22 81 rs5752075 25572748 3 -0.00263075908415305 25473134 25572748 99614
22 349 rs135230 49513663 2 0.00258272554453191 49505948 49514337 8389
22 253 rs11704418 43705678 3 0.00257341772151379 43685657 43705678 20021
22 225 rs469987 39287355 2 0.00254629563539451 39163856 39300936 137080
22 23 rs5992185 18633978 1 0.00243164750294464 18633978 18640300 6322
22 105 rs6005154 27141605 4 -0.00242300468760067 27122480 27141605 19125
22 328 rs5768412 48567467 4 -0.00240750113531254 48546285 48569604 23319
22 327 rs16994730 48514296 2 0.00238046350283849 48494758 48538763 44005
22 137 rs5762930 29378708 9 -0.00228810247074151 29100711 29454477 353766
22 35 rs165631 19951816 3 0.00223547232107495 19928022 19951816 23794
22 169 rs240590 34021876 1 -0.0022118392170459 33984394 34061215 76821
22 204 rs5750326 37276285 3 0.00220090628350147 37268555 37310046 41491
22 199 rs4821506 36994063 1 -0.00217518881395731 36965284 36994063 28779
22 184 rs7289467 35518987 3 -0.00216148933267331 35414017 35519850 105833
22 280 rs5766113 45251423 3 -0.0020576517358169002 45225297 45255043 29746
22 41 rs759224 20993328 2 -0.00204651646666963 20993328 20999208 5880
22 292 rs136753 45936121 2 0.00203817862566363 45926585 45937149 10564
22 245 rs12166331 43121426 4 0.00203735790412402 43061482 43122720 61238
22 98 rs3788378 26715923 1 0.00202602627953456 26702015 26716432 14417
22 155 rs8137714 32871383 3 -0.00189562631206548 32859619 32882121 22502
22 22 rs9618203 18607872 2 -0.0018916128389656 18582650 18607872 25222
22 179 rs738968 34889097 2 0.00186691739840622 34880370 34940942 60572
22 226 rs5757387 39333340 1 0.00185789845396851 39320828 39355109 34281
22 335 rs133503 48911602 4 -0.00180466030389623 48906295 48918829 12534
22 304 rs5767265 46964267 2 -0.00174078175506228 46964267 46980242 15975
22 351 rs12170052 49571596 2 0.00173132498216886 49559242 49589243 30001
22 124 rs545614 27729548 4 -0.00172169245448001 27700318 27729548 29230
22 299 rs11090865 46731689 1 -0.00170018385805792 46678666 46731689 53023
22 42 rs1339959 21005697 2 0.00164896457787784 21004805 21115244 110439
22 249 rs6973 43559137 6 0.00162224861988607 43514886 43559137 44251
22 238 rs61756762 41257393 2 0.00159417437004753 41081561 41291730 210169
22 5 rs738033 17599844 2 0.00158201885992559 17589209 17634050 44841
22 171 rs240073 34086494 2 0.00155030733286188 34083987 34108174 24187
22 24 rs4819756 18912678 1 -0.00148996055539202 18901004 18912678 11674
22 91 rs9306419 26369358 2 0.00146944214213112 26369358 26369358 0
22 263 rs9614207 44567435 1 -0.00146426177909318 44567435 44576132 8697
22 112 rs5761863 27348456 2 0.00145628009700663 27331206 27348456 17250
22 264 rs139163 44597929 3 0.00139968643012014 44583246 44646105 62859
22 51 rs73166641 21998280 1 0.00136758662231833 21998280 22068740 70460
22 121 rs498789 27627416 2 0.00135579300342053 27622907 27627416 4509
22 115 rs134932 27425365 4 -0.00133859609932982 27425162 27425365 203
22 227 rs2142833 39392296 3 0.00130207318202562 39392296 39407399 15103
22 140 rs2857651 30075052 8 -0.00127790725651449 29840180 30079213 239033
22 359 rs8138283 49841479 2 -0.00126350053470333 49841479 49841479 0
22 337 rs5771622 49027446 3 0.00124918768980366 49027446 49033984 6538
22 10 rs4819996 17790731 1 0.00124879049802129 17790731 17790731 0
22 206 rs8141597 37424848 5 -0.00110215470568399 37367928 37470224 102296
22 279 rs3788630 45191504 2 0.00104809001302491 45180554 45192660 12106
22 46 rs2072550 21386019 2 0.00104326338446504 21381646 21386019 4373
22 164 rs916244 33563878 3 -0.00100781412564657 33523109 33637087 113978
22 285 rs9306489 45525484 6 -9.97108463989121e-4 45518890 45568986 50096
22 334 rs6008741 48897881 1 -9.632928662746158e-4 48838815 48897881 59066
22 228 rs1969643 39413668 1 -9.412428513935042e-4 39413668 39445554 31886
22 118 rs4822859 27508858 3 9.226487357504094e-4 27497704 27508858 11154
22 306 rs9616101 47108189 1 9.105201662472646e-4 47108189 47115825 7636
22 139 rs174775 29791234 4 9.07639946144438e-4 29630337 29791234 160897
22 178 rs10427794 34851109 4 -8.700769541127719e-4 34811838 34859793 47955
22 282 rs6007397 45339200 2 8.636699968498078e-4 45333182 45409136 75954
22 284 rs2057114 45465068 1 -8.548828907223238e-4 45465068 45475332 10264
22 295 rs11090654 46160991 1 8.443793676920503e-4 46154366 46255004 100638
22 310 rs2009905 47503067 3 -8.431755335517139e-4 47497788 47556231 58443
22 87 rs6004774 26216160 2 -8.085312930505805e-4 26173661 26222454 48793
22 3 rs11703655 17450952 2 7.989021867724042e-4 17414640 17450952 36312
22 1 rs4819535 17278762 1 7.836115199122284e-4 17278762 17329601 50839
22 117 rs760529 27485345 4 7.673668293080279e-4 27438631 27485959 47328
22 0 rs5747999 17075353 1 -7.618274580270374e-4 17075353 17075353 0
22 229 rs139298 39497452 2 7.580021603145685e-4 39497452 39552597 55145
22 133 rs5762311 28090207 2 7.394884068643442e-4 28044594 28129239 84645
22 54 rs5750449 22418813 1 -7.250636511686541e-4 22418813 22457546 38733
22 324 rs6008485 48371416 1 -7.186523611367871e-4 48371416 48381376 9960
22 97 rs137203 26688831 2 -7.123620341278893e-4 26681640 26688831 7191
22 321 rs4823703 48222045 1 7.100208581286466e-4 48222045 48269511 47466
22 159 rs13340089 33032041 1 7.043591495037632e-4 33003307 33033048 29741
22 286 rs1125398 45589490 4 -7.028002651415645e-4 45589490 45648846 59356
22 366 rs138220 50550808 1 6.936603954935045e-4 50492235 50599466 107231
22 128 rs2092741 27888434 1 6.884657721038083e-4 27852183 27896011 43828
22 192 rs80584 36555794 3 6.622347263829753e-4 36500899 36557550 56651
22 244 rs11703700 42877543 1 6.501446211995899e-4 42876604 42877543 939
22 58 rs6003484 23379985 3 6.454063464100825e-4 23299769 23379985 80216
22 302 rs5768857 46900462 1 -6.381456738542969e-4 46886036 46900462 14426
22 271 rs135976 44828077 1 -6.10961304836175e-4 44828077 44881837 53760
22 86 rs4822649 26163003 2 6.054435775741015e-4 26144760 26164413 19653
22 331 rs133662 48725114 2 -5.864405370248681e-4 48725114 48726996 1882
22 156 rs12628631 32939719 2 5.817584444387818e-4 32925170 32939719 14549
22 57 rs463235 23278593 3 -5.440891206629293e-4 23250737 23278593 27856
22 143 rs55674628 30953280 2 5.195205661232634e-4 30850395 30953295 102900
22 52 rs5999264 22095920 4 5.092681898365855e-4 22082820 22329747 246927
22 60 rs5751614 23593051 3 5.079031288335751e-4 23593051 23644794 51743
22 371 rs9616906 51104680 2 -5.073733864341624e-4 51104680 51104680 0
22 185 rs134260 35545092 3 -4.7074245231119773e-4 35544775 35733654 188879
22 95 rs134760 26573345 2 -4.482308226987968e-4 26565156 26597805 32649
22 90 rs9613049 26345603 3 4.380728012669766e-4 26330370 26346108 15738
22 252 rs5759250 43673800 2 -4.290204437500532e-4 43655427 43673800 18373
22 368 rs11555194 50876662 10 -4.033496630668244e-4 50814075 50910875 96800
22 63 rs140157 23836819 1 -3.9733293737352426e-4 23816428 23838200 21772
22 216 rs2235336 37958268 3 3.928361432446554e-4 37943299 37958268 14969
22 29 rs1476445 19621011 1 3.870888560545287e-4 19609943 19623386 13443
22 127 rs79556 27814314 1 3.702715834588587e-4 27802721 27818766 16045
22 104 rs5752351 26990807 6 3.455240892421068e-4 26981039 27110259 129220
22 274 rs2349634 44973739 1 3.418280177932181e-4 44973739 44973739 0
22 269 rs7285004 44774700 2 3.362007053474676e-4 44769535 44788913 19378
22 2 rs8136206 17399211 1 -3.361579319362371e-4 17399211 17399211 0
22 96 rs16981638 26666611 3 -3.197031172805341e-4 26650662 26670085 19423
22 365 rs5771069 50435480 2 -3.1219070201413693e-4 50435480 50482126 46646
22 198 rs5756233 36935796 2 2.9911563111833205e-4 36923499 36941065 17566
22 236 rs9611280 40552119 1 -2.802700428468956e-4 40403171 40697581 294410
22 107 rs713751 27189835 1 -2.6920085188641046e-4 27189536 27191942 2406
22 261 rs1535009 44522312 1 -2.6778562385120907e-4 44503633 44522312 18679
22 15 rs1080199 18120850 1 -2.5621404844010707e-4 18115392 18235305 119913
22 100 rs655581 26750230 1 -2.4291455728001816e-4 26750230 26750230 0
22 203 rs6000449 37251377 1 -2.4129669170604149e-4 37251377 37252010 633
22 176 rs5754910 34636072 1 2.285359718532859e-4 34537450 34640618 103168
22 367 rs34455105 50660137 1 -2.225759379296772e-4 50655543 50660137 4594
22 21 rs5992985 18545634 1 2.1615399131329595e-4 18545634 18549740 4106
22 362 rs760841 50079133 1 2.0977484644927035e-4 49932138 50092148 160010
22 175 rs4820127 34395171 2 -2.0490184062716308e-4 34395171 34474560 79389
22 123 rs8136576 27689956 2 -2.0412179846903788e-4 27689956 27690377 421
22 191 rs5756047 36425725 1 2.0345149547910265e-4 36259560 36443705 184145
22 265 rs62226816 44681317 1 -1.916679662747812e-4 44672019 44681317 9298
22 144 rs9306264 31024934 1 -1.8333933704886988e-4 30957832 31046587 88755
22 314 rs6008150 47748531 2 -1.8135780581378125e-4 47711836 47763158 51322
22 44 rs7292968 21335559 2 1.812517435905522e-4 21328568 21339751 11183
22 223 rs138392 38807144 1 -1.7710640403726223e-4 38807144 38840221 33077
22 85 rs8142086 26046513 1 -1.6026975378871875e-4 25938025 26069727 131702
22 119 rs9608581 27533998 1 -1.3646204509803523e-4 27533998 27548374 14376
22 247 rs11090122 43308475 4 -1.286598499486316e-4 43193641 43390319 196678
22 106 rs4820706 27167348 1 -1.1660176580286795e-4 27167348 27171638 4290
22 293 rs739215 45967526 1 -1.0968794945185196e-4 45967526 45967526 0
22 267 rs9614891 44737646 1 9.861949927907089e-5 44737646 44750621 12975
22 73 rs4820599 24990213 1 9.496026995177498e-5 24990213 24991895 1682
22 194 rs6000197 36603294 4 9.09958202331598e-5 36602779 36623920 21141
22 195 rs136148 36652931 1 9.083354106776388e-5 36652931 36661842 8911
22 358 rs17000964 49826381 1 8.991392343083288e-5 49826381 49826381 0
22 330 rs133588 48666450 2 6.624016800699912e-5 48666450 48672302 5852
22 268 rs763041 44763752 1 6.38553327536478e-5 44760039 44763752 3713
22 167 rs713740 33832735 1 -6.33474179170009e-5 33826566 33893601 67035
22 160 rs9606990 33140654 2 6.0492384799364616e-5 33116109 33142908 26799
22 190 rs5755868 36074596 1 -5.979102176742612e-5 36074596 36130577 55981
22 180 rs5755183 35038444 1 -4.902359756131649e-5 35033249 35131487 98238
22 235 rs6001679 40169926 2 4.434706478456007e-5 40169926 40363778 193852
22 25 rs2023634 18972450 1 3.3897157934186316e-5 18972450 19120959 148509
