CHR Group SNP.lead BP.lead Size W BP.min BP.max BP.width
10 98 rs10821948 63809624 18 0.08379409252933641 63785089 64745589 960500
10 71 rs593992 34536049 15 0.07074410303081255 34266223 36000671 1734448
10 151 rs118161359 103906612 28 0.0662365579821353 103894939 106101986 2207047
10 15 rs61839660 6094697 12 0.06361382010383612 6000259 6233955 233696
10 79 rs10857650 50030023 22 0.0566738132891243 49406469 50122181 715712
10 66 rs4301703 30813618 10 0.04516869823915936 30658147 30896831 238684
10 104 rs5030937 70975897 11 0.04452079556577124 69905300 71051643 1146343
10 112 rs7893748 73483976 5 0.03773866709040418 73290319 73506514 216195
10 24 rs10795685 9017944 13 0.03735622607753439 8775730 9617015 841285
10 74 rs2252783 43907495 12 0.03052318026682566 43262261 44104513 842252
10 148 rs3818411 101960966 18 0.02989907567468514 101166544 102085327 918783
10 11 rs10795187 4609790 6 -0.02875810266731955 4458818 4802160 343342
10 157 rs10884919 111757791 12 0.02636965631046944 110938966 112164194 1225228
10 60 rs7076276 28296076 15 0.02596381749268354 27674288 28995563 1321275
10 16 rs602756 6466280 11 0.02454054335097844 6277661 6615454 337793
10 191 rs6597754 127948238 8 0.02449509382368683 127868584 128117100 248516
10 29 rs10752230 11803185 8 0.02422297338510333 11492868 11848189 355321
10 113 rs9664184 75409967 26 0.02356850430047554 73516463 75669319 2152856
10 142 rs7069574 97315349 19 0.0222652414065954 97070115 97984311 914196
10 68 rs2769202 32524898 10 0.02207783010978593 31957790 33557046 1599256
10 198 rs2152143 129906980 8 0.02202255055240272 129686579 130048165 361586
10 195 rs10765017 129168894 5 0.0219507550834343 128820544 129186924 366380
10 138 rs1329650 93348120 14 -0.02086618115870468 93004839 94481995 1477156
10 122 rs2784774 81921553 13 0.02050681021900685 81194219 82355408 1161189
10 97 rs10509142 62773645 14 0.02011858898610854 62664755 63752159 1087404
10 199 rs9804335 130247173 6 0.02006945915803127 130084909 130328926 244017
10 109 rs10823600 72468097 12 0.01900379246256855 72252825 72719407 466582
10 207 rs4750827 132547184 12 0.01809951704851849 132205196 132578847 373651
10 180 rs2935695 123481200 4 0.01772726762442295 123268889 123569487 300598
10 215 rs6537607 135284115 6 0.01768674565179972 134915832 135434303 518471
10 32 rs2482069 12889696 12 0.01767788544351769 12826886 13031971 205085
10 51 rs5011832 21782842 7 0.01760057579966753 21599726 22538174 938448
10 6 rs2306301 3154339 8 0.01731250225502601 3123433 3202065 78632
10 59 rs651134 27549961 8 0.01709258678593382 26900228 27586972 686744
10 160 rs2255141 113933886 2 0.01690648878160063 113926224 114236865 310641
10 118 rs3851040 79318685 11 -0.01665206636565964 79200117 79955120 755003
10 9 rs4881260 4000708 10 -0.016644361535307 3888845 4212277 323432
10 159 rs9703807 112741551 18 0.01657612127549752 112584451 113783588 1199137
10 80 rs7091448 50985245 10 -0.01607732085741822 50155130 51056858 901728
10 169 rs363294 119043554 8 0.0158935510148446 118434045 119102636 668591
10 45 rs4561106 17456574 13 0.0156479989583799 17081153 17757296 676143
10 175 rs2065657 121784062 13 -0.01526841785343259 121095400 121860349 764949
10 8 rs12245875 3856293 5 0.01502542816550806 3505030 3860167 355137
10 212 rs9419406 133811201 1 0.0147132057275691 133811201 133933380 122179
10 12 rs10795205 4899130 7 -0.01399793849386926 4814682 5349871 535189
10 190 rs3740179 127483573 11 0.01320974454301773 127394788 127852395 457607
10 86 rs12220324 54386443 7 -0.01312596910342787 54344288 54656071 311783
10 144 rs2817708 98889713 6 0.01303004718498717 98604466 98937908 333442
10 143 rs3827867 98416324 8 0.01268810348691611 97993942 98504184 510242
10 14 rs907686 5900693 12 0.01238625365191605 5607759 5982577 374818
10 116 rs1040936 78084407 6 0.01196331727701725 78005230 78696377 691147
10 92 rs7907512 58593295 12 -0.01179009960728703 58342829 59768050 1425221
10 83 rs1444400 53234155 4 -0.01162103048407358 52905494 53346871 441377
10 131 rs2217223 88111630 10 0.01135619431880769 87861382 88947473 1086091
10 189 rs297226 127299121 5 -0.01124038909610913 126793086 127372751 579665
10 103 rs4256882 68907816 9 -0.0111723271672472 68375667 69879669 1504002
10 156 rs928408 110374860 10 -0.01113968477677669 109609300 110918774 1309474
10 90 rs11004759 56916347 7 0.0111361956483785 56423968 57029123 605155
10 135 rs10444056 91861413 9 -0.01109214506269453 91041098 91970601 929503
10 128 rs4615965 85798580 11 0.01108062047619653 85482501 85893487 410986
10 127 rs7099749 84576414 17 0.01098195485691368 84389603 85422854 1033251
10 208 rs1655127 132693122 14 0.01078320071343212 132602033 132908210 306177
10 125 rs11191331 83557187 11 0.01046772327218552 82909302 83865764 956462
10 91 rs1113253 57630800 4 -0.0103404032233993 57059483 58326495 1267012
10 82 rs10082515 52201167 9 0.01013730131632661 52002204 52881906 879702
10 0 rs10904173 462885 19 0.01003464068909524 236452 1325411 1088959
10 37 rs7077526 14374370 5 0.0098887841631315 14008445 14396207 387762
10 88 rs12246200 55507187 11 -0.00978654645087206 55371601 56204291 832690
10 136 rs11544145 92631778 5 0.00976305382303305 92022480 92637833 615353
10 201 rs561020 130566749 3 0.00973569174265143 130518039 130627887 109848
10 96 rs2153522 62278812 15 -0.00970479550951085 61907907 62650428 742521
10 120 rs17557872 80873608 8 0.00968020934752233 80475897 80874092 398195
10 57 rs2442843 26056683 11 0.00961243527251054 25643525 26148710 505185
10 22 rs7081521 8398914 3 0.00930776830601732 8388512 8442757 54245
10 25 rs871158 9988716 4 0.00918048347621674 9655895 10228684 572789
10 106 rs10823416 71417394 3 0.00880756690947882 71312023 71451440 139417
10 18 rs4748675 7141150 1 0.0087892235143672 7083369 7411558 328189
10 36 rs7096973 13900071 5 -0.00870827247187443 13801269 14002143 200874
10 154 rs822094 108718383 8 0.00858767509669589 108355843 108859804 503961
10 211 rs9419646 133555393 7 -0.00837185202166034 133360968 133647554 286586
10 13 rs10795273 5441973 5 -0.00827569232228133 5382676 5594362 211686
10 130 rs7897266 87680908 13 -0.0082661000432415 86953013 87816757 863744
10 196 rs4750892 129352866 6 0.00793146422154994 129208021 129418956 210935
10 33 rs1561570 13155726 5 -0.00780296844052327 13054479 13193189 138710
10 26 rs1324317 10594364 6 0.00778789256651581 10256332 10626134 369802
10 192 rs7916733 128240277 5 -0.00768254693021693 128153623 128373707 220084
10 188 rs3781458 126343931 8 0.0076602715388155 126150148 126743195 593047
10 173 rs10787852 120432995 8 -0.00765153755426594 120014511 120706575 692064
10 172 rs853576 119820073 1 0.00762740453877982 119632192 119943660 311468
10 93 rs10826179 60151026 11 0.00754086568455325 59836753 60620540 783787
10 44 rs4747288 16988844 4 0.00730816408422143 16721496 17064992 343496
10 65 rs4749552 30610365 6 -0.00726223326584554 30296648 30643872 347224
10 132 rs12771728 89355313 10 -0.00725664803377303 89175636 89965473 789837
10 21 rs10905311 8224786 7 -0.0072129987943476 8092186 8350343 258157
10 75 rs268289 44598146 16 0.00693923153400749 44133991 45210690 1076699
10 141 rs695217 96977553 11 -0.00693444454616166 95579110 97047200 1468090
10 147 rs2801405 100583915 8 0.0069061207117935 100268520 101138526 870006
10 67 rs7097542 31042981 12 0.00681829676073929 30936214 31901584 965370
10 42 rs4748282 16400072 7 0.00675508449865884 15996876 16438524 441648
10 30 rs3740025 11979002 11 -0.00674039182693591 11873528 12347641 474113
10 206 rs766532 131991689 3 0.0067224933027986 131753010 132194040 441030
10 168 rs10047377 118392545 2 -0.00666210287771396 117961273 118412310 451037
10 111 rs12768631 73223800 8 -0.00664143412956248 72991385 73274886 283501
10 176 rs11199206 121950989 3 0.00662285805512089 121905620 122346065 440445
10 46 rs2497772 18312786 17 -0.00632817788026441 18229566 18996761 767195
10 17 rs2439903 6831860 20 0.00606523699366385 6650426 7039552 389126
10 73 rs590937 43149991 19 -0.0057978290031831 36502489 43186821 6684332
10 50 rs591652 21406933 5 0.00565509245336931 20919981 21544357 624376
10 78 rs786772 48601573 6 -0.00561292967488501 48354336 48655350 301014
10 124 rs9988765 82715797 6 0.00545941760014878 82445987 82815909 369922
10 61 rs10826527 29099655 9 -0.00525734272116351 29005087 29265375 260288
10 119 rs1369752 80248755 8 0.00509067330704169 79975194 80458157 482963
10 170 rs2768335 119195756 6 -0.00492027555263344 119193153 119418104 224951
10 145 rs531676 99637578 8 0.00484806206992346 98955599 99647665 692066
10 155 rs607523 108880521 6 0.00472409290351726 108880455 109599439 718984
10 100 rs10822321 66371729 6 -0.00468993507051897 65817857 66468127 650270
10 102 rs10996742 67624255 18 -0.00465471788771113 67560490 68353739 793249
10 63 rs495219 29466058 5 0.004548439786126 29466058 29989182 523124
10 202 rs7900076 130782526 4 0.00435048036039175 130696681 130839557 142876
10 105 rs3829185 71149319 4 0.00430559373802006 71056150 71275363 219213
10 43 rs7097885 16506501 3 0.00423226930543524 16479186 16715194 236008
10 150 rs140202357 102891390 7 0.00421379848592359 102813354 103721697 908343
10 163 rs7077843 115275327 11 -0.00417875884389431 114980817 115565998 585181
10 99 rs10733788 64917865 13 -0.00413933644249157 64765654 65769290 1003636
10 203 rs476628 131041657 5 0.00385911580276794 130851955 131160866 308911
10 121 rs16937032 80963517 7 0.00359687571850338 80913782 81166079 252297
10 174 rs2275111 120917445 8 0.00348265304639385 120753787 121050018 296231
10 28 rs11257064 11393873 4 -0.00347759072594847 11296839 11456926 160087
10 49 rs11818220 20720920 10 0.00342766701373862 20288812 20842031 553219
10 187 rs7907696 125932457 8 -0.00338302232718242 125924595 126128552 203957
10 54 rs11814429 24430388 3 0.00336263595026987 24326623 24622926 296303
10 134 rs2211595 90843886 6 0.00335384085153737 90745130 91008873 263743
10 139 rs2488083 94535940 14 0.00332628815384828 94516468 95352983 836515
10 2 rs4880539 1891815 5 -0.00329689449717183 1753115 2104415 351300
10 4 rs11251392 2635863 2 0.00320495365369984 2422803 2739606 316803
10 72 rs708424 36191613 3 0.00318087878417884 36035048 36467648 432600
10 129 rs12781048 85956268 13 0.00314820922684424 85939031 86921913 982882
10 182 rs12571363 124230612 7 -0.00312631475167977 123950002 124259062 309060
10 184 rs705133 125210522 4 0.00308200525309795 124931515 125266207 334692
10 158 rs1107442 112303595 3 0.0030684899206123 112179167 112557773 378606
10 95 rs10994094 61728196 8 0.00296740657992844 61339147 61882414 543267
10 166 rs11196791 116333974 7 0.00296563455133043 116233824 117682532 1448708
10 179 rs4752550 123151488 4 -0.00289584396563684 123130495 123228660 98165
10 19 rs2255576 7514583 1 0.00286322626656273 7474760 7617810 143050
10 40 rs17156239 15079699 4 0.00273789194771026 14996416 15203275 206859
10 115 rs2057435 77674635 4 0.00271450529322973 77448435 77983649 535214
10 31 rs2768343 12598255 7 -0.00266695346735225 12450495 12797007 346512
10 41 rs2138930 15383768 8 -0.00257248483845895 15240466 15895956 655490
10 123 rs7908544 82424161 3 0.00253194561751994 82372300 82424293 51993
10 213 rs10870311 134290526 8 -0.00250465531986104 134069351 134459388 390037
10 167 rs180627 117773116 2 0.00247512218546279 117713221 117949460 236239
10 164 rs151591 115713566 3 0.00244004006759443 115610004 116064528 454524
10 177 rs10886816 122710328 6 0.00240922074453246 122374787 122721684 346897
10 178 rs7913694 123095186 2 -0.00235984118279314 122754609 123095366 340757
10 87 rs10825038 55268006 6 -0.0023074578909046 54716416 55301663 585247
10 20 rs12770829 7842900 10 -0.00227548735588556 7631098 8074437 443339
10 89 rs11004362 56302374 3 -0.00224115108495756 56218932 56389870 170938
10 114 rs1652713 77112300 13 -0.00214086532943169 75741457 77284374 1542917
10 39 rs7921961 14778352 6 -0.00196636826336364 14704727 14894901 190174
10 193 rs7902474 128405292 2 0.00193701076658226 128378598 128449111 70513
10 137 rs12777523 92811346 2 0.0018744965165487 92721319 92972619 251300
10 197 rs2154178 129452789 2 0.0017711280902418 129443941 129677797 233856
10 76 rs2487504 45254830 4 -0.00177077603596925 45249394 46109533 860139
10 52 rs7092729 23038083 6 0.00174795539315278 22822524 23364720 542196
10 214 rs74460040 134748281 2 -0.00174670628190524 134616641 134872169 255528
10 140 rs616522 95395247 3 -0.00170448451049167 95378547 95548443 169896
10 110 rs10762420 72813306 6 -0.00166660276379595 72731151 72948577 217426
10 35 rs2077150 13734850 10 0.00165570003615744 13531381 13765950 234569
10 85 rs1194501 54002021 5 -0.00164479929773311 53929791 54301740 371949
10 181 rs6585776 123770094 5 0.00161896101747935 123624510 123897130 272620
10 70 rs7073701 34028762 2 -0.00159689833691656 33925036 34230325 305289
10 183 rs10902929 124460069 2 0.00159672963975759 124456033 124887825 431792
10 108 rs2394724 72121606 4 0.00159559934441679 71696832 72204961 508129
10 1 rs3793733 1421326 8 0.00158131868752423 1341691 1729026 387335
10 162 rs12243326 114788815 3 0.00151788144905647 114732882 114888608 155726
10 64 rs1539536 30014723 8 0.00144938293676994 30005534 30250420 244886
10 117 rs10824534 79137838 11 0.00143771420244965 78715622 79187957 472335
10 58 rs33947968 26434455 14 0.00142730773943296 26173695 26836009 662314
10 47 rs2495832 19074461 2 -0.00140276994385838 19013396 19696007 682611
10 171 rs11198112 119564143 3 0.0013272710868302 119427941 119587425 159484
10 126 rs7078253 84136681 5 0.00132645216403034 83908249 84383277 475028
10 34 rs11814554 13255513 6 -0.00124957197253026 13212884 13529789 316905
10 5 rs3829910 3095281 4 0.00120813195603009 2749491 3095281 345790
10 84 rs16927026 53887029 7 -0.00119904344905288 53382116 53910521 528405
10 153 rs17120734 108170803 3 0.00116043224214895 107912176 108272675 360499
10 152 rs7900775 106600343 21 -0.00115319571083575 106147824 107824423 1676599
10 23 rs4749770 8536278 8 0.00114447917846613 8449327 8767434 318107
10 146 rs4919218 100111392 6 -0.00104220094674644 99754973 100234276 479303
10 62 rs2783434 29347220 7 -0.00103001451048985 29278939 29428123 149184
10 3 rs7093387 2355384 11 -9.56974657596677e-4 2131912 2377838 245926
10 161 rs11196152 114686805 5 9.2040634818492e-4 114280702 114687884 407182
10 165 rs10885565 116178891 1 8.925066985321542e-4 116139029 116186382 47353
10 27 rs2759642 11215946 9 8.922606050049044e-4 10650389 11277613 627224
10 149 rs10883547 102627228 6 -8.31611090222251e-4 102104521 102749069 644548
10 38 rs10906682 14500774 1 7.651647720033278e-4 14413667 14686790 273123
10 185 rs1991396 125455123 5 6.23239129768921e-4 125285875 125530746 244871
10 81 rs3123078 51524971 1 6.002212315762743e-4 51524971 51593354 68383
10 204 rs12266768 131324278 2 -5.898576628926617e-4 131212448 131626650 414202
10 194 rs6597823 128546740 1 5.689594844307489e-4 128470148 128788311 318163
10 133 rs10788589 90026566 9 4.82773420981299e-4 90020220 90727334 707114
10 56 rs10741067 25120376 8 4.1104617084726774e-4 24823076 25470573 647497
10 200 rs2767290 130470565 3 3.824705136171607e-4 130353231 130477824 124593
10 209 rs2918142 132992902 1 3.209091885574948e-4 132943161 133036574 93413
10 53 rs12782619 24274773 5 -2.5012678166075797e-4 23400393 24322509 922116
10 94 rs9299588 60925428 2 2.2854128702251783e-4 60727887 61303047 575160
10 7 rs7090790 3416737 4 2.139709240675579e-4 3245862 3482498 236636
10 210 rs4259751 133142938 1 2.0898273886289e-4 133048749 133349223 300474
10 48 rs7080901 20144397 1 1.5056630937360302e-4 19719401 20267705 548304
10 107 rs2763335 71577422 3 1.469352465511371e-4 71466578 71650837 184259
10 101 rs2800210 67193355 6 1.2359375870187538e-4 66523544 67539130 1015586
10 205 rs944963 131688008 1 -1.1372343134702291e-4 131675252 131727813 52561
10 55 rs16924760 24724335 2 -9.396742854303928e-6 24636556 24814503 177947
