CHR Group SNP.lead BP.lead Size W BP.min BP.max BP.width
13 970 rs9596270 50842440 3 0.083172208243547055 50815872 50842440 26568
13 749 rs1351832 43057549 7 0.07818874352639628 42997267 43057549 60282
13 2556 rs872587 111015780 2 0.02117381267153572 111015780 111016886 1106
13 2142 rs7320894 99796620 1 0.02079563055632143 99780461 99803593 23132
13 800 rs1888303 44374981 1 0.01794233663794016 44374981 44374981 0
13 2508 rs592398 109879222 7 0.01786052299334851 109846326 109886427 40101
13 1805 rs8001205 86498444 3 0.01700583084673119 86483008 86508825 25817
13 1528 rs9530313 74998658 1 0.01694735048180341 74995660 75006579 10919
13 1189 rs9598274 61994491 1 0.01666732678694463 61992808 62022072 29264
13 1678 rs6563154 80694509 2 0.01647539551797528 80690135 80702065 11930
