CHR Group SNP.lead BP.lead Size W BP.min BP.max BP.width
11 1276 rs4938573 118741842 5 0.15631885626345654 118611781 118741842 130061
11 687 rs647152 64109118 4 0.06547740779101348 64026144 64175986 149842
11 3 rs10398 308180 1 0.04145487691794874 308180 308180 0
11 1277 rs523604 118755738 2 0.03924915779076289 118754353 118765600 11247
11 1003 rs1255522 95376448 3 0.03421646408733018 95376448 95411600 35152
11 239 rs1993116 14910234 3 0.03343561862412908 14261886 14915310 653424
11 43 rs10766497 2987303 3 0.03091444596827581 2987303 3105508 118205
11 853 rs11232169 80207247 13 0.03060797024195264 80202876 80282364 79488
11 717 rs3829241 68855363 5 0.03051718258324834 68847156 68869034 21878
11 906 rs10501600 85609559 5 0.02867000697381986 85548049 85642444 94395
11 686 rs614397 63883985 3 0.02824825696558509 63869596 64018687 149091
11 716 rs12803642 68771755 3 0.02768514009734821 68757913 68793206 35293
11 648 rs117801657 60183189 4 0.02673319970842178 60130796 60202598 71802
11 268 rs7950705 18073039 5 0.02626704378845127 17954082 18127464 173382
11 271 rs4353250 18323517 9 0.02586251716080406 18278098 18357180 79082
11 625 rs1792509 56670810 2 0.02563147718076646 56664357 56905911 241554
11 1171 rs4938534 111275133 6 0.02509235176175078 111196858 111275250 78392
11 930 rs7949449 87808350 7 0.02500909529209202 87678532 87821219 142687
11 1086 rs1711399 102460777 3 0.02444509697671604 102460777 102501665 40888
11 472 rs693163 35074665 1 0.02415998430447841 35052489 35088683 36194
