CHR Group SNP.lead BP.lead Size W BP.min BP.max BP.width
17 117 rs9303277 37976469 19 0.14285415016455152 37357034 38223191 866157
17 130 rs3826397 46509447 10 0.05478399880712059 45885687 46738883 853196
17 129 rs2292700 45362423 11 0.04244870265351438 44958937 45847230 888293
17 147 rs7207114 53434046 5 0.03976027763940292 53371047 53596618 225571
17 166 rs6504191 62041068 7 0.03613670057574328 61557773 62109123 551350
17 192 rs12451606 70023827 9 0.03608947172854854 69626669 70120551 493882
17 23 rs3786046 4920360 9 0.03575509301292875 4712617 5150653 438036
17 9 rs58337165 1684605 5 0.0303888580417302 1673276 1801592 128316
17 109 rs12941866 34900120 5 0.02827179531629263 34815551 35009883 194332
17 37 rs4792734 8208155 9 0.02540835503173104 8047081 8565356 518275
17 90 rs4470197 28464474 9 0.02517352175196638 27344104 28551665 1207561
17 185 rs8071899 67930946 6 0.02392655069114434 67464569 67962664 498095
17 234 rs7216806 77538517 3 0.02330844075805151 77412179 77538517 126338
17 141 rs10514997 50299021 5 0.02256355184871032 49913259 50321347 408088
17 242 rs7342974 79483999 4 0.02225057443917318 79471895 79612633 140738
17 228 rs7218605 76811803 4 0.02187623412654064 76650175 76930769 280594
17 33 rs2270981 7216540 5 0.02027107015730425 7091650 7297452 205802
17 174 rs17769593 64221641 13 0.01947572413136585 63942253 64434272 492019
17 211 rs4789114 72950927 7 0.01906672085049764 72937851 73185657 247806
17 119 rs72821893 38907448 9 0.01893522456505867 38888121 39646021 757900
17 52 rs406446 10614442 3 0.01880618859484482 10583589 10881442 297853
17 245 rs2011631 80613061 4 -0.01872583529957533 80473077 80624430 151353
17 237 rs61751630 78169374 5 -0.01761642145249961 77940637 78184679 244042
17 160 rs1292053 57963537 10 0.01733936452231503 57376428 58206139 829711
17 91 rs3110454 28651363 10 0.0170221780249649 28574177 29745981 1171804
17 190 rs17178041 69138255 2 0.01676679932354696 69029047 69239272 210225
17 239 rs999977 78606412 7 0.01582489814835309 78469357 78820212 350855
17 107 rs79007502 33880305 6 0.01467014980150841 33827134 34346267 519133
17 202 rs2661611 71708855 9 0.01452922192124718 71488139 71715356 227217
17 122 rs598126 40716520 9 -0.01444069422565862 40255743 41077046 821303
17 89 rs3816848 27208589 4 -0.01392045960194228 26807734 27315965 508231
17 177 rs7224314 65386214 6 0.01289606332511483 65033060 65423279 390219
17 187 rs12150382 68222772 2 0.01275407923359379 68135877 68237670 101793
17 36 rs8078865 7955314 4 0.01273581939549329 7936282 8014416 78134
17 80 rs2274892 16852027 8 0.01199506090711681 16501495 16855878 354383
17 43 rs6503203 9337050 5 -0.01158143900641876 9336370 9474296 137926
17 86 rs17771175 21003053 4 0.01144877272234639 20819995 21284223 464228
17 94 rs11656631 30841962 8 0.01141387288469942 30153880 30841962 688082
17 143 rs9890221 51613235 4 0.01114794195460685 51289930 51653566 363636
17 79 rs4438345 16347567 4 -0.01055274550048085 15914986 16417418 502432
17 128 rs199533 44828931 10 0.01043550257701089 43968415 44871987 903572
17 149 rs9898558 53993882 6 -0.01038626167598599 53887966 54157181 269215
17 183 rs4968821 66802992 6 -0.01037474120120243 66767580 66899733 132153
17 34 rs1544724 7621777 3 0.01016403760788032 7350544 7623394 272850
17 19 rs9909751 4299256 3 0.01014469951582034 3896807 4310639 413832
17 225 rs4789577 76320835 1 0.00991467107053284 76320835 76423097 102262
17 145 rs7212935 52776305 3 -0.00979430863979128 52425518 52935126 509608
17 29 rs3888640 6153134 5 0.00973507467158006 6153134 6320519 167385
17 2 rs4286157 402843 3 0.00955447134634609 293138 733738 440600
17 188 rs9915405 68355681 11 0.00946765109659561 68264545 68715520 450975
17 54 rs7213403 11129408 4 0.00910959008215478 11105794 11179153 73359
17 163 rs728368 59675381 4 -0.00900945017091831 59630944 60285205 654261
17 167 rs8082170 62395382 8 0.0089588030275311 62168609 62405369 236760
17 87 rs8066323 21807097 3 -0.00873401792791437 21807097 25869033 4061936
17 57 rs11078022 11511457 6 0.00871032570738532 11511457 11773387 261930
17 215 rs8067774 74479889 3 0.00793279859972509 74387284 74573532 186248
17 39 rs9891421 8880878 1 0.00782153089204586 8834595 8959680 125085
17 219 rs16969682 75127012 1 0.00779356809775337 75075664 75254513 178849
17 175 rs9912154 64728707 6 0.00775249666054139 64443995 64788827 344832
17 132 rs2233362 47287067 5 0.00726701374932164 47243622 47570085 326463
17 67 rs2108702 13592605 6 0.00715047870212437 13539564 13671900 132336
17 16 rs11649929 3410902 7 0.00710458465259026 3101578 3422366 320788
17 102 rs1978136 32377698 9 0.00688361593647688 32369860 32639361 269501
17 178 rs2706683 65552709 2 0.00666116605811219 65466619 65552709 86090
17 182 rs4968906 66619054 4 -0.00648729022386751 66581506 66733138 151632
17 51 rs117790102 10415269 1 0.0064139329749622704 10227708 10570459 342751
17 68 rs9303092 13728675 4 -0.0063805540319174 13681058 13803737 122679
17 98 rs1369112 31931592 5 -0.00629772234376175 31836993 31979473 142480
17 124 rs231487 41981300 7 0.00609058972335106 41776686 42338998 562312
17 118 rs4135012 38450248 3 0.00603840348502728 38257090 38857446 600356
17 127 rs1230103 43485791 14 0.00582221310462757 43312893 43924130 611237
17 232 rs11658702 77289304 3 0.00575074930229417 77243063 77296321 53258
17 126 rs12449933 43137201 4 0.00555242338959903 42649782 43273187 623405
17 97 rs7220735 31598363 8 -0.0054947940810385 31583522 31811476 227954
17 27 rs9901849 5970537 2 -0.00545165953919542 5970537 5993315 22778
17 11 rs35343613 2227655 5 0.00544514163015239 1967620 2561169 593549
17 46 rs8069231 9813032 5 -0.0054102376632799 9760716 9859408 98692
17 38 rs2101939 8620648 4 0.00537894479499439 8609022 8811678 202656
17 56 rs2908967 11417222 5 0.005262530346415 11344615 11491194 146579
17 24 rs7213832 5271804 3 0.00518369791274847 5193813 5570518 376705
17 235 rs4889793 77840087 3 0.00512870287092241 77672725 77854454 181729
17 99 rs10512451 32014117 5 0.00505963311024878 32000619 32060709 60090
17 220 rs11077909 75403480 4 0.00504793722586561 75288940 75414358 125418
17 159 rs9913145 56389732 12 0.00497219713814342 56247575 57210721 963146
17 103 rs11658990 32766250 4 -0.00480861426588272 32682616 32813054 130438
17 55 rs7502432 11224354 6 0.00469604371238434 11181602 11306660 125058
17 133 rs7225566 47798725 1 0.00461413605910558 47610371 47998525 388154
17 17 rs178323 3637953 6 0.00449297597341081 3429303 3676393 247090
17 173 rs2107654 63633073 3 0.00446336481820476 63593166 63905236 312070
17 223 rs11655599 75828401 3 -0.00443631232259119 75792272 76087178 294906
17 13 rs9895492 2732876 1 -0.00438305625171586 2729652 2760353 30701
17 184 rs4968983 66983753 11 -0.00431443995225847 66918829 67442274 523445
17 240 rs9899051 78904680 4 -0.00417679587468625 78859110 79017259 158149
17 221 rs8077107 75612564 1 0.00405855550270513 75560281 75612564 52283
17 154 rs8070947 55336268 2 -0.00404876066560892 55289933 55463146 173213
17 210 rs35489971 72700943 2 0.00395980036655533 72700943 72931519 230576
17 106 rs117580717 33805172 6 -0.00384512638788242 33670803 33814758 143955
17 115 rs2879097 36889559 4 -0.00376381371735385 36743015 37032301 289286
17 191 rs2058007 69317515 3 0.00359752098591949 69257833 69512099 254266
17 196 rs8068946 70712513 5 0.00358740410974022 70607042 70745592 138550
17 224 rs12450989 76188753 6 0.00347115061189825 76130987 76253595 122608
17 200 rs4969113 71361834 4 0.0033979786931207 71188283 71361834 173551
17 158 rs7216032 55988236 1 -0.00321400142330502 55954403 56233499 279096
17 8 rs7501840 1588930 3 0.00311571598872148 1519775 1648294 128519
17 207 rs7211140 72173910 1 -0.00310264973348595 72096784 72190551 93767
17 189 rs8067887 68933985 3 0.00300137042465445 68761825 68990369 228544
17 238 rs148731719 78350110 6 0.00294594741766467 78266759 78396004 129245
17 88 rs11538927 26686416 9 0.00289570142330437 25885431 26742060 856629
17 84 rs1006553 19636719 3 -0.00288215262227105 18917324 19664318 746994
17 125 rs2011951 42398052 1 0.00283983120936011 42361360 42629737 268377
17 26 rs1558883 5817733 2 0.00275938023035943 5756338 5907520 151182
17 69 rs9913851 13819731 3 0.00272500290702317 13815860 13885178 69318
17 199 rs2131606 71059408 5 0.0026743283680203 71052880 71164081 111201
17 61 rs9894153 12611343 1 0.00260345259704798 12578664 12655081 76417
17 77 rs7208747 15309204 1 0.00255792312722403 15288545 15309204 20659
17 213 rs7212635 73830270 2 -0.00254116459853633 73779198 74018597 239399
17 241 rs7216728 79247798 2 0.00244766998960848 79060180 79287477 227297
17 93 rs7212433 30083687 2 0.00243186031586907 29973322 30114974 141652
17 226 rs9302876 76479389 2 -0.00227508009306762 76451830 76548866 97036
17 40 rs3744655 9058214 3 0.00226905641632275 8965551 9102169 136618
17 131 rs9899950 46828412 8 -0.00225046767555859 46828412 47210506 382094
17 47 rs16959243 9928077 3 0.00224513363316132 9874145 9963969 89824
17 212 rs8064529 73519413 2 0.00221378120626469 73211642 73729660 518018
17 83 rs7221778 18788218 1 -0.00215426865110574 18753870 18844736 90866
17 30 rs7209678 6343413 6 -0.00209855354855598 6343413 6573964 230551
17 142 rs12603672 51115243 2 0.00208998383559228 50367050 51115243 748193
17 229 rs8074370 76957331 2 -0.00205887842290245 76957331 77087805 130474
17 59 rs2252 12241592 4 -0.00201702645590178 12187236 12330823 143587
17 152 rs7224488 54868625 3 -0.00198763740107981 54850329 55094289 243960
17 164 rs10459940 60405483 2 -0.00197699684294564 60405483 60851264 445781
17 217 rs4788961 74969428 3 -0.0019277947279791 74913937 74969428 55491
17 209 rs491192 72623855 10 -0.0019195513752548 72398336 72653232 254896
17 136 rs8068961 48403826 7 0.0018821489551654 48403826 48652875 249049
17 95 rs7210010 30905457 2 0.00186070336695159 30873862 31283408 409546
17 171 rs4790945 63371880 1 0.00185431207771417 63371880 63444042 72162
17 144 rs2940644 51708401 8 0.00179169808411816 51669531 52313270 643739
17 64 rs9909179 13044303 3 0.00176499052310924 13044303 13143819 99516
17 92 rs757046 29834772 1 -0.00169961806645863 29797211 29916644 119433
17 180 rs11658926 66212662 3 -0.00169909855571941 65806153 66373475 567322
17 231 rs7223911 77232086 2 0.00160869087581653 77220594 77234671 14077
17 140 rs4793721 49811313 4 0.00159604240557693 49640184 49886052 245868
17 73 rs7501621 14640534 5 0.00152122888322083 14513310 14640534 127224
17 244 rs12950178 80453933 3 0.0014570692705724 80280054 80456621 176567
17 53 rs4792077 10899825 1 0.00144098179918393 10899825 10943386 43561
17 150 rs10491199 54304056 2 0.00140549294266847 54180943 54588211 407268
17 70 rs16949319 14164084 1 -0.00133055352885579 13907310 14197451 290141
17 121 rs11079016 39976024 1 0.00127431159383778 39874075 40193709 319634
17 32 rs434473 6904934 1 -0.00126467470135901 6888605 7050199 161594
17 75 rs6502426 14951381 5 -0.00122893455714327 14889238 15010250 121012
17 74 rs2191177 14804554 4 0.00122647769431552 14653797 14854669 200872
17 0 rs4617924 114669 1 0.00121335759089452 114669 114669 0
17 208 rs12600564 72248512 5 0.00121187349216201 72240168 72355952 115784
17 151 rs227718 54780491 3 0.00113870687167802 54612056 54780491 168435
17 227 rs6501232 76608673 3 0.00111704301158546 76595131 76630778 35647
17 22 rs8073779 4677083 1 -0.0010730725824103 4638563 4689572 51009
17 25 rs740908 5607859 3 -0.00104987852112784 5576885 5733558 156673
17 101 rs317329 32304300 1 -0.00104087325836302 32302403 32342235 39832
17 156 rs1974692 55653436 4 0.00100988222274926 55653436 55834785 181349
17 170 rs954495 63205030 3 9.521073028374178e-4 63162476 63334665 172189
17 44 rs2654725 9614556 1 9.251098285961814e-4 9515777 9621676 105899
17 153 rs4794704 55232252 1 -9.230945526779744e-4 55173033 55264833 91800
17 214 rs71815 74270069 4 -8.789744890174672e-4 74067099 74330638 263539
17 243 rs4789753 80092131 1 8.727729751533308e-4 79949231 80109806 160575
17 49 rs1013439 10128048 1 -8.547953487094081e-4 10087550 10143039 55489
17 123 rs556105 41709473 3 8.322329817300462e-4 41127448 41767975 640527
17 222 rs2410423 75667271 6 7.084357813770632e-4 75621704 75765605 143901
17 203 rs2683154 71748011 3 7.00202588397002e-4 71735358 71815050 79692
17 181 rs2160725 66395726 3 -6.940323980681295e-4 66391314 66540810 149496
17 81 rs7223686 16960911 1 6.627853132669028e-4 16960911 17260170 299259
17 110 rs295869 35147345 1 6.585862259977502e-4 35021633 35174912 153279
17 48 rs3967769 9981026 3 -6.382878833868181e-4 9981026 10050763 69737
17 111 rs8082616 35250306 1 -5.91523601172818e-4 35216126 35309848 93722
17 204 rs7207093 71896259 1 -5.66944413849927e-4 71839751 71958812 119061
17 169 rs7218921 63068976 2 -5.65956578760767e-4 62987151 63143298 156147
17 100 rs4144698 32068973 1 5.372308945065504e-4 32068973 32295140 226167
17 194 rs1008621 70362731 5 5.295634137609541e-4 70280141 70388518 108377
17 246 rs6502026 80921029 3 4.996358083587849e-4 80652949 81006629 353680
17 148 rs4239198 53623023 2 4.830075237181506e-4 53621492 53785504 164012
17 139 rs758522 49476601 1 4.70604418417846e-4 49459043 49613785 154742
17 72 rs7222435 14329520 3 -4.4367953207420977e-4 14308398 14482232 173834
17 4 rs11654885 896190 1 4.3023157925375954e-4 831667 896190 64523
17 135 rs2696265 48367827 1 -3.858051443898256e-4 48305312 48372465 67153
17 58 rs4792210 11864181 2 -3.74220097427463e-4 11793764 12127676 333912
17 66 rs9303081 13456721 1 3.280464215080542e-4 13358465 13495749 137284
17 155 rs12951291 55503422 1 -3.0493185711255165e-4 55491249 55565676 74427
17 35 rs11078711 7777214 2 3.020913637031e-4 7639749 7922767 283018
17 76 rs16951239 15138026 5 -2.9033801355005107e-4 15026756 15277733 250977
17 162 rs4968562 59521310 1 2.777805453129903e-4 59444758 59559665 114907
17 112 rs2898659 35531996 4 2.002740323608176e-4 35456279 36030031 573752
17 157 rs2685520 55880852 2 -1.769923547752516e-4 55847256 55908536 61280
17 105 rs12602173 33028104 3 1.4138378482325413e-4 32998577 33609247 610670
17 5 rs2120233 947233 1 -1.26863632740482e-4 947233 1009156 61923
17 195 rs857491 70538293 1 -1.2596717149187983e-4 70441787 70538293 96506
17 216 rs9910060 74877107 1 -1.240125276783747e-4 74593903 74897818 303915
17 146 rs4239191 53331344 1 1.1245680777087017e-4 52959686 53331344 371658
17 31 rs4796556 6691017 2 -1.1108204655494222e-4 6652789 6811529 158740
17 172 rs8073426 63563281 1 -1.0583693070523694e-4 63531331 63563281 31950
17 104 rs11654085 32918778 1 -1.0213858968809248e-4 32841107 32978655 137548
17 10 rs4790859 1897820 2 8.948954417037835e-5 1844519 1917610 73091
17 186 rs4968877 68078570 1 -7.228229052893332e-5 68017013 68096658 79645
17 28 rs4796346 6088673 2 -6.052506387023432e-5 6031458 6135840 104382
17 161 rs7215706 59366049 1 -5.94652669855802e-5 58828402 59366049 537647
17 176 rs12948693 64897622 2 -5.077593707771333e-5 64827301 64991061 163760
17 15 rs4790402 2885090 1 4.050314909541574e-5 2881291 3037477 156186
17 20 rs7216025 4346807 1 -3.630131414082793e-5 4346807 4391201 44394
17 113 rs4430796 36098040 1 -3.114450450249758e-5 36098040 36249430 151390
17 82 rs897453 17425631 7 -1.3474401402863935e-5 17326605 18290993 964388
17 78 rs7213827 15558557 3 7.355053454280729e-6 15316235 15826088 509853
