CHR Group SNP.lead BP.lead Size W BP.min BP.max BP.width
18 6188 rs1790588 67535184 1 0.03097287140841304 67535184 67535184 0
18 6189 rs1788103 67538824 1 0.02207199328051707 67538824 67538824 0
18 4878 rs7228600 56508351 1 -0.01938330168703751 56508351 56508351 0
18 2483 rs1540043 33691313 1 0.01918646239650679 33691313 33691313 0
18 3813 rs2000813 47093864 1 -0.01600197182389998 47093864 47093864 0
18 3140 rs1835499 40335882 1 0.01581153552831057 40335882 40335882 0
18 3192 rs2622781 41081332 1 -0.01524783265412086 41081332 41081332 0
18 2567 rs61735998 34289285 1 0.01354312191503848 34289285 34289285 0
18 266 rs11665524 2978535 2 0.01352243486529553 2978535 2978535 0
18 4810 rs4309483 56085917 1 0.01326874982471539 56085917 56085917 0
18 5682 rs12455246 63498880 1 0.01272196628941243 63498880 63498880 0
18 688 rs1441002 7887531 1 -0.01246151772590402 7887531 7887531 0
18 1142 rs3859299 13462726 1 0.01204251085752685 13462726 13462726 0
18 4931 rs17835556 56818766 1 0.0119892626483365 56818766 56818766 0
18 4848 rs7238217 56227820 1 0.01186857584879164 56227820 56227820 0
18 1865 rs8088478 26413621 1 0.011307821651573 26413621 26413621 0
18 369 rs8085726 4370882 1 0.01083744410733693 4370882 4370882 0
18 1304 rs2278452 20774097 1 0.01031245767837872 20774097 20774097 0
18 6798 rs7228334 73500233 1 0.00956087093834507 73500233 73500233 0
18 6342 rs649809 69160304 1 0.00954819012485442 69160304 69160304 0
18 293 rs1785272 3314310 1 0.00930287349375349 3314310 3314310 0
18 3747 rs726015 45994812 1 -0.00921772902608958 45994812 45994812 0
18 4868 rs1059442 56416693 2 0.00901129973197042 56416693 56416693 0
18 689 rs1982285 7914057 1 -0.0089869079273691 7914057 7914057 0
18 1364 rs1154232 21511034 2 -0.00870762864775361 21511034 21511034 0
18 4691 rs12958967 55315959 1 0.00840820236789434 55315959 55315959 0
18 1386 rs35693789 21747400 1 0.00832779038093642 21747400 21747400 0
18 6013 rs17078903 65982452 2 0.00831459143970861 65982452 65982452 0
18 1381 rs2278664 21719327 1 0.00812598909316666 21719327 21719327 0
18 6974 rs4890812 74940312 1 -0.00807710864321245 74940312 74940312 0
18 779 rs4798712 8890011 1 0.00776737743708056 8890011 8890011 0
18 1631 rs7235035 23853732 1 -0.00768534885461622 23853732 23853732 0
18 998 rs7239176 11452145 1 0.00760183230363279 11452145 11452145 0
18 406 rs1501044 4951802 1 -0.00691444070736986 4951802 4951802 0
18 4836 rs17065127 56202231 1 0.00688583840688501 56202231 56202231 0
18 764 rs55676538 8819246 1 0.00677815646066968 8819246 8819246 0
18 5092 rs17773430 57963117 2 0.00674205880771751 57963117 57963117 0
18 1316 rs7238618 20913598 1 0.00670522260531937 20913598 20913598 0
18 3723 rs1124349 45718309 1 -0.00642993085991892 45718309 45718309 0
18 1779 rs2289664 25532304 1 -0.00623762670886741 25532304 25532304 0
18 2115 rs8094212 29034304 1 0.00617882372135728 29034304 29034304 0
18 3336 rs647155 42449305 1 -0.00604373686242494 42449305 42449305 0
18 2008 rs2678806 28263619 1 -0.00595267369591791 28263619 28263619 0
18 475 rs7242770 5647875 1 0.00586772567692618 5647875 5647875 0
18 113 rs8090522 1542523 1 0.00570554175900914 1542523 1542523 0
18 2505 rs1057251 33848581 1 0.00562906896064694 33848581 33848581 0
18 6116 rs2364201 67088062 2 -0.00560388145206937 67088062 67088062 0
18 625 rs8088532 7082526 2 0.00555514072522833 7082526 7082526 0
18 2166 rs168058 29621938 1 -0.00554651351254237 29621938 29621938 0
18 6010 rs17078836 65950029 1 0.00532797680580106 65950029 65950029 0
18 5428 rs7230508 61226159 1 0.00523366545756122 61226159 61226159 0
18 7183 rs2981423 76741423 1 -0.00512794921455887 76741423 76741423 0
18 2538 rs12963484 34116301 1 -0.00502513107403623 34116301 34116301 0
18 1961 rs4420605 27907683 1 0.00488420674477305 27907683 27907683 0
18 3939 rs11082811 47763296 1 0.00481906220079983 47763296 47763296 0
18 1833 rs7231726 26170472 1 -0.0047811990565017 26170472 26170472 0
18 5271 rs567629 59641926 1 0.00476081172399013 59641926 59641926 0
18 2541 rs1390430 34119047 1 -0.00475777360217029 34119047 34119047 0
18 6848 rs17058811 73785500 1 -0.00474709015657518 73785500 73785500 0
18 2570 rs2303510 34324091 1 -0.00470658503941531 34324091 34324091 0
18 2637 rs7241839 35557827 1 -0.00460742525069325 35557827 35557827 0
18 5896 rs2448731 65376601 1 0.0045714401618633 65376601 65376601 0
18 40 rs2621167 458662 1 -0.00452264326343457 458662 458662 0
18 6423 rs4572503 69935826 1 0.00443373912009879 69935826 69935826 0
18 17 rs618671 362199 1 0.00439919294857108 362199 362199 0
18 2544 rs950777 34120008 1 -0.00437457533569188 34120008 34120008 0
18 5033 rs1788897 57419473 1 -0.00432609554216729 57419473 57419473 0
18 5072 rs17066582 57768527 1 -0.00425250565797526 57768527 57768527 0
18 7188 rs503501 76813245 1 -0.00419025587951273 76813245 76813245 0
18 5375 rs495737 60693026 1 -0.0040422914857686 60693026 60693026 0
18 811 rs16955101 9429811 1 0.00391612237887834 9429811 9429811 0
18 227 rs2139661 2460332 2 -0.00385710104735857 2460332 2460332 0
18 5443 rs6567383 61375683 1 0.00383705643261914 61375683 61375683 0
18 108 rs177953 1495271 1 -0.00374752325302098 1495271 1495271 0
18 6294 rs17083850 68848130 1 0.00362476360340365 68848130 68848130 0
18 3943 rs12959102 47786639 1 -0.00360564957009795 47786639 47786639 0
18 1341 rs11663645 21067076 1 0.00360439919568332 21067076 21067076 0
18 3093 rs7229024 39948375 1 0.0035784642447511 39948375 39948375 0
18 511 rs8088340 5836382 1 0.00353863326193451 5836382 5836382 0
18 5177 rs11152273 58624573 1 -0.00353427853081567 58624573 58624573 0
18 1473 rs6508330 22379964 1 0.00349491058428112 22379964 22379964 0
18 4937 rs9955734 56863165 1 -0.00346955861107185 56863165 56863165 0
18 2069 rs1437606 28765530 1 -0.00342410367618599 28765530 28765530 0
18 6037 rs12606250 66327314 1 -0.00341785961510842 66327314 66327314 0
18 947 rs7236574 10795051 2 0.00335551054539734 10795051 10795051 0
18 328 rs12457197 3680476 1 0.00335224540940215 3680476 3680476 0
18 228 rs7235479 2463095 1 -0.0033277914436966 2463095 2463095 0
18 2520 rs2000662 33966135 2 -0.00332699323683625 33966135 33966135 0
18 4594 rs645976 54243554 1 -0.00320331844481901 54243554 54243554 0
18 4729 rs4591234 55582254 1 0.00316190841175222 55582254 55582254 0
18 518 rs6506355 5971493 1 0.00314310979893261 5971493 5971493 0
18 6072 rs17080654 66898945 2 0.00313407867828408 66898945 66898945 0
18 4851 rs79863383 56246818 1 0.00313200688487671 56246818 56246818 0
18 4955 rs9948612 56952800 1 -0.00312709075378489 56952800 56952800 0
18 1252 rs1465501 19814796 1 0.00305480694482806 19814796 19814796 0
18 2130 rs1791235 29126670 1 -0.00303187687088435 29126670 29126670 0
18 5708 rs2715335 63671513 1 0.00301942376892844 63671513 63671513 0
18 1147 rs1785205 13512266 1 -0.00293806583425009 13512266 13512266 0
18 1009 rs16976596 11696613 1 0.00292302401497916 11696613 11696613 0
18 1198 rs785989 14902902 1 0.00281192131399835 14902902 14902902 0
18 4047 rs3813089 48346024 1 -0.0027865743596472 48346024 48346024 0
18 4194 rs9951523 49867224 1 0.00278085907559302 49867224 49867224 0
18 7196 rs8082857 77021380 1 -0.00276736530115078 77021380 77021380 0
18 1333 rs2037640 21003061 1 0.00275859497341748 21003061 21003061 0
18 5136 rs522786 58229503 1 -0.00272657642557008 58229503 58229503 0
18 6418 rs11877750 69921381 1 0.00271065448724831 69921381 69921381 0
18 114 rs1941659 1547449 1 -0.00268934888037747 1547449 1547449 0
18 2699 rs2959219 35998626 1 -0.00268438905167663 35998626 35998626 0
18 4715 rs2850243 55453784 1 0.00263561127719916 55453784 55453784 0
18 3744 rs937019 45981769 1 0.00263189186056432 45981769 45981769 0
18 6711 rs17055302 72355896 1 -0.00263124942950851 72355896 72355896 0
18 3746 rs11082677 45993073 1 -0.00260490485248943 45993073 45993073 0
18 2642 rs16969543 35602386 1 -0.00251485716400076 35602386 35602386 0
18 1021 rs787554 11862697 1 0.00247339746149771 11862697 11862697 0
18 6896 rs4365382 74356391 1 -0.00241527749827503 74356391 74356391 0
18 307 rs16944782 3374132 1 -0.00239900427048165 3374132 3374132 0
18 1050 rs2096847 12415136 2 0.00239030331747155 12415136 12415136 0
18 587 rs7244230 6939755 1 0.00232767491860178 6939755 6939755 0
18 1964 rs8098127 27913203 1 0.00229916147304405 27913203 27913203 0
18 6871 rs8086933 73870880 1 -0.00227458678106869 73870880 73870880 0
18 3039 rs987380 39448009 1 0.00227007065465083 39448009 39448009 0
18 2653 rs17536346 35667915 1 -0.00226717556289594 35667915 35667915 0
18 4976 rs17769526 57047921 2 0.0022285629111472 57047921 57047921 0
18 1371 rs2337237 21631244 1 -0.00221042502847973 21631244 21631244 0
18 2012 rs1970694 28283411 1 0.0021837070705241 28283411 28283411 0
18 4040 rs17805042 48324575 1 0.00217092555402101 48324575 48324575 0
18 6562 rs6566715 70986258 1 0.00216158180833953 70986258 70986258 0
18 5905 rs8091729 65403952 1 0.00215637940183386 65403952 65403952 0
18 4050 rs6508036 48359730 1 0.00214674842404685 48359730 48359730 0
18 1068 rs2847297 12797694 1 0.00214157078201416 12797694 12797694 0
18 2153 rs17803914 29395191 1 -0.00213066128532667 29395191 29395191 0
18 2225 rs1980034 30259109 1 -0.00211662616377053 30259109 30259109 0
18 6348 rs595562 69188891 2 0.00208346293069364 69188891 69188891 0
18 6937 rs966782 74772891 1 0.0020437180705732802 74772891 74772891 0
18 355 rs1543229 4130516 2 0.00204257128840409 4130516 4130516 0
18 318 rs8083633 3522006 1 0.0020255201079909 3522006 3522006 0
18 4398 rs588705 51763722 2 -0.00200718556136417 51763722 51763722 0
18 726 rs9955273 8436850 1 -0.00200569823919074 8436850 8436850 0
18 6901 rs17564521 74374345 1 -0.00198870105800762 74374345 74374345 0
18 5734 rs8097294 63964551 2 -0.00194067368278913 63964551 63964551 0
18 4867 rs9952213 56399379 1 -0.00189651240443059 56399379 56399379 0
18 3450 rs12604591 43184311 1 -0.00186442826581413 43184311 43184311 0
18 3668 rs4939797 45033486 1 0.00184625037908733 45033486 45033486 0
18 588 rs7244382 6939846 1 0.00184099218144209 6939846 6939846 0
18 1488 rs8086988 22510457 1 -0.00183439626632016 22510457 22510457 0
18 1372 rs4043679 21653838 1 0.00179942778033365 21653838 21653838 0
18 1863 rs1487018 26362917 1 0.00178827110218119 26362917 26362917 0
18 5230 rs9964155 59287860 1 0.00177505416581462 59287860 59287860 0
18 1910 rs1492801 27205055 1 0.00176676727468527 27205055 27205055 0
18 82 rs789029 1053252 1 0.00175212665905521 1053252 1053252 0
18 6387 rs9957008 69633468 1 0.00173600734382042 69633468 69633468 0
18 1332 rs12456583 20999696 1 0.00168911279315003 20999696 20999696 0
18 5117 rs12606949 58165167 2 0.00168383320822978 58165167 58165167 0
18 5398 rs2850761 60966397 1 0.00166494647202065 60966397 60966397 0
18 895 rs206605 10335737 2 0.00165077571196804 10335737 10335737 0
18 3569 rs34589386 44157764 1 0.00164774737883127 44157764 44157764 0
18 4400 rs2956140 51795329 1 -0.00162033107924856 51795329 51795329 0
18 6718 rs516410 72407862 1 0.00160414212553162 72407862 72407862 0
18 5086 rs489693 57882787 1 0.00160101677078066 57882787 57882787 0
18 4313 rs1431183 50822084 1 0.00159190790968738 50822084 50822084 0
18 1971 rs1344050 27923561 1 -0.00158457466000664 27923561 27923561 0
18 2165 rs12606084 29558592 1 0.0015696079846502 29558592 29558592 0
18 3715 rs9945161 45625272 1 0.00153541839046494 45625272 45625272 0
18 4008 rs2118370 48161544 1 -0.00151060923193548 48161544 48161544 0
18 5916 rs17077959 65455611 1 -0.00148427432903292 65455611 65455611 0
18 774 rs668620 8864811 1 0.0014805358252123 8864811 8864811 0
18 4872 rs11663212 56445257 1 -0.00147123620383715 56445257 56445257 0
18 1199 rs786045 14949001 1 -0.00145048924615849 14949001 14949001 0
18 1913 rs6508610 27217230 1 -0.00144478828104603 27217230 27217230 0
18 7144 rs2015066 76496620 2 -0.00141898379533941 76496620 76496620 0
18 388 rs8089250 4772807 1 0.00141477621397039 4772807 4772807 0
18 4539 rs9945732 53593297 1 0.00141394238628133 53593297 53593297 0
18 5434 rs1020694 61264298 1 0.00138907945624953 61264298 61264298 0
18 52 rs1059393 672836 1 -0.0013874317650209 672836 672836 0
18 5999 rs656971 65876076 1 -0.00138708646999071 65876076 65876076 0
18 6491 rs1942467 70517206 1 -0.00137484642029793 70517206 70517206 0
18 5552 rs2193860 62053185 1 0.00136893729304302 62053185 62053185 0
18 6665 rs1573486 71955979 2 0.00135010045918336 71955979 71955979 0
18 42 rs12970203 475155 1 -0.00133306098431513 475155 475155 0
18 1741 rs608923 25144165 1 0.00132025192678746 25144165 25144165 0
18 4538 rs1506633 53586671 1 0.00131998173890439 53586671 53586671 0
18 845 rs7228240 9729894 1 0.00131784252080068 9729894 9729894 0
18 6765 rs4891066 73099691 1 -0.00131100323887889 73099691 73099691 0
18 6229 rs17082769 68204223 1 0.00128832165820094 68204223 68204223 0
18 1124 rs7232054 13271319 1 -0.00126400581997705 13271319 13271319 0
18 1249 rs4800369 19786854 1 -0.00122701527641541 19786854 19786854 0
18 3774 rs2337094 46403018 1 -0.00122402962726716 46403018 46403018 0
18 3740 rs1038670 45898195 2 0.00121017911561329 45898195 45898195 0
18 6313 rs2597831 68997002 1 0.00120956729859536 68997002 68997002 0
18 6644 rs4552099 71610943 1 0.00120326809890095 71610943 71610943 0
18 5180 rs1532486 58684235 2 -0.00120077793504033 58684235 58684235 0
18 2370 rs8098687 32519272 1 -0.00119200150540347 32519272 32519272 0
18 6852 rs7237886 73811509 1 -0.00118985757200972 73811509 73811509 0
18 2552 rs3947413 34127234 1 -0.0011889975074577 34127234 34127234 0
18 374 rs16946716 4425743 1 0.00118282501509874 4425743 4425743 0
18 6021 rs17078976 66040483 1 -0.00118140770379541 66040483 66040483 0
18 2197 rs7237501 29919836 1 0.00118121886466694 29919836 29919836 0
18 5073 rs9966951 57775295 1 -0.00118046931180203 57775295 57775295 0
18 7145 rs2931024 76502001 1 0.00116674135408359 76502001 76502001 0
18 1627 rs9955678 23759474 1 0.00116333266533368 23759474 23759474 0
18 2080 rs9959147 28887090 1 0.0011626364037954 28887090 28887090 0
18 544 rs882838 6429648 1 0.00115561919260775 6429648 6429648 0
18 796 rs9941409 9006277 2 0.00114300760757249 9006277 9006277 0
18 6649 rs1540032 71700987 1 0.00112785617892918 71700987 71700987 0
18 2675 rs8094570 35775236 2 -0.0011276544004205 35775236 35775236 0
18 7189 rs1942303 76818307 1 -0.00111680719813517 76818307 76818307 0
18 4615 rs1657424 54662887 2 -0.00110768920523342 54662887 54662887 0
18 6742 rs1828098 72857946 1 0.0011068707950214 72857946 72857946 0
18 3203 rs12455397 41231361 1 -0.00110092708888556 41231361 41231361 0
18 1130 rs16940343 13309150 2 0.00109830527695652 13309150 13309150 0
18 1797 rs1785835 25684095 1 -0.00107152768359402 25684095 25684095 0
18 4092 rs321899 48910603 2 -0.00106851974159042 48910603 48910603 0
18 2159 rs11660777 29426669 1 0.00105797481399366 29426669 29426669 0
18 2409 rs11872966 32765310 1 0.00105604823184148 32765310 32765310 0
18 1535 rs7240975 22989234 1 0.00103772002895719 22989234 22989234 0
18 5378 rs6567316 60717894 1 0.00102839243270926 60717894 60717894 0
18 4682 rs754789 55201461 1 -0.00102644444318672 55201461 55201461 0
18 4606 rs7233847 54451284 1 0.00102470963674256 54451284 54451284 0
18 4739 rs4528665 55715670 2 -0.00101510083487593 55715670 55715670 0
18 6677 rs1256723 72069279 1 0.00101379576082747 72069279 72069279 0
18 1188 rs3744821 14090271 1 9.962173291130558e-4 14090271 14090271 0
18 2539 rs4799866 34116743 1 -9.914237540806108e-4 34116743 34116743 0
18 2307 rs11399467 31477790 1 -9.87270269001978e-4 31477790 31477790 0
18 1678 rs10502479 24489222 1 -9.782752884549008e-4 24489222 24489222 0
18 6546 rs8090073 70880006 1 9.702616012727472e-4 70880006 70880006 0
18 5347 rs11152344 60111781 2 9.701581843148896e-4 60111781 60111781 0
18 1598 rs17799466 23471816 1 9.645293115676022e-4 23471816 23471816 0
18 5305 rs17069506 59821843 1 -9.644582284284904e-4 59821843 59821843 0
18 855 rs8082842 9814778 2 -9.630759802057596e-4 9814778 9814778 0
18 5327 rs4524034 60028008 1 9.601009703696414e-4 60028008 60028008 0
18 2438 rs16966921 33205897 1 -9.4616012310619e-4 33205897 33205897 0
18 5025 rs1652076 57368446 2 -9.432342019644912e-4 57368446 57368446 0
18 3754 rs3786180 46150975 2 -9.374795032174768e-4 46150975 46150975 0
18 949 rs12608436 10797856 2 9.352230118405408e-4 10797856 10797856 0
18 395 rs8086761 4812752 1 9.339523879905284e-4 4812752 4812752 0
18 3150 rs649056 40423146 1 -9.338692482010986e-4 40423146 40423146 0
18 5345 rs3018362 60082093 1 -9.321092343772952e-4 60082093 60082093 0
18 986 rs8091999 11288105 1 9.283623841285888e-4 11288105 11288105 0
18 5533 rs4292016 61868222 1 -9.05784769499534e-4 61868222 61868222 0
18 5352 rs623248 60152275 1 8.991412045082508e-4 60152275 60152275 0
18 6302 rs4614837 68901689 1 -8.983717429936324e-4 68901689 68901689 0
18 4136 rs3894774 49278632 1 8.979853595519575e-4 49278632 49278632 0
18 3272 rs3819128 41795393 1 8.918635910614636e-4 41795393 41795393 0
18 5111 rs9946357 58130414 1 -8.918139857636613e-4 58130414 58130414 0
18 3446 rs10502868 43153949 2 8.755599606177259e-4 43153949 43153949 0
18 6685 rs17809342 72104514 1 -8.732356172679931e-4 72104514 72104514 0
18 4855 rs7504154 56270997 1 8.663905051238824e-4 56270997 56270997 0
18 5223 rs2032366 59266371 1 -8.610367760494569e-4 59266371 59266371 0
18 6160 rs4891764 67320971 2 8.566234345111349e-4 67320971 67320971 0
18 6795 rs17057942 73456181 1 -8.565024654252339e-4 73456181 73456181 0
18 3032 rs1115001 39406192 1 8.553640147718429e-4 39406192 39406192 0
18 5258 rs12604169 59583446 1 8.438269099775648e-4 59583446 59583446 0
18 5173 rs10503048 58596438 1 -8.382111250618328e-4 58596438 58596438 0
18 3565 rs732109 44135050 1 -8.356528261890695e-4 44135050 44135050 0
18 2644 rs17534490 35605554 1 -8.32061050616406e-4 35605554 35605554 0
18 7218 rs8083927 77720079 1 -8.15829729567373e-4 77720079 77720079 0
18 428 rs599322 5148001 1 8.05441328819412e-4 5148001 5148001 0
18 6069 rs884006 66871719 1 8.034228905435548e-4 66871719 66871719 0
18 897 rs12454438 10384633 1 8.002152500658069e-4 10384633 10384633 0
18 4764 rs4149601 55816791 1 -7.856615837737028e-4 55816791 55816791 0
18 2295 rs2000677 31338906 2 -7.750413591765926e-4 31338906 31338906 0
18 925 rs7234687 10694410 2 7.746604815188137e-4 10694410 10694410 0
18 5135 rs614729 58229212 1 7.706536908903786e-4 58229212 58229212 0
18 4850 rs7229140 56235791 2 -7.694455031697394e-4 56235791 56235791 0
18 3838 rs1943973 47179516 2 -7.594774567663452e-4 47179516 47179516 0
18 848 rs6506685 9732627 1 7.487382744398809e-4 9732627 9732627 0
18 4965 rs9948716 56982982 1 7.454077261020059e-4 56982982 56982982 0
18 5430 rs4261645 61239806 1 7.438303614935575e-4 61239806 61239806 0
18 6179 rs2575177 67468452 1 -7.4309971834618e-4 67468452 67468452 0
18 3078 rs1461714 39908413 1 -7.406695066312412e-4 39908413 39908413 0
18 6216 rs10513986 68081085 1 7.364842255480782e-4 68081085 68081085 0
18 3712 rs7226941 45579668 1 -7.33979426324433e-4 45579668 45579668 0
18 4969 rs7243056 57021549 2 7.311616492236207e-4 57021549 57021549 0
18 1158 rs3760533 13760290 1 7.300122746202466e-4 13760290 13760290 0
18 72 rs12373400 923096 2 -7.273590331231847e-4 923096 923096 0
18 5476 rs1243039 61498396 1 -7.238308627339487e-4 61498396 61498396 0
18 6169 rs9963608 67368356 1 -7.237934405664311e-4 67368356 67368356 0
18 1175 rs1941087 13908961 1 -7.089654373979545e-4 13908961 13908961 0
18 8 rs7226677 278796 1 7.001204284410665e-4 278796 278796 0
18 1133 rs7226901 13326749 1 -6.968048398533495e-4 13326749 13326749 0
18 3118 rs4633808 40158156 1 -6.966868946064796e-4 40158156 40158156 0
18 2542 rs1390431 34119428 1 6.924652045278543e-4 34119428 34119428 0
18 3667 rs11662966 45032552 1 6.916876935340187e-4 45032552 45032552 0
18 1145 rs1940916 13510974 2 -6.897551935010195e-4 13510974 13510974 0
18 6764 rs12458682 73097909 2 -6.873675072903262e-4 73097909 73097909 0
18 1493 rs1941611 22576025 1 -6.823430913669784e-4 22576025 22576025 0
18 1184 rs1941095 13993454 1 -6.779121945316047e-4 13993454 13993454 0
18 6415 rs4268850 69892689 1 6.731599410053035e-4 69892689 69892689 0
18 576 rs4798497 6853195 1 -6.610646643916372e-4 6853195 6853195 0
18 354 rs7505745 4099242 2 6.601778775374295e-4 4099242 4099242 0
18 1348 rs11663558 21133937 1 6.592997880277933e-4 21133937 21133937 0
18 2152 rs12962411 29391523 1 -6.580472535674354e-4 29391523 29391523 0
18 5599 rs7227796 62502996 1 6.566233945765967e-4 62502996 62502996 0
18 5255 rs8085961 59508211 1 6.478510567653948e-4 59508211 59508211 0
18 5391 rs1005793 60890160 1 6.367212806350647e-4 60890160 60890160 0
18 2344 rs2579799 32155796 1 -6.345425155993398e-4 32155796 32155796 0
18 1717 rs11083201 24775819 1 -6.321774229505647e-4 24775819 24775819 0
18 1933 rs7244666 27549727 1 -6.306202960062416e-4 27549727 27549727 0
18 3929 rs6507965 47662494 1 6.228257598014699e-4 47662494 47662494 0
18 6895 rs8090014 74355258 1 -6.224806379302125e-4 74355258 74355258 0
18 6640 rs4146451 71570874 1 -6.206679839763889e-4 71570874 71570874 0
18 4772 rs7243662 55859854 2 -6.200424661798727e-4 55859854 55859854 0
18 4235 rs7236766 50222796 1 6.197644935217957e-4 50222796 50222796 0
18 7087 rs953845 75967549 1 6.137909616129916e-4 75967549 75967549 0
18 1385 rs17259667 21740192 1 -6.126425770569465e-4 21740192 21740192 0
18 703 rs12965261 8218296 1 6.089396150628609e-4 8218296 8218296 0
18 5376 rs6567313 60702324 1 6.072870476842808e-4 60702324 60702324 0
18 6040 rs9955865 66408427 1 -5.998708133261174e-4 66408427 66408427 0
18 4945 rs7231030 56906961 1 -5.988126601892342e-4 56906961 56906961 0
18 2304 rs1493917 31392833 1 5.984352278865446e-4 31392833 31392833 0
18 191 rs1009238 2000079 1 -5.958752021573183e-4 2000079 2000079 0
18 19 rs11663304 381704 1 5.919537304054661e-4 381704 381704 0
18 458 rs6506302 5444240 1 5.84582108755827e-4 5444240 5444240 0
18 3562 rs1868711 44117578 1 -5.845373675301258e-4 44117578 44117578 0
18 759 rs603368 8792476 2 -5.824798822472567e-4 8792476 8792476 0
18 4949 rs6567072 56921310 2 -5.78684958232245e-4 56921310 56921310 0
18 2303 rs9958421 31388438 1 5.705337025708932e-4 31388438 31388438 0
18 5575 rs8092484 62191825 1 5.69265681082193e-4 62191825 62191825 0
18 5321 rs9960450 60016875 1 5.615929614395503e-4 60016875 60016875 0
18 5185 rs242673 58746681 1 -5.550217869741849e-4 58746681 58746681 0
18 1253 rs4800375 19821570 1 5.522475974925938e-4 19821570 19821570 0
18 6459 rs9966507 70308101 1 5.507370143007584e-4 70308101 70308101 0
18 5906 rs7241812 65404933 1 5.493833568362249e-4 65404933 65404933 0
18 1250 rs8084363 19789487 1 -5.474963711699947e-4 19789487 19789487 0
18 4477 rs2051293 52818009 1 5.453936567577046e-4 52818009 52818009 0
18 7210 rs2460386 77417934 1 -5.449792758417129e-4 77417934 77417934 0
18 6289 rs11875286 68806428 1 -5.44917663500488e-4 68806428 68806428 0
18 5175 rs8090213 58609978 1 -5.411551570174737e-4 58609978 58609978 0
18 2569 rs4799887 34319157 1 -5.116333235796344e-4 34319157 34319157 0
18 6801 rs1380711 73515143 2 5.097034013645031e-4 73515143 73515143 0
18 1973 rs8092226 27933549 1 5.092926814117982e-4 27933549 27933549 0
18 4412 rs17470798 51858197 1 -5.07812819495637e-4 51858197 51858197 0
18 709 rs9949149 8298633 1 5.057127993607404e-4 8298633 8298633 0
18 2867 rs9954991 37812658 1 -4.999450022202287e-4 37812658 37812658 0
18 1803 rs1990416 25779523 1 4.941730994872123e-4 25779523 25779523 0
18 7062 rs2727046 75477351 1 -4.871882766723311e-4 75477351 75477351 0
18 424 rs292367 5096936 2 -4.673435048947091e-4 5096936 5096936 0
18 2223 rs1511036 30249433 1 -4.6603110569996e-4 30249433 30249433 0
18 7086 rs1876021 75954881 1 4.654245027067579e-4 75954881 75954881 0
18 5812 rs9967525 64782143 1 4.6141910510958854e-4 64782143 64782143 0
18 882 rs12954327 10199279 2 -4.602758411766017e-4 10199279 10199279 0
18 799 rs9973049 9055545 1 4.574691010161672e-4 9055545 9055545 0
18 6587 rs9956188 71095012 1 -4.555020455563357e-4 71095012 71095012 0
18 3429 rs1421181 43068786 1 -4.514134815065725e-4 43068786 43068786 0
18 2628 rs8092743 35279922 1 4.5077911988212766e-4 35279922 35279922 0
18 4895 rs1510558 56684185 1 -4.4846589189323336e-4 56684185 56684185 0
18 3578 rs10502874 44226773 1 -4.432439984851614e-4 44226773 44226773 0
18 1003 rs8088825 11512551 2 -4.413359068295333e-4 11512551 11512551 0
18 4908 rs9948204 56756133 1 4.410259776888841e-4 56756133 56756133 0
18 3804 rs576057 46849610 1 -4.31266178342019e-4 46849610 46849610 0
18 1222 rs4632227 19513517 1 4.286622589455638e-4 19513517 19513517 0
18 283 rs1962519 3188976 1 -4.2807168262608606e-4 3188976 3188976 0
18 6361 rs8088887 69334079 2 -4.278030755762769e-4 69334079 69334079 0
18 3680 rs10163681 45102280 1 -4.254899585775762e-4 45102280 45102280 0
18 459 rs1965652 5448728 1 4.23311722029532e-4 5448728 5448728 0
18 165 rs8091249 1802443 1 -4.230476645908796e-4 1802443 1802443 0
18 2711 rs4611541 36031122 1 -4.225116727568518e-4 36031122 36031122 0
18 349 rs11081080 3954314 1 -4.2149541815604134e-4 3954314 3954314 0
18 6794 rs8087114 73444982 1 -4.209376632724195e-4 73444982 73444982 0
18 615 rs1831779 7027977 1 -4.1998490526552816e-4 7027977 7027977 0
18 1079 rs657555 12847136 2 -4.1300402686600705e-4 12847136 12847136 0
18 4709 rs7234711 55408875 1 4.129597369065587e-4 55408875 55408875 0
18 5233 rs17694377 59295890 1 -4.129278865119184e-4 59295890 59295890 0
18 353 rs12963271 4056394 1 4.115618334235577e-4 4056394 4056394 0
18 4556 rs1364417 53693949 1 4.069713298302378e-4 53693949 53693949 0
18 3153 rs8089316 40468883 1 -4.0578050770388e-4 40468883 40468883 0
18 6389 rs1487336 69651740 1 4.029474039073323e-4 69651740 69651740 0
18 3057 rs525776 39731208 1 4.017225315529286e-4 39731208 39731208 0
18 4750 rs1787771 55768995 1 -4.010876003362585e-4 55768995 55768995 0
18 340 rs3915772 3848826 1 4.0003815955133305e-4 3848826 3848826 0
18 6921 rs608433 74611127 1 3.983374759405973e-4 74611127 74611127 0
18 832 rs676629 9648130 2 -3.934215539787829e-4 9648130 9648130 0
18 888 rs12957808 10284623 1 3.932650117314904e-4 10284623 10284623 0
18 3777 rs4939826 46453406 2 -3.84071836697853e-4 46453406 46453406 0
18 376 rs12958338 4483453 1 3.837884188099891e-4 4483453 4483453 0
18 6588 rs1942788 71095826 1 3.8066606690866366e-4 71095826 71095826 0
18 2649 rs9807741 35636827 1 -3.780823806996068e-4 35636827 35636827 0
18 1382 rs12963950 21719442 1 3.745934203164874e-4 21719442 21719442 0
18 5902 rs8092689 65398414 1 3.743585141986151e-4 65398414 65398414 0
18 7126 rs2002842 76409597 1 3.732985551449531e-4 76409597 76409597 0
18 4049 rs9948324 48349191 1 -3.7249418612401856e-4 48349191 48349191 0
18 1146 rs12955640 13512012 1 -3.706866833871606e-4 13512012 13512012 0
18 4254 rs10083941 50282122 1 3.6710265799139944e-4 50282122 50282122 0
18 6679 rs11662446 72073178 1 3.63403978604396e-4 72073178 72073178 0
18 2050 rs9304077 28644841 1 3.631690129050956e-4 28644841 28644841 0
18 5018 rs2851857 57244903 1 -3.5606361974861646e-4 57244903 57244903 0
18 2939 rs9959057 38324308 1 -3.551449427320171e-4 38324308 38324308 0
18 6743 rs652015 72898905 1 3.5378791813656536e-4 72898905 72898905 0
18 3651 rs2004310 44986284 1 3.5356082613362174e-4 44986284 44986284 0
18 2851 rs307078 37642885 1 3.5241965746089814e-4 37642885 37642885 0
18 1076 rs8087237 12834359 2 3.510511601878183e-4 12834359 12834359 0
18 4314 rs1988344 50822738 1 3.498872395475566e-4 50822738 50822738 0
18 1844 rs1995494 26199361 1 -3.485536000432201e-4 26199361 26199361 0
18 618 rs483480 7031103 1 3.447194121615128e-4 7031103 7031103 0
18 4271 rs2156283 50430275 1 3.4435940810043395e-4 50430275 50430275 0
18 7081 rs8084678 75858655 1 3.4028603608245584e-4 75858655 75858655 0
18 3650 rs892576 44985973 1 3.394610379689498e-4 44985973 44985973 0
18 6629 rs8091027 71455547 1 -3.3740327061339536e-4 71455547 71455547 0
18 5390 rs12457700 60860246 2 3.367585134131676e-4 60860246 60860246 0
18 6121 rs4255867 67130866 1 -3.363458643866693e-4 67130866 67130866 0
18 3181 rs555267 40992698 1 -3.342080688821699e-4 40992698 40992698 0
18 7057 rs11662532 75432721 1 -3.341640635322149e-4 75432721 75432721 0
18 4653 rs990729 54979396 1 3.320790198174241e-4 54979396 54979396 0
18 478 rs10502331 5658744 1 3.242867614712877e-4 5658744 5658744 0
18 2338 rs1589477 32103169 1 -3.182875593578609e-4 32103169 32103169 0
18 1953 rs10502541 27853483 1 -3.0792323129832526e-4 27853483 27853483 0
18 1802 rs10775520 25765494 1 3.0715204791491817e-4 25765494 25765494 0
18 3166 rs11664719 40640843 1 3.071474765590673e-4 40640843 40640843 0
18 3056 rs623931 39724275 1 3.054904612638683e-4 39724275 39724275 0
18 6401 rs8083807 69730343 1 -3.053403238815392e-4 69730343 69730343 0
18 3555 rs11664831 44103392 1 3.0122674302231206e-4 44103392 44103392 0
18 6184 rs1469858 67529217 1 3.0078015518900634e-4 67529217 67529217 0
18 3286 rs1511765 42052201 1 -3.006193089954657e-4 42052201 42052201 0
18 5767 rs9949882 64255420 1 3.002685380081846e-4 64255420 64255420 0
18 1728 rs7230264 24927434 1 2.9962059232334847e-4 24927434 24927434 0
18 3809 rs1943676 47017820 1 -2.9796997289975537e-4 47017820 47017820 0
18 5383 rs17756073 60809783 2 -2.957560796751754e-4 60809783 60809783 0
18 7199 rs7239390 77052242 1 2.9488794551565185e-4 77052242 77052242 0
18 5642 rs681307 63126211 1 2.939411319582285e-4 63126211 63126211 0
18 3329 rs4890490 42437268 1 -2.924088750688763e-4 42437268 42437268 0
18 6167 rs17200441 67359360 1 2.905211532077014e-4 67359360 67359360 0
18 3085 rs451873 39930036 1 2.8533147217810043e-4 39930036 39930036 0
18 844 rs9963622 9728453 1 -2.851444537170432e-4 9728453 9728453 0
18 1603 rs9953857 23490176 1 2.849023736895349e-4 23490176 23490176 0
18 2250 rs76952832 30969567 1 2.843029270884748e-4 30969567 30969567 0
18 1186 rs10513904 14023754 2 -2.831183892449214e-4 14023754 14023754 0
18 1753 rs2851757 25313101 1 -2.8167565664595544e-4 25313101 25313101 0
18 1338 rs2047683 21049803 1 -2.8061643801954156e-4 21049803 21049803 0
18 5024 rs1791342 57359877 1 -2.7976139477830115e-4 57359877 57359877 0
18 3998 rs10502909 48130532 2 -2.7682680377065386e-4 48130532 48130532 0
18 2424 rs17561133 33063368 1 -2.7629503075318935e-4 33063368 33063368 0
18 506 rs9960331 5821072 1 2.74782059329811e-4 5821072 5821072 0
18 558 rs16950389 6635800 1 2.7077901125834817e-4 6635800 6635800 0
18 6534 rs4892074 70747398 1 -2.675129343797074e-4 70747398 70747398 0
18 6545 rs17087091 70868766 1 -2.6449035041243327e-4 70868766 70868766 0
18 2638 rs12970162 35562926 2 -2.6125173511457197e-4 35562926 35562926 0
18 722 rs9966297 8402646 1 2.601830293681155e-4 8402646 8402646 0
18 4315 rs6508218 50824005 1 2.599057330312061e-4 50824005 50824005 0
18 4932 rs8094095 56823999 1 -2.57756133348635e-4 56823999 56823999 0
18 5023 rs12454887 57359432 1 2.574260395404681e-4 57359432 57359432 0
18 1283 rs11082007 20164232 1 2.564145985548121e-4 20164232 20164232 0
18 809 rs12456408 9357576 1 -2.532067361366705e-4 9357576 9357576 0
18 1739 rs590651 25128787 1 2.521642745652828e-4 25128787 25128787 0
18 2728 rs2027730 36112086 2 -2.479765245668109e-4 36112086 36112086 0
18 3062 rs824 39754490 1 -2.460321360066431e-4 39754490 39754490 0
18 4730 rs7230277 55584135 1 2.4585803981930937e-4 55584135 55584135 0
18 834 rs8083190 9665351 1 2.45839199990994e-4 9665351 9665351 0
18 6067 rs17080549 66862142 1 2.428682639943963e-4 66862142 66862142 0
18 352 rs11660659 4056012 1 2.4116829334622868e-4 4056012 4056012 0
18 2589 rs606359 34969372 1 -2.4064318904628163e-4 34969372 34969372 0
18 792 rs7236054 8972284 1 2.400692106039448e-4 8972284 8972284 0
18 2717 rs10502693 36045712 1 2.396966574258044e-4 36045712 36045712 0
18 4638 rs948655 54773343 1 -2.3836909032982375e-4 54773343 54773343 0
18 5205 rs8086807 58947144 1 -2.319232608310754e-4 58947144 58947144 0
18 4508 rs17512836 53194961 1 2.3037326300833625e-4 53194961 53194961 0
18 2933 rs325379 38307941 1 2.295660789956276e-4 38307941 38307941 0
18 6596 rs17751492 71108653 1 2.2795754897922857e-4 71108653 71108653 0
18 1903 rs4369752 27118814 1 2.2665823308704597e-4 27118814 27118814 0
18 16 rs3810040 357247 1 2.2593022629704444e-4 357247 357247 0
18 851 rs9951109 9762933 1 2.2537010114600503e-4 9762933 9762933 0
18 6547 rs9319864 70885017 1 2.25177247933682e-4 70885017 70885017 0
18 6201 rs3862700 67862224 1 2.1901459098319447e-4 67862224 67862224 0
18 3894 rs1787323 47463377 1 -2.1708847862117868e-4 47463377 47463377 0
18 5893 rs8083752 65359829 1 2.1575548897875311e-4 65359829 65359829 0
18 7174 rs4030882 76659706 1 2.1199784750383887e-4 76659706 76659706 0
18 6039 rs9963985 66407942 2 2.0886891183178683e-4 66407942 66407942 0
18 5059 rs2187176 57679365 1 -2.0880707830352331e-4 57679365 57679365 0
18 1523 rs4131294 22772210 1 2.0775996921662364e-4 22772210 22772210 0
18 6870 rs2116283 73869891 1 2.021362064816509e-4 73869891 73869891 0
18 7103 rs12327418 76085704 1 -1.9877551973643777e-4 76085704 76085704 0
18 4828 rs7236716 56167136 1 -1.977870862037828e-4 56167136 56167136 0
18 3985 rs16952149 48084560 1 -1.9727251005401147e-4 48084560 48084560 0
18 1951 rs1317088 27852624 1 1.9682502193890217e-4 27852624 27852624 0
18 5936 rs633865 65526817 1 -1.8827322647189623e-4 65526817 65526817 0
18 4974 rs9319948 57042396 2 -1.8519138583342673e-4 57042396 57042396 0
18 4858 rs8082808 56318033 1 1.8342157255605117e-4 56318033 56318033 0
18 6949 rs1667923 74885751 1 1.828687663313832e-4 74885751 74885751 0
18 1629 rs12458331 23825857 1 -1.810722543062183e-4 23825857 23825857 0
18 1071 rs1893217 12809340 1 1.805948413353108e-4 12809340 12809340 0
18 4987 rs11152148 57107212 1 1.8020360415185087e-4 57107212 57107212 0
18 4161 rs10048311 49500742 2 1.7977546135631526e-4 49500742 49500742 0
18 2568 rs4346268 34316204 1 -1.7890202085615398e-4 34316204 34316204 0
18 6038 rs7232428 66328837 1 -1.7159558610376085e-4 66328837 66328837 0
18 1981 rs1348336 28026147 1 -1.7143532980013162e-4 28026147 28026147 0
18 373 rs17436205 4402249 1 1.7088499795296603e-4 4402249 4402249 0
18 1626 rs4800723 23755158 1 1.70625553943703e-4 23755158 23755158 0
18 2880 rs10084057 37865924 1 -1.7006008763070096e-4 37865924 37865924 0
18 3071 rs8088748 39866513 1 -1.699605913146523e-4 39866513 39866513 0
18 2357 rs9955050 32362308 1 -1.6780248286513808e-4 32362308 32362308 0
18 3529 rs590694 43562102 2 1.657463200454751e-4 43562102 43562102 0
18 4479 rs4800985 52829535 1 1.579871353548828e-4 52829535 52829535 0
18 1229 rs4267422 19608303 1 1.5513522577670396e-4 19608303 19608303 0
18 6678 rs11661821 72073056 2 -1.5454817769836092e-4 72073056 72073056 0
18 1993 rs9958568 28123910 1 -1.531613838434234e-4 28123910 28123910 0
18 1074 rs10502416 12822702 1 -1.5268268660280604e-4 12822702 12822702 0
18 922 rs8095590 10674815 1 -1.5012210267270626e-4 10674815 10674815 0
18 1098 rs61740922 13057655 1 1.4823393659583488e-4 13057655 13057655 0
18 3155 rs525291 40515238 1 -1.417982016432647e-4 40515238 40515238 0
18 2126 rs10163532 29111449 1 -1.4090752779778165e-4 29111449 29111449 0
18 6559 rs1943825 70977587 1 1.394387938838889e-4 70977587 70977587 0
18 3601 rs4890343 44540969 1 -1.3934686858056583e-4 44540969 44540969 0
18 1690 rs45568438 24514748 1 -1.392919587009563e-4 24514748 24514748 0
18 73 rs11081461 923230 1 -1.3836793246932655e-4 923230 923230 0
18 5235 rs17068758 59325637 1 -1.3639491126712312e-4 59325637 59325637 0
18 3248 rs1380835 41493047 1 1.3525275550846174e-4 41493047 41493047 0
18 1891 rs8087422 26892709 1 -1.3525078267832697e-4 26892709 26892709 0
18 559 rs11081250 6640510 1 1.346789118831769e-4 6640510 6640510 0
18 3473 rs9960464 43246156 1 -1.335320587921522e-4 43246156 43246156 0
18 1039 rs9955653 12098679 1 -1.3101820356429362e-4 12098679 12098679 0
18 50 rs2853532 670414 1 1.29070116787861e-4 670414 670414 0
18 3609 rs892586 44560429 1 -1.276307591951716e-4 44560429 44560429 0
18 7128 rs12955300 76415963 1 1.2668027728149453e-4 76415963 76415963 0
18 3142 rs12457018 40337801 1 -1.264411844916838e-4 40337801 40337801 0
18 2356 rs7240718 32356810 2 1.2420962227728094e-4 32356810 32356810 0
18 5115 rs500817 58154350 1 -1.2413641858425843e-4 58154350 58154350 0
18 702 rs7238296 8218123 1 1.2369333292345158e-4 8218123 8218123 0
18 5359 rs11152351 60247706 1 -1.231033569020139e-4 60247706 60247706 0
18 3327 rs12454763 42434615 1 1.2231818823939963e-4 42434615 42434615 0
18 989 rs459329 11315010 1 1.2066106321265424e-4 11315010 11315010 0
18 860 rs561102 9851388 1 -1.1672235736697072e-4 9851388 9851388 0
18 5328 rs4524035 60028244 1 1.1343765043913912e-4 60028244 60028244 0
18 2828 rs1444395 37238502 1 -1.129812965652014e-4 37238502 37238502 0
18 4311 rs1594459 50813510 1 1.1214960723154002e-4 50813510 50813510 0
18 6444 rs9964306 70121997 1 1.1137514148258342e-4 70121997 70121997 0
18 2697 rs1196939 35965413 1 -1.0769325849751624e-4 35965413 35965413 0
18 429 rs366730 5152737 1 1.0697980042553276e-4 5152737 5152737 0
18 4178 rs9963534 49642058 1 1.0663399587057464e-4 49642058 49642058 0
18 1187 rs7238647 14027616 1 -1.0602567951894577e-4 14027616 14027616 0
18 1072 rs2847286 12817815 1 1.0489894681817911e-4 12817815 12817815 0
18 1063 rs9303775 12694379 1 -1.0407511068768352e-4 12694379 12694379 0
18 1049 rs11662319 12392308 1 -1.0203584631513524e-4 12392308 12392308 0
18 1132 rs2187502 13325561 1 -1.0175970177562916e-4 13325561 13325561 0
18 1282 rs8095924 20160314 1 1.0106991910131616e-4 20160314 20160314 0
18 4291 rs10502963 50621455 1 -1.000117261690022e-4 50621455 50621455 0
18 6721 rs17243024 72495759 1 9.773824730522885e-5 72495759 72495759 0
18 3549 rs3911130 43991529 1 -9.433667088086478e-5 43991529 43991529 0
18 594 rs4470231 6969761 1 -9.17556596570113e-5 6969761 6969761 0
18 5735 rs7242394 63969591 1 8.952808880831366e-5 63969591 63969591 0
18 2508 rs7239113 33879397 1 8.950230588251894e-5 33879397 33879397 0
18 5537 rs9952357 61920024 1 8.936178872870413e-5 61920024 61920024 0
18 4547 rs10048306 53654020 1 8.674960839830463e-5 53654020 53654020 0
18 1531 rs4594329 22921715 1 -8.647185576136823e-5 22921715 22921715 0
18 996 rs4796922 11417597 1 8.513520664956443e-5 11417597 11417597 0
18 1407 rs11662595 22056970 1 -8.499265803148735e-5 22056970 22056970 0
18 1731 rs1607485 24997610 1 8.115119338107554e-5 24997610 24997610 0
18 5532 rs6567416 61840388 1 8.027609978077341e-5 61840388 61840388 0
18 1625 rs8095871 23746150 1 7.604039543401489e-5 23746150 23746150 0
18 2673 rs8096381 35770727 1 7.498729823580505e-5 35770727 35770727 0
18 2355 rs899830 32353415 1 -7.122325555629628e-5 32353415 32353415 0
18 2462 rs4799817 33416275 1 -7.109976236748174e-5 33416275 33416275 0
18 460 rs2322095 5449746 1 -7.107826974679174e-5 5449746 5449746 0
18 2930 rs1436997 38288514 1 7.082098316995436e-5 38288514 38288514 0
18 6200 rs4891821 67847323 1 -7.0528926921819925e-05 67847323 67847323 0
18 3168 rs9965411 40651449 1 6.807381538323388e-5 40651449 40651449 0
18 5196 rs9950956 58879662 1 6.591932366689442e-5 58879662 58879662 0
18 6120 rs2197164 67128571 1 5.994354748456752e-5 67128571 67128571 0
18 6548 rs1039474 70906826 1 5.754021344331152e-5 70906826 70906826 0
18 7216 rs891488 77637424 1 5.673397097319383e-5 77637424 77637424 0
18 4419 rs8092229 51976374 1 -5.299555247442829e-5 51976374 51976374 0
18 4950 rs9947104 56934358 1 -5.1773860463765365e-5 56934358 56934358 0
18 5236 rs17068764 59330019 1 -5.157783284612244e-5 59330019 59330019 0
18 5231 rs9945515 59291851 2 -5.144043128093304e-5 59291851 59291851 0
18 3780 rs4464148 46459032 1 -5.015130802289916e-5 46459032 46459032 0
18 5687 rs9959875 63538341 1 4.841755585221209e-5 63538341 63538341 0
18 1336 rs2291993 21044607 1 4.574657046488915e-5 21044607 21044607 0
18 167 rs7227078 1804120 2 4.547934392123e-5 1804120 1804120 0
18 1607 rs12959876 23513338 1 -4.505308839813545e-5 23513338 23513338 0
18 5536 rs4283320 61918743 1 4.197421383272928e-5 61918743 61918743 0
18 1667 rs535796 24320326 1 -4.143036133545897e-5 24320326 24320326 0
18 6555 rs885093 70954741 1 4.082492234915617e-5 70954741 70954741 0
18 3433 rs2705388 43101966 1 -3.9277639857939816e-5 43101966 43101966 0
18 1540 rs1009685 23041828 1 3.84682452262971e-5 23041828 23041828 0
18 74 rs16952999 936561 1 -3.629141446133082e-5 936561 936561 0
18 6666 rs3813106 71960136 1 -3.57307410739293e-5 71960136 71960136 0
18 3317 rs12607198 42313262 1 -3.541080553750059e-5 42313262 42313262 0
18 2863 rs4239355 37740457 1 -3.425589613749692e-5 37740457 37740457 0
18 2528 rs12457257 34008468 1 3.2874705430952446e-5 34008468 34008468 0
18 3679 rs8092886 45097865 1 -3.2722324855872606e-5 45097865 45097865 0
18 6668 rs4328535 71978076 1 -3.2714383289043e-5 71978076 71978076 0
18 866 rs29109 9952670 1 -2.5434955711190296e-5 9952670 9952670 0
18 1420 rs11875019 22111406 1 -2.3973353827180993e-5 22111406 22111406 0
18 3803 rs506426 46849333 1 2.316919936662119e-5 46849333 46849333 0
18 7030 rs11151064 75262263 1 2.3123356392643497e-5 75262263 75262263 0
18 3719 rs8091725 45660778 2 2.1377349425055956e-5 45660778 45660778 0
18 5125 rs12455135 58208260 1 2.1288472806018363e-5 58208260 58208260 0
18 6166 rs10513972 67352445 1 2.08541878418984e-5 67352445 67352445 0
18 6934 rs556751 74765400 1 1.863762154259635e-5 74765400 74765400 0
18 843 rs7232534 9727992 2 -1.7483679597145562e-5 9727992 9727992 0
18 6291 rs17083844 68842243 1 1.5548829011352476e-5 68842243 68842243 0
18 4586 rs215029 54114020 1 1.4913340106502648e-5 54114020 54114020 0
18 6299 rs4243328 68886253 2 -1.455679861734542e-5 68886253 68886253 0
18 295 rs1662813 3319915 1 1.4379756838599523e-5 3319915 3319915 0
18 2337 rs1573408 32000277 2 1.331903417328776e-5 32000277 32000277 0
18 1065 rs2302768 12718593 1 -1.1246232696860657e-5 12718593 12718593 0
18 2648 rs8090179 35626522 1 -1.1088016119854384e-5 35626522 35626522 0
18 1795 rs1662735 25674859 1 -8.241647037977892e-6 25674859 25674859 0
18 5435 rs7229071 61278072 1 7.964780920763546e-6 61278072 61278072 0
18 3986 rs2045531 48087649 1 -6.606355433246853e-6 48087649 48087649 0
18 3717 rs4479321 45642989 1 5.726889673913096e-6 45642989 45642989 0
18 5090 rs9963410 57962862 1 5.198187912834717e-6 57962862 57962862 0
18 2027 rs1313586 28586964 1 5.006026299399847e-6 28586964 28586964 0
18 1337 rs9957219 21045557 1 4.95454770482376e-6 21045557 21045557 0
18 6893 rs3829636 74335247 1 4.611589371550461e-6 74335247 74335247 0
18 5022 rs1429575 57357024 1 -3.589720299519362e-6 57357024 57357024 0
18 5329 rs12970081 60028382 1 1.653126544304292e-6 60028382 60028382 0
18 610 rs12961939 6997818 1 1.091521513828533e-6 6997818 6997818 0
18 1654 rs9807159 24233441 1 8.880964900823773e-7 24233441 24233441 0
18 6935 rs470291 74766155 1 8.813697017993799e-7 74766155 74766155 0
18 1740 rs620844 25130929 1 5.809365623513417e-7 25130929 25130929 0
18 3759 rs7504869 46175116 1 -8.54616805004256e-8 46175116 46175116 0
18 6161 rs4891369 67321165 1 6.918289529562515e-17 67321165 67321165 0
18 3556 rs12606417 44104437 1 9.932871096408535e-18 44104437 44104437 0
