CHR Group SNP.lead BP.lead Size W BP.min BP.max BP.width
15 51 rs4776151 53745403 12 0.05383445834272497 53089442 53766542 677100
15 36 rs17574546 38902476 6 0.04662429823898252 38838264 39110325 272061
15 142 rs1143136 102264476 12 0.04397572485378719 101981375 102397317 415942
15 16 rs1597196 28294922 7 0.03982019365870365 28182715 28530182 347467
15 86 rs3825932 79235446 4 0.03911269654231695 78742376 79333228 590852
15 48 rs8024514 50587336 21 0.03561988517116352 49251367 50587336 1335969
15 84 rs11857860 77839761 13 0.03008094105471751 76134601 77984480 1849879
15 93 rs6495607 81960409 10 0.02982174008750639 81708850 82187225 478375
15 78 rs10152591 70048157 11 0.02808525940186344 69991417 70297249 305832
15 136 rs8027443 100285705 11 0.02397527257961574 99940221 100426831 486610
