CHR Group SNP.lead BP.lead Size W BP.min BP.max BP.width
1 110 rs3790566 67814440 20 0.26194232445538623 67412261 68106197 693936
1 233 rs2488401 197702401 16 0.11808137806531308 196186750 197919693 1732943
1 185 rs3761959 157669278 12 0.07521993789041362 157485504 158073254 587750
1 2 rs3748816 2526746 5 0.05975999812616738 2513216 2944527 431311
1 236 rs3767498 201020727 12 0.05002728519211188 200154474 201052199 897725
1 248 rs1772145 205695695 9 0.04977443123897451 205648707 205916699 267992
1 255 rs2272866 209929453 16 0.04844741601510634 209844517 210736508 891991
1 147 rs1543421 101315934 20 0.0475441884513394 100079760 101638999 1559239
1 279 rs2036775 229377038 5 0.04428191140146497 229377014 230207433 830419
1 249 rs3024505 206939904 7 0.04287747504647044 206595069 207035647 440578
1 55 rs11247963 26855401 10 0.04275075102527428 26741106 27800482 1059376
1 168 rs10924106 117053745 5 0.04206459687066166 116768898 117127417 358519
1 184 rs822431 156902281 13 0.04168776459513181 156862126 157463366 601240
1 271 rs11118895 222093006 19 0.04107988841818757 221864710 222595058 730348
1 260 rs340839 214161820 5 0.03927165073826976 213854151 214161820 307669
1 221 rs1689797 182150978 12 0.03764503580945558 181841744 182746231 904487
1 51 rs12401982 24372971 7 0.03658962286549851 23937261 24519920 582659
1 208 rs12040328 170755811 17 0.03420521663946271 169580885 170958136 1377251
1 91 rs6684790 56068326 16 0.03251246849412326 55523984 56794965 1270981
1 316 rs12404604 244829280 10 0.02985318818821845 244464197 244921530 457333
1 19 rs7524046 9307033 5 0.02885729784903133 9073801 9341038 267237
1 258 rs3123537 212811947 11 0.0288548941980208 212350975 213536488 1185513
1 72 rs883220 38616871 7 0.0285485321584756 38570853 38932405 361552
1 274 rs6698799 224806555 29 0.02807456679777334 224454099 226015116 1561017
1 61 rs4949294 31235936 9 0.02804155325095913 31231680 32019153 787473
1 53 rs12403541 25382556 8 0.02754146497117924 25322574 25499030 176456
1 261 rs1660368 214407335 15 0.02645209164343125 214318748 215112145 793397
1 191 rs528095 160738146 7 0.02560070411532117 160652476 161272441 619965
1 177 rs267738 150940625 14 0.02428488088124543 149815536 151524275 1708739
1 269 rs4240926 219983926 19 0.02409014290095721 219298539 220568157 1269618
1 229 rs1323292 192541021 3 0.02397440332052376 192502783 192768324 265541
1 216 rs6680476 178676965 6 0.02385693916830663 177751488 178927427 1175939
1 123 rs159665 80403167 18 0.02342202540182079 79729175 81059253 1330078
1 264 rs12089054 216800699 7 0.02331174975891608 216707012 217082385 375373
1 212 rs2205960 173191475 22 0.02231548424943838 173103273 175378694 2275421
1 40 rs2743208 19017855 3 0.0223077386264378 18876408 19017855 141447
1 56 rs7349137 29569212 5 0.02210959882175442 28209305 29621460 1412155
1 88 rs4927084 54760066 2 0.02200669193609676 54730036 54992939 262903
1 187 rs2814779 159098713 21 0.02188173657215488 158922287 159723619 801332
1 262 rs4465171 215886975 8 0.02159408428345447 215140251 215955937 815686
