CHR Group SNP.lead BP.lead Size W BP.min BP.max BP.width
10 51 rs61839660 6094697 6 0.07042964670854888 6037553 6182423 144870
10 248 rs593992 34536049 9 0.05807051759322346 34536049 35159791 623742
10 530 rs118161359 103906612 7 0.04904220079368616 103894939 104538611 643672
10 399 rs9664184 75409967 7 0.04303164742525471 74761503 75669319 907816
10 229 rs4301703 30813618 6 0.03949333112346245 30728101 30813618 85517
10 395 rs7893748 73483976 1 0.03683611780352869 73455201 73506514 51313
10 278 rs10857650 50030023 12 0.03678640864369275 49933974 50122181 188207
10 81 rs10795685 9017944 4 0.03677874918546904 8933437 9035786 102349
10 343 rs10821948 63809624 6 0.03569090357391302 63785089 64059261 274172
10 522 rs3818411 101960966 4 0.02913215896253658 101829514 102085327 255813
10 678 rs10765017 129168894 3 0.02866000057159409 129158853 129186924 28071
10 413 rs703261 79216423 12 -0.02461978562753345 79200117 79338239 138122
10 56 rs602756 6466280 7 0.02422241777428332 6441755 6533877 92122
10 237 rs2769202 32524898 5 0.02270729889314724 32460069 32700343 240274
10 727 rs9419646 133555393 1 -0.0226353472145689 133506848 133555654 48806
10 203 rs651134 27549961 6 0.02160243249746476 27210569 27586972 376403
10 666 rs6597754 127948238 3 0.02096992003326116 127930820 127997303 66483
10 324 rs10826179 60151026 2 0.02086699708267731 60148692 60255969 107277
10 316 rs1572688 57690158 6 -0.02058128651178543 57557708 57932910 375202
10 152 rs10904949 17439939 5 0.02051960809505103 17351824 17540370 188546
10 369 rs5030938 70975916 6 -0.02040287321658759 70975239 71051643 76404
10 30 rs12245875 3856293 2 0.02016250334228174 3791224 3860167 68943
10 263 rs2252783 43907495 6 0.01966323259271429 43809825 44104513 294688
10 631 rs2935695 123481200 5 0.01934876075058972 123462841 123569487 106646
10 175 rs5011832 21782842 3 0.01921683527780626 21599726 21782842 183116
10 345 rs10761654 64405646 9 0.0187990246807564 64276759 64445760 169001
10 321 rs12772513 59677013 5 -0.01879254267391032 59443875 59677013 233138
10 346 rs224071 64508475 6 0.01876912540141663 64487073 64745589 258516
10 156 rs12269078 18344860 3 -0.01848104488312591 18312786 18377343 64557
10 368 rs2429018 70799421 4 0.01827629495288075 70799421 70969158 169737
10 100 rs10752230 11803185 5 0.0176642583356385 11780837 11848189 67352
10 167 rs7080901 20144397 3 -0.01732562814655886 20140808 20267705 126897
10 521 rs10883429 101699304 6 -0.01713346777132501 101334019 101813802 479783
10 739 rs6537607 135284115 7 0.01685582010235716 135223323 135434303 210980
10 556 rs17127304 112134500 4 0.01665383165299106 111941371 112164194 222823
10 716 rs4750827 132547184 1 0.01654097089770933 132547184 132578847 31663
10 335 rs10994250 61961795 1 -0.01646117249570187 61907907 61998060 90153
10 718 rs1655127 132693122 3 0.01640370748179976 132682127 132693122 10995
10 178 rs10764342 22882081 4 -0.01636479890825314 22822524 23038083 215559
10 132 rs7099185 14864846 2 -0.01613483040495725 14841026 15012535 171509
10 730 rs9419138 133834146 1 -0.01575375136891978 133834146 133862452 28306
10 555 rs10884919 111757791 4 0.01572567955661577 111405399 111930361 524962
10 2 rs10508203 1119203 9 0.01568564197890487 834736 1166400 331664
10 507 rs2817708 98889713 2 0.01551044863181576 98809703 98897237 87534
10 57 rs943452 6615454 3 -0.01546215370095218 6551732 6615454 63722
10 662 rs3740179 127483573 5 0.01531592395926196 127394788 127745094 350306
10 265 rs607363 44761623 14 -0.01492822010507354 44482885 44845133 362248
10 336 rs2067612 62212334 5 -0.01441459751516634 62028797 62437648 408851
10 687 rs2152143 129906980 8 0.014321961924220101 129845547 129958296 112749
10 313 rs11004759 56916347 5 0.01427600492436048 56898863 57029123 130260
10 298 rs12220324 54386443 2 -0.01418535207799591 54344288 54386713 42425
10 554 rs10884712 110980065 11 -0.01400041737407955 110938966 111348202 409236
10 49 rs907686 5900693 4 0.01383709043313551 5886149 5982577 96428
10 290 rs1952138 53262633 3 -0.01378826617646065 53234155 53346871 112716
10 252 rs708424 36191613 1 0.01377924757516593 36191613 36191613 0
10 603 rs1925283 119533345 4 -0.01341177813734292 119528591 119587425 58834
10 24 rs2306301 3154339 8 0.01340961736138001 3148116 3202065 53949
10 690 rs9804335 130247173 4 0.01335618105877954 130232922 130278058 45136
10 305 rs10825038 55268006 4 -0.01332289659090214 55116060 55301663 185603
10 159 rs11014049 18686452 3 -0.01330032200578696 18682539 18763854 81315
10 308 rs11004121 55937483 3 -0.01327512886455437 55870356 56204291 333935
10 198 rs12413953 26173695 6 0.0131049981717966 26173695 26625316 451621
10 501 rs41291608 97920278 7 0.01293618792515221 97328227 97984311 656084
10 232 rs7097542 31042981 5 0.01287876303117758 31038752 31129883 91131
10 14 rs2638450 2447002 1 -0.01287455398503872 2422803 2537042 114239
10 385 rs1538373 72718265 7 0.01280428478541368 72593893 72719407 125514
10 505 rs3827867 98416324 3 0.01275025027403427 98411293 98504184 92891
10 70 rs1244422 7838932 4 -0.01265914460343088 7749183 7886084 136901
10 274 rs786772 48601573 3 0.01259480569936075 48459936 48655350 195414
10 729 rs9419406 133811201 1 0.01254186838171594 133811201 133811201 0
10 481 rs11544145 92631778 7 0.01231532328698316 92137272 92637833 500561
10 500 rs7069574 97315349 13 0.01223462638329698 97070115 97316040 245925
10 223 rs10763759 30110560 3 -0.01216514575800689 30102047 30167754 65707
10 249 rs2001893 35300623 1 0.01207693579106331 35194388 35549257 354869
10 488 rs2488083 94535940 5 0.01175110390531928 94516468 94843535 327067
10 436 rs7908544 82424161 2 0.0116731908958314 82424161 82424293 132
10 637 rs12571363 124230612 4 0.01157876644969526 124017404 124259062 241658
10 149 rs4747288 16988844 5 0.01154481312753809 16976618 17064992 88374
10 110 rs2482069 12889696 3 0.01152398072152076 12873352 12985117 111765
10 447 rs7099749 84576414 4 0.01143564080877891 84389603 84669803 280200
10 69 rs719748 7731885 3 0.01135157042221309 7660490 7731885 71395
10 406 rs1040936 78084407 3 0.011164974082633 78005230 78157572 152342
10 75 rs7081521 8398914 1 0.0111081762986141 8388512 8401112 12600
10 453 rs12781048 85956268 5 0.01107801858327561 85939031 86016490 77459
10 383 rs10823600 72468097 4 0.01075007203690836 72351827 72475768 123941
10 445 rs12249088 83922529 2 -0.01049127706677268 83908249 83988809 80560
10 520 rs12260709 101318702 2 -0.01044505370044372 101274365 101323976 49611
10 40 rs3100196 4854229 2 -0.01034940002139375 4814682 4944816 130134
10 59 rs2439903 6831860 7 0.01032093088791794 6782769 6883788 101019
10 318 rs1925310 58635680 5 -0.01026562685151993 58342829 58805347 462518
10 695 rs561020 130566749 1 0.00998324309064943 130552334 130566749 14415
10 551 rs4917528 110262425 3 0.00997343126625836 109961825 110286164 324339
10 417 rs10824587 79740262 4 -0.00981846014994579 79735473 79955120 219647
10 342 rs7073837 63699895 6 0.00953143624184236 63688672 63752159 63487
10 164 rs2358352 19497686 3 -0.00950296356123227 19428643 19534443 105800
10 681 rs4750892 129352866 4 0.00945906418158742 129346199 129418956 72757
10 127 rs7077526 14374370 4 0.00935058429615448 14276664 14396207 119543
10 260 rs590937 43149991 3 0.00910229697882286 38402789 43186821 4784032
10 432 rs3851050 81882370 6 0.00909934920205453 81232632 81882370 649738
10 470 rs10509540 90023033 4 0.00906484411854721 90020220 90376864 356644
10 400 rs7091085 76611849 5 0.0090514474329862 75741457 76808760 1067303
10 62 rs4748675 7141150 1 0.00899570242823451 7083369 7162312 78943
10 233 rs11597112 31362463 5 -0.00898883575604158 31146615 31476159 329544
10 596 rs10886051 118994479 4 0.00889294173057551 118917671 118994530 76859
10 259 rs995141 37905302 4 -0.0086254975282396 37598859 38032484 433625
10 426 rs17557872 80873608 4 0.0084706931715859 80818282 80874092 55810
10 366 rs72799515 70405541 7 0.0084399245850038 70105560 70415515 309955
10 262 rs3004212 43642810 4 0.00843384817683531 43552895 43793625 240730
10 171 rs2765843 21067683 7 -0.00842647531452576 20919981 21225243 305262
10 277 rs1822861 49834326 2 0.00836213788673827 49834326 49930509 96183
10 91 rs1324317 10594364 2 0.00833576093099687 10552597 10626134 73537
10 261 rs2066394 43481956 3 0.00827468856136508 43262261 43526023 263762
10 538 rs17790008 106845381 4 0.00823492015492236 106763703 107027076 263373
10 197 rs2442843 26056683 2 0.00811966655074203 26056683 26148710 92027
10 358 rs1843666 68319999 1 -0.00810155674302573 68224886 68353739 128853
10 518 rs2801405 100583915 6 0.00807395150206261 100378911 101138526 759615
10 638 rs2947594 124457452 2 -0.00800942314283748 124456033 124524241 68208
10 373 rs10823416 71417394 2 0.00795051021036548 71391621 71451440 59819
10 173 rs591652 21406933 2 0.00792982530940913 21327127 21470801 143674
10 712 rs766532 131991689 4 0.00790363327947341 131941265 132194040 252775
10 562 rs10885122 113042093 5 0.00781389888274697 112897070 113072148 175078
10 230 rs906232 30831940 3 0.00773132322576338 30830592 30896831 66239
10 109 rs928336 12834926 7 0.00768442313805837 12826886 12858045 31159
10 487 rs701846 93871066 9 0.00767940676007457 93691840 94481995 790155
10 142 rs4748282 16400072 10 0.00754210917044234 16256337 16438524 182187
10 611 rs2275111 120917445 6 0.00751944881948326 120753787 120917445 163658
10 606 rs853576 119820073 2 0.00748630026830466 119820073 119943660 123587
10 199 rs3006819 26718561 2 0.00736556819811199 26654660 26734485 79825
10 99 rs11257159 11578174 1 0.00733293422557642 11492868 11729673 236805
10 285 rs10082515 52201167 1 0.00724224314802726 52127483 52404195 276712
10 486 rs2149825 93347297 9 -0.0072373753421638 93347297 93673004 325707
10 85 rs11256351 9870792 6 -0.00723393697051942 9655895 10061134 405239
10 196 rs10764581 25996101 7 -0.00721989703317459 25994745 26014964 20219
10 275 rs7896115 49730982 3 0.00719298767324314 49406469 49741135 334666
10 44 rs11253141 5422196 3 -0.00714047866713588 5404261 5537569 133308
10 626 rs9630106 123044383 1 -0.0070849442272583 123021241 123095366 74125
10 473 rs2211595 90843886 6 0.00698938003910472 90745130 90857198 112068
10 609 rs1247122 120426849 6 0.00697836175822332 120252855 120577700 324845
10 547 rs607523 108880521 1 0.00692270922920819 108880455 109340642 460187
10 615 rs34239637 121556259 4 0.00681735676464195 121311308 121701774 390466
10 418 rs1880052 80008668 3 -0.00662032322569808 79975194 80008668 33474
10 329 rs1450774 61190125 2 -0.00657907902002541 61097761 61303047 205286
10 268 rs10900114 45307205 3 -0.00657776077577377 45249394 45433145 183751
10 460 rs17105979 87688537 3 0.0064857701266839 87680908 87816757 135849
10 546 rs10509826 108804840 4 0.00646983718981796 108743550 108859804 116254
10 595 rs740600 118651882 2 -0.00646485539928008 118522665 118834991 312326
10 720 rs4418720 132908210 1 -0.00645435033258841 132815843 132908210 92367
10 641 rs7074757 124967685 2 -0.00643107938906479 124931515 124982500 50985
10 597 rs363294 119043554 1 0.0063507984366694 119043554 119102636 59082
10 340 rs10509148 63169896 9 0.00617754464161505 63143388 63541723 398335
10 440 rs9988765 82715797 3 0.00612494112312934 82715404 82815909 100505
10 58 rs7904485 6664154 6 0.00598407496495105 6650426 6736921 86495
10 674 rs4474358 128549120 3 -0.00597301341384159 128470148 128569545 99397
10 617 rs4376826 121952250 4 -0.00596017405347417 121905620 122105511 199891
10 594 rs1900508 118470750 3 -0.00590817841319405 118434045 118506755 72710
10 490 rs812012 95102371 7 -0.00577223303531215 95070080 95148470 78390
10 131 rs7921961 14778352 4 0.00575772897583345 14704727 14793995 89268
10 512 rs531676 99637578 2 0.00567782734658796 99558000 99647665 89665
10 472 rs1926203 90727334 8 -0.00566527899259921 90579609 90727334 147725
10 3 rs7924182 1179519 2 -0.00566064225164576 1179519 1325411 145892
10 698 rs7900076 130782526 4 0.00548806109253943 130744348 130786576 42228
10 207 rs1249334 28630300 5 0.00547158403621444 28504944 28646618 141674
10 526 rs10883547 102627228 1 0.00545322837143876 102627228 102749069 121841
10 661 rs297226 127299121 1 -0.00539125461494287 127264189 127372751 108562
10 191 rs10741067 25120376 2 0.00537974914638924 25066353 25164979 98626
10 211 rs17759689 29054941 3 0.00535951111653607 29017304 29106668 89364
10 717 rs4750840 132676766 2 0.005333884867696 132602033 132676766 74733
10 732 rs10870302 134191738 6 0.00531922303641185 134069351 134191811 122460
10 665 rs6597745 127895098 3 0.00531041345129907 127868584 127911584 43000
10 535 rs2282092 106068471 3 0.00526905514579953 105928215 106101986 173771
10 407 rs1873465 78189959 2 -0.00526218966241874 78189959 78629107 439148
10 250 rs2506109 35873645 3 0.00525697641775184 35662640 36000671 338031
10 360 rs4074716 68556357 2 -0.00513465126276588 68444734 68556357 111623
10 353 rs1509937 67055905 1 -0.00511790681141074 66904588 67103240 198652
10 375 rs2763335 71577422 6 -0.00506027606224207 71554474 71599042 44568
10 151 rs12251583 17283993 2 -0.00498777781435188 17240367 17283993 43626
10 0 rs10904173 462885 6 0.00492779677237415 236452 635857 399405
10 633 rs2461224 123839549 3 0.00488154071011098 123815371 123846490 31119
10 586 rs7077074 116539304 3 0.00487264182640177 116364424 116828592 464168
10 209 rs2153299 28752106 7 0.00483654465902948 28738098 28995563 257465
10 492 rs10882256 95272834 2 0.00481573134925097 95260965 95332517 71552
10 623 rs12356763 122698414 2 0.00475937844628345 122581712 122721684 139972
10 297 rs1194742 54213550 3 -0.00459100223982496 54175474 54301740 126266
10 319 rs3907689 58995327 2 0.00458750051042453 58828890 59091105 262215
10 154 rs2570277 17751797 4 -0.00458119122961377 17604430 17757296 152866
10 396 rs3747862 73533177 5 0.00456690638379562 73516463 73642902 126439
10 380 rs2394724 72121606 3 0.00454629824044321 72055156 72204961 149805
10 411 rs11592060 79017064 5 -0.00453505938272248 78938880 79017064 78184
10 465 rs11202285 88743691 3 0.0045174506415575 88700638 88947473 246835
10 83 rs1150013 9358590 4 0.00439346315429958 9223424 9419691 196267
10 715 rs11017359 132387898 4 0.00439259197362688 132377231 132531025 153794
10 65 rs2255576 7514583 1 0.00437432008667115 7474760 7528721 53961
10 558 rs1107442 112303595 2 0.00435208534234542 112235106 112349879 114773
10 184 rs11814429 24430388 1 0.00433883847412416 24326623 24484239 157616
10 449 rs10736265 85124375 6 0.00430719155438365 85073628 85422854 349226
10 463 rs2217223 88111630 3 0.00423824275871103 88005754 88436426 430672
10 74 rs946028 8348329 2 0.00417651420748966 8179864 8350343 170479
10 217 rs495219 29466058 2 0.00414104511506525 29466058 29562039 95981
10 527 rs140202357 102891390 4 0.0040211926792646 102813354 102928131 114777
10 304 rs7901256 55048345 3 -0.0040089547615405 54860616 55081279 220663
10 222 rs1539536 30014723 6 0.00399930206317236 30005534 30094198 88664
10 682 rs2154178 129452789 2 0.00399314281761899 129443941 129482294 38353
10 701 rs7916199 130939105 1 0.00391672388093674 130939105 131013164 74059
10 655 rs7097254 126512248 7 -0.0039037928615221 126317857 126575210 257353
10 704 rs4751099 131346464 2 -0.0038462068453951 131212448 131423126 210678
10 266 rs1253941 44914035 6 -0.00383476930522417 44881455 45005002 123547
10 155 rs2437271 18276761 2 0.00381782736031222 18229566 18298132 68566
10 333 rs10994094 61728196 3 0.00374641619445177 61630250 61793795 163545
10 693 rs2767290 130470565 2 0.00373633215378693 130470565 130477824 7259
10 565 rs2255141 113933886 2 0.0037100030827365 113926224 113933886 7662
10 464 rs12251540 88443302 1 0.00366911644655088 88443060 88683122 240062
10 688 rs1329189 129998372 2 0.00365096119142219 129984460 130048165 63705
10 702 rs476628 131041657 1 0.00357839025059751 131041657 131056779 15122
10 195 rs16926251 25970198 8 0.00355603494685411 25755263 25970198 214935
10 15 rs11251392 2635863 3 0.00353726838213859 2544480 2635863 91383
10 215 rs2783612 29345673 4 -0.00349854607452174 29327405 29361017 33612
10 444 rs926929 83847988 4 0.00344906087334841 83775626 83865764 90138
10 114 rs17152941 13258459 1 0.0034055457091383 13212884 13258459 45575
10 113 rs11598395 13181376 1 -0.00334695367675959 13155726 13193189 37463
10 7 rs2813352 1590256 2 -0.00331435643440129 1535202 1644771 109569
10 134 rs17156239 15079699 2 0.00326945645222079 15073244 15203275 130031
10 542 rs17120734 108170803 2 0.00326936642421039 108004010 108216760 212750
10 599 rs758573 119261945 3 -0.00322434412501693 119261945 119345838 83893
10 311 rs953128 56502386 5 -0.00319797822127039 56423968 56626553 202585
10 585 rs11196791 116333974 1 0.003185972646626 116233824 116335246 101422
10 515 rs4919218 100111392 2 0.00318241100854979 100085888 100179851 93963
10 707 rs7911165 131626650 1 -0.00317604230442647 131601154 131626650 25496
10 537 rs1413712 106377686 7 -0.00315341768446793 106349202 106740404 391202
10 186 rs11014053 24647899 2 -0.00308373126562521 24636556 24675337 38781
10 539 rs11595306 107418921 7 -0.00307473268026826 107046545 107530680 484135
10 168 rs11011740 20305855 7 0.00301183911750606 20288812 20496270 207458
10 226 rs2487927 30311366 3 -0.00300033302759147 30296648 30444255 147607
10 8 rs11250672 1665466 3 -0.00299187996011561 1661398 1729026 67628
10 112 rs604772 13056587 3 -0.00298721775962444 13054479 13115887 61408
10 331 rs7094971 61449564 3 -0.00297882590490692 61388368 61469538 81170
10 303 rs1917186 54799931 3 0.00291540133123336 54738810 54831160 92350
10 588 rs180627 117773116 1 0.00289125244045237 117713221 117823739 110518
10 119 rs943101 13729426 2 0.00288931788341481 13729426 13765950 36524
10 511 rs17108378 99502897 2 0.00287418829464763 99371729 99537490 165761
10 510 rs7093643 99350128 2 0.00286464733928222 99350128 99366769 16641
10 422 rs592242 80442471 4 -0.00283956371796077 80392568 80458157 65589
10 101 rs7079747 11893971 5 -0.00282493258790504 11873528 11936590 63062
10 193 rs7922657 25340998 3 -0.0028079661964712202 25231171 25470573 239402
10 213 rs1908573 29230913 1 0.00280459936629597 29183362 29265375 82013
10 291 rs12412862 53419753 2 -0.00274604622483381 53382116 53593979 211863
10 434 rs7914650 82325999 6 0.00271074493492883 82182328 82355408 173080
10 545 rs822094 108718383 4 0.0026102492585505 108679892 108720972 41080
10 442 rs11191331 83557187 2 0.00260993445899851 83305304 83583540 278236
10 347 rs7923609 65133822 9 0.00259363450827683 64765654 65461640 695986
10 580 rs151603 115729981 5 -0.00257118988361448 115707967 115812793 104826
10 600 rs181623 119363679 3 -0.00255823158438712 119351904 119418104 66200
10 713 rs307387 132243193 3 -0.00247971021157055 132205196 132250590 45394
10 95 rs592033 11198255 4 0.00246011149919434 11185145 11277613 92468
10 575 rs572679 115093617 1 -0.00241565811980281 115066879 115165083 98204
10 201 rs11015249 27011863 2 -0.00238339773131249 26900228 27020568 120340
10 403 rs2057435 77674635 5 0.00237973648732049 77448435 77674635 226200
10 106 rs2399849 12499860 2 0.00234057100165028 12499860 12576812 76952
10 118 rs2251555 13534851 4 0.00232785576765322 13531381 13710897 179516
10 519 rs12261087 101252165 4 0.00231701764414773 101166544 101264162 97618
10 205 rs7076276 28296076 6 0.00229577722158932 27978030 28296076 318046
10 179 rs11013153 23137898 8 0.00225671300259544 23097537 23364720 267183
10 170 rs11818220 20720920 2 0.00225251760666123 20633912 20842031 208119
10 50 rs17320853 6000259 2 0.00223417906843039 6000259 6009126 8867
10 719 rs7099843 132714218 6 -0.00221266199465688 132708309 132803392 95083
10 341 rs12248902 63594669 1 -0.00220801774748767 63574788 63655873 81085
10 183 rs10741035 24287260 2 -0.00219676440433912 24274773 24322509 47736
10 443 rs10883973 83717632 1 -0.00218748346464113 83616171 83755561 139390
10 332 rs4948244 61570574 3 -0.00217319324343037 61479385 61619983 140598
10 68 rs12771124 7631098 1 0.00216400919732853 7631098 7653065 21967
10 25 rs2814925 3284061 1 -0.00214424148856086 3245862 3316592 70730
10 326 rs1992657 60581614 3 -0.00214047701555182 60581614 60620540 38926
10 632 rs17102867 123780378 4 -0.00211431949701251 123624510 123796743 172233
10 243 rs867214 34148669 2 -0.00201943800926841 33925036 34151735 226699
10 598 rs242965 119250211 2 -0.00201410317097284 119193153 119250211 57058
10 11 rs10903634 2075634 3 -0.00200397503813556 2000068 2104415 104347
10 22 rs3829910 3095281 1 0.00200293430816528 3071566 3095281 23715
10 143 rs7097885 16506501 2 0.00195408116205874 16479186 16547058 67872
10 534 rs9325510 105729887 8 -0.00193169524012163 105586509 105815324 228815
10 187 rs3858220 24706471 1 -0.00190305887483581 24706471 24706471 0
10 571 rs11196152 114686805 2 0.00188599419929979 114652695 114687884 35189
10 498 rs10786189 96876696 7 0.00187003413584258 95976932 96977553 1000621
10 397 rs7919939 73680382 8 -0.00186574435912535 73665651 73778267 112616
10 325 rs11006227 60459795 1 0.00185802392185022 60387972 60548276 160304
10 287 rs10490975 53020936 2 -0.00183317097884432 52905494 53025206 119712
10 424 rs1981221 80640638 2 0.0018212926426036 80616150 80687569 71419
10 5 rs3793733 1421326 2 0.00180458332584756 1411713 1503564 91851
10 427 rs6480922 80913782 2 0.00179806141819434 80913782 80953136 39354
10 86 rs17147187 10121843 2 0.00175933738062881 10117897 10148233 30336
10 158 rs2799573 18601928 2 -0.00174400681809946 18552276 18674224 121948
10 608 rs12571492 120231835 2 0.00172625349779011 120181447 120237076 55629
10 468 rs10788575 89768584 4 -0.00170311602555625 89596558 89833475 236917
10 478 rs1329180 91930931 2 0.0016988944042432 91682281 91949422 267141
10 531 rs284861 104572276 3 0.00168133218708626 104546284 105244565 698281
10 45 rs11253227 5594362 1 0.00166205964954854 5554958 5594362 39404
10 267 rs17156718 45126020 2 0.00166119160310472 45026907 45210690 183783
10 362 rs4256882 68907816 4 -0.00161749822902674 68750412 68971470 221058
10 441 rs11189282 83059717 2 0.00160369102612436 82909302 83298806 389504
10 446 rs7078253 84136681 6 0.00159515650655935 84008661 84383277 374616
10 42 rs1931669 5321569 3 0.00159156135140854 5121745 5349871 228126
10 652 rs11244602 126064956 1 0.00158781512557853 126062722 126128552 65830
10 247 rs1765169 34498716 3 -0.00157978608851378 34317035 34498716 181681
10 219 rs2281946 29762259 1 -0.00155151667367964 29615837 29783692 167855
10 1 rs11599917 762288 2 -0.00153351374411898 754033 815149 61116
10 238 rs1923268 33374808 4 0.00151802965646608 32704465 33446557 742092
10 393 rs2394806 73290319 1 0.00150428818694002 73290319 73340767 50448
10 561 rs9703807 112741551 7 0.00150304775749688 112633918 112860391 226473
10 13 rs11251149 2341947 8 0.00150046264515303 2241511 2377838 136327
10 103 rs7895410 12310737 5 -0.00148382101348456 12122355 12314997 192642
10 663 rs2078114 127776336 2 0.00147269345873093 127764148 127816662 52514
10 10 rs11250880 1926697 2 0.00146736049176136 1891815 1984760 92945
10 504 rs10509711 98284894 3 -0.00144250097378244 98183070 98384147 201077
10 46 rs11253250 5631737 2 0.00142708354960256 5607759 5634775 27016
10 646 rs7085505 125523462 4 -0.0014262682869189 125480831 125530746 49915
10 656 rs3781409 126715629 3 0.00142457434557035 126691180 126743195 52015
10 390 rs7079524 73069492 1 -0.00139004191668053 73062048 73129458 67410
10 572 rs12243326 114788815 5 0.00138028501660854 114732882 114821807 88925
10 315 rs7475472 57431871 1 -0.0013425116406331 57164148 57537162 373014
10 576 rs6585220 115192329 5 0.00130067355541382 115174263 115324358 150095
10 312 rs1349893 56701951 3 0.00129402320479276 56682225 56849669 167444
10 146 rs17156937 16807745 1 -0.00128826578497939 16721496 16834660 113164
10 98 rs2454797 11431693 2 0.00127322815468751 11424447 11456926 32479
10 467 rs2302404 89474072 2 0.00125246634579798 89468953 89547048 78095
10 451 rs11200713 85628215 1 -0.00124698339526614 85628215 85715936 87721
10 371 rs3829185 71149319 3 0.00122785617214358 71144324 71275363 131039
10 157 rs1613804 18515834 2 0.00118603019939493 18407957 18520535 112578
10 176 rs10828266 22098701 1 -0.00118380431149491 21822856 22240299 417443
10 489 rs10786086 95038188 7 -0.00118141187927736 94852448 95064137 211689
10 283 rs3123078 51524971 1 0.00117608962601921 51524971 51593354 68383
10 691 rs7915794 130289519 1 -0.00116653240651141 130289519 130328926 39407
10 497 rs10786152 95893514 2 0.00116598278162174 95737055 95946520 209465
10 559 rs10885031 112498330 1 0.00112445217093904 112392162 112557773 165611
10 671 rs1865898 128323682 3 -0.00112361357253522 128287185 128373707 86522
10 401 rs6480779 77109880 8 -0.00111269594232077 76818077 77128000 309923
10 354 rs2800210 67193355 3 0.00108814532696213 67118874 67539130 420256
10 384 rs1861519 72496131 2 0.00106372339935892 72483010 72535007 51997
10 282 rs1917814 50853526 3 0.00106348694037259 50850163 51056858 206695
10 221 rs1247451 29940460 2 -0.00103536740829356 29898439 29989182 90743
10 616 rs10886576 121794372 3 -0.00103309429561592 121736699 121860349 123650
10 356 rs7915266 67821754 16 0.00102689384779716 67775907 68057443 281536
10 60 rs2501683 6965134 2 0.00100987169901342 6904180 6969816 65636
10 55 rs947474 6390450 1 0.00100927279860253 6342636 6390450 47814
10 667 rs3847470 128030244 3 0.00100459761244968 128025384 128045927 20543
10 129 rs11259181 14596739 2 -9.987889826750971e-4 14498437 14633723 135286
10 412 rs12221259 79152544 3 -9.962253848316389e-4 79051460 79187957 136497
10 355 rs1670148 67677241 6 9.959013167652074e-4 67560490 67729575 169085
10 483 rs7908053 92934593 2 9.937686841100296e-4 92897348 92972619 75271
10 469 rs6586120 89863761 2 9.904034124960034e-4 89855562 89965473 109911
10 628 rs755698 123165700 5 -9.719389524566642e-4 123151488 123228660 77172
10 724 rs7091428 133183611 5 -9.682904966831342e-4 133132701 133193798 61097
10 323 rs1905455 60115223 1 9.500682110535656e-4 59836753 60115223 278470
10 93 rs7085538 10874535 1 9.460659855235098e-4 10800193 10953819 153626
10 466 rs7913974 89335977 3 -9.426015764130508e-4 89175636 89458909 283273
10 605 rs7907272 119664707 1 -9.341483773312164e-4 119648854 119705438 56584
10 351 rs2394084 66373497 2 9.270983528643152e-4 66369826 66468127 98301
10 182 rs12260319 23863296 2 9.218025547858794e-4 23861418 24234777 373359
10 128 rs1925935 14439216 3 -8.99508688814521e-4 14413667 14488967 75300
10 27 rs7090790 3416737 2 8.956322811792445e-4 3363137 3482498 119361
10 672 rs7902474 128405292 3 8.922309377419899e-4 128378598 128407765 29167
10 564 rs6585111 113524371 1 8.911860437564748e-4 113512966 113783588 270622
10 204 rs7092214 27937752 2 8.81754223684723e-4 27674288 27963246 288958
10 370 rs7897621 71056150 2 8.691095183256343e-4 71056150 71128875 72725
10 630 rs2935713 123432188 1 8.630444429926207e-4 123337335 123445373 108038
10 482 rs12777523 92811346 2 8.468907188149048e-4 92721319 92872941 151622
10 279 rs4284329 50336672 3 -8.466122936916579e-4 50155130 50443840 288710
10 177 rs6482203 22479936 4 8.452174451984439e-4 22280429 22538174 257745
10 714 rs448669 132268933 2 8.416352818135061e-4 132268039 132357304 89265
10 433 rs2784774 81921553 6 -8.337349191181228e-4 81891206 82149655 258449
10 258 rs12761676 37232415 1 -8.328533398022744e-4 37130138 37520625 390487
10 90 rs1819232 10509715 1 8.229431861122743e-4 10436076 10540164 104088
10 161 rs17703879 19061898 3 -8.062392703317962e-4 19013396 19174999 161603
10 255 rs16936947 36621986 2 -8.030822408430071e-4 36502489 36648040 145551
10 686 rs7085243 129803120 3 7.890837721873284e-4 129778431 129816246 37815
10 592 rs10885929 118187528 5 7.717500288486948e-4 118117576 118285633 168057
10 550 rs1931610 109823862 2 -7.711390881920931e-4 109609300 109949370 340070
10 206 rs12257232 28317101 3 -7.687855497938707e-4 28311369 28492334 180965
10 679 rs869801 129245684 1 7.403652758244139e-4 129208021 129248077 40056
10 410 rs573712 78919640 2 7.377099147471184e-4 78749196 78919640 170444
10 508 rs2784920 98913628 2 7.239123997631726e-4 98903394 98937908 34514
10 33 rs10795130 4151121 2 -7.068741666335401e-4 4092494 4212277 119783
10 63 rs13376827 7284169 1 -7.02239731072328e-4 7193364 7284169 90805
10 82 rs10490944 9143511 1 6.971790894035378e-4 9041158 9192604 151446
10 657 rs1152690 126796382 1 6.911439790659114e-4 126793086 126846214 53128
10 568 rs1536081 114365647 1 -6.895721607439976e-4 114280702 114381720 101018
10 61 rs870871 6997213 1 6.84378189186842e-4 6993426 7039552 46126
10 448 rs4362092 85062296 3 6.81830874005815e-4 84680499 85062296 381797
10 566 rs11195874 114047787 1 6.577686294890583e-4 113967744 114047787 80043
10 398 rs11000413 74541864 7 6.52298934027989e-4 73820001 74637326 817325
10 144 rs2298126 16558985 1 -6.495086990609492e-4 16553355 16647000 93645
10 257 rs10827697 37035679 2 6.477347767490872e-4 36964639 37113509 148870
10 574 rs1923446 115002111 2 6.469770774101239e-4 114980817 115038675 57858
10 264 rs10899918 44321351 2 -6.389630678227238e-4 44133991 44471109 337118
10 276 rs1345111 49765063 7 6.377144846488637e-4 49760827 49810977 50150
10 475 rs303181 91257302 1 6.346471076639637e-4 91041098 91263587 222489
10 651 rs6597881 126007164 1 6.342436090968197e-4 125980308 126052440 72132
10 367 rs10998461 70616517 4 -6.302173223047517e-4 70475978 70742931 266953
10 604 rs11198165 119632453 1 -6.245019842687908e-4 119632192 119641986 9794
10 339 rs10509142 62773645 3 6.229402358275946e-4 62664755 63118391 453636
10 20 rs7923826 2983047 2 6.194794242117946e-4 2939241 2990680 51439
10 38 rs313452 4689842 1 -6.160151216186885e-4 4612690 4694013 81323
10 450 rs532605 85599366 1 -6.100692689984064e-4 85482501 85600447 117946
10 477 rs10881687 91605122 2 6.099332389728328e-4 91395428 91644426 248998
10 461 rs7921149 87909947 1 6.089469927544478e-4 87861382 87924667 63285
10 620 rs10886730 122394214 2 6.08106085933863e-4 122374787 122398063 23276
10 654 rs10901761 126254468 3 5.925856958695942e-4 126237467 126284935 47468
10 476 rs12412483 91349049 1 5.898290705465208e-4 91297717 91376975 79258
10 728 rs11156481 133647554 4 5.886418008957063e-4 133561098 133647554 86456
10 92 rs7089260 10683778 2 -5.843872252347106e-4 10650389 10780895 130506
10 270 rs10900221 45988597 3 5.766202864220311e-4 45601841 46109533 507692
10 639 rs7094941 124844651 1 -5.764428584808963e-4 124543343 124856850 313507
10 394 rs3849958 73431596 2 5.71104959174439e-4 73355056 73439975 84919
10 208 rs9416795 28709550 1 -5.654222046222404e-4 28672643 28734355 61712
10 650 rs7922403 125933075 1 5.598090214964871e-4 125924595 125934670 10075
10 421 rs1369752 80248755 3 5.568401359540777e-4 80238142 80359650 121508
10 123 rs2447026 14002143 2 -5.546148041603014e-4 13967259 14002143 34884
10 135 rs2138929 15294548 1 5.539195940623831e-4 15240466 15294548 54082
10 613 rs7077176 121146290 3 -5.518987304131631e-4 121095400 121202677 107277
10 423 rs753384 80591064 6 5.457590420315378e-4 80475897 80604614 128717
10 245 rs743107 34209459 1 5.432820114320754e-4 34209459 34230325 20866
10 458 rs1949058 87251652 1 5.424235959323618e-4 87232638 87284920 52282
10 359 rs4746611 68393666 1 5.416392330206765e-4 68375667 68417378 41711
10 548 rs10509848 109562967 2 5.413755092625616e-4 109368144 109575301 207157
10 420 rs10824609 80206903 1 5.38832128318624e-4 80100861 80223728 122867
10 456 rs10509500 86665704 2 -5.35815341937528e-4 86589388 86921913 332525
10 734 rs2819718 134404571 2 -5.287365816670459e-4 134352620 134459388 106768
10 374 rs4746000 71506786 1 -5.243356761670438e-4 71466578 71540035 73457
10 635 rs4752655 123897130 1 5.239906400208523e-4 123897130 123897130 0
10 189 rs2249911 24837715 1 5.227031826504674e-4 24823076 24837715 14639
10 111 rs12763563 13031971 1 5.204759948704822e-4 12999115 13031971 32856
10 284 rs2842084 52068298 7 -5.196984027652611e-4 52002204 52099505 97301
10 536 rs1981101 106147824 1 5.112068997946948e-4 106147824 106315243 167419
10 357 rs2456737 68155334 2 5.109134296691532e-4 68081241 68221237 139996
10 36 rs11252571 4554674 1 5.082145670978116e-4 4458818 4554674 95856
10 643 rs705133 125210522 5 5.069713590635872e-4 125190029 125266207 76178
10 12 rs1333203 2131912 3 5.050996028550727e-4 2131912 2204321 72409
10 577 rs7080536 115348046 3 -5.031417440616992e-4 115334124 115372156 38032
10 105 rs7100726 12450495 3 4.980846119012651e-4 12450495 12487996 37501
10 614 rs11198992 121280443 1 4.948029952910267e-4 121225352 121288501 63149
10 35 rs7072047 4428799 1 -4.844953197037649e-4 4334578 4433288 98710
10 428 rs11002892 81011589 6 4.7622370794124166e-4 80963517 81057833 94316
10 391 rs1417207 73158707 1 -4.753838126808833e-4 73157561 73230904 73343
10 307 rs16937893 55842152 1 -4.7385238326629866e-4 55736655 55847948 111293
10 94 rs1291843 11104819 1 4.712800840989745e-4 10982646 11161978 179332
10 31 rs10795093 3939728 1 4.681639933866613e-4 3888845 3950446 61601
10 294 rs1903998 53825576 3 -4.5451563373409185e-4 53792576 53910521 117945
10 220 rs12413724 29842681 2 4.523834808555364e-4 29822032 29892296 70264
10 573 rs7085532 114859463 1 -4.4342302909962546e-4 114859463 114888608 29145
10 382 rs61737673 72291172 1 -4.115067650341281e-4 72273380 72332440 59060
10 348 rs1916463 65694772 2 -4.050438640678904e-4 65491733 65769290 277557
10 389 rs6480504 73046099 3 -3.932516687381894e-4 72991385 73047690 56305
10 706 rs3829194 131560452 1 -3.91582627389306e-4 131522055 131597962 75907
10 419 rs7088190 80042347 2 -3.817618909576656e-4 80041406 80059642 18236
10 416 rs1366047 79704394 2 3.817146532083887e-4 79529807 79704394 174587
10 77 rs17143607 8453142 7 3.803646904754904e-4 8449327 8538492 89165
10 253 rs2696310 36222010 3 -3.784781793693998e-4 36209003 36292634 83631
10 553 rs11194431 110918774 2 3.765292671443726e-4 110368941 110918774 549833
10 344 rs753518 64235506 1 3.705362411961951e-4 64073480 64252883 179403
10 54 rs11257472 6277661 2 3.704114444258428e-4 6277661 6315794 38133
10 365 rs765958 69973326 1 -3.643911606802499e-4 69905300 70085529 180229
10 361 rs4237311 68607338 1 3.5304822256035113e-4 68578970 68721071 142101
10 509 rs12360068 99225645 4 3.487534885479025e-4 98955599 99329418 373819
10 120 rs4424567 13801269 1 3.477128483979205e-4 13801269 13836782 35513
10 147 rs780632 16861400 2 -3.405847348142551e-4 16852667 16886806 34139
10 491 rs1105340 95233856 1 3.403364399961879e-4 95159025 95249605 90580
10 166 rs7906180 19921103 1 -3.3868988876647674e-4 19719401 19975850 256449
10 689 rs7896148 130131193 3 -3.335103020456401e-4 130084909 130210370 125461
10 506 rs11188964 98651201 1 -3.292163360883711e-4 98604466 98787354 182888
10 700 rs2123425 130883170 2 -3.278519295361294e-4 130851955 130925103 73148
10 162 rs7079871 19240980 1 -3.2519514271697227e-4 19212287 19375491 163204
10 452 rs2067539 85804782 8 3.005999328255012e-4 85737862 85893487 155625
10 503 rs11188741 98148857 2 -2.9465435544357674e-4 98011364 98172999 161635
10 293 rs2454564 53736306 1 2.860031757486718e-4 53644408 53789388 144980
10 437 rs7914246 82467629 2 -2.7660997087789987e-4 82445987 82564676 118689
10 454 rs1891655 86387167 2 2.71999693923114e-4 86023610 86439849 416239
10 404 rs11001617 77879106 1 -2.672355833127201e-4 77690184 77910502 220318
10 683 rs11816315 129634584 1 2.670166575942537e-4 129488347 129634584 146237
10 107 rs2648710 12603912 2 2.5857983660141265e-4 12591712 12608676 16964
10 160 rs10828879 18835354 2 -2.508347390911537e-4 18798319 18996761 198442
10 645 rs1991396 125455123 1 2.4576493494010644e-4 125436555 125466049 29494
10 320 rs4548550 59389388 1 -2.435582959038256e-4 59213174 59404400 191226
10 622 rs2997238 122494719 1 2.3834323353772097e-4 122494719 122557286 62567
10 126 rs11258899 14186840 2 2.3790662616677408e-4 14145486 14262438 116952
10 694 rs4750993 130518039 2 2.2328091341949503e-4 130518039 130518039 0
10 32 rs7895964 4002033 2 2.2298096661277011e-4 3999910 4076159 76249
10 722 rs2918142 132992902 1 2.1334614509730944e-4 132980932 133036574 55642
10 676 rs1892135 128972799 2 -2.113683574419188e-4 128820544 128974220 153676
10 589 rs2530343 117851318 2 2.112789311458865e-4 117849353 117851318 1965
10 225 rs2795622 30250420 1 2.0194585772690164e-4 30243844 30250420 6576
10 680 rs2229603 129249662 2 -1.9645195770695353e-4 129249662 129315562 65900
10 392 rs7901112 73241440 1 1.9098565928795495e-4 73240361 73274886 34525
10 236 rs10508768 32092377 1 1.9048184997567212e-4 32067305 32435853 368548
10 185 rs11013962 24495586 1 1.8877369136827436e-4 24495586 24622926 127340
10 532 rs7068070 105340059 1 1.8829493619297905e-4 105269873 105438751 168878
10 37 rs10795187 4609790 1 -1.8771120277921144e-4 4576042 4609790 33748
10 459 rs2664405 87359826 1 -1.8336697276752952e-4 87293229 87611943 318714
10 664 rs4962510 127850143 2 -1.811925402354992e-4 127824919 127852395 27476
10 569 rs7073681 114466256 2 1.7828621197005522e-4 114409630 114546666 137036
10 721 rs4751329 132943161 1 1.696087156775025e-4 132943161 132958926 15765
10 306 rs1343011 55522899 4 -1.6593819308153592e-4 55371601 55717918 346317
10 457 rs1912282 87214408 1 1.5898686142823214e-4 86953013 87214408 261395
10 269 rs7080655 45503474 1 1.581285909006929e-4 45453950 45559980 106030
10 660 rs10901399 127209126 1 -1.5170584893974118e-4 127107129 127229571 122442
10 18 rs11251440 2749491 1 -1.5085081485993024e-4 2749491 2804997 55506
10 480 rs10219117 92022480 1 1.4151546634281667e-4 92022480 92102972 80492
10 102 rs3740025 11979002 1 1.362775503083505e-4 11977300 12076043 98743
10 560 rs7919389 112606495 1 -1.3398707667393637e-4 112584451 112606495 22044
10 9 rs7475202 1840995 1 -1.3396200734803204e-4 1753115 1854773 101658
10 295 rs7898960 53966802 3 -1.3341260573710445e-4 53929791 54037188 107397
10 602 rs1570787 119509897 1 -1.3202230821362588e-4 119509897 119509897 0
10 669 rs7918878 128187245 1 -1.318224517868444e-4 128153623 128208436 54813
10 224 rs11007825 30223537 2 1.3138144698567037e-4 30180967 30224987 44020
10 711 rs2477970 131830899 1 1.2272594739241884e-4 131830640 131884171 53531
10 281 rs1917820 50772362 1 1.1778388847584164e-4 50660509 50830171 169662
10 529 rs7006 103368654 1 -1.0593288074707892e-4 103083978 103721697 637719
10 528 rs644633 103050571 3 1.0223664041945278e-4 102955557 103073654 118097
10 735 rs12413155 134810401 1 8.598140084794035e-5 134616641 134810401 193760
10 328 rs9299588 60925428 1 8.55415254784601e-5 60832582 61063157 230575
10 578 rs11196449 115480582 1 8.110814730735448e-5 115377290 115565998 188708
10 188 rs7090837 24806631 1 8.075482064086994e-5 24724335 24814503 90168
10 125 rs744443 14122981 1 7.586246208138815e-5 14050695 14123459 72764
10 653 rs11245086 126163164 1 7.326085805836056e-5 126150148 126229920 79772
10 78 rs2646393 8576629 1 7.141317985360167e-5 8561142 8616127 54985
10 338 rs12266720 62638036 3 -6.563262150902804e-5 62638036 62650428 12392
10 273 rs10736370 48366054 1 5.987795769432265e-5 48354336 48445554 91218
10 387 rs10762420 72813306 1 5.8687685341765776e-5 72793796 72813306 19510
10 28 rs476079 3558971 1 -5.7914152116154635e-5 3505030 3701654 196624
10 726 rs10830046 133369314 2 -5.5701450554845454e-5 133360968 133473698 112730
10 122 rs10430781 13898154 1 -5.4004433110697555e-5 13875739 13939530 63791
10 495 rs7099034 95545378 4 5.116653485985568e-5 95401292 95548443 147151
10 200 rs787068 26808561 1 4.8475997142718045e-5 26789281 26836009 46728
10 48 rs2275774 5799613 5 -3.9901680585453184e-5 5735648 5856984 121336
10 429 rs12245462 81090350 1 3.889819001867705e-5 81074816 81136015 61199
10 256 rs2891552 36725466 1 3.200250454225193e-5 36654368 36927691 273323
10 231 rs7910154 31000393 1 -2.2875080528965824e-5 30936214 31000393 64179
10 239 rs11009281 33488814 3 -1.5662482951105485e-5 33454715 33557046 102331
10 567 rs1926564 114139896 3 1.3368795830125473e-8 114066230 114236865 170635
