CHR Group SNP.lead BP.lead Size W BP.min BP.max BP.width
15 67 rs16970851 40885107 17 0.04943430588760176 40642877 41247629 604752
15 60 rs17574546 38902476 4 0.04839905426017686 38838264 39005798 167534
15 134 rs12441341 69991614 8 0.04613177034823215 69991417 70121894 130477
15 236 rs304118 101257850 5 -0.04571642036800369 101186633 101310736 124103
15 87 rs4776151 53745403 9 0.04526895849028879 53391724 53766542 374818
15 25 rs1597196 28294922 7 0.0404907100492271 28182715 28530182 347467
15 150 rs3825932 79235446 4 0.03968175561526866 78742376 79235446 493070
15 242 rs6598481 102008648 9 0.02996602495632551 101981375 102068658 87283
15 162 rs6495607 81960409 10 0.02744079509910331 81708850 82187225 478375
15 144 rs56107695 74560776 11 -0.02644071069720184 74467856 75465051 997195
15 161 rs12324593 81354030 5 -0.02168465570226135 81343633 81661639 318006
15 143 rs11072464 74305182 10 0.02167306257748424 74097901 74434196 336295
15 231 rs8027443 100285705 4 0.02003363573788321 100086709 100426831 340122
15 243 rs1143136 102264476 2 0.01926151844633757 102118149 102397317 279168
15 103 rs7164726 59715666 6 0.01841022213379565 59695412 59888063 192651
15 147 rs16968998 77897197 8 -0.01798605827299637 77470464 77984480 514016
15 123 rs11071896 66821250 4 0.01736554542477018 66471179 66924801 453622
15 77 rs512255 48071151 12 -0.01579116418319531 47982456 48206268 223812
15 79 rs5027380 48822627 8 0.01561459743146362 48529940 48965218 435278
15 165 rs1426163 84415949 12 0.0149797543124952 84267587 84760189 492602
15 42 rs7165389 33801946 6 0.01490991110086768 33801946 33927764 125818
15 159 rs2055713 81109594 2 0.01449593640816623 81091879 81167779 75900
15 172 rs3913351 87755594 5 0.01428009549398511 87705792 87984359 278567
15 32 rs17227996 31295151 12 0.0141188134316324 30958935 31362352 403417
15 183 rs4436756 90660359 5 0.01402367067175112 90581016 90806548 225532
15 152 rs939658 79451869 2 -0.01390516036798746 79359310 79465894 106584
15 216 rs12594623 96934745 1 0.0138770221777621 96910440 97063357 152917
15 81 rs11857320 49926300 8 0.01336596444951041 49251367 50181117 929750
15 82 rs8024514 50587336 14 0.01321513285377353 50221358 50587336 365978
15 230 rs748991 100019382 3 0.01299482528839166 99940221 100075170 134949
15 158 rs3848178 81077370 2 0.01273074061348684 80886484 81085483 198999
15 164 rs7172665 83717146 10 0.01227059144739039 82443824 84257351 1813527
15 96 rs11071339 57955569 10 0.01219326976055227 57762793 58020738 257945
15 72 rs951295 45999823 7 0.01167154193418538 45444133 46125769 681636
15 208 rs1424696 95137339 4 -0.011506775616324 94937370 95172383 235013
15 121 rs12911707 66319407 7 0.01143880789070771 65681801 66319407 637606
15 225 rs2120026 98867675 8 0.01093748764022949 98682557 98867675 185118
15 22 rs8027309 27746578 4 0.01085227816630957 27642177 27812011 169834
15 191 rs12439582 92660837 5 -0.01068379970317262 92595047 92663630 68583
15 20 rs8030244 27451647 6 -0.0105977939630426 27311111 27471182 160071
15 12 rs10873609 26055133 5 0.01046602100193574 25983929 26121173 137244
15 237 rs10902583 101335775 1 -0.01039183614964316 101335775 101384586 48811
15 84 rs35223886 51693813 7 -0.01035093882480256 51688996 52575170 886174
15 89 rs16974296 54485789 6 0.01021522699667822 54340428 54680632 340204
15 137 rs12440755 70757896 7 0.01000853890891142 70451536 70757896 306360
15 99 rs17240713 58580921 11 0.00977320640092782 58443824 58695337 251513
15 109 rs10851690 61322548 6 0.00970600981295459 61218047 61407394 189347
15 223 rs1021985 98285658 8 0.00969284021835234 98189383 98398846 209463
15 75 rs524220 46876219 3 0.00969150882366336 46845521 47155550 310029
15 177 rs8025352 89189934 2 0.00953417793080443 89046783 89264917 218134
15 141 rs11634608 72255718 5 -0.0094919918372146 72064719 73612377 1547658
15 209 rs1471150 95546697 7 0.00937944343250856 95259166 95662519 403353
15 171 rs17702916 87414469 7 0.00937588298856942 87307845 87618593 310748
15 179 rs8039998 89474659 2 -0.00924477201613211 89410314 89548106 137792
15 199 rs4502169 93744231 1 0.00905846270306686 93736945 93759213 22268
15 113 rs17205561 62439284 7 -0.00877606694632024 62114865 62494750 379885
15 6 rs11161353 24104152 3 0.00871655177190107 24104152 24158326 54174
15 193 rs3759917 92935447 3 0.00858788441972632 92898565 92988741 90176
15 63 rs2164011 39289029 5 -0.00854462532578399 39206509 39512301 305792
15 156 rs11633719 80473867 6 0.00845326423242125 80450328 80617236 166908
15 168 rs8023573 86570085 9 0.00844393791037719 86344912 86634163 289251
15 142 rs7174643 73680301 5 -0.00839067819141324 73631830 74089793 457963
15 195 rs10520711 93222054 7 -0.00837435331642109 93105442 93239388 133946
15 93 rs1477588 56616789 6 0.00823633841720788 56327323 56774898 447575
15 56 rs11073227 37431751 8 -0.00812865728335559 37349802 37547150 197348
15 207 rs9972368 94915592 4 -0.00784272834283239 94803445 94916384 112939
15 59 rs4923791 38689071 7 -0.00780583598904136 38329343 38799369 470026
15 182 rs17240268 90347814 3 -0.0077240418387986 90347814 90447946 100132
15 91 rs11852793 55413534 10 0.00723487610672137 55139343 55842702 703359
15 71 rs16952667 45096735 2 0.00721370177892561 45096735 45358846 262111
15 94 rs2247485 57618847 3 0.00696486350693099 56843784 57635719 791935
15 90 rs2062641 55125571 5 -0.00680730106247678 54710056 55133094 423038
15 14 rs6576498 26223788 4 0.00675539930440209 26223788 26380716 156928
15 27 rs570956 29568587 5 0.00673870442327315 29448057 29600331 152274
15 126 rs7162912 67361308 3 0.00665511416647122 67247802 67385333 137531
15 102 rs8028742 59597040 5 0.00664042497566884 59515767 59682924 167157
15 30 rs16955651 29962039 5 -0.0066361434094042 29905861 30156761 250900
15 23 rs3101649 27934122 2 0.00641580045192975 27849304 27944247 94943
15 120 rs7168200 65222758 5 0.00639435014103481 65117822 65657634 539812
15 111 rs4420476 61834566 7 -0.00635825993117363 61728884 61904603 175719
15 190 rs2176452 92511341 7 -0.00635204984230719 92365436 92566481 201045
15 74 rs1484206 46726042 6 0.00615280895433766 46633336 46794823 161487
15 240 rs1994965 101907729 4 0.00608514946962474 101700611 101911548 210937
15 33 rs4329885 31528162 5 0.00608355777717771 31394537 31533464 138927
15 160 rs10519306 81272072 3 0.00606172775390636 81208215 81286252 78037
15 228 rs702497 99501581 7 -0.0060473577330671 99480770 99605041 124271
15 130 rs1465997 68881524 2 -0.00596576018877444 68780783 68881524 100741
15 65 rs4924402 40245754 11 -0.00587350548673874 39719780 40360741 640961
15 31 rs2049259 30251011 4 0.00572821123253578 30208654 30366247 157593
15 110 rs8038513 61643523 4 -0.00568004572956447 61447643 61682934 235291
15 66 rs900054 40546291 3 -0.00567236348598759 40389870 40595627 205757
15 7 rs7497239 24908056 11 -0.0055529317087238 24205361 25030374 825013
15 132 rs1392635 69398026 6 -0.00551089284732477 69178312 69652451 474139
15 1 rs11634023 22927167 1 0.00532007214240018 22835646 22927167 91521
15 238 rs966293 101536930 2 -0.00516463358121372 101422727 101546195 123468
15 201 rs1483318 93882213 4 0.0051531335271814 93863413 93927305 63892
15 154 rs1032976 79553904 23 0.00514852884110502 79533372 79979657 446285
15 47 rs16959793 35071718 2 -0.00512795870995157 34984373 35071718 87345
15 180 rs293359 89621274 12 0.00501253507184194 89595333 89972177 376844
15 227 rs7170035 99231868 4 -0.00499507630131473 99143302 99441436 298134
15 166 rs8040847 85447805 15 0.0048446655837769996 85117468 85513561 396093
15 212 rs17576986 96040278 3 -0.00474329997076518 95958655 96094707 136052
15 92 rs9920680 55985801 3 -0.00467539195778417 55919139 56318384 399245
15 34 rs4779521 31672128 7 0.00457526048546062 31621321 32176304 554983
15 187 rs9972541 91912124 6 0.0044609953824898 91770251 91928799 158548
15 83 rs17645209 50770868 11 -0.00442847347763862 50729274 51665282 936008
15 188 rs8025028 92025444 2 0.00438249401780544 92025444 92147431 121987
15 50 rs904211 36149523 5 -0.00420151845488222 36050093 36251454 201361
15 28 rs11856574 29731444 6 -0.0041757922117062 29626710 29731444 104734
15 15 rs2715573 26487465 4 0.00414097311893026 26402601 26584959 182358
15 157 rs1374213 80732053 5 0.00407482195101346 80642236 80854854 212618
15 185 rs8041035 91496242 4 -0.00404934314486192 91410009 91562937 152928
15 44 rs11072687 34107910 6 -0.00394423384791685 34094201 34387365 293164
15 145 rs4616261 75965169 1 0.00391440139134576 75651981 76103430 451449
15 124 rs6494591 66938272 3 0.00390339927580696 66930862 67015660 84798
15 138 rs1549318 71109147 6 0.00383522183848186 70791915 71435622 643707
15 196 rs17648415 93460991 4 0.0038171765264402 93262347 93555250 292903
15 68 rs61750839 42162467 8 -0.0038124786404598 41339697 42178122 838425
15 149 rs8043149 78532926 9 0.00380211337960392 78525008 78703631 178623
15 163 rs7163642 82302369 4 -0.0037735658780932 82217410 82378808 161398
15 192 rs6496899 92710764 5 0.00373932439924751 92680120 92875495 195375
15 218 rs2191554 97470986 1 0.00363812242360082 97277632 97511450 233818
15 105 rs338415 60462011 4 0.00339604425389232 60239467 60632138 392671
15 235 rs3764198 101110565 2 0.00332810309735108 100937762 101170618 232856
15 88 rs2248141 54172552 14 0.0032132705909194 53783848 54307925 524077
15 128 rs2306024 68628049 12 -0.00320279487085174 67473790 68640452 1166662
15 239 rs11633278 101561092 3 0.00318554860774367 101557641 101689056 131415
15 181 rs2075833 90016491 7 0.00314827374740002 90016491 90335788 319297
15 234 rs8025628 100756592 3 0.00307213168585324 100753747 100860734 106987
15 46 rs2059590 34901108 2 0.00302471429192379 34871296 34967574 96278
15 112 rs12591292 62093625 5 -0.00295110038344517 61913054 62093625 180571
15 45 rs4780227 34507394 3 0.002875764992575 34474453 34646769 172316
15 29 rs17682832 29773670 1 -0.00286820890440917 29760516 29893939 133423
15 2 rs7168653 22964647 4 -0.00271571147912205 22958104 23084443 126339
15 9 rs2340634 25754236 3 -0.0027036488221268 25323964 25781923 457959
15 38 rs343929 33280954 1 -0.00268155106961865 33205424 33308081 102657
15 101 rs10518996 59377446 8 -0.00251768749622872 58838010 59498881 660871
15 19 rs1432128 27244460 3 -0.00251711305393232 27186086 27283967 97881
15 205 rs1479827 94616430 3 0.00251621983862745 94580353 94674873 94520
15 189 rs11854370 92267677 3 -0.00248518828153942 92174796 92319918 145122
15 118 rs6494409 63809990 5 -0.00242088428738174 63699704 64167939 468235
15 224 rs4965117 98492250 2 -0.0023300196251859 98442226 98642785 200559
15 78 rs8033729 48270609 3 0.00232603413774544 48253976 48377513 123537
15 136 rs975210 70364352 2 0.00224110266124656 70364352 70431773 67421
15 202 rs12438329 93953860 2 -0.00221575604541849 93930047 94017318 87271
15 43 rs12592542 33985818 5 0.00216529079855255 33954652 34079432 124780
15 206 rs17711817 94742408 1 0.00215584129018364 94735128 94756829 21701
15 16 rs11853420 26605384 2 -0.00212009432437402 26605384 26702803 97419
15 70 rs10467975 43097652 11 0.0020745670833803 42528982 45048651 2519669
15 104 rs17236713 59948997 5 0.00205371978501245 59948997 60185232 236235
15 106 rs2100432 60687844 8 0.0020035279645535 60687844 60966891 279047
15 108 rs10851686 61156809 1 -0.00195707165641865 61144465 61177888 33423
15 85 rs17543144 53008923 8 0.00195604962673789 52597092 53017447 420355
15 148 rs10468064 78158893 6 0.00195425964569247 78025267 78507316 482049
15 139 rs10518959 71690941 8 0.00187320609642841 71502528 71728529 226001
15 178 rs12905452 89371423 4 -0.00184787897533533 89345947 89402239 56292
15 95 rs4774260 57686708 4 0.00181421295973234 57680883 57741413 60530
15 226 rs7181703 98924124 2 -0.00174037183856768 98898600 99100761 202161
15 117 rs2729812 63436628 11 0.00172796543470356 63239254 63691502 452248
15 173 rs4522384 88175592 3 0.00170347530900994 88039805 88362601 322796
15 3 rs1608962 23750690 3 0.00167640798836868 23730704 23826761 96057
15 213 rs7163129 96158885 7 0.00167511976805732 96144966 96460704 315738
15 10 rs2605463 25814451 6 0.00163884881773121 25808285 25907690 99405
15 214 rs1437591 96656326 4 0.00162622745226322 96518984 96664707 145723
15 219 rs2670926 97565135 3 0.00158241864375697 97519421 97609860 90439
15 41 rs10519816 33669321 1 0.00155292139521157 33610644 33786823 176179
15 100 rs12442073 58758358 3 0.00152684735006134 58725839 58801541 75702
15 49 rs1498592 35951422 4 -0.00152048607215634 35764098 36019938 255840
15 13 rs11161254 26182017 1 0.00150290921069735 26133384 26187969 54585
15 204 rs1573086 94391572 4 0.00148027777828121 94225523 94563619 338096
15 37 rs3743104 33023985 6 0.00141461522641255 32971758 33185277 213519
15 40 rs8043175 33554336 2 -0.00135145424535866 33528427 33588500 60073
15 4 rs10519442 23908687 2 -0.0013137226632193 23845197 23908687 63490
15 48 rs4924647 35494907 5 0.00127830125735873 35119748 35548468 428720
15 80 rs784411 49039797 5 -0.0012516014476057 48995386 49231111 235725
15 140 rs6494947 71843080 10 -0.00123513297940316 71805006 72037982 232976
15 135 rs2679623 70208373 2 0.00122087558983562 70141905 70297249 155344
15 64 rs8037961 39582384 2 0.00115363870936302 39543946 39641338 97392
15 167 rs13379803 85948709 2 0.00115300855238275 85556320 86332964 776644
15 194 rs4777717 93038696 3 0.00114061413308621 93018587 93084398 65811
15 215 rs1107227 96746400 2 -0.00109522992099673 96703373 96844084 140711
15 114 rs2037276 62561981 9 -0.00108534195013371 62559229 62792939 233710
15 53 rs11854877 36673041 4 0.00105792739098967 36673041 36912247 239206
15 203 rs4777896 94041534 5 -0.00104057957189315 94023473 94183236 159763
15 69 rs8029818 42310527 3 0.0010324089799445 42233211 42431142 197931
15 52 rs4923709 36618505 2 0.00103212034359797 36432996 36618505 185509
15 210 rs7176538 95795090 3 0.00102885640996516 95666177 95795090 128913
15 129 rs967565 68665570 2 -0.00101072879825448 68656960 68762297 105337
15 86 rs2456526 53089442 9 9.548021470200466e-4 53089442 53364996 275554
15 58 rs8033434 38174014 2 9.40769367847522e-4 37973905 38194755 220850
15 232 rs892904 100562425 7 -9.125323646587908e-4 100452244 100655307 203063
15 229 rs8039009 99834662 8 -8.946929700538375e-4 99612980 99925192 312212
15 169 rs16976465 86915089 3 -8.611198024340442e-4 86654795 87112948 458153
15 175 rs7167399 88788870 2 8.255769775896622e-4 88768429 88822927 54498
15 35 rs11637923 32350775 4 -7.86306682502347e-4 32187120 32402921 215801
15 61 rs2912387 39098349 2 7.500099509149035e-4 39023626 39110325 86699
15 76 rs2124132 47553498 7 7.361756074791645e-4 47171631 47970548 798917
15 151 rs1373202 79321788 1 -7.115626131139293e-4 79270864 79333228 62364
15 197 rs4778080 93603525 4 7.108990974633161e-4 93601296 93649122 47826
15 125 rs1987318 67138238 4 7.008102507945332e-4 67049507 67213272 163765
15 54 rs12903788 37173267 3 6.953951703343587e-4 36989469 37173267 183798
15 26 rs10851484 29418987 2 6.854103048573219e-4 29225885 29418987 193102
15 55 rs16964268 37193851 2 6.831842389141583e-4 37193851 37294022 100171
15 5 rs824192 24002327 1 6.292487433584164e-4 24002327 24002327 0
15 119 rs332236 64324053 2 -6.132076312219678e-4 64233563 64965815 732252
15 17 rs10873637 26926765 2 5.99666020699033e-4 26746446 26952275 205829
15 241 rs7172235 101955037 2 5.577259115172754e-4 101924546 101962723 38177
15 186 rs8034560 91662716 1 5.474185253269259e-4 91594955 91742578 147623
15 98 rs2119859 58254745 5 5.381770010504751e-4 58179789 58429264 249475
15 107 rs1863270 61012259 1 -4.6420855901549386e-4 60988991 61079377 90386
15 184 rs13379889 91195039 5 3.8826801240824434e-4 90850762 91373498 522736
15 221 rs12440141 97866209 1 3.7105549001759526e-4 97733402 97925467 192065
15 57 rs12593354 37860693 6 -3.704068243764805e-4 37577894 37962429 384535
15 24 rs4778179 28013600 3 -3.623732707958725e-4 27977779 28111746 133967
15 198 rs8041800 93700207 4 -3.596582457621215e-4 93671582 93704049 32467
15 62 rs2958305 39141606 1 -3.464564250698385e-4 39141606 39164045 22439
15 146 rs8038119 76914528 10 3.4639542543059634e-4 76134601 77377654 1243053
15 122 rs7168565 66386853 1 2.7604945127472906e-4 66372477 66452847 80370
15 155 rs1987102 80265888 4 -2.724325936848819e-4 79999217 80420966 421749
15 131 rs4261473 69036220 1 2.7182136579288627e-4 68930593 69094858 164265
15 18 rs10519566 26975870 1 2.703687611302787e-4 26967770 27053606 85836
15 170 rs731597 87271959 2 2.506239075198329e-4 87124308 87295691 171383
15 222 rs12441901 97956064 1 2.3544680482597336e-4 97956064 98047533 91469
15 116 rs902023 63207340 3 2.1541829090631636e-4 63017183 63214206 197023
15 21 rs6606892 27505235 1 2.1418561106951393e-4 27490200 27544861 54661
15 97 rs629876 58098434 1 1.999415673779991e-4 58049299 58163275 113976
15 127 rs17293632 67442596 3 -1.7791677331607282e-4 67400490 67459013 58523
15 39 rs2444967 33433635 3 1.1398999769760026e-4 33320219 33517920 197701
15 233 rs12441250 100711068 2 9.809088420052194e-5 100711068 100742087 31019
15 51 rs789897 36360651 5 7.036663842029285e-5 36290481 36405089 114608
15 174 rs11631508 88498466 3 -4.7278832300417595e-5 88385150 88742439 357289
15 176 rs10451018 88933098 1 -1.9561697794173542e-5 88885318 88933098 47780
15 133 rs16953470 69857737 2 1.7688972541291095e-6 69808890 69949516 140626
