CHR Group SNP.lead BP.lead Size W BP.min BP.max BP.width
1 370 rs3790566 67814440 7 0.24193774008289512 67811356 67982128 170772
1 819 rs2488401 197702401 10 0.107756596390265 197313189 197919693 606504
1 641 rs3761959 157669278 7 0.07356305200801845 157485504 157804260 318756
1 831 rs3767498 201020727 6 0.05324427357321317 200877562 201052199 174637
1 868 rs1772145 205695695 9 0.04958416511542903 205648707 205857654 208947
1 976 rs2036775 229377038 1 0.040487973294386 229377014 229462625 85611
1 873 rs3024505 206939904 2 0.03907879072300044 206939904 207035647 95743
1 172 rs11247963 26855401 4 0.03535061515963911 26741106 26877708 136602
1 59 rs7524046 9307033 6 0.03526520608444183 9292282 9341038 48756
1 910 rs340839 214161820 3 0.03511560535526312 213965429 214161820 196391
1 588 rs10924106 117053745 4 0.03431459935317924 117053745 117127417 73672
1 951 rs11118895 222093006 19 0.03225570114624675 221915967 222211329 295362
1 773 rs1689797 182150978 3 0.03148595674377449 182053214 182269701 216487
1 624 rs4240872 154436195 5 0.02865777501730601 154410955 154681950 270995
1 636 rs822431 156902281 5 0.02802074466741204 156862126 157041302 179176
1 739 rs10489267 173170152 5 0.02777559129652198 173103273 173284199 180926
1 613 rs267738 150940625 12 0.02775068528167958 150551327 151316324 764997
1 6 rs3748816 2526746 6 0.02722774869708739 2513216 2713327 200111
1 166 rs12403541 25382556 7 0.02688406243402915 25322574 25421990 99416
1 357 rs12409333 65417839 7 0.02638307298299176 65190713 65439566 248853
1 891 rs2272866 209929453 5 0.02633804938862999 209844517 210020971 176454
1 159 rs12401982 24372971 2 0.02553298568778426 24372971 24421474 48503
1 136 rs1416819 20193622 4 0.02522368394940847 20171860 20301964 130104
1 805 rs1323292 192541021 3 0.02421533517675706 192502783 192544795 42012
1 758 rs6680476 178676965 5 0.02332247064086084 178476554 178854330 377776
