CHR Group SNP.lead BP.lead Size W BP.min BP.max BP.width
7 3007 rs10488631 128594183 1 0.1285899589106409 128594183 128692657 98474
7 3006 rs4728142 128573967 3 0.10399444015495792 128568960 128573967 5007
7 1254 rs11984075 37436854 2 0.04902989223035277 37435223 37436975 1752
7 786 rs6461662 22757089 4 0.04128163436338732 22756463 22759607 3144
7 1930 rs13238568 74076493 5 0.0394514884027493 74076493 74115258 38765
7 675 rs17365098 20408459 4 0.03939733891360723 20395067 20413590 18523
7 2770 rs1799999 113518434 1 0.03437629601137768 113518434 113534005 15571
7 3513 rs10229125 149015443 1 0.03027893370223972 149015443 149015443 0
7 1763 rs11763777 64075291 3 0.0279319149476335 63962963 64077521 114558
7 2324 rs2078032 93334446 2 0.02684864888004813 93334446 93339775 5329
7 2234 rs2263064 88208465 2 0.02326950149530877 88208465 88209768 1303
7 1167 rs10237930 34681220 3 0.02292841669039461 34662712 34688425 25713
7 81 rs7804166 3925535 4 -0.0228938563614698 3923414 3939055 15641
7 1251 rs17259252 37382520 3 0.02200047575466464 37374510 37382520 8010
7 1946 rs7799638 76040527 1 0.0210364861733864 76016222 76040527 24305
7 2660 rs10487840 107771288 1 0.0203505877624359 107771288 107771288 0
7 3054 rs10488388 130901669 2 -0.01984297781702003 130894081 130905076 10995
7 163 rs10229215 7171465 1 -0.01981348209539332 7171465 7171465 0
7 3833 rs3763412 158525086 3 0.01971027178874831 158525086 158536345 11259
7 2436 rs16869462 97758335 1 0.01900099772746003 97731700 97788764 57064
7 2799 rs9691405 115742657 5 -0.01777848193974828 115732922 115801846 68924
7 1293 rs2043260 38657224 2 0.01714018700878641 38646891 38657224 10333
7 2504 rs7810922 101597464 2 0.01687895352166935 101569302 101608080 38778
7 3655 rs4410821 153350882 1 0.01684430508979071 153350882 153350972 90
7 2999 rs339065 128371298 1 -0.01625859693429655 128366485 128371298 4813
7 1917 rs8891 73096993 4 0.01598786103369143 73096993 73108924 11931
7 1024 rs917145 29917385 1 -0.0153195931362216 29917385 29917385 0
7 2484 rs2898568 100810983 4 -0.01505854593345241 100804140 100818846 14706
7 1916 rs17145817 73046779 1 0.01501990524064775 73041130 73046779 5649
7 3643 rs960840 153061413 1 -0.01464068851847279 153061413 153071114 9701
7 684 rs17143056 20596929 1 0.01454159346367867 20592679 20596929 4250
7 3268 rs10273974 138735512 4 0.01425203287591728 138730361 138735734 5373
7 824 rs16210 24267358 1 0.01367868967327718 24266046 24274753 8707
7 84 rs6956208 4027536 1 0.01361376427569481 4027536 4027536 0
7 2626 rs41805 106234010 1 0.01348224391129995 106221448 106234010 12562
7 3373 rs12703545 143645824 2 0.01343738437385259 143614736 143687572 72836
7 2568 rs2073791 104122989 1 0.01323129580349748 104117921 104127901 9980
7 3167 rs4294134 135293128 1 -0.0127278372198576 135269655 135293128 23473
7 673 rs206190 20360101 1 0.01272112290322737 20357385 20360101 2716
7 938 rs3779472 27823243 4 0.01266815003461653 27727849 27841526 113677
7 2171 rs7800072 84628989 3 0.012387176465665 84627231 84644500 17269
7 954 rs4722771 28279243 1 -0.01217222934216041 28279243 28279243 0
7 1423 rs2908290 44216137 2 0.012045537005657291 44211337 44218856 7519
7 2600 rs1209199 105431876 1 -0.01191343546336816 105431876 105431876 0
7 422 rs10488260 13325060 4 0.0117341692387615 13315977 13325060 9083
7 2456 rs9297145 98759117 3 0.01165711940006341 98759117 98784084 24967
7 3718 rs7790169 154980168 4 -0.01158295797765716 154975445 154987620 12175
7 1147 rs10486625 34022301 2 -0.01152768151068397 34021755 34043348 21593
7 1408 rs7808837 43393057 3 -0.01151114282042375 43393057 43405968 12911
7 2986 rs3808084 127553025 1 -0.01120404899795317 127428382 127562736 134354
7 330 rs10950342 11285157 3 0.01118799010330035 11285157 11291400 6243
7 1504 rs13235604 47665372 1 -0.0111831931656333 47665372 47665372 0
7 2224 rs10238607 87775157 1 0.01109906560170623 87775157 87820419 45262
7 293 rs12702978 10124331 3 -0.01106940240027471 10113156 10125808 12652
7 2792 rs11983531 115169187 4 -0.01104706653444083 115144978 115169187 24209
7 1235 rs3807162 36908551 1 0.01103329483272272 36908551 36908551 0
7 1403 rs17172181 43283115 1 -0.01102990624619616 43283115 43286908 3793
7 1556 rs10272048 49320837 2 -0.01096060883110013 49315026 49329680 14654
7 345 rs10280808 11595832 2 0.01094708581883448 11586291 11600616 14325
7 3813 rs11772608 157819325 1 0.01093140556134724 157802672 157823810 21138
7 2170 rs11976258 84595806 1 0.01081620420559588 84555234 84597933 42699
7 3472 rs1990058 147735324 3 -0.01072016520313907 147731239 147735399 4160
7 3597 rs9640300 151558997 2 0.01068385772052858 151556824 151558997 2173
7 2098 rs12668403 81585921 2 -0.01058453791973998 81573465 81591716 18251
7 3417 rs17170033 145998111 2 -0.01050363079743929 145959243 145998111 38868
7 2166 rs7806920 83986207 2 -0.01029741654916745 83986207 83986207 0
7 291 rs12536973 10062341 3 -0.01025413023360185 10062341 10081250 18909
7 1572 rs1567278 50122310 2 -0.01020751382193077 50097697 50172468 74771
7 2177 rs17159737 84894831 1 0.01005968844958649 84877814 84905855 28041
7 3536 rs1104881 150141809 2 0.01005612490740206 150141809 150141809 0
7 211 rs2058519 8214574 2 0.01004405029339102 8214574 8214574 0
7 2204 rs11771901 86681257 1 0.00975248734470536 86678967 86681257 2290
7 1590 rs17544971 50699818 2 -0.00966792748102869 50699818 50712759 12941
7 2836 rs11981239 117869066 2 0.00963282012281367 117869066 117950678 81612
7 929 rs1055182 27420533 2 0.00952516941426396 27420533 27423066 2533
7 1171 rs17197848 34758676 5 0.00949649290648953 34742051 34786398 44347
7 3754 rs9638077 156048322 1 0.00940215796284093 156048322 156062171 13849
7 1527 rs6463462 48142194 1 0.00938991953643244 48128596 48142194 13598
7 3246 rs1874326 138157390 1 0.00925596904179531 138157390 138238844 81454
7 2909 rs4731120 123411223 1 -0.00919873627226492 123285578 123413250 127672
7 2021 rs10224582 78659092 1 0.00917161789927484 78659092 78659092 0
7 145 rs6962026 6246523 1 0.00908553726063613 6223280 6246523 23243
7 1532 rs17547816 48311658 2 -0.00906590480620025 48283285 48330287 47002
7 247 rs9886212 9045876 1 0.00897141481224357 9042560 9045876 3316
7 2608 rs17152355 105575202 1 -0.00893879645015082 105575202 105575202 0
7 3273 rs140343844 138946363 1 0.00873747275428196 138918990 138946363 27373
7 3027 rs34752500 129668746 1 0.00867858159759174 129653231 129668746 15515
7 538 rs7794591 16568529 3 0.00864714413841783 16566391 16590306 23915
7 1320 rs17171612 39724464 2 -0.00855908338804033 39661524 39751399 89875
7 3065 rs10155893 131281224 1 0.00852125984372732 131281224 131281811 587
7 695 rs6947953 20930177 1 0.00844494597447087 20911982 20940950 28968
7 3807 rs6944306 157700614 1 0.00840766555474352 157692304 157700614 8310
7 1571 rs1396277 50010988 3 0.00839754400985662 50010988 50052934 41946
7 2902 rs1343905 122807680 1 -0.00839555948849624 122783013 122809234 26221
7 1652 rs13243026 52734328 3 -0.00832054063235926 52722167 52735421 13254
7 3691 rs4257967 154449826 4 -0.00821199580718507 154443285 154461112 17827
7 1459 rs1085924 46155974 1 0.00820870871232947 46116722 46162690 45968
7 2046 rs6945349 79723943 1 0.00794665260301201 79723943 79729075 5132
7 1769 rs654756 64747665 1 -0.00792697941207979 64696330 64767457 71127
7 3346 rs916011 141947082 3 0.00791972117295711 141942895 141948871 5976
7 3298 rs35456446 139734069 3 0.00784080702785477 139715645 139734069 18424
7 716 rs13229993 21372342 1 -0.00755328790850588 21372135 21378687 6552
7 2878 rs6955079 121237869 1 -0.00738984048981229 121237869 121237869 0
7 2983 rs6977152 127203830 1 -0.00738428484006607 127182308 127212172 29864
7 2544 rs802786 103546408 1 -0.00734196653097891 103546408 103546408 0
7 2928 rs1917353 124196444 2 -0.00723417659618 124192333 124215350 23017
7 243 rs4725148 8997725 2 -0.00723359073865253 8992884 8997725 4841
7 2921 rs7784625 123951585 1 0.00722488684341526 123951585 123951585 0
7 2367 rs7777424 95259612 2 0.0072217362037241 95259612 95262116 2504
7 611 rs1178328 18233458 1 0.00703964632045399 18233458 18233458 0
7 3763 rs7778219 156250444 1 -0.00701321307868974 156250444 156250444 0
7 3735 rs1233563 155619980 1 -0.00701144009038313 155619980 155619980 0
7 533 rs10499468 16490232 6 -0.00698610760056564 16486969 16503724 16755
7 204 rs17401720 8131828 2 -0.00697556013435277 8115979 8131828 15849
7 917 rs490366 26851805 3 -0.0069542363419769 26851805 26897439 45634
7 640 rs13221528 19368402 3 0.00694447651545356 19359782 19374370 14588
7 3748 rs4294053 155851624 1 -0.00693316562794267 155851624 155851624 0
7 959 rs7799687 28397794 2 -0.00690072231082115 28389465 28399159 9694
7 2881 rs6959329 121339238 7 0.00689263142888765 121333348 121373997 40649
7 91 rs10951446 4191811 3 0.00688940187610369 4187331 4192168 4837
7 1884 rs11561753 70946807 3 0.00684048295462923 70942415 70946807 4392
7 1646 rs2159812 52554817 8 -0.00680433310606995 52530601 52578290 47689
7 101 rs10216277 4401148 3 0.00675616265956859 4398027 4414803 16776
7 232 rs17154637 8764246 1 0.00674932396972675 8764246 8772150 7904
7 1271 rs1464717 38052205 2 -0.00670277155944323 38029651 38060785 31134
7 2408 rs12670377 96786625 3 -0.00669534543071763 96724585 96786625 62040
7 1127 rs17724206 33423761 1 0.00668673599533913 33370588 33453281 82693
7 3133 rs1646667 134035080 2 0.00668440539258973 134030917 134036313 5396
7 3361 rs41276054 143029874 1 -0.00668394509576304 143029874 143029874 0
7 1919 rs13232536 73219508 2 0.00666202338940109 73219508 73254812 35304
7 93 rs653625 4223652 1 -0.00665850230951085 4223652 4223652 0
7 1986 rs714437 77982497 2 -0.00662159464696404 77982085 77987710 5625
7 1512 rs4724619 47782640 1 0.00662081032145703 47782640 47782640 0
7 676 rs10257873 20439353 2 -0.00660080342103361 20429735 20443021 13286
7 1164 rs1468559 34523186 4 0.00657081543231585 34522166 34539317 17151
7 2655 rs1732164 107649288 1 -0.00655601598066702 107649288 107649288 0
7 2891 rs7802078 121878287 2 -0.00653089448122937 121818068 121897109 79041
7 1340 rs7792912 41066269 3 -0.00652434108884144 41063823 41066269 2446
7 25 rs6967286 2212758 3 0.00647911002634875 2212758 2239569 26811
7 2427 rs2136704 97446702 1 0.00645579541197384 97446702 97464809 18107
7 1085 rs3807626 31834751 2 0.00640490471939108 31834751 31834751 0
7 734 rs2072220 21775387 1 0.00619012560932128 21775153 21775387 234
7 634 rs2074633 19035920 2 0.00618705950501144 19035920 19048472 12552
7 1842 rs12667664 68790622 2 0.00616425017509752 68785411 68790622 5211
7 3000 rs2290228 128388648 3 0.00610540194896746 128388648 128409225 20577
7 1578 rs6583437 50350267 2 0.00606993946308828 50350267 50361683 11416
7 2789 rs34984260 114947770 4 -0.00606605353777532 114946569 114949049 2480
7 631 rs17140423 19007884 1 0.00603715520726097 18993249 19007884 14635
7 685 rs9885995 20613366 2 -0.00602896710878143 20604449 20620316 15867
7 252 rs6463875 9128241 2 0.00600236410749395 9128241 9128241 0
7 3387 rs1406716 144588780 2 0.00600049280924418 144571200 144603425 32225
7 1217 rs17170619 36556593 1 0.005984470560981 36556478 36556593 115
7 3153 rs1377297 134546119 4 0.00592957779478446 134538147 134552146 13999
7 1352 rs900365 41535537 1 -0.00590959354649988 41518076 41535537 17461
7 3520 rs11982494 149365696 1 0.00568787821254689 149365696 149367798 2102
7 193 rs2348763 7897715 1 0.00561174089560409 7888862 7898658 9796
7 389 rs10249671 12547917 3 -0.00558666004996432 12511312 12547917 36605
7 1542 rs12718292 48686531 2 0.00557532667203516 48665024 48698562 33538
7 1794 rs12698621 67205472 1 0.00552185143453814 67201647 67223669 22022
7 2920 rs1860577 123911882 3 0.00551076568879718 123892162 123918641 26479
7 1103 rs7780609 32341916 1 -0.00549842821452352 32336965 32347335 10370
7 1796 rs10279927 67261526 1 0.0054846143856245 67258286 67269521 11235
7 259 rs1155197 9283806 2 0.00544963802533794 9283742 9301716 17974
7 2987 rs322840 127708975 1 -0.00542850062488081 127698403 127715902 17499
7 1555 rs12718168 49312703 1 0.00540779324072831 49287008 49312703 25695
7 109 rs10276022 4560681 1 0.00529379383908882 4560681 4560681 0
7 1626 rs682792 51833487 3 0.00529231093241642 51824832 51833487 8655
7 3736 rs1151790 155629975 1 -0.00526617945420688 155625512 155629975 4463
7 2165 rs594533 83936564 2 0.0052333043585448 83846895 83936564 89669
7 3540 rs3807382 150263795 3 0.00520447577819259 150263761 150307167 43406
7 1513 rs4724626 47795664 1 -0.00517715218810564 47790912 47795664 4752
7 2065 rs1058425 80387766 2 0.00515467248381454 80387766 80389412 1646
7 107 rs7799050 4539599 1 -0.00510886190879328 4539599 4539599 0
7 3198 rs11767346 136205020 4 0.0049827536705938 136205020 136273464 68444
7 2795 rs10280896 115357649 1 0.00497331318642913 115323654 115362547 38893
7 1918 rs6951030 73133241 1 0.00491812093254528 73133241 73133241 0
7 2755 rs7781871 112469673 3 0.00491620410285353 112420072 112469673 49601
7 1859 rs4610627 70173197 2 -0.00491437985739152 70171159 70174823 3664
7 2309 rs1004051 92328956 2 0.00486289803308966 92306993 92360397 53404
7 638 rs10264031 19254640 1 -0.00482986990589411 19254640 19262091 7451
7 2058 rs11978272 80119690 1 -0.0047527935611338 80119690 80142217 22527
7 2642 rs10264687 106900341 5 0.00471774531342476 106892227 107066030 173803
7 2216 rs4148736 87171383 2 -0.00470596800125735 87171152 87190452 19300
7 1058 rs7793414 31149283 1 0.00470393426217981 31148279 31149283 1004
7 928 rs11563973 27405091 3 0.00468270098705018 27404164 27414030 9866
7 3533 rs7393 150095271 1 0.00467109546782853 150095271 150095271 0
7 2913 rs3808168 123588444 1 0.00462691195857877 123588444 123594206 5762
7 1724 rs1554717 55337209 1 0.00461354343237246 55337209 55340022 2813
7 3826 rs7803342 158170316 2 -0.00458558742136389 158170316 158170316 0
7 637 rs3922356 19250811 3 -0.00452129815532255 19249169 19250811 1642
7 1175 rs17791600 34944778 1 0.00450532785351373 34942820 35020843 78023
7 156 rs10951991 6721661 1 0.00443346991188192 6721661 6732315 10654
7 591 rs2215684 17663961 4 -0.00441615040008305 17644213 17663961 19748
7 1342 rs10951647 41237214 1 -0.00440440565816299 41176030 41237214 61184
7 1979 rs6963699 77836239 2 -0.0043771459863128 77828434 77836723 8289
7 1174 rs28480169 34917702 3 0.00436550075903531 34886825 34920075 33250
7 2996 rs13224784 128155563 1 -0.00435519232020511 128155563 128327114 171551
7 609 rs1178355 18204811 3 0.00435396928128363 18185395 18204811 19416
7 701 rs2159851 21103691 4 0.00435100135894424 21096914 21113721 16807
7 1075 rs218092 31504969 1 0.0043342529100758 31504969 31512872 7903
7 2542 rs3914132 103527369 2 0.00430795466444319 103527369 103536824 9455
7 3764 rs6459678 156255115 1 -0.00425665337753127 156254799 156257405 2606
7 3432 rs10952662 146497318 2 0.0042329021570836 146497318 146497318 0
7 1836 rs12540557 68523481 2 -0.004215253882538 68500662 68526895 26233
7 1883 rs4236247 70911123 2 0.00420406255659146 70899397 70917739 18342
7 702 rs971992 21140343 2 -0.00419256738572177 21140343 21142122 1779
7 3404 rs850388 145135064 2 0.00418813796076386 145130995 145135064 4069
7 3086 rs2198051 131886839 2 -0.00411533519846395 131883311 131886839 3528
7 3512 rs7788681 148976137 2 0.00407056354723236 148937136 148990933 53797
7 122 rs2137502 4975010 1 0.00405137760900093 4968125 4975010 6885
7 3037 rs10272075 130314100 2 -0.00405000338999123 130123625 130329325 205700
7 2492 rs10264271 101171175 1 0.00401228029531391 101171175 101171175 0
7 1097 rs10274609 32206323 2 -0.00397150423859556 32206323 32213806 7483
7 2730 rs12538300 111314282 3 -0.00395769198844807 111311611 111317076 5465
7 3463 rs851712 147528731 2 -0.00392707409285728 147520674 147555156 34482
7 1915 rs2286276 72987354 3 0.00392337368546337 72885810 72989390 103580
7 112 rs4720331 4600429 5 0.00391363790792038 4589079 4611655 22576
7 916 rs10486474 26784880 1 0.00389444139358031 26747064 26803063 55999
7 3043 rs7781163 130562824 2 -0.0038901592593985 130542828 130562824 19996
7 1145 rs315860 33926351 2 -0.00388438653352315 33926351 33949959 23608
7 2285 rs3808243 90545844 4 -0.00387873935291881 90536369 90565889 29520
7 257 rs1581686 9212941 1 0.00387179677482971 9212941 9214578 1637
7 1327 rs4723936 40271224 1 0.00375332974736536 40271224 40332518 61294
7 726 rs7803642 21641629 4 0.00368295389567729 21640361 21643513 3152
7 1370 rs17172014 42157147 1 -0.00368272900458982 42152794 42157545 4751
7 2558 rs12056177 103909059 1 -0.00365516303683588 103901608 103909059 7451
7 3843 rs17837871 158875394 1 0.00364861395274034 158871812 158875394 3582
7 1377 rs10229660 42304214 2 -0.00361304173893045 42304214 42314044 9830
7 3202 rs9656474 136534657 1 0.00351634619347357 136534657 136549033 14376
7 1906 rs10950298 71603773 1 0.00350642023187964 71603773 71666864 63091
7 722 rs10241028 21523137 2 -0.00349796091048764 21512722 21535971 23249
7 3493 rs6464907 148188533 2 -0.00349786370168324 148188533 148188533 0
7 1654 rs1358603 52757480 1 -0.0034978084961543 52751348 52759429 8081
7 149 rs836472 6434904 1 -0.00348968916518191 6418275 6434904 16629
7 3416 rs2692359 145807447 2 0.00348868863003643 145803095 145883566 80471
7 2867 rs41700 120639617 2 -0.00344138639151574 120611163 120646520 35357
7 1878 rs10256635 70778948 1 -0.00342050740379966 70766943 70778948 12005
7 2239 rs2519954 88402485 1 0.00340360195010164 88373596 88402485 28889
7 463 rs17168036 14308206 2 -0.00339692646208234 14303025 14310025 7000
7 1912 rs6460021 71967583 1 0.00338064078340636 71954937 71982924 27987
7 797 rs10950938 23100220 1 -0.00336232216836448 23095077 23100220 5143
7 1983 rs798337 77916282 1 -0.00334700476558323 77916282 77916282 0
7 368 rs2215987 12049086 2 -0.00334644097902184 12047048 12049985 2937
7 2473 rs1734907 100315517 1 0.00334025767327736 100276821 100315517 38696
7 1905 rs10255136 71569185 1 -0.00331410777095746 71533900 71569185 35285
7 2461 rs12533251 99115677 1 0.00331025745034674 99052428 99197401 144973
7 3831 rs6972008 158427496 1 0.0032963408756924 158412279 158444975 32696
7 1734 rs11238386 56033141 1 0.00323861127705622 55991144 56088001 96857
7 597 rs4486086 17743719 1 0.00322712619849001 17732490 17743719 11229
7 1683 rs10264027 53611898 1 0.00321216794239336 53611898 53623116 11218
7 1938 rs757359 75367376 4 -0.00317426397298909 75367376 75370368 2992
7 2085 rs11531619 81000965 1 0.00316713622141951 80975390 81000965 25575
7 3148 rs17168029 134456444 1 0.00313364794663942 134456444 134456444 0
7 2320 rs4729080 92969716 3 0.00313162480901018 92957851 92970847 12996
7 1995 rs2192883 78096656 1 0.00312115653343674 78096656 78105071 8415
7 846 rs2285690 24902762 1 0.0031061230190796 24902762 24902762 0
7 3304 rs6956771 140020787 1 -0.0031006655249945 140020787 140024052 3265
7 1461 rs6968071 46199753 1 -0.00309338464812263 46176155 46210835 34680
7 1748 rs12538910 57414165 3 -0.003034860843835 57408565 57423944 15379
7 792 rs6973118 22883518 1 0.00302982703053042 22882058 22884898 2840
7 3302 rs4236486 139992324 1 0.00296935437394329 139992324 139992942 618
7 2758 rs2272260 112757862 4 0.00296408956887165 112734225 112757862 23637
7 2997 rs7790478 128348405 1 0.00294783218820535 128348405 128361129 12724
7 3034 rs5011386 130017309 2 -0.00293550656726705 130017309 130023561 6252
7 2380 rs1488514 95627771 2 -0.00293024006793599 95627771 95627771 0
7 161 rs2280918 7119469 1 0.00292578269301524 7117866 7130950 13084
7 418 rs17166921 13275578 2 0.0029145278069095 13275578 13276497 919
7 890 rs4722551 25991826 1 0.00289352814743797 25991826 25991826 0
7 3528 rs2074699 149547703 1 0.00288312217363191 149542524 149551993 9469
7 1341 rs13222281 41139728 1 -0.00288004662496262 41139728 41162499 22771
7 3266 rs1604912 138692417 1 -0.00287748106582403 138692417 138692417 0
7 315 rs6973809 10881827 1 -0.00285188990340376 10875894 10881827 5933
7 10 rs6959783 1192018 1 0.00284266731525328 1189178 1216013 26835
7 458 rs985105 14270475 2 -0.00283914016088719 14265179 14270475 5296
7 3237 rs3805362 137794388 1 0.00281252438253341 137753091 137794388 41297
7 2794 rs2401967 115273053 2 -0.00280552067048421 115255384 115277575 22191
7 1526 rs2686792 48092847 2 -0.00280156299447642 48081095 48098949 17854
7 136 rs4724701 5528883 1 -0.00279243041041969 5528375 5545427 17052
7 1723 rs7809332 55293361 1 -0.00278461835745103 55292028 55306579 14551
7 2717 rs2091309 110376327 2 -0.00277534010534926 110376327 110391589 15262
7 1037 rs2267716 30716643 1 0.00276149618595435 30714333 30716643 2310
7 3139 rs2229542 134135621 1 0.00274802799246913 134135621 134135621 0
7 2863 rs6944490 120339674 1 0.00274698883665332 120335338 120364028 28690
7 2139 rs2709977 82992227 2 -0.00274530807186573 82990977 82992227 1250
7 2534 rs2073559 103318924 1 -0.00273248373076696 103307425 103326194 18769
7 2337 rs2299418 94032325 2 0.00273229203953302 94028427 94032753 4326
7 721 rs17144465 21504427 1 0.00273175101538022 21483605 21504427 20822
7 2910 rs1395381 123432100 1 0.00270632846132755 123432100 123442702 10602
7 1810 rs3113123 67708317 1 -0.00269293572690583 67699174 67716291 17117
7 1801 rs6961611 67426323 1 0.00268177033352059 67426323 67456507 30184
7 736 rs16872907 21782783 1 0.00267400476738041 21781807 21787705 5898
7 233 rs6463841 8797321 2 -0.00267306729547471 8797321 8797737 416
7 3598 rs12540735 151580648 1 0.00263879291985353 151580648 151580648 0
7 2251 rs2214339 88813289 2 0.00263717011893789 88804940 88813289 8349
7 1207 rs2726057 36229407 1 -0.00262619194329776 36229407 36248638 19231
7 1575 rs921911 50241812 1 -0.0026226893522825 50241812 50241812 0
7 1651 rs12671939 52698527 1 -0.0026105917410851 52684446 52718129 33683
7 2752 rs2906787 112137676 1 0.00259141968167293 112135207 112137676 2469
7 2272 rs7780514 89848991 2 -0.00257133470956539 89848991 89862684 13693
7 119 rs4720435 4912398 1 0.00256689984874732 4906001 4912398 6397
7 1376 rs4724100 42264679 4 0.00256677061702602 42244373 42264679 20306
7 141 rs308080 5888663 2 -0.00254386359689176 5888663 5888663 0
7 395 rs35385652 12675690 2 0.00251862734073171 12669251 12682919 13668
7 1591 rs2237468 50734362 1 -0.00250645316374813 50716483 50734362 17879
7 2385 rs35974282 95900270 3 0.00250573791847365 95800820 95948495 147675
7 2646 rs10248785 107438305 1 -0.0024934158953045 107437048 107440451 3403
7 239 rs17156731 8920903 2 0.00246834923384155 8910032 8920903 10871
7 111 rs10232337 4584559 1 0.00242214976237787 4584559 4584559 0
7 2269 rs7791143 89687264 3 0.00242050846455811 89680075 89687264 7189
7 3436 rs10215441 146688750 1 0.00239451705917271 146688750 146690926 2176
7 939 rs6948467 27869782 1 -0.0023929328801048 27857715 27869782 12067
7 1044 rs12672119 30831181 1 -0.00237864635386167 30825762 30842662 16900
7 1492 rs4724556 47305969 3 0.00236844210375357 47305969 47321050 15081
7 3388 rs2699473 144622959 1 0.00236252607261818 144621695 144622959 1264
7 2336 rs12669501 93995008 1 0.00236191589449845 93995008 94009634 14626
7 3584 rs4726070 151328218 1 0.00235616594858754 151314525 151335260 20735
7 802 rs12540730 23483815 2 0.00234642140693323 23483815 23498358 14543
7 3020 rs13233824 129232720 1 0.0023433562482807 129214387 129244793 30406
7 844 rs7802069 24866690 1 -0.00232066359440261 24866690 24874499 7809
7 216 rs9472 8302284 1 0.0023038461179791 8302284 8302284 0
7 480 rs975689 14891202 1 0.0023020728170867 14868418 14891202 22784
7 3263 rs17160623 138620876 2 0.00229241994905218 138601572 138620876 19304
7 539 rs7790525 16601536 2 0.00228912691630613 16601536 16601536 0
7 912 rs11763033 26644642 2 -0.0022581567190189 26639622 26644642 5020
7 2030 rs6950887 79041630 1 -0.00225349623179191 79023504 79048739 25235
7 3348 rs2960769 141988676 3 -0.00223892180079516 141983565 142005088 21523
7 3447 rs10268483 147061654 4 -0.00222761795924091 147048920 147067719 18799
7 1026 rs35960711 29980471 1 0.00222031380447045 29980471 29991995 11524
7 586 rs1375238 17566398 5 -0.00219428003640219 17561583 17566398 4815
7 667 rs2892970 20139644 2 0.00219226979341625 20138506 20140288 1782
7 1345 rs37267 41337044 1 0.00217517983679953 41337044 41337044 0
7 2205 rs6948837 86706918 3 0.00217401248353224 86691254 86712595 21341
7 3557 rs12674178 150585880 2 -0.00213600528742544 150585880 150594658 8778
7 1321 rs6951760 39796229 1 0.00213183309669767 39792651 39796229 3578
7 608 rs2697908 18161620 1 0.00212905517259799 18150005 18172374 22369
7 3738 rs1731835 155649488 2 -0.00212013115361575 155649488 155655522 6034
7 1452 rs7456393 45624449 2 -0.00211160624716272 45624449 45648803 24354
7 520 rs10263175 16043897 1 0.0021105255229325 16042596 16060334 17738
7 1885 rs6955186 70976393 1 -0.00210408077300387 70967648 70976393 8745
7 2993 rs145413607 127999459 1 0.00210216929695362 127999459 127999459 0
7 2901 rs13244086 122770085 4 0.00209820134185419 122708549 122773032 64483
7 3347 rs28838390 141977608 4 -0.002096245997569 141950745 141977608 26863
7 738 rs10256021 21801878 1 -0.00209399593090969 21800369 21804404 4035
7 3415 rs6975019 145796758 1 -0.0020667389868051 145788161 145796758 8597
7 3434 rs6946957 146599374 2 0.00206255340807084 146586456 146599374 12918
7 3013 rs2012919 128890812 1 -0.00206206178454523 128890812 128957954 67142
7 352 rs9785045 11742920 3 -0.00205244434783977 11725406 11745609 20203
7 1953 rs3114317 76883110 2 -0.0020505635260125 76880223 76884226 4003
7 2942 rs1464833 125115662 1 0.00203930028198198 125111326 125115662 4336
7 2054 rs6467158 80055910 1 0.00202806755258146 80034948 80055910 20962
7 2310 rs445 92408370 1 0.00202346018858135 92377183 92408370 31187
7 3255 rs3734936 138447395 2 0.00201518730224486 138446998 138450098 3100
7 2348 rs12536174 94634397 3 -0.00200027622435531 94581243 94643115 61872
7 2051 rs37920 79945112 1 -0.00198006819593357 79945112 79953523 8411
7 2295 rs7791302 91113318 1 -0.00197541405669817 91113318 91113318 0
7 268 rs17161716 9572098 1 0.00197352704137631 9550478 9572098 21620
7 3539 rs13231883 150261328 2 0.00196830686179267 150253913 150262436 8523
7 2389 rs3113045 96102582 2 0.00196675695105029 96076927 96102582 25655
7 1156 rs318583 34294321 1 0.00195747315030076 34294321 34294321 0
7 1764 rs10234472 64118662 1 0.00195145867050452 64102495 64118662 16167
7 3015 rs6971551 129072024 1 0.00192458067817123 129072024 129098439 26415
7 3510 rs1202470 148889043 1 0.00192364174861639 148889043 148908562 19519
7 3659 rs2622262 153522368 1 -0.00192267983428411 153522368 153527304 4936
7 2821 rs1029396 117024820 1 -0.00189295844660444 117024820 117067822 43002
7 885 rs4719826 25814109 2 0.0018906751127787 25814109 25814109 0
7 54 rs1872881 3148092 2 0.00187589803708373 3146983 3152116 5133
7 3228 rs7796821 137514791 2 0.00187425773928966 137514791 137514791 0
7 144 rs10253805 6191895 3 -0.00187277031187773 6170312 6191895 21583
7 910 rs7800418 26606005 1 -0.00187140791725524 26591872 26608284 16412
7 1584 rs880028 50570136 3 0.00186105129682178 50546261 50573333 27072
7 1287 rs1861239 38515584 2 0.00186095071667637 38507180 38533101 25921
7 1673 rs769347 53272765 1 -0.00184748656204129 53256063 53283134 27071
7 3040 rs287624 130438005 1 -0.0018317548546485 130433384 130438214 4830
7 3201 rs10954546 136452082 1 0.00183162927276883 136419814 136508139 88325
7 1871 rs10265996 70572266 1 0.00182987327014326 70572266 70577001 4735
7 671 rs13231529 20337532 1 0.00182877402359324 20326797 20337532 10735
7 3114 rs12531471 132741757 3 -0.0018197863064715 132712250 132741757 29507
7 206 rs887848 8179846 1 0.00181229565814713 8179846 8179846 0
7 1604 rs12719026 51145202 3 0.00180874492364751 51137856 51148028 10172
7 1599 rs12216580 51051491 4 -0.00180597014506647 51043153 51057161 14008
7 2123 rs7792186 82419141 1 -0.00177905234583032 82414933 82428803 13870
7 2396 rs11982457 96377441 1 -0.00177848523325425 96377441 96384778 7337
7 903 rs7776941 26519717 3 0.00176731883922152 26513564 26520694 7130
7 3300 rs6948262 139976963 2 0.00175900015150428 139969051 139979843 10792
7 1470 rs10951858 46623843 1 -0.00175246903227164 46623843 46628578 4735
7 1380 rs6966512 42440761 1 0.00173752262406356 42412407 42440761 28354
7 2376 rs319327 95550100 1 0.00173113630736289 95532370 95552114 19744
7 2212 rs2302387 87092185 6 0.00172734247826166 87074419 87092185 17766
7 1874 rs7807224 70675645 2 -0.00172495590334647 70673908 70686526 12618
7 22 rs7783715 1923385 3 0.00172135686459392 1914679 1950809 36130
7 1624 rs965277 51798888 3 0.00170497837520413 51779695 51806112 26417
7 2702 rs1722052 109782499 3 0.00170449716515273 109774271 109809055 34784
7 1472 rs12535934 46665658 2 -0.00169997398763411 46653560 46665658 12098
7 1448 rs11976218 45386995 1 0.00169694183128612 45386995 45390815 3820
7 598 rs6953198 17746628 1 0.00168079899143148 17746053 17759386 13333
7 2476 rs2247445 100427263 2 -0.00167244740928596 100422156 100431980 9824
7 2784 rs2594442 114648223 1 -0.00165948860831183 114629285 114648253 18968
7 2907 rs1525629 123112856 1 -0.00165422097193365 123097194 123179787 82593
7 3617 rs6948868 152318718 1 -0.00165345783978489 152318718 152323962 5244
7 378 rs13312287 12220761 2 -0.00165244273355842 12215562 12227892 12330
7 1300 rs6415270 38841447 2 0.0016495025393976 38823574 38870444 46870
7 2387 rs6945303 96029077 2 0.0016420763686966699 96019473 96029077 9604
7 133 rs4357206 5402606 2 0.00162699608163569 5402606 5402606 0
7 2105 rs258716 81771456 2 -0.00161648274645663 81754449 81772396 17947
7 892 rs745580 26008052 1 0.00160767229798735 26007582 26030325 22743
7 1421 rs17769733 44177412 3 0.00160152689913123 44167213 44177412 10199
7 2350 rs10953141 94888158 2 0.00160118800246295 94788164 94888158 99994
7 1678 rs7786939 53405036 2 -0.00159793492769073 53405036 53438252 33216
7 2223 rs17255978 87754915 1 0.0015929723468977 87754915 87754915 0
7 294 rs10271818 10137638 1 0.00157895561078341 10137638 10140489 2851
7 2016 rs37859 78420458 2 0.00157578117860469 78420458 78422208 1750
7 49 rs10951010 3076053 1 0.00157273237610811 3076053 3076053 0
7 1697 rs12537357 54168005 1 -0.00154468756459655 54165227 54182781 17554
7 3099 rs156931 132150710 1 -0.00154243793987424 132150710 132150710 0
7 3560 rs2373961 150681210 2 0.00153467276326846 150673314 150681210 7896
7 663 rs38152 20047575 1 0.00153272634967975 20047011 20050490 3479
7 164 rs724254 7186554 2 -0.00152321207804819 7185752 7187869 2117
7 2864 rs10239799 120405335 1 -0.0015186508406973 120392333 120405335 13002
7 3772 rs7790357 156464214 1 -0.00151531730594698 156463980 156469123 5143
7 1333 rs1921752 40796618 1 -0.00150198139923183 40786932 40796618 9686
7 2215 rs4148751 87143153 1 0.0014907896228784 87141497 87169669 28172
7 2144 rs6966242 83211117 2 0.00148742484552499 83206573 83226044 19471
7 2426 rs1229545 97422195 2 0.00148257481107771 97404380 97428673 24293
7 1090 rs12701156 31943754 1 -0.00147926336613232 31943754 31984978 41224
7 1952 rs3108418 76854725 1 0.00147838037441525 76828953 76860287 31334
7 3609 rs4726130 151703287 1 -0.00147671809344822 151703287 151703287 0
7 3350 rs2367486 142492130 3 0.00147266892135417 142400845 142515811 114966
7 3492 rs735787 148154833 3 0.00145183904069589 148154833 148176899 22066
7 350 rs987904 11653904 1 -0.00141934816711039 11642451 11653904 11453
7 1250 rs2700996 37369189 3 0.00141618633823216 37369189 37369557 368
7 2961 rs756900 126346559 2 -0.0014100615319064 126312844 126357927 45083
7 2390 rs6961784 96150473 1 0.00140258081796191 96133531 96150473 16942
7 1597 rs10258680 50954338 1 0.00139063891906676 50938948 50995578 56630
7 1189 rs6967110 35584937 1 -0.00138953959661789 35584937 35590308 5371
7 2541 rs3914126 103505675 3 0.00136931102952775 103481730 103511943 30213
7 1647 rs6945518 52594753 1 -0.00134476293237551 52579609 52596669 17060
7 2253 rs7778127 88919393 1 0.00134283064749707 88864432 88919393 54961
7 2111 rs38553 81877715 1 -0.0013411611971603 81877715 81892962 15247
7 2136 rs2244639 82893679 2 -0.00133912683256137 82880350 82909245 28895
7 514 rs38169 15893300 1 -0.00131894478686326 15891740 15893300 1560
7 2230 rs2373452 88098737 1 0.00131523101242076 88098737 88102745 4008
7 1598 rs10486748 51025937 1 -0.00129755119258678 51025937 51027194 1257
7 2255 rs1013540 88974907 3 -0.00128324995983647 88964061 88974907 10846
7 519 rs11970794 16023561 1 -0.00126838986052891 16023561 16036970 13409
7 630 rs10223990 18979516 1 -0.00125157778742616 18979516 18979516 0
7 1737 rs1357741 56291170 2 0.00124963193946649 56253638 56294281 40643
7 2738 rs29465 111630024 2 -0.00124049164183223 111630024 111630670 646
7 2091 rs11975846 81363334 3 0.0012325047695942 81339304 81371619 32315
7 3076 rs2216982 131597501 1 -0.00122458014981775 131597409 131597501 92
7 633 rs11984041 19031935 1 -0.0012244101187271 19031935 19031935 0
7 1432 rs1050331 44808091 1 0.00120974816946043 44808091 44871948 63857
7 1838 rs11983901 68571255 1 0.00120763731707395 68569986 68594912 24926
7 883 rs10216251 25801774 3 -0.00120261409725056 25801774 25802471 697
7 541 rs562687 16620928 4 -0.00119159065952431 16615490 16620928 5438
7 1331 rs10486813 40728610 3 0.00118865529601668 40699189 40728610 29421
7 1973 rs3779329 77677237 1 -0.00117823724943957 77677220 77679834 2614
7 642 rs960044 19413271 2 -0.00117216006711329 19397441 19415207 17766
7 1435 rs3735494 45124286 2 -0.00116778511112853 45090506 45125700 35194
7 1463 rs7778803 46259925 1 -0.00115747886506111 46259925 46297747 37822
7 1828 rs3846977 68251617 1 -0.0011489588314805 68251617 68270995 19378
7 3386 rs1881849 144543167 2 -0.00114886230754993 144543167 144566296 23129
7 2406 rs6960249 96660132 2 0.00114481097578474 96649356 96660132 10776
7 863 rs11762772 25344021 1 0.00113128305840631 25343429 25344021 592
7 3739 rs2018408 155693166 1 -0.0011251161856133 155690938 155693481 2543
7 1653 rs12672075 52743803 2 -0.00111829503671616 52743803 52743803 0
7 366 rs6965929 12029512 1 -0.00111649442635496 12029512 12029512 0
7 1533 rs10248040 48354820 1 0.00111596064278518 48350983 48361784 10801
7 2114 rs10262899 82103053 3 -0.0011138818840746 82103053 82132710 29657
7 1925 rs17145361 73697327 2 0.00111359431369003 73697327 73703236 5909
7 563 rs17136772 16925645 1 -0.00111260513182374 16925645 16925645 0
7 2941 rs1427575 124991885 2 0.00110886581389322 124987980 125001250 13270
7 3596 rs3813852 151551793 1 0.00110681217485937 151546589 151551793 5204
7 3391 rs7799590 144720781 2 -0.00110507918973419 144703987 144730377 26390
7 1231 rs10276012 36805549 1 0.00109996639999942 36800555 36807381 6826
7 1674 rs10232192 53299136 2 -0.00109962852269162 53290896 53303291 12395
7 1334 rs2302025 40847909 1 -0.00109946656767841 40824133 40847909 23776
7 1987 rs9641392 78024012 1 -0.00109926816046651 77993077 78024012 30935
7 3508 rs7789362 148744033 1 -0.00109035376703168 148744033 148746224 2191
7 2788 rs9942713 114897575 2 -0.00107574538191993 114874584 114905432 30848
7 3465 rs2708240 147577537 2 0.00107430381184757 147574390 147612321 37931
7 3265 rs501492 138644441 3 -0.00107050971950536 138639832 138648537 8705
7 1913 rs6951638 72216292 1 0.00106694118432427 72193854 72216292 22438
7 1405 rs886550 43336243 1 0.00106370278298697 43320431 43336243 15812
7 3055 rs9640862 130913725 1 -0.00106345241262909 130913725 130913725 0
7 3837 rs1188960 158687998 1 0.00106342463506118 158687998 158707017 19019
7 1039 rs255152 30761852 3 0.0010591031672192 30754949 30764503 9554
7 1162 rs11764303 34477795 1 0.00105867636510591 34477795 34484821 7026
7 110 rs17134911 4565594 1 0.00105684601676158 4565594 4565594 0
7 1233 rs17329536 36851294 1 0.00104840631113055 36838434 36851426 12992
7 1172 rs324978 34814332 1 -0.0010463400586722 34792221 34814332 22111
7 2860 rs723908 120136191 1 0.0010340321839465 120110248 120145310 35062
7 1068 rs1860795 31344595 3 0.00103067352845457 31344131 31349138 5007
7 3334 rs1569085 141241540 1 0.00103045222755761 141241540 141286885 45345
7 1260 rs6978014 37612345 3 0.00102785415617017 37584705 37625976 41271
7 1672 rs7808774 53251092 1 0.00101697186549527 53249376 53254366 4990
7 512 rs10950582 15852195 1 0.0010157457053495 15852195 15868471 16276
7 3563 rs2303929 150761314 1 0.00101330489658553 150755839 150761314 5475
7 3184 rs11772302 135678299 1 -0.0010071477848379 135675538 135688926 13388
7 1166 rs10274492 34607064 1 -9.976173321480117e-4 34560779 34640485 79706
7 1658 rs2913036 52853441 1 9.901308386078811e-4 52846014 52868222 22208
7 3612 rs10248875 152220077 1 -9.88210426400058e-4 152220077 152220077 0
7 219 rs974645 8396706 1 -9.776309945792113e-4 8396706 8398372 1666
7 3203 rs10488598 136587843 1 9.758234565670316e-4 136584075 136612314 28239
7 3267 rs10280239 138715731 2 9.65324129714412e-4 138704135 138715731 11596
7 3336 rs745162 141616506 2 -9.63978652617048e-4 141589278 141627939 38661
7 338 rs6956916 11446902 1 -9.616027577827946e-4 11418670 11447301 28631
7 2598 rs672416 105376750 1 9.565167710942756e-4 105364258 105376750 12492
7 2641 rs2536501 106711398 1 -9.49950280805992e-4 106711398 106723926 12528
7 3627 rs12531982 152700399 1 -9.493254671939732e-4 152700399 152700399 0
7 2773 rs1194328 113898450 1 9.428281448606828e-4 113898450 113963334 64884
7 3318 rs528957 140769459 1 9.395749144064232e-4 140719702 140769459 49757
7 1535 rs17662118 48455084 2 -9.356731772251684e-4 48439043 48455084 16041
7 3715 rs1881690 154925087 1 9.28734956857272e-4 154925087 154925087 0
7 733 rs11768670 21765497 1 9.217720428234372e-4 21765452 21766037 585
7 1503 rs2278873 47610812 1 -9.211523120230004e-4 47607478 47619815 12337
7 2574 rs7781331 104275367 2 9.156640227000256e-4 104275367 104306182 30815
7 2349 rs6465454 94702805 1 -9.14840103315697e-4 94702805 94702805 0
7 3657 rs7794175 153378283 1 9.113035110680112e-4 153378283 153387672 9389
7 968 rs216743 28601707 2 -9.09292394621159e-4 28597640 28619038 21398
7 3785 rs6979947 157005863 1 9.082141744349236e-4 156936631 157031407 94776
7 2557 rs2385143 103893163 2 -9.03741644715654e-4 103893012 103896585 3573
7 821 rs17369536 24219795 1 -9.03454411427014e-4 24207028 24239184 32156
7 3815 rs6961856 157866856 1 9.031691255787848e-4 157860945 157866856 5911
7 812 rs4722292 23946488 1 -8.967475767333972e-4 23946488 23962975 16487
7 3188 rs834760 135840461 1 -8.954630932129718e-4 135826471 135840461 13990
7 3595 rs6950343 151536181 1 8.954140629700543e-4 151536181 151536181 0
7 1558 rs12668599 49360650 2 -8.947313305334044e-4 49352664 49403143 50479
7 343 rs10236127 11564201 1 -8.926828847453077e-4 11555918 11564362 8444
7 3653 rs11763266 153305945 1 8.914466491226122e-4 153294306 153308177 13871
7 3838 rs10275341 158710642 1 8.84834232153249e-4 158710642 158730579 19937
7 2827 rs2402267 117497811 1 8.66427863543014e-4 117496144 117517293 21149
7 2070 rs17154583 80522906 2 8.652162485972094e-4 80488068 80522906 34838
7 905 rs6461949 26552429 1 8.619087252385493e-4 26552429 26552429 0
7 3593 rs4726101 151513282 1 8.603029884983584e-4 151513282 151513282 0
7 628 rs12699994 18895297 1 -8.549714084275645e-4 18877874 18895297 17423
7 973 rs4719946 28716154 1 8.4340339560907e-4 28715056 28716154 1098
7 1451 rs950971 45575915 2 -8.422366244934905e-4 45553681 45598469 44788
7 3535 rs12538839 150132288 1 -8.378039803807462e-4 150131997 150132288 291
7 1790 rs6972789 67120558 3 8.376624409391561e-4 67109115 67120558 11443
7 3756 rs7782633 156097080 1 -8.31874257423553e-4 156094690 156102061 7371
7 1074 rs218128 31477282 4 -8.286803867368369e-4 31477282 31492624 15342
7 798 rs6461687 23116580 1 8.221167287068923e-4 23115966 23116580 614
7 1458 rs788723 46086784 2 8.217591511946771e-4 46059924 46086784 26860
7 1457 rs4278081 46033433 1 -8.211480576661243e-4 46033433 46046239 12806
7 1675 rs6956897 53327665 1 -8.185304595816874e-4 53306730 53331061 24331
7 2865 rs3823859 120483336 1 -8.172404492642355e-4 120483336 120519615 36279
7 108 rs1447398 4552959 1 -8.083132721764021e-4 4552959 4553521 562
7 3564 rs10273337 150800739 1 -8.045835108265355e-4 150800739 150800823 84
7 2903 rs6961894 122894149 4 8.041850847687842e-4 122858776 122894149 35373
7 2119 rs997166 82331576 1 7.901211712355307e-4 82327115 82331576 4461
7 2906 rs1860722 123037157 1 -7.855067907339794e-4 123037157 123076328 39171
7 3151 rs6467561 134505711 1 7.794378417949688e-4 134505711 134508087 2376
7 1490 rs768904 47188122 1 -7.79015658328099e-4 47186412 47206621 20209
7 3452 rs1528510 147192393 1 -7.783011575480022e-4 147192393 147201446 9053
7 3254 rs17442029 138436498 2 7.747396231284461e-4 138436480 138436498 18
7 926 rs17428988 27381538 1 -7.739948043016924e-4 27380936 27389198 8262
7 840 rs2269812 24746022 1 -7.726074524714052e-4 24742437 24761850 19413
7 1600 rs17134122 51075104 1 7.714061050678469e-4 51061953 51075104 13151
7 1866 rs7784844 70317727 1 7.652315138812192e-4 70316365 70325633 9268
7 1442 rs1294906 45235862 1 7.648224939044115e-4 45235862 45237407 1545
7 1798 rs10266956 67335673 1 7.638887821811422e-4 67319114 67337547 18433
7 1328 rs12533531 40418721 2 -7.60931487883612e-4 40379594 40427000 47406
7 1191 rs10270008 35593568 2 7.563839268687683e-4 35593568 35610162 16594
7 3440 rs4559158 146879634 1 7.543017010532671e-4 146854133 146887300 33167
7 3576 rs1004340 151099634 2 7.513858335970449e-4 151099634 151099634 0
7 1395 rs10254637 43125193 1 7.511163283401815e-4 43121816 43147965 26149
7 2184 rs12670014 85433391 1 7.476530393617422e-4 85433391 85461399 28008
7 2282 rs7808418 90305331 1 -7.473117863076912e-4 90303785 90338850 35065
7 1685 rs2059407 53652608 2 -7.456480127348353e-4 53652231 53661764 9533
7 1060 rs4723048 31171531 1 -7.420276975452333e-4 31169714 31175964 6250
7 1727 rs11974368 55442775 2 7.405418367940007e-4 55442775 55499723 56948
7 2242 rs2107601 88511233 1 7.384215887129607e-4 88479794 88543687 63893
7 3433 rs12703845 146571183 1 7.358093780221321e-4 146547048 146571183 24135
7 78 rs2051918 3766819 1 7.345792023465994e-4 3766819 3766819 0
7 3305 rs558 140033631 2 7.332596637275083e-4 140033631 140033631 0
7 682 rs7807424 20520093 1 7.309888817164242e-4 20518908 20535864 16956
7 1515 rs6953528 47820962 1 7.30699927069923e-4 47817391 47827255 9864
7 925 rs1990121 27362214 2 -7.287239943246623e-4 27362214 27372021 9807
7 1770 rs4718223 64770261 1 -7.238398970955427e-4 64768219 64786318 18099
7 2477 rs7789085 100472826 2 -7.230786400891666e-4 100453208 100512119 58911
7 496 rs12234378 15331080 2 7.195293364403336e-4 15331080 15331080 0
7 300 rs17162816 10279486 1 7.18661193232541e-4 10275979 10279486 3507
7 1358 rs257114 41830184 1 7.131684020842285e-4 41821917 41839311 17394
7 796 rs2286707 23028610 3 -7.0963156349937e-4 22980638 23028610 47972
7 1422 rs2971676 44194482 1 7.074703343884961e-4 44189023 44194482 5459
7 2411 rs9692573 96946643 1 7.007710028848627e-4 96920447 96946643 26196
7 2811 rs2237712 116338658 1 6.957189041254232e-4 116336880 116341488 4608
7 2552 rs10260517 103650246 1 -6.9090564401588e-4 103650219 103670208 19989
7 1705 rs1454520 54680903 1 -6.875228827303478e-4 54678150 54705006 26856
7 1256 rs12540876 37460441 1 6.857114590425509e-4 37455031 37460441 5410
7 754 rs1174992 22026842 2 -6.818858245703333e-4 22025917 22035238 9321
7 1443 rs1294884 45246984 2 -6.808884639746533e-4 45246984 45256975 9991
7 3239 rs6953434 137878774 1 6.797130313966164e-4 137878774 137885181 6407
7 174 rs6956860 7349495 1 6.774788386393511e-4 7347654 7349495 1841
7 2709 rs2966406 110134191 1 6.738339750524234e-4 110125420 110134191 8771
7 1267 rs2598119 37936384 1 6.736142649213993e-4 37936384 37951726 15342
7 2628 rs41836 106266554 1 6.736018771014566e-4 106266554 106266814 260
7 1814 rs10259019 67831297 1 -6.705406443235925e-4 67828081 67844301 16220
7 1924 rs223014 73579794 1 -6.62926470003199e-4 73579794 73579794 0
7 2137 rs17157388 82923367 2 6.556596125416017e-4 82915430 82925773 10343
7 1029 rs723654 30211222 1 -6.55643251123799e-4 30210227 30211222 995
7 857 rs2717885 25174332 2 6.546871171272805e-4 25155861 25185100 29239
7 150 rs12538142 6475799 1 -6.505451217850036e-4 6447041 6477002 29961
7 1454 rs45444695 45747949 4 -6.487208581073655e-4 45723834 45771543 47709
7 556 rs3807498 16823169 1 -6.484748825592907e-4 16823169 16824662 1493
7 710 rs4515449 21277583 1 6.452331905933516e-4 21277583 21280322 2739
7 2286 rs802396 90610105 2 -6.44013847402427e-4 90587851 90639136 51285
7 861 rs916893 25295346 2 6.42585183109555e-4 25275311 25297755 22444
7 1854 rs17491493 70022011 1 -6.402111081118257e-4 70014509 70022483 7974
7 2107 rs3801737 81786628 3 -6.393591859367737e-4 81786043 81796853 10810
7 3802 rs6459804 157510195 2 6.294458951300201e-4 157510195 157516956 6761
7 360 rs10253052 11916354 1 6.263305201858125e-4 11916354 11916354 0
7 835 rs7799805 24480963 1 -6.220880696719482e-4 24468285 24480963 12678
7 2153 rs1358158 83499272 1 -6.22043927679416e-4 83499272 83502159 2887
7 2307 rs929412 92165862 2 6.172712465734528e-4 92132493 92182674 50181
7 2522 rs2965086 103084913 1 -6.166977691636911e-4 103072270 103084913 12643
7 665 rs4721864 20093641 2 6.165860210386607e-4 20093641 20093641 0
7 3466 rs12673711 147615015 1 6.109849419722509e-4 147613758 147619904 6146
7 114 rs10262589 4658125 1 6.092459569474355e-4 4658125 4662273 4148
7 1008 rs10262722 29540205 1 -5.978775775948773e-4 29535325 29540205 4880
7 2489 rs7796259 101105017 1 -5.974317583726626e-4 101102046 101115923 13877
7 2037 rs6955922 79248120 2 5.868578920745652e-4 79221707 79248120 26413
7 727 rs8180768 21657185 1 5.856090579754121e-4 21648554 21657185 8631
7 523 rs10269890 16168502 1 5.815896478831954e-4 16127297 16168502 41205
7 3794 rs3735198 157295625 2 -5.785671704436815e-4 157289534 157299223 9689
7 2089 rs10276241 81273423 1 5.768912931676696e-4 81253845 81276415 22570
7 1192 rs12113684 35626264 1 -5.75192116673661e-4 35626264 35626264 0
7 2768 rs10244620 113315926 1 5.720221392025516e-4 113302262 113322649 20387
7 2235 rs2538898 88247365 1 -5.704858898614772e-4 88247365 88247365 0
7 511 rs12113594 15833180 1 5.696150636158322e-4 15833180 15833180 0
7 1788 rs13238909 67076373 1 5.66920944932428e-4 67066278 67077894 11616
7 1396 rs6978743 43166061 2 -5.616209061693602e-4 43162622 43166443 3821
7 245 rs6961566 9006896 1 5.476067198999618e-4 9006896 9009281 2385
7 1834 rs7805438 68448569 2 5.457176669145507e-4 68433598 68448569 14971
7 3662 rs10155813 153623251 3 5.43729689595773e-4 153622306 153625843 3537
7 2905 rs11984044 122955347 2 -5.437214605593806e-4 122935021 122986940 51919
7 2927 rs1181810 124185833 1 5.359119117984938e-4 124164127 124185833 21706
7 2301 rs2157998 91320854 1 5.33372931493332e-4 91299161 91345077 45916
7 2884 rs10276802 121468918 1 -5.245189079065415e-4 121439019 121488137 49118
7 1430 rs2304372 44606184 1 5.230096168419524e-4 44600376 44669698 69322
7 1301 rs6955677 38933942 1 5.170213984603187e-4 38919395 38933942 14547
7 3053 rs6467365 130887581 3 -5.169103974028628e-4 130887581 130890537 2956
7 427 rs10242586 13497326 4 5.160701207505541e-4 13485785 13502530 16745
7 1981 rs13239642 77875299 1 -5.132388096546089e-4 77868102 77876216 8114
7 852 rs2711005 25031419 1 -5.132018465038265e-4 25031419 25055740 24321
7 944 rs7806309 27937679 2 -5.056237432438345e-4 27937679 27958750 21071
7 632 rs17435661 19017368 1 -5.03971095091076e-4 19014843 19021592 6749
7 2624 rs17153258 106149219 1 -5.039686086139628e-4 106147658 106158370 10712
7 3022 rs3800602 129360201 1 5.029244665477341e-4 129321191 129380243 59052
7 948 rs17156218 28062736 1 -5.002744637450298e-4 28054740 28086134 31394
7 3130 rs1222430 133915760 1 4.998266277621661e-4 133890232 133915760 25528
7 94 rs6978817 4237382 1 4.982668802979231e-4 4237382 4240085 2703
7 41 rs1182206 2811543 1 4.965142905113803e-4 2801542 2815140 13598
7 3630 rs1525041 152736800 1 4.94955413124743e-4 152736800 152737733 933
7 2197 rs802427 86296335 2 -4.94433094944135e-4 86293693 86325620 31927
7 1023 rs740142 29894775 1 4.918847411212819e-4 29887612 29894775 7163
7 3158 rs3800592 134849213 2 -4.884838248220931e-4 134708675 134853231 144556
7 3014 rs6966595 129006202 1 -4.876539275772571e-4 129006202 129045191 38989
7 2497 rs740200 101259815 2 4.813493028784872e-4 101259815 101259815 0
7 1078 rs10252720 31618008 2 4.77572983328088e-4 31615654 31640286 24632
7 3185 rs7798858 135710436 1 4.7560745633880064e-4 135699857 135715070 15213
7 1522 rs146750610 47955049 1 4.747000436485776e-4 47941714 47955049 13335
7 3181 rs894795 135562501 1 -4.7374356426009513e-4 135562501 135562501 0
7 1418 rs61751727 43978084 1 4.6723321677421105e-4 43969408 43997075 27667
7 115 rs1568731 4665570 1 4.6596714572767355e-4 4665570 4667201 1631
7 1113 rs1580024 32497968 2 -4.6483046331826055e-4 32476929 32498953 22024
7 1577 rs9649739 50311805 1 -4.60938158238885e-4 50269672 50311805 42133
7 3577 rs10231083 151119265 2 4.607791619480015e-4 151119265 151119265 0
7 782 rs2905345 22617721 1 -4.604284500106134e-4 22617721 22617721 0
7 2192 rs2708542 85904474 1 -4.6013381766875307e-4 85904474 85964034 59560
7 1120 rs7785065 32915204 1 4.596582415961663e-4 32908704 32915204 6500
7 3502 rs243538 148404379 1 4.587955491880007e-4 148404379 148404379 0
7 1009 rs1055010 29551124 2 -4.5690489053303e-4 29551124 29551124 0
7 2227 rs2024195 88039884 1 -4.5578424312023145e-4 88039884 88054931 15047
7 2231 rs6977770 88161734 1 4.521894081524508e-4 88161734 88161734 0
7 2967 rs2237777 126642455 2 -4.478627273824766e-4 126637759 126642455 4696
7 1977 rs987493 77766520 1 4.4778055335895073e-4 77766520 77771752 5232
7 3297 rs2267705 139696248 2 -4.43506794539292e-4 139696248 139696248 0
7 3561 rs17545756 150732812 1 -4.432200148601903e-4 150732812 150747937 15125
7 643 rs10950726 19451146 5 -4.42041856928797e-4 19433802 19456495 22693
7 2076 rs10262336 80660357 1 4.362567290017328e-4 80660357 80683308 22951
7 2674 rs40851 108145121 1 -4.36147890019234e-4 108139739 108164484 24745
7 679 rs11980974 20468718 1 -4.358207263188115e-4 20468718 20468718 0
7 3671 rs6944113 154007342 1 -4.339759373113971e-4 154007342 154007342 0
7 116 rs117943885 4841614 1 -4.334458122752966e-4 4825314 4841614 16300
7 559 rs7797977 16862235 2 -4.3277357126104656e-4 16862235 16878113 15878
7 2321 rs17785143 93013606 1 4.322076603972304e-4 93009475 93013606 4131
7 2240 rs10246107 88444133 2 4.3086450015555053e-4 88416536 88447187 30651
7 3464 rs2888536 147566862 2 -4.2777283987133934e-4 147558680 147567236 8556
7 661 rs6461469 19967857 1 4.246271263779448e-4 19959535 19967857 8322
7 1749 rs11509954 57481104 1 -4.230728506862591e-4 57455018 57481104 26086
7 2466 rs7787525 99493660 1 -4.229388443913446e-4 99477426 99545309 67883
7 3026 rs940790 129645798 1 -4.222162203921714e-4 129634289 129645798 11509
7 2266 rs9987049 89626246 1 -4.207044093146488e-4 89623326 89626246 2920
7 629 rs17350355 18928503 1 4.1791820997542846e-4 18924850 18928503 3653
7 362 rs2355129 11925539 1 -4.1721800815889095e-4 11925539 11933414 7875
7 2879 rs10253361 121275229 2 -4.1592001776814054e-4 121270977 121279250 8273
7 2965 rs1204526 126512514 1 4.151374542917635e-4 126472747 126513625 40878
7 3403 rs850323 145121559 1 4.1478792001971575e-4 145092324 145121559 29235
7 2580 rs2470955 104445169 1 4.116144590205907e-4 104435897 104445169 9272
7 1872 rs1796089 70649545 1 -4.1137734870640966e-4 70649545 70649545 0
7 988 rs10486607 29184489 1 -4.1022682464522903e-4 29184489 29184489 0
7 3083 rs10258063 131828282 3 4.1016509230199215e-4 131828282 131834858 6576
7 923 rs6960464 27300262 2 -4.085209911788493e-4 27297791 27303050 5259
7 3382 rs6979644 144392407 1 4.067132806722483e-4 144368758 144392407 23649
7 2068 rs17275986 80418689 1 4.064667230655967e-4 80409544 80418689 9145
7 1144 rs7457120 33899231 1 4.020955592759401e-4 33899231 33899231 0
7 86 rs2342489 4070095 1 -4.0132728693799354e-4 4070095 4077620 7525
7 2505 rs12537526 101630597 1 -3.999683631582305e-4 101630597 101630597 0
7 2596 rs846936 105327647 1 3.963725452575752e-4 105315630 105327647 12017
7 2503 rs4236558 101539732 2 -3.946883699813433e-4 101532721 101545685 12964
7 2888 rs1147499 121668320 1 3.845811940283204e-4 121642360 121677000 34640
7 2232 rs6952109 88195330 1 3.830385717241121e-4 88191618 88201442 9824
7 725 rs6963535 21628237 1 3.829622677805127e-4 21606129 21628237 22108
7 2620 rs7789066 105927752 1 3.808307873443378e-4 105927752 105933203 5451
7 697 rs17143575 20998875 1 -3.790134703868252e-4 20998875 21021498 22623
7 882 rs4722511 25779243 1 3.773004082501057e-4 25739360 25792666 53306
7 3804 rs1000137 157644152 1 3.748874695569166e-4 157644152 157644152 0
7 3171 rs3112368 135411615 1 3.747053148975402e-4 135400731 135411615 10884
7 1081 rs10247756 31772384 1 -3.7157184345294286e-4 31732084 31773080 40996
7 334 rs4454185 11349438 1 3.711870027401628e-4 11345148 11358787 13639
7 1344 rs10238779 41294684 1 -3.698475384219995e-4 41287859 41294684 6825
7 1941 rs10280802 75529137 2 -3.6793577291373535e-4 75510561 75546892 36331
7 2966 rs13224108 126595060 2 -3.6768970169280297e-4 126551079 126613163 62084
7 2911 rs2191308 123490879 2 3.6668670666159655e-4 123463159 123498400 35241
7 828 rs6461794 24358497 1 3.624737178794987e-4 24355660 24358497 2837
7 2948 rs1362043 125479578 1 -3.601445280003397e-4 125461881 125489826 27945
7 251 rs12539486 9104637 2 -3.5882942249620877e-4 9103436 9105028 1592
7 3068 rs918339 131327818 1 -3.5638188103022215e-4 131327818 131327818 0
7 2363 rs3801916 95121019 1 3.554152842983009e-4 95110894 95131967 21073
7 36 rs3735111 2649932 1 -3.536013985583891e-4 2640141 2649932 9791
7 1109 rs404865 32422149 1 -3.5203478877053195e-4 32422149 32423399 1250
7 1711 rs10281305 54890409 1 -3.51952683314948e-4 54889414 54893417 4003
7 53 rs3763496 3123248 1 -3.519500938767111e-4 3117874 3123248 5374
7 1636 rs6592964 52126953 2 3.510865850935798e-4 52122844 52158949 36105
7 950 rs10275834 28150475 2 3.4945236141195363e-4 28150475 28177301 26826
7 2801 rs1048508 115892650 2 -3.4680491068502233e-4 115856602 115906373 49771
7 1312 rs2237400 39449983 1 -3.456560066083629e-4 39436094 39462495 26401
7 2115 rs10954681 82178978 3 3.447285534495483e-4 82169556 82178978 9422
7 2762 rs6466440 112908788 1 -3.433687982139029e-4 112908788 112947322 38534
7 117 rs9655042 4869751 1 3.4308184437354517e-4 4869751 4869751 0
7 829 rs2722407 24371586 3 3.4288113904982153e-4 24368686 24385049 16363
7 2564 rs1557689 104007886 2 -3.3956344141783634e-4 103996031 104010267 14236
7 2555 rs2188284 103864567 1 3.394256767681881e-4 103836980 103870718 33738
7 781 rs10275628 22604319 1 3.364390173195343e-4 22604319 22604319 0
7 43 rs1182144 2911972 1 -3.358521916511699e-4 2884283 2911972 27689
7 1949 rs12540927 76432653 1 3.3574849047115503e-4 76432653 76432653 0
7 2592 rs10260974 105228825 2 -3.3310737337600245e-4 105226180 105228825 2645
7 2890 rs157659 121799079 1 -3.3220164202928863e-4 121790934 121799079 8145
7 1294 rs10265891 38678273 1 -3.29092726346937e-4 38678273 38678273 0
7 501 rs17150113 15534475 1 -3.2906921809048234e-4 15534475 15537350 2875
7 1205 rs4720196 36183300 1 -3.289609648914238e-4 36169168 36189568 20400
7 1539 rs11762388 48527244 1 3.263203435807529e-4 48523649 48557141 33492
7 3177 rs4732148 135487851 2 3.2548274475303023e-4 135484024 135488621 4597
7 2015 rs1207866 78401341 1 3.219987294451222e-4 78401341 78403188 1847
7 1180 rs340373 35394378 1 -3.190453968498233e-4 35392897 35398320 5423
7 3221 rs834059 137229997 1 3.180468675771101e-4 137221292 137229997 8705
7 1561 rs17394967 49542874 1 3.12562712879553e-4 49542874 49581956 39082
7 3098 rs2241733 132130033 2 3.1115911894874775e-4 132129571 132130033 462
7 3349 rs6975391 142369835 1 3.109713139800349e-4 142014213 142369835 355622
7 718 rs17144391 21433440 2 3.076274417737439e-4 21431809 21446889 15080
7 1768 rs4717229 64451699 4 3.056049728984103e-4 64451699 64456549 4850
7 2581 rs10953454 104503813 1 3.043038807283192e-4 104482321 104503813 21492
7 1425 rs35397936 44301371 1 3.034844052255114e-4 44301371 44301371 0
7 2832 rs17140751 117713915 1 3.0323902795732305e-4 117713573 117713915 342
7 421 rs1035085 13303201 3 3.032016072555411e-4 13302054 13307686 5632
7 993 rs3793306 29314083 1 3.0045458926033434e-4 29314083 29319074 4991
7 723 rs2158413 21563636 1 2.9991169995845565e-4 21558552 21564835 6283
7 1089 rs10252546 31934481 3 -2.9438532817639446e-4 31922902 31934481 11579
7 712 rs10277012 21298242 1 2.9252216426087094e-4 21291229 21298242 7013
7 2536 rs540058 103359720 2 -2.917979716484787e-4 103332710 103366592 33882
7 1069 rs10238918 31377369 2 2.915217928947054e-4 31354581 31377369 22788
7 2918 rs1540352 123836711 2 -2.899849625224865e-4 123826939 123855507 28568
7 89 rs11766511 4173613 1 2.861183635309387e-4 4173613 4175508 1895
7 3834 rs11971753 158572273 2 2.8249487214202727e-4 158553291 158583984 30693
7 344 rs10242744 11579793 1 -2.746093456941007e-4 11569734 11581381 11647
7 2468 rs941290 99678622 1 2.7324185546603104e-4 99654600 99701176 46576
7 3333 rs1181753 141142132 1 -2.7173419992246686e-4 141141678 141153209 11531
7 3571 rs2975199 151016648 1 2.709667734432636e-4 151005056 151016648 11592
7 333 rs17542300 11330387 1 -2.709506098489667e-4 11326981 11334427 7446
7 3197 rs11761139 136150869 1 2.7040553484688394e-4 136131088 136151940 20852
7 3768 rs6964104 156359656 1 -2.6956641424051217e-4 156359656 156359656 0
7 411 rs7778616 13077065 1 -2.693051287202735e-4 13067198 13086613 19415
7 1094 rs30593 32105096 1 2.69293339982555e-4 32105096 32111162 6066
7 506 rs10282109 15699816 2 -2.684128588752217e-4 15698178 15699816 1638
7 822 rs2107310 24246688 1 -2.672754758064938e-4 24244012 24249469 5457
7 2149 rs17148223 83399295 2 2.672500087569551e-4 83369234 83406694 37460
7 2622 rs2704973 106066658 1 -2.6692151062901015e-4 106064558 106066658 2100
7 1922 rs6948963 73425238 2 2.6666163534347885e-4 73425238 73425238 0
7 1017 rs850086 29772138 1 -2.651256550868531e-4 29772138 29772138 0
7 2847 rs11984305 118615045 3 2.6328693166927276e-4 118569946 118621316 51370
7 80 rs12532912 3891289 2 -2.620076540809052e-4 3891289 3918251 26962
7 388 rs10488158 12508894 1 -2.6143710164780123e-4 12508894 12510319 1425
7 272 rs17161870 9642956 2 -2.593890268778544e-4 9642956 9644762 1806
7 1514 rs1551278 47811850 1 2.5929049463425805e-4 47811850 47811850 0
7 674 rs10486391 20376018 1 2.5897562918002546e-4 20376018 20376018 0
7 2962 rs2299505 126376133 2 -2.5768929507520344e-4 126368292 126378143 9851
7 2116 rs6467906 82188970 2 2.547720730114319e-4 82183483 82191470 7987
7 3594 rs13309585 151517839 1 2.5445764571416674e-4 151517839 151519128 1289
7 2964 rs2299514 126409064 2 2.529603284712454e-4 126409064 126447564 38500
7 2687 rs10953594 108762225 1 -2.507390491901583e-4 108762225 108762225 0
7 1712 rs11238330 54926166 2 -2.5037067884028e-4 54926166 54950551 24385
7 942 rs6943712 27917884 1 -2.4654304603349234e-4 27917884 27917884 0
7 2830 rs2402296 117667791 2 2.459449636154886e-4 117642252 117667791 25539
7 984 rs7313 29070209 1 -2.432643503182755e-4 29041190 29074797 33607
7 1708 rs10238349 54751771 1 -2.4291592827182124e-4 54751771 54751771 0
7 3555 rs4725970 150558611 1 -2.424075492415665e-4 150557622 150562812 5190
7 595 rs2723543 17715616 1 2.418076041940784e-4 17715616 17719652 4036
7 2496 rs4727499 101238449 1 2.4019187864265105e-4 101238449 101239926 1477
7 3484 rs10225169 147990737 1 2.3963701939037083e-4 147980926 147990737 9811
7 3245 rs11762037 138077393 1 -2.3870626336338968e-4 138077393 138079079 1686
7 1716 rs11773818 55123968 1 2.3749446937185127e-4 55123968 55128207 4239
7 2985 rs741599 127339415 1 2.3712402188778704e-4 127286897 127339415 52518
7 1450 rs885244 45498400 1 2.3541667129926657e-4 45498400 45498400 0
7 2716 rs7803158 110343824 1 -2.352786349211169e-4 110343824 110365453 21629
7 2785 rs998903 114663499 1 -2.3516476927051816e-4 114651031 114722787 71756
7 888 rs6461889 25920438 1 -2.3303979069553448e-4 25911033 25923381 12348
7 2744 rs6466401 111782891 1 2.3044454852598988e-4 111782891 111782891 0
7 3375 rs1320892 143752228 1 -2.280598803774492e-4 143741024 143753348 12324
7 1717 rs4947490 55160538 1 2.279739351590173e-4 55151537 55160538 9001
7 2800 rs6968419 115823384 1 2.2589717423897497e-4 115817269 115853503 36234
7 68 rs17133292 3455249 3 -2.2536690152554444e-4 3445311 3464896 19585
7 400 rs4410798 12756756 1 2.250801478209136e-4 12756756 12756756 0
7 2126 rs13237603 82514138 2 -2.2449269718703523e-4 82508211 82516932 8721
7 897 rs2893245 26352073 2 -2.2434345012708163e-4 26342980 26352073 9093
7 777 rs740294 22471195 2 2.224657113818463e-4 22455769 22479118 23349
7 166 rs11762665 7217796 2 2.220067514502253e-4 7205749 7217796 12047
7 1695 rs2222689 54097645 1 2.214532419043232e-4 54097204 54108381 11177
7 930 rs2074337 27436685 2 -2.2100069297331177e-4 27431146 27448316 17170
7 807 rs12669134 23788550 3 2.203229418570005e-4 23750522 23802003 51481
7 2143 rs1860610 83149564 1 2.175611889991926e-4 83144112 83158344 14232
7 2407 rs1526084 96697572 1 2.173646356440613e-4 96674424 96697572 23148
7 636 rs7780145 19198132 2 2.1735220635250868e-4 19193072 19213238 20166
7 3685 rs902743 154248268 2 2.1579473853537985e-4 154248268 154250592 2324
7 841 rs4722385 24788209 1 -2.1258733020514516e-4 24780777 24788209 7432
7 191 rs12702661 7864751 1 -2.1249219575502463e-4 7859336 7864751 5415
7 590 rs6944072 17626941 1 -2.1220442117454345e-4 17621253 17626941 5688
7 2959 rs6943531 126145179 1 -2.1179112602134117e-4 126122354 126170622 48268
7 1837 rs3102796 68553958 1 2.0939232766825112e-4 68549929 68553958 4029
7 2804 rs760443 115996276 1 -2.0873082611052408e-4 115996276 116018179 21903
7 3152 rs2290363 134528383 1 -2.0803426668333132e-4 134524424 134531844 7420
7 566 rs847408 16965115 1 -2.078738950281835e-4 16963044 16977505 14461
7 2479 rs6946812 100695140 1 2.078067928857356e-4 100669857 100695140 25283
7 3050 rs7812207 130784051 1 -2.0604726315370009e-4 130784051 130784051 0
7 1958 rs11766346 76956597 1 -2.054143502040609e-4 76949191 76967876 18685
7 194 rs2109971 7906204 1 2.0168435162207248e-4 7906204 7907142 938
7 2726 rs37713 110876320 1 -2.0109647031703255e-4 110849110 110924289 75179
7 2899 rs6945932 122566809 1 1.991802481767532e-4 122566809 122581584 14775
7 3565 rs6970983 150825087 1 1.970358336277248e-4 150822192 150825087 2895
7 3690 rs12154602 154420513 2 -1.961432680942521e-4 154420513 154429560 9047
7 2636 rs12667819 106546657 3 1.949176102930817e-4 106546657 106580081 33424
7 1799 rs6460410 67365305 1 1.9470094019580323e-4 67349749 67365305 15556
7 429 rs2692464 13557623 1 1.9446050948391592e-4 13557623 13567908 10285
7 454 rs17167907 14170925 1 -1.942378305265714e-4 14170925 14170925 0
7 2843 rs1033064 118341243 1 -1.9385773987891188e-4 118338267 118345178 6911
7 224 rs6978212 8532844 1 1.9289075483636331e-4 8532844 8532844 0
7 3216 rs1431093 137016297 1 1.91025158529712e-4 137016297 137023509 7212
7 168 rs2159191 7266939 2 1.899807547087534e-4 7258339 7269171 10832
7 335 rs4719266 11370712 1 -1.8937233791332115e-4 11369405 11381458 12053
7 570 rs12670784 17059433 1 1.891746304907019e-4 17059433 17069968 10535
7 1709 rs6952793 54820186 1 -1.8883853788819057e-4 54773399 54844487 71088
7 2607 rs10244533 105562881 2 -1.8826090835016108e-4 105562881 105562881 0
7 1182 rs2551796 35461773 1 -1.8711719994119104e-4 35443475 35462145 18670
7 1284 rs6953928 38435447 1 1.8206190187386256e-4 38435447 38469039 33592
7 2175 rs2534868 84819357 4 -1.8110958556716728e-4 84785117 84827737 42620
7 717 rs7781656 21406569 1 1.7969267764047185e-4 21406569 21406569 0
7 3080 rs4731841 131761018 2 1.780483515257769e-4 131761018 131770215 9197
7 1489 rs12702305 47165732 1 -1.7761276832050992e-4 47160224 47185952 25728
7 3176 rs11761160 135480428 1 -1.7677542030357333e-4 135480428 135482945 2517
7 2807 rs6466587 116198001 2 1.763322464483536e-4 116175711 116204058 28347
7 201 rs12670535 7988091 1 1.7458852318195836e-4 7987940 7996590 8650
7 394 rs1318978 12661312 1 1.7297649377762437e-4 12645380 12661312 15932
7 1404 rs17723390 43293718 1 -1.7244240981866766e-4 43291972 43299455 7483
7 1745 rs7789755 57256338 1 -1.7209397223995427e-4 57256128 57256338 210
7 3399 rs3919487 144955976 2 1.717291429581084e-4 144906538 144955976 49438
7 1351 rs1482548 41491762 1 1.7118324266641644e-4 41485619 41506114 20495
7 3408 rs850476 145324078 1 -1.6983289982671143e-4 145324078 145363652 39574
7 2313 rs6948945 92548398 1 1.690398556470005e-4 92548398 92577760 29362
7 677 rs7782524 20451427 1 -1.6541724572896038e-4 20451427 20451427 0
7 1679 rs11983950 53454892 1 -1.6498727843975252e-4 53450856 53454892 4036
7 1735 rs4948106 56167595 2 -1.6363221970892042e-4 56118293 56171489 53196
7 1216 rs6942586 36530276 1 -1.6336844024765295e-4 36529394 36530276 882
7 3366 rs11768549 143095153 1 1.6304505141681195e-4 143095153 143097100 1947
7 3106 rs13224271 132335088 1 1.5989857604122078e-4 132329246 132351489 22243
7 2676 rs2215141 108244234 1 -1.5988802597933732e-4 108244234 108258793 14559
7 918 rs213516 26938809 1 1.5966935298744608e-4 26938809 27026872 88063
7 2180 rs2463484 85055666 1 -1.5847642190758992e-4 85055535 85092190 36655
7 1434 rs2158564 45038881 2 1.5648734482325905e-4 45023302 45069584 46282
7 986 rs117744081 29132279 1 1.563692079987246e-4 29132279 29141558 9279
7 2207 rs17161329 86770106 1 -1.5323572897726234e-4 86765642 86851097 85455
7 2238 rs17164033 88371952 1 1.527852303801457e-4 88349221 88371952 22731
7 2994 rs983828 128006395 1 1.5082604182617692e-4 128006395 128006395 0
7 1234 rs6969810 36868010 1 -1.50473291828041e-4 36867930 36883187 15257
7 3574 rs6963048 151069296 1 -1.4841949298926416e-4 151069296 151069296 0
7 3601 rs10952333 151636309 1 -1.4798198589064236e-4 151633265 151636309 3044
7 3629 rs6464297 152726381 1 1.4707507496343478e-4 152726381 152726381 0
7 2000 rs6947977 78141660 1 -1.4675428138884362e-4 78136192 78149064 12872
7 1954 rs1109968 76891485 1 1.4510257837793038e-4 76891485 76896701 5216
7 3180 rs17168496 135547365 1 1.4432679524309345e-4 135526123 135553732 27609
7 200 rs12702681 7971733 1 -1.422665962529805e-4 7968608 7979957 11349
7 3835 rs9638144 158604515 1 -1.421499784133468e-4 158604515 158626029 21514
7 2319 rs13224723 92941747 1 1.3779434144188554e-4 92877817 92941747 63930
7 3507 rs10236808 148698474 1 1.3721824202962406e-4 148698474 148712092 13618
7 3418 rs6464749 146020936 1 1.3628844722754458e-4 146020936 146020936 0
7 1274 rs1474346 38103949 1 1.349988529217384e-4 38097548 38140307 42759
7 2915 rs4490754 123732935 1 1.3471197574610986e-4 123700519 123732935 32416
7 3425 rs1089448 146204005 1 -1.32193437504257e-4 146196062 146226582 30520
7 2241 rs7804445 88461461 1 -1.3215064940960136e-4 88453043 88474896 21853
7 1551 rs10258925 49060792 1 1.3012309880696676e-4 49009139 49060792 51653
7 1354 rs10486718 41659417 1 1.2490948949594164e-4 41659417 41659417 0
7 3165 rs3828955 135054371 1 1.247235929218913e-4 135048804 135072141 23337
7 1911 rs2909989 71919202 1 1.2466256298588078e-4 71918506 71940548 22042
7 2379 rs17167270 95614521 1 -1.2175801855154812e-4 95614521 95619377 4856
7 3179 rs13242172 135512942 1 1.209963626826783e-4 135512610 135512942 332
7 2668 rs2267887 107968803 1 -1.2038896116140889e-4 107938242 107968803 30561
7 2845 rs1406739 118455178 1 1.1987577226945748e-4 118402674 118458421 55747
7 1289 rs17171395 38584734 1 -1.1889447140829584e-4 38578185 38590558 12373
7 3238 rs2440805 137822750 1 -1.1636905377568936e-4 137819998 137822750 2752
7 169 rs7778301 7292458 1 1.1435007250619169e-4 7271879 7292458 20579
7 785 rs6949149 22749157 1 1.1259908161803638e-4 22749157 22752873 3716
7 3077 rs4487697 131658131 1 -1.1221350325889372e-4 131647414 131658131 10717
7 1349 rs273209 41469325 2 1.119729353945549e-4 41469325 41469325 0
7 678 rs17142811 20463374 1 -1.1163096239010858e-4 20461417 20463374 1957
7 504 rs10777 15651158 1 -1.0932474760705216e-4 15647727 15654614 6887
7 2871 rs13221538 120768246 1 1.0921762966265964e-4 120763212 120807362 44150
7 686 rs7802291 20666750 1 -1.0383850474272393e-4 20666750 20669629 2879
7 1795 rs6944468 67237875 2 -9.934530853524318e-5 67235252 67237875 2623
7 1168 rs2530543 34695959 1 9.896467251768092e-5 34695959 34697140 1181
7 2135 rs1123203 82870122 1 9.890379495151698e-5 82848330 82870122 21792
7 3476 rs10255956 147870469 1 -9.79298034400126e-5 147869670 147870469 799
7 2889 rs7787099 121726812 2 -9.7605878790228e-5 121725961 121774649 48688
7 3150 rs1563046 134498297 2 9.711280443193724e-5 134494323 134504019 9696
7 3792 rs7455999 157212935 1 9.33572239556704e-5 157212935 157216837 3902
7 653 rs12539787 19721021 1 -9.09956372144876e-5 19714156 19730538 16382
7 1061 rs6945601 31204503 3 -9.07331017698952e-5 31199267 31204503 5236
7 1713 rs2252586 54978924 1 9.018829461243992e-5 54966019 54978924 12905
7 2200 rs2299219 86417845 1 8.965566701333994e-5 86417845 86422232 4387
7 1236 rs3778709 36920800 1 8.937533704577558e-5 36917995 36935347 17352
7 3161 rs292708 134989301 1 8.920320487624111e-5 134977704 134989301 11597
7 3568 rs7786151 150912786 2 8.846163196455503e-5 150912786 150919829 7043
7 3438 rs6973868 146759484 1 8.718582725756518e-5 146750254 146759900 9646
7 359 rs10270255 11855947 1 8.5358435641389e-5 11855947 11856806 859
7 3451 rs13230403 147177998 1 -8.507541271660463e-5 147163607 147184567 20960
7 965 rs4722804 28532464 1 8.357406274310739e-5 28523442 28532464 9022
7 1583 rs10235371 50514577 4 8.243062666864805e-5 50493729 50538589 44860
7 2649 rs12671393 107475208 1 8.173882643435649e-5 107474644 107475208 564
7 1718 rs17172446 55202598 1 -8.093473013584005e-5 55202598 55209637 7039
7 1298 rs1059508 38765883 1 7.98653844646308e-5 38749008 38765883 16875
7 2606 rs2057945 105555336 1 -7.802663475520687e-5 105554522 105556832 2310
7 1012 rs7794697 29601142 1 -7.481201605266899e-5 29601142 29609521 8379
7 3240 rs1602105 137902633 1 7.459203858399344e-5 137896908 137902633 5725
7 2718 rs1528041 110419154 3 -7.416656353243401e-5 110410652 110427519 16867
7 2975 rs10245698 126922129 1 7.220603199570709e-5 126896796 126922129 25333
7 2700 rs1815112 109724732 2 7.172668406652671e-5 109703062 109738166 35104
7 775 rs7779378 22409383 1 6.990250050470414e-5 22409383 22410250 867
7 1920 rs12669267 73304636 1 -6.709257988903092e-5 73304636 73313856 9220
7 1728 rs11764362 55603625 1 6.672110882177165e-5 55556628 55603625 46997
7 1547 rs12531263 48866316 1 -6.649909024059722e-5 48857278 48878120 20842
7 3105 rs10256188 132317536 1 6.519172476595055e-5 132311000 132317536 6536
7 502 rs12540574 15614354 1 -6.325749091831375e-5 15613225 15617256 4031
7 1387 rs1354537 42689264 1 -6.298685404936629e-5 42671386 42714589 43203
7 931 rs4722699 27456500 1 6.188892561550464e-5 27453637 27482830 29193
7 2960 rs12706740 126296428 2 6.0404819958040295e-5 126197081 126308312 111231
7 3288 rs1859569 139548604 1 -6.032144868727776e-5 139548604 139550679 2075
7 473 rs6944740 14639749 1 6.031754595688103e-5 14639749 14666659 26910
7 1931 rs1167829 75165018 2 5.771376499581466e-5 75163169 75165018 1849
7 1033 rs4722988 30512030 1 5.70868102231789e-5 30492237 30512030 19793
7 3803 rs2707941 157543338 1 -5.707148339197229e-5 157538552 157543338 4786
7 654 rs10240229 19767162 1 -5.482897832544919e-5 19758362 19776294 17932
7 2470 rs4463351 100078226 1 5.475676800205674e-5 99997454 100081944 84490
7 2237 rs10241505 88325106 1 -5.402181840587095e-5 88311477 88325106 13629
7 3717 rs1657263 154952461 2 5.285544385772996e-5 154952461 154955663 3202
7 711 rs10807806 21284666 1 -5.2116008967777544e-5 21283449 21284666 1217
7 1808 rs4717437 67633440 1 5.195688236270292e-5 67633440 67641115 7675
7 3168 rs12540688 135329690 4 5.180156377062077e-5 135312572 135335373 22801
7 805 rs12154330 23679387 1 4.811986218749947e-5 23652561 23690640 38079
7 1831 rs2079975 68372748 1 4.555314627716958e-5 68365245 68372748 7503
7 2616 rs176474 105723260 1 -4.553531192970384e-5 105714513 105735118 20605
7 1360 rs988329 41907182 2 4.339583720629485e-5 41899191 41926152 26961
7 2277 rs4728894 90099602 1 -3.845079327123014e-5 90084742 90119615 34873
7 856 rs12673033 25132897 1 3.731727175353958e-5 25132897 25132897 0
7 1295 rs6951440 38692014 2 -3.6886030575081474e-5 38692014 38713672 21658
7 1485 rs12702293 47050948 1 -3.645673733605026e-5 47039263 47059736 20473
7 2670 rs2193248 108015239 2 3.548371740333682e-5 108008375 108024132 15757
7 3694 rs729269 154512110 2 -3.5117211557998695e-5 154512110 154523979 11869
7 2428 rs13230541 97473283 3 -3.329517241883598e-5 97466634 97481812 15178
7 426 rs4721223 13476706 1 3.246420290920861e-5 13469125 13479783 10658
7 3320 rs2270214 140823118 1 -3.241403525826498e-5 140815840 140823118 7278
7 1800 rs1842746 67377559 1 -3.1346528177408203e-5 67373364 67408820 35456
7 2968 rs1018854 126657545 1 -2.98873588706821e-5 126657545 126713350 55805
7 1923 rs2071307 73470714 2 2.9563109027411476e-5 73438515 73470714 32199
7 59 rs4534049 3220990 1 2.945195258016487e-5 3216850 3222960 6110
7 2753 rs3128399 112212780 1 2.8538119129097104e-5 112211290 112212780 1490
7 2094 rs7456425 81464708 1 -2.8281344740885743e-5 81441324 81476599 35275
7 2509 rs12112504 101697980 1 2.75682821864106e-5 101693308 101724053 30745
7 1036 rs77113016 30693081 1 -2.6272149854773005e-5 30657467 30693081 35614
7 128 rs13247861 5279887 1 2.5937452850672003e-5 5279887 5279887 0
7 1876 rs7793970 70736168 1 -2.56645947806929e-5 70720859 70738729 17870
7 77 rs12701044 3730909 2 2.526429534151857e-5 3727061 3736942 9881
7 414 rs2191038 13211495 1 -2.51713784486613e-5 13211263 13211495 232
7 3542 rs10266069 150349937 1 -2.447871199263945e-5 150343304 150352887 9583
7 263 rs10266127 9448650 2 2.1827903991809113e-5 9448142 9487409 39267
7 1259 rs1972684 37581187 1 -2.156252223843935e-5 37562368 37581187 18819
7 1244 rs2541088 37169563 1 -1.9411779506940564e-5 37157641 37187498 29857
7 2410 rs799593 96896364 1 1.8943147310321745e-5 96896364 96911814 15450
7 95 rs13240660 4264920 1 1.884103843476768e-5 4264920 4264920 0
7 2783 rs7796836 114474551 1 1.8292707838009215e-5 114473540 114517317 43777
7 612 rs917327 18288392 1 -1.7652280036584758e-5 18277585 18304065 26480
7 3230 rs1646540 137584688 1 -1.492780752992426e-5 137571931 137584781 12850
7 143 rs2640 6066450 1 -1.400606699164974e-5 6063283 6079662 16379
7 34 rs2906142 2528599 1 1.1742318365235091e-5 2528599 2528599 0
7 2988 rs322762 127772339 1 -1.0512996730783311e-5 127772339 127778512 6173
7 3604 rs1534664 151660102 1 -1.0065007526245709e-5 151653797 151660361 6564
7 229 rs4538793 8635885 2 9.960163732287109e-6 8635885 8635885 0
7 3795 rs1049329 157331828 1 -9.88353518419183e-6 157319862 157331828 11966
7 2211 rs2230028 87056176 3 -9.718801370620474e-6 87056176 87057699 1523
7 2362 rs2158137 95097248 2 9.604940437744684e-6 95082010 95099157 17147
7 645 rs6461430 19477609 2 -9.15763750408623e-6 19468258 19477609 9351
7 1464 rs1966956 46331712 1 -8.930906064175118e-6 46320115 46357884 37769
7 666 rs1012811 20116799 1 -8.516955276858055e-6 20114589 20116799 2210
7 2516 rs12669274 102076562 1 6.085099886508623e-6 102032718 102076562 43844
7 1902 rs844692 71454655 1 5.904099292332928e-6 71437104 71482823 45719
7 2039 rs2140493 79315761 1 3.052337561488792e-6 79314722 79320736 6014
7 23 rs6461049 2017445 1 2.7110255564165356e-6 1985039 2068470 83431
7 1046 rs7780081 30894983 2 2.7107109375668797e-6 30884273 30906193 21920
7 1154 rs318572 34276765 1 -1.3419596361114318e-6 34276765 34276765 0
7 1161 rs6947789 34450880 1 8.690286454391545e-7 34448659 34467317 18658
7 2342 rs1575847 94470145 1 6.167467864052013e-7 94406425 94483652 77227
7 235 rs6944987 8835856 1 6.018876813984693e-7 8833684 8846057 12373
