CHR Group SNP.lead BP.lead Size W BP.min BP.max BP.width
14 1051 rs8017161 103563195 3 0.16546156925162156 103563195 103584674 21479
14 862 rs17184313 93102251 5 0.07193746633754276 93072269 93118038 45769
14 573 rs3784099 68749927 5 0.06608095752110268 68749927 68808398 58471
14 255 rs696 35871093 3 0.04303598595931113 35871093 35877721 6628
14 859 rs737522 93014672 3 0.0427875963883167 93014672 93026057 11385
14 1045 rs118141823 102900956 4 0.03251508268012882 102807671 102933347 125676
14 845 rs2202955 92118160 3 0.03232496219305967 92104196 92126827 22631
14 202 rs2300835 33207522 2 0.03072530248495668 33183958 33208081 24123
14 626 rs2526896 73055107 5 0.0277859976792439 73052019 73096614 44595
14 648 rs2193596 75234101 5 0.02693815502973957 75110437 75408500 298063
14 370 rs7146952 49773025 3 -0.02583195883628884 49770953 49838397 67444
14 51 rs3748366 22204911 3 0.02520161513247996 22153004 22204911 51907
14 336 rs1959379 44974966 7 0.02472804941735626 44903433 45033932 130499
14 664 rs11621363 76530921 8 0.02446206094849245 76482168 76581121 98953
14 182 rs2378932 31983754 1 -0.0244436645392578 31976478 32008055 31577
14 494 rs17255276 59580956 6 -0.02439964933690918 59500972 59580956 79984
14 681 rs17811635 77573757 3 0.02420125673278554 77542494 77600937 58443
14 797 rs12883250 88446876 6 0.02409019392900117 88407888 88487689 79801
14 728 rs4904019 82126408 5 -0.02345640881786959 82075469 82158283 82814
14 535 rs8005319 63822521 3 0.02305419093278029 63811438 63857808 46370
14 1071 rs3924892 105494262 4 0.02287446289687039 105457161 105540752 83591
14 731 rs11623789 82450632 3 0.02219041529201795 82396190 82458472 62282
14 805 rs1287662 89290630 4 0.02044934679990063 89276431 89393381 116950
14 263 rs7159802 36502543 1 -0.01928670926821024 36488753 36524098 35345
14 857 rs10134832 92928693 3 0.01911503913628072 92928693 92959940 31247
14 799 rs1940551 88603859 5 -0.01906269036912573 88559992 88628106 68114
14 261 rs7147797 36449424 2 0.01885052047664013 36437005 36454851 17846
14 708 rs7141420 79899454 3 0.01882465008391468 79890677 79945162 54485
14 142 rs17112865 28038607 4 0.01876203125451608 27925765 28149319 223554
14 2 rs12882648 20492492 5 0.01868460609151526 20480547 20529177 48630
14 588 rs2185492 69765077 6 0.01852406620262677 69747234 69780678 33444
14 1048 rs2075771 103242725 4 0.0184459566918134 103222398 103342049 119651
14 341 rs4906580 46046391 1 -0.0183977250271974 45850323 46079277 228954
14 165 rs718545 30489623 2 0.01802861437178735 30469994 30524538 54544
14 516 rs217676 62363763 4 0.0178233706341515 62360464 62375195 14731
14 744 rs7157907 83371518 4 -0.01770782627934225 83348149 83378003 29854
14 883 rs11621961 94769476 2 0.01723068371197291 94769476 94769476 0
14 822 rs12589630 90270557 1 -0.01713896034002006 90233310 90270557 37247
14 791 rs8017892 87851097 3 0.01681168798375649 87765589 87904340 138751
14 196 rs1951187 32908192 3 0.01671364063890022 32903616 32923626 20010
14 657 rs2300603 76005557 2 0.01662962333194402 76005557 76028680 23123
14 888 rs1885137 94912896 3 -0.01631081552718732 94910363 94936062 25699
14 281 rs177899 38139214 3 0.01612628508793916 38005128 38179163 174035
14 836 rs1286083 91442779 1 0.01558855909816525 91332366 91515577 183211
14 830 rs1286496 91027608 4 0.01534340359963864 90983296 91043669 60373
14 451 rs7153071 56408735 2 0.01523341248531055 56387951 56413766 25815
14 404 rs1002132 52285373 3 0.01467211894409547 52250365 52308314 57949
14 751 rs229776 83902685 2 0.01463431031915028 83875349 83905804 30455
14 1014 rs12588659 100587813 3 0.01453873010372553 100465652 100620013 154361
14 1016 rs3742384 100800103 3 0.01443268008272364 100800103 100933471 133368
14 714 rs8010105 80410592 10 -0.0143243622534782 80408653 80551109 142456
14 296 rs6571897 39587438 9 0.01397263512006874 39376359 39669491 293132
14 274 rs1999232 37288393 1 -0.01350929546316919 37288393 37288393 0
14 253 rs10137019 35748036 7 0.01336389098884466 35675238 35802483 127245
14 538 rs11621026 64389502 4 0.01331463834740061 64232386 64469828 237442
14 566 rs3742855 67912792 2 -0.01326074705090274 67912792 67920573 7781
14 59 rs2178787 22604418 3 0.01316761590290688 22595277 22611467 16190
14 379 rs10143848 50844119 1 -0.01315095502672325 50810390 50861993 51603
14 411 rs12897407 52549195 6 -0.0130859092746916 52535415 52567361 31946
14 429 rs10147611 54234753 3 0.01292184376002633 54234753 54263851 29098
14 209 rs17460823 33586563 2 0.01291549129322316 33555133 33588166 33033
14 730 rs12184964 82368440 5 0.01252443964122702 82347524 82382950 35426
14 574 rs10146321 68878038 2 -0.01248794056539728 68818976 68882281 63305
14 693 rs177143 78590808 1 0.01239982351251303 78566596 78608741 42145
14 592 rs1275824 70194563 1 0.01235479270972952 70194563 70198189 3626
14 380 rs10139934 50987481 1 0.01223844683703752 50875828 51124227 248399
14 190 rs10483395 32638913 4 -0.01212221206701333 32635572 32689556 53984
14 444 rs8009181 55583424 4 0.01174634592546407 55583424 55918302 334878
14 803 rs8018774 88798458 1 0.01169299836283155 88798458 88809197 10739
14 740 rs7148115 83176013 2 0.01168115245481629 83153368 83228383 75015
14 250 rs9743965 35176730 2 -0.01150105664310587 35173418 35202345 28927
14 38 rs10146416 21519599 2 -0.0114936682596625 21519599 21519599 0
14 107 rs4983025 25330915 5 0.01137416095791868 25278656 25350288 71632
14 547 rs170680 65271311 5 0.0111357401701225 65244950 65281944 36994
14 1066 rs7147000 105007815 2 -0.0111205240433928 105007815 105007815 0
14 480 rs17094010 58429071 2 -0.01107544375583617 58405524 58446570 41046
14 804 rs10136653 89134686 6 0.01105884789018924 88815018 89171711 356693
14 69 rs970348 23069853 2 0.01105136657705784 23041656 23078520 36864
14 376 rs4900974 50462432 2 0.01095096954008383 50462432 50484040 21608
14 563 rs1434903 66703569 1 0.01093233914125775 66690914 67204764 513850
14 754 rs1241906 84142036 2 0.01065903870033788 84094388 84151681 57293
14 670 rs12435564 76911211 1 -0.0106226329120039 76897213 76928471 31258
14 950 rs10145396 97255679 3 0.01057594552962123 97214117 97345806 131689
14 477 rs1950996 58236413 1 -0.01048927154484298 58236413 58236413 0
14 499 rs216526 60650086 1 0.01043565408294358 60494285 60662619 168334
14 188 rs11156725 32496696 1 0.01027861924821825 32496696 32518353 21657
14 154 rs7155255 29695661 3 0.01003821884514189 29623609 29695661 72052
14 1019 rs12897601 101182284 3 0.00996587438850222 101170488 101184139 13651
14 144 rs10132723 28335122 6 -0.00978815580022515 28333418 28446721 113303
14 272 rs8010088 37190065 2 -0.00969225053549616 37190065 37211415 21350
14 597 rs6573919 70422682 2 0.00960829212533698 70416718 70466081 49363
14 534 rs8008058 63777253 1 0.00959578310060056 63777253 63783994 6741
14 359 rs698331 48536772 1 -0.00955915437819557 48525340 48570466 45126
14 254 rs1951276 35853388 4 -0.00952960973059822 35809244 35853388 44144
14 885 rs28929474 94844947 2 0.00944976175025461 94844470 94847415 2945
14 82 rs17256141 23726814 3 0.00938880742100643 23721880 23740238 18358
14 557 rs6573638 66328997 3 0.00936463342921638 66318629 66336423 17794
14 584 rs12050161 69360631 2 0.00933416216447325 69360631 69414378 53747
14 725 rs45541932 81744076 3 0.00927170023718533 81743565 81778644 35079
14 544 rs10134770 65063315 1 -0.00925885777077266 65049394 65142239 92845
14 1067 rs4247027 105139894 2 0.00924678263142181 105100021 105139894 39873
14 176 rs179562 31224458 3 0.00924109050001084 31217642 31237170 19528
14 575 rs10132294 68887667 6 0.00910744859826599 68883688 68963746 80058
14 307 rs17111162 41279247 2 0.00907641393860742 41279247 41455080 175833
14 72 rs11624867 23128339 2 -0.00907436391475729 23123431 23169536 46105
14 406 rs10133203 52355387 1 0.0090172083622316 52336682 52358917 22235
14 990 rs1257613 99448000 1 0.00894955795042053 99434288 99474165 39877
14 1038 rs10144492 101991506 1 0.00889369668150438 101991506 101991506 0
14 567 rs10873203 67974505 3 0.00889045095815633 67964355 67984540 20185
14 112 rs11159148 25682271 5 -0.00887915297658123 25631999 25724322 92323
14 434 rs2358477 54607636 2 0.00883508286585773 54607636 54699666 92030
14 624 rs4903031 73019236 1 -0.00870632130813746 72970502 73019236 48734
14 1052 rs2771396 103660158 1 0.00864196749699249 103617950 103679153 61203
14 1043 rs7152164 102536073 1 0.00858605351685276 102451983 102536073 84090
14 847 rs10498632 92290744 2 -0.00854810347728668 92290681 92293518 2837
14 372 rs12435094 49992347 3 0.00853229980270054 49966883 50009589 42706
14 252 rs712314 35408548 5 0.00850355390681758 35390146 35639120 248974
14 995 rs1257499 99566723 2 0.00845564585449383 99563710 99567351 3641
14 552 rs2411915 65794692 3 0.00839640215013978 65746566 65794692 48126
14 620 rs8010242 72739064 1 0.0082774209534816 72691607 72771057 79450
14 882 rs1956451 94620193 3 0.00825404027450771 94585064 94756750 171686
14 789 rs2533005 87627303 1 0.00804743137096926 87546785 87627303 80518
14 819 rs243202 90048612 2 0.00798375459101049 90031107 90066451 35344
14 1050 rs7149097 103539669 4 0.00798259306951597 103539669 103549650 9981
14 449 rs945272 56336645 2 -0.00796650048996301 56256651 56341221 84570
14 710 rs975728 80064529 4 -0.00790320884360418 80013634 80131977 118343
14 327 rs11157356 43975208 2 -0.00785482697716125 43906424 43980703 74279
14 396 rs10147918 51898181 3 0.00784038960567502 51867607 51920712 53105
14 497 rs112952088 60027907 3 0.00783669078076021 59950803 60087380 136577
14 672 rs3813545 76967305 1 0.00775204805726614 76967305 76967305 0
14 256 rs8008601 35887431 2 -0.00770260298856589 35884639 35887431 2792
14 501 rs1950317 61022789 6 -0.00759798421601344 60789176 61098624 309448
14 917 rs1187751 95894578 2 -0.00752239376079672 95891142 95894578 3436
14 1070 rs1048257 105404384 3 0.00749367586472017 105404384 105435649 31265
14 387 rs4901065 51371121 6 -0.00747938588253415 51368610 51395384 26774
14 1055 rs6575979 103841018 2 0.0074524514939557 103841018 103883633 42615
14 500 rs8004280 60780429 5 0.00740855026774869 60674699 60782370 107671
14 330 rs2182977 44279080 4 0.00735468138762323 44224055 44293020 68965
14 19 rs1243701 21006107 1 -0.00733495068474052 21006107 21006107 0
14 97 rs7158744 24717791 6 0.00727613673143289 24653954 24724663 70709
14 564 rs3818468 67862371 2 0.00722375252995528 67298170 67862371 564201
14 108 rs17109307 25384645 3 0.00720046023758221 25352748 25398571 45823
14 363 rs17120305 49063187 4 0.00717546380533875 49025952 49102101 76149
14 600 rs41286548 70633411 1 0.00716671945103196 70583312 70633411 50099
14 589 rs11622064 69810354 3 0.00715472862942568 69795199 69812279 17080
14 519 rs4902100 62549819 6 -0.00713760133885918 62543225 62579777 36552
14 520 rs7153597 62590333 1 -0.00713037604554665 62584057 62599405 15348
14 713 rs2205220 80307727 4 -0.00708804235827233 80307025 80355341 48316
14 721 rs917986 81470655 4 0.00705005738992714 81300687 81480822 180135
14 392 rs7149337 51709017 1 -0.00704187019422191 51586467 51750463 163996
14 52 rs12897392 22246805 5 0.00701545239077054 22220569 22337393 116824
14 438 rs7155636 55067637 2 -0.00700842857362728 55064712 55085624 20912
14 1068 rs1132975 105222037 1 0.00700583238088985 105163532 105222037 58505
14 595 rs1079903 70365001 3 0.00699768861239375 70365001 70366437 1436
14 280 rs2415385 37578129 5 -0.00699729494287856 37503880 37738197 234317
14 306 rs8005565 41097075 10 0.00699041244987596 40896108 41103660 207552
14 837 rs12589587 91611001 3 0.00692537827661485 91590988 91611001 20013
14 121 rs1956612 26436743 1 0.00692316628114433 26436743 26462905 26162
14 458 rs10149559 56882189 2 0.00689766617962974 56841899 56882605 40706
14 131 rs8008779 27089482 3 -0.00689043602342741 26935221 27123414 188193
14 54 rs723879 22391433 1 0.00688697932627757 22381668 22391433 9765
14 979 rs8021007 98943569 5 0.00687900099801098 98840443 98964100 123657
14 435 rs1950208 54761459 8 0.00684738546310764 54730267 54798595 68328
14 1059 rs1557012 104581072 1 0.00680927380315017 104581072 104608068 26996
14 393 rs11851025 51803928 3 0.00674597718442588 51762689 51821239 58550
14 890 rs7161648 94965464 2 -0.00672642775439349 94965464 94978997 13533
14 816 rs243224 89954050 1 0.00662024869877339 89954050 89954050 0
14 320 rs1712719 43173574 1 0.00648693822787292 43152763 43173574 20811
14 437 rs115333865 55004449 2 0.00647177205232354 54890379 55042615 152236
14 60 rs17198047 22690191 2 0.00637495589507425 22652562 22700988 48426
14 169 rs12436395 30706026 1 0.00635473359733991 30697199 30706026 8827
14 582 rs1465788 69263599 4 0.00620710744806701 69210199 69273905 63706
14 478 rs7152180 58286918 2 -0.00620198555949826 58262007 58295247 33240
14 1040 rs7141459 102258662 1 0.00611446698557223 102153398 102302907 149509
14 729 rs1958204 82294185 8 -0.00607795492581516 82168185 82294185 126000
14 123 rs12432888 26538918 1 -0.00605352339075385 26538918 26563796 24878
14 787 rs1420813 87476592 2 0.00598721791501192 87340357 87476592 136235
14 632 rs11158986 73358945 1 -0.00596375720220413 73335169 73358945 23776
14 757 rs2026207 84342909 1 0.00596278686202475 84277147 84342909 65762
14 769 rs10149105 85615940 1 0.00596278321115595 85569284 85623795 54511
14 220 rs12881368 33979974 2 0.00596144004649022 33970530 33990825 20295
14 496 rs755011 59815040 4 0.00594960056302685 59813702 59939804 126102
14 61 rs6572351 22736298 6 0.00579250522098206 22714842 22737591 22749
14 514 rs10129270 62181954 2 0.00577035136789148 62108125 62213848 105723
14 111 rs1313761 25609247 2 -0.0057506245926056 25591902 25616188 24286
14 759 rs10145436 84505181 1 -0.00574560925839263 84505181 84598224 93043
14 448 rs12887389 56237212 3 0.00571471733198525 56221073 56240420 19347
14 967 rs1350922 98246190 3 -0.00567575922834575 98229487 98249964 20477
14 415 rs3783449 53154350 5 0.00563878631083142 52908825 53154350 245525
14 510 rs2181985 61940910 2 0.00560361529759162 61908332 61940910 32578
14 460 rs1959068 56999532 1 -0.00559652054873642 56972072 57020196 48124
14 364 rs946626 49140883 4 -0.00553836254098829 49124236 49187445 63209
14 53 rs2874146 22374399 2 0.00550433512515311 22340127 22377905 37778
14 609 rs917065 71397846 2 0.00545595763159714 71352648 71600208 247560
14 1001 rs2693720 99762857 1 -0.00540677403481884 99753792 99770759 16967
14 285 rs2415438 38577533 2 0.00540277813229504 38539949 38590205 50256
14 440 rs6572965 55147269 1 -0.00540112569812222 55138390 55164700 26310
14 1011 rs7152866 100253163 1 0.00534440445476966 100248780 100283248 34468
14 975 rs10484125 98660236 1 0.0053221492114883 98621014 98675398 54384
14 892 rs1955652 95041478 3 -0.00532121802700186 95016836 95050308 33472
14 695 rs7158445 78719220 3 0.00522998326210967 78716226 78782290 66064
14 867 rs12435423 93459859 3 0.00507722598988087 93412743 93528114 115371
14 868 rs12895695 93595051 1 0.00506609609537155 93565816 93629959 64143
14 74 rs17211943 23263665 3 -0.00505555908015629 23259699 23284168 24469
14 548 rs11623705 65405722 3 0.00505531655310424 65306442 65446357 139915
14 313 rs1957863 42302552 3 0.00499885962821627 42184671 42302552 117881
14 533 rs9989155 63753078 1 -0.00495789514530206 63721611 63753078 31467
14 132 rs7153987 27152856 3 -0.0049536288448953 27136647 27200025 63378
14 305 rs1952935 40859517 2 -0.0049006928176916 40737807 40889987 152180
14 78 rs61745081 23564437 3 0.00484892928661959 23545799 23568376 22577
14 947 rs11847642 97153198 2 0.00481881840992701 97105150 97153198 48048
14 56 rs3827932 22481705 1 0.0048003771850022 22481705 22483101 1396
14 289 rs7149898 38752752 1 0.00478795014330127 38721995 38752752 30757
14 291 rs2415482 38958967 5 0.00478009958963288 38908744 38984665 75921
14 371 rs8015975 49888029 1 -0.00473729862173132 49849253 49952834 103581
14 727 rs6574661 82042781 6 -0.00462773518192211 81945991 82044026 98035
14 637 rs17782124 74203789 2 0.00461910136602486 74184192 74203789 19597
14 105 rs206222 25189197 1 0.00460474091819018 25182686 25253343 70657
14 750 rs162654 83778352 1 0.00459821863110626 83777903 83867535 89632
14 482 rs7140492 58520500 2 0.0045402193628213 58486211 58533854 47643
14 486 rs863091 59112475 2 -0.00450641916121423 59077925 59112677 34752
14 302 rs8013386 40343703 2 0.00445682166800226 40343703 40353935 10232
14 426 rs10141869 54132654 5 0.0043953785628098 54107791 54148442 40651
14 591 rs4899308 70081956 2 0.00436828735089779 69984560 70133145 148585
14 966 rs11625817 98175467 1 -0.00432621101103715 98175467 98218991 43524
14 698 rs918270 79018345 4 0.00430055269848134 78942898 79018345 75447
14 690 rs2302944 78390880 2 0.00427519898058749 78390060 78406473 16413
14 521 rs1514928 62678303 2 0.00421703464658244 62611803 62678303 66500
14 476 rs11158170 58173373 8 -0.00417928009126237 58119752 58178681 58929
14 973 rs1456988 98488007 7 -0.00415411497283976 98449920 98498951 49031
14 579 rs12890882 69100618 2 -0.00413267776486256 69088185 69126744 38559
14 850 rs12886909 92588192 3 0.00412684342535712 92586567 92627138 40571
14 151 rs1002750 29145878 1 0.00411656581941167 29088007 29172829 84822
14 385 rs11157776 51341887 1 0.00407976173027043 51341887 51341887 0
14 290 rs961777 38848399 2 -0.00407114898838821 38786620 38848419 61799
14 532 rs9788522 63682578 2 -0.00405102243621688 63642726 63692593 49867
14 581 rs1275049 69184322 3 0.00402702092800105 69173252 69203145 29893
14 464 rs862152 57244671 3 0.00397999598139861 57204584 57246017 41433
14 874 rs927236 94266671 3 0.00396277294320956 94264690 94279265 14575
14 1073 rs3825762 105752404 2 0.00386062267865956 105673692 105752404 78712
14 530 rs12587142 63452412 1 -0.0038443131252216 63452412 63566055 113643
14 525 rs2046811 63047648 2 0.00383227417959983 63036495 63047648 11153
14 457 rs914009 56807102 1 -0.00383097222590746 56803764 56822939 19175
14 820 rs4904594 90122106 2 0.00370496577769544 90106316 90137426 31110
14 959 rs10145587 97732625 3 -0.00365796973565372 97656628 97745959 89331
14 65 rs4982619 22844970 1 -0.00361466026179659 22795270 22876618 81348
14 613 rs10137011 72270801 4 -0.00357602303541535 72265949 72349845 83896
14 522 rs11625068 62734152 2 0.00357233704285972 62718847 62808335 89488
14 1072 rs2816661 105596010 1 0.00357073955736444 105582524 105596054 13530
14 1018 rs12892451 101139536 1 -0.00355989924826692 101130576 101139536 8960
14 772 rs11621863 85918380 3 -0.00346359016439353 85870837 85924741 53904
14 423 rs1959834 53980388 5 -0.00343442351423039 53879670 53980388 100718
14 770 rs1667541 85676102 5 -0.00342799334340583 85662837 85740426 77589
14 755 rs7157077 84223384 6 0.00340775685469306 84199093 84229254 30161
14 570 rs11158687 68204876 3 0.0033449317977159 68159269 68236320 77051
14 781 rs1394706 86723836 4 -0.00333163804458564 86722953 86821900 98947
14 298 rs744505 40113810 6 -0.00326460117863713 39983128 40114919 131791
14 764 rs10498576 85047455 3 -0.00324952983477319 85046837 85095687 48850
14 251 rs2275147 35271874 4 -0.00324152121885637 35237677 35369479 131802
14 792 rs10142090 87926629 3 0.00320943632646447 87913934 87967266 53332
14 40 rs943992 21553057 3 -0.00318035052763856 21540863 21586876 46013
14 90 rs7142207 24164243 1 0.0031453847118233 24136279 24164243 27964
14 283 rs8016889 38246440 1 0.00310552012290294 38246440 38269869 23429
14 240 rs10138966 34627609 2 -0.00309595582166482 34607464 34627609 20145
14 906 rs1243582 95386073 2 -0.00305517731096261 95379583 95390794 11211
14 459 rs1307538 56920207 3 0.00303534343032181 56895162 56920900 25738
14 539 rs4027405 64498037 5 -0.00303393108290368 64491695 64564680 72985
14 701 rs11629205 79156785 3 0.00302782964630102 79152411 79188468 36057
14 855 rs8018746 92907993 1 -0.00302626439887779 92876837 92911351 34514
14 777 rs11159732 86257811 5 0.0030166511579447 86207490 86268812 61322
14 577 rs4899246 69060202 3 -0.00300828210793929 69060068 69071599 11531
14 331 rs7153178 44373149 1 0.00299967062266138 44344532 44427818 83286
14 110 rs10141197 25504988 5 -0.00299324344901188 25443592 25580659 137067
14 103 rs10873219 25101706 1 0.00297976772780878 25070503 25103662 33159
14 279 rs911008 37462847 2 0.00297890086973586 37449287 37469378 20091
14 639 rs2336561 74288871 2 0.00297427518173956 74263752 74295380 31628
14 586 rs45557240 69704434 1 0.0029488053837598 69493375 69704434 211059
14 35 rs2771358 21422666 2 0.00289838218128564 21422666 21436124 13458
14 461 rs4901702 57090588 3 0.0028842595708017 57032809 57122815 90006
14 339 rs61753893 45636328 1 0.00285350040373007 45289062 45662577 373515
14 413 rs803000 52701764 3 -0.00281130613780361 52700209 52761693 61484
14 748 rs10131371 83587297 1 0.00280181615857409 83550975 83591673 40698
14 765 rs2765912 85175316 1 0.00279427764568964 85124485 85180203 55718
14 324 rs12888788 43517553 1 0.00278548615407281 43472877 43518727 45850
14 412 rs10139231 52575630 4 -0.00274166036947123 52575512 52670514 95002
14 410 rs3825594 52507206 4 -0.00273309680759244 52469647 52521893 52246
14 686 rs149849326 77944624 5 0.00273085417734603 77843384 77957377 113993
14 936 rs11845882 96565323 1 -0.00272613165667333 96563824 96565323 1499
14 1037 rs7156106 101947144 1 0.00265095116938665 101947144 101960648 13504
14 841 rs8012328 91766712 1 -0.0026455224049389 91738696 91773494 34798
14 50 rs4982475 22101945 4 0.00264440928078218 22098295 22146832 48537
14 760 rs7147015 84635493 1 0.00256572928470812 84635493 84685302 49809
14 333 rs10220539 44586864 1 0.00255878840991421 44566484 44612482 45998
14 232 rs10137683 34308644 2 -0.00253621824288459 34308644 34311717 3073
14 181 rs927704 31752664 3 0.00253606402546024 31720844 31904160 183316
14 325 rs17113932 43611756 1 -0.002532514661331 43530289 43630817 100528
14 122 rs12432901 26494469 1 -0.00253216236258906 26483147 26500262 17115
14 692 rs12590451 78541015 2 0.00250057791058526 78541015 78560462 19447
14 687 rs17105930 78007165 3 -0.00249838686952903 77968581 78036935 68354
14 200 rs768787 33046471 2 -0.00248508106722712 33041232 33126223 84991
14 365 rs2585390 49268677 2 -0.00247652940985875 49253114 49274102 20988
14 45 rs1061026 21967109 1 0.00246780858068799 21831112 21968876 137764
14 329 rs1957265 44188271 3 0.0024618156635935 44150766 44207575 56809
14 994 rs7147065 99529685 1 0.00244836797516152 99529685 99552213 22528
14 230 rs1958058 34260635 2 -0.00240616546857536 34260635 34260635 0
14 170 rs6571342 30802421 3 0.00240483805431682 30802421 30816797 14376
14 483 rs17094363 58602550 1 0.00240156096561642 58560475 58624198 63723
14 506 rs872147 61778915 1 0.00239664495336009 61745417 61798825 53408
14 707 rs2167151 79863333 1 -0.00238408052978591 79837030 79886827 49797
14 93 rs1951732 24336395 2 -0.00232988057982686 24336007 24395483 59476
14 248 rs12433953 34958175 4 -0.0023196651826251 34958175 35075022 116847
14 488 rs311864 59214542 2 -0.00229613675818096 59195739 59214542 18803
14 161 rs17115183 30137407 1 0.00228854115800563 30068194 30137407 69213
14 813 rs4904551 89808740 1 -0.00228078340976401 89794530 89811286 16756
14 231 rs12586518 34289996 1 -0.00227523805258369 34285469 34289996 4527
14 475 rs238402 58081341 3 -0.00225380739488576 58054979 58106625 51646
14 685 rs2193594 77786021 2 -0.00223730411215127 77726516 77810543 84027
14 425 rs7149928 54098459 2 0.00223448733608186 54055337 54098459 43122
14 216 rs10148795 33845322 1 0.00222783458330323 33845322 33845322 0
14 323 rs10498377 43412588 8 -0.00219601441619183 43367596 43433535 65939
14 358 rs696528 48459665 3 -0.00219386611670076 48447717 48484814 37097
14 583 rs12590404 69331653 4 -0.00219278028686373 69328022 69352230 24208
14 427 rs210343 54180599 1 -0.00217633849259684 54172855 54187064 14209
14 481 rs1337115 58465658 2 -0.0021756104797772 58460588 58468959 8371
14 373 rs2985697 50092902 4 0.00214464597709147 50074502 50164452 89950
14 969 rs966047 98273349 4 -0.00213384064652141 98273349 98282225 8876
14 746 rs12437252 83491618 2 0.00212713546577741 83437617 83499467 61850
14 823 rs12437206 90303445 3 -0.0020912366820267 90295697 90315193 19496
14 972 rs2124309 98373065 1 -0.00208112586593162 98352431 98444106 91675
14 876 rs12587750 94339156 1 0.00207352955676237 94331816 94339156 7340
14 871 rs7154252 94095960 2 -0.00204986633206957 94087775 94160611 72836
14 796 rs1450706 88349218 2 -0.00202923708685583 88338943 88383098 44155
14 958 rs943587 97636701 1 0.00202155479902506 97636701 97636701 0
14 288 rs1135473 38681113 1 -0.00200736539670329 38668993 38706711 37718
14 247 rs4982180 34921900 2 0.00195929689356908 34879025 34921900 42875
14 140 rs12883861 27720455 4 0.00193527473052428 27720455 27749054 28599
14 526 rs17100217 63159182 2 -0.00183520382629902 63125927 63159182 33255
14 864 rs17128633 93306484 2 0.00181487598732276 93239329 93316522 77193
14 631 rs17781655 73325384 5 0.00180798258304156 73280418 73329055 48637
14 742 rs7145839 83267946 2 0.00179270496470234 83267946 83284434 16488
14 408 rs10498440 52413573 4 0.00178127493018165 52391191 52425506 34315
14 720 rs2371334 81160050 1 -0.00177757276748747 81133489 81207288 73799
14 540 rs9919904 64620120 3 -0.00176732234757831 64580075 64658226 78151
14 734 rs1652583 82542096 1 -0.00174815757592394 82542096 82646801 104705
14 3 rs2150328 20595252 1 0.00174100087644848 20568700 20595252 26552
14 299 rs1958964 40164269 3 0.00172520414743165 40116547 40164269 47722
14 834 rs743201 91277252 2 0.00171831461404925 91233834 91293447 59613
14 381 rs2984277 51197147 1 0.00170891874479887 51188341 51231298 42957
14 517 rs7156151 62457053 2 -0.00169286898773675 62435628 62502992 67364
14 68 rs1154153 23001547 2 0.00166205668818679 22999617 23009999 10382
14 455 rs17091017 56564144 2 -0.00164627482339306 56521706 56564144 42438
14 722 rs2080306 81576139 2 0.00163807427385462 81531754 81576139 44385
14 897 rs8016615 95187870 1 0.00163525177947762 95179707 95187870 8163
14 1033 rs10139797 101708609 1 -0.00162911831709742 101708609 101710360 1751
14 1054 rs7145682 103778366 3 -0.00162231309455337 103764818 103811249 46431
14 1002 rs710087 99791385 2 -0.00162192960788702 99791385 99793564 2179
14 619 rs17179828 72639031 1 -0.0016151348447409 72616283 72658681 42398
14 923 rs17092794 96038299 1 0.0016112334901787 96027440 96048645 21205
14 571 rs3742884 68251934 3 -0.00160258754392158 68241261 68520906 279645
14 546 rs94788 65230358 1 -0.00160167604647981 65230358 65243068 12710
14 277 rs17105714 37390047 3 -0.00159714155202176 37359631 37430306 70675
14 422 rs1424832 53702370 5 0.00159204642891551 53700341 53850018 149677
14 304 rs11623348 40623598 3 -0.00159039765935224 40572241 40698064 125823
14 1039 rs1190708 102094630 1 0.00156263242087232 102094630 102131545 36915
14 357 rs9672030 48387621 2 0.00156210270055273 48356630 48431057 74427
14 832 rs1952029 91148925 2 -0.00156060383530704 91124934 91183327 58393
14 62 rs3811266 22747055 1 0.00152140607051607 22741734 22756270 14536
14 156 rs12433083 29895001 1 0.00150942332242523 29889699 29896499 6800
14 623 rs1548685 72958725 1 0.00148725006336861 72895442 72959826 64384
14 924 rs7149067 96072604 2 -0.00145975607299969 96054262 96091222 36960
14 439 rs12890352 55125159 1 -0.00144054771653739 55122827 55125159 2332
14 918 rs4905315 95917231 1 0.00144003689662555 95906095 95917231 11136
14 550 rs11622328 65640434 2 0.00143348528151644 65634797 65649000 14203
14 524 rs17100015 62953711 3 0.00142135736888991 62925448 62984966 59518
14 641 rs765719 74541484 3 0.00141549250503292 74489735 74683937 194202
14 89 rs11158273 24117528 1 -0.00138912419483823 24117528 24125886 8358
14 443 rs3783637 55348118 2 0.00138042455592592 55302219 55546326 244107
14 543 rs745686 64930632 3 0.00137489630023103 64899055 64995694 96639
14 445 rs10139652 55976428 2 -0.00135148046349766 55925629 55982306 56677
14 129 rs10145137 26885912 1 -0.00134493093950839 26848681 26885912 37231
14 951 rs1885162 97371939 1 0.00133617424010103 97362657 97459760 97103
14 638 rs13379043 74250126 1 0.0013313559868229 74250126 74250126 0
14 484 rs1051858 58831142 2 0.00130995348257911 58684804 58850459 165655
14 756 rs10137825 84265662 1 0.00130982640352172 84252205 84265662 13457
14 20 rs8011671 21020554 1 0.00129223224305811 21012674 21020554 7880
14 605 rs7160510 71111361 1 -0.00127480153019005 71111361 71111361 0
14 861 rs12433867 93065083 2 -0.00124861116325522 93064069 93065083 1014
14 369 rs7140895 49724328 3 0.001236780180974 49609056 49749252 140196
14 688 rs8017748 78104897 4 -0.00123318225804268 78060031 78121359 61328
14 712 rs8003909 80300198 3 0.00122724741356631 80187637 80304320 116683
14 682 rs17749908 77620817 1 -0.00122299046204455 77608841 77620817 11976
14 1032 rs1615947 101697422 4 -0.00121316226922344 101689506 101701975 12469
14 328 rs7142687 44144630 1 0.00120259132179376 44034561 44144630 110069
14 29 rs8181973 21215070 1 -0.00119349665629148 21203159 21215997 12838
14 709 rs1424847 80007980 4 -0.00117610978683172 79967761 80007980 40219
14 33 rs17254450 21325687 1 0.00116063115345645 21325687 21325687 0
14 204 rs17099578 33285857 1 0.00114946046436992 33271488 33305020 33532
14 173 rs720046 30978745 2 0.00114220546400388 30978745 30978745 0
14 13 rs1953225 20897676 1 0.00113982724852035 20897676 20903778 6102
14 771 rs4904245 85789611 1 0.00113932801127848 85780554 85809911 29357
14 719 rs8018254 81010253 8 -0.00112886561404014 81008723 81124336 115613
14 127 rs10133359 26719152 1 -0.00112774660653315 26690571 26719152 28581
14 239 rs980464 34568993 2 -0.00110863983122145 34568993 34575688 6695
14 612 rs11158907 71987065 4 -0.00109848876258986 71737314 72183309 445995
14 694 rs6574427 78697830 2 -0.00109704136066346 78641734 78697830 56096
14 590 rs12385913 69866838 1 -0.00108993571626026 69830974 69948858 117884
14 474 rs268819 58032340 7 0.00107909158534817 57931920 58042753 110833
14 106 rs854368 25264662 1 0.0010640461148406 25264662 25264662 0
14 26 rs750142 21130632 1 0.00105798431048086 21130632 21141001 10369
14 649 rs174994 75434102 1 -0.00105733112140268 75434102 75558163 124061
14 576 rs10134446 68997635 3 -0.00104963831954077 68997635 69039588 41953
14 527 rs2101551 63181642 1 0.00104712966658823 63175105 63271562 96457
14 1025 rs17172 101429659 3 -0.00104491767916116 101395706 101459060 63354
14 270 rs8010306 37150160 2 0.00103418546076793 37150160 37171881 21721
14 57 rs8022578 22570185 1 0.00102400467054933 22544393 22573443 29050
14 997 rs1273226 99607842 1 0.00101458025556112 99607842 99623030 15188
14 453 rs922656 56472487 3 -0.00101437587703659 56445406 56507568 62162
14 466 rs7161116 57309063 1 0.00100922103490452 57279439 57319132 39693
14 691 rs1955571 78455537 1 0.0010052929339056 78434352 78531784 97432
14 925 rs7161223 96127082 6 -9.896663013237144e-4 96096022 96127082 31060
14 749 rs2168616 83641136 2 -9.759868041490108e-4 83617067 83758398 141331
14 767 rs10484113 85477753 2 -9.715477830766272e-4 85312811 85478932 166121
14 910 rs3742332 95645872 1 9.625801999061028e-4 95645872 95666260 20388
14 568 rs2064928 68025448 1 9.610459795509232e-4 68019608 68025448 5840
14 245 rs12889561 34787987 2 -9.605060596658656e-4 34782336 34801463 19127
14 956 rs7494256 97603527 1 -9.573701833947854e-4 97594218 97610702 16484
14 572 rs1744947 68681476 2 9.556959491652118e-4 68551273 68703741 152468
14 909 rs12147295 95478036 2 9.556058216449812e-4 95472704 95523851 51147
14 389 rs61755582 51489582 1 9.55148333456232e-4 51455056 51489582 34526
14 360 rs2792572 48674062 1 9.36692456966788e-4 48576462 48723699 147237
14 1000 rs2693693 99676186 2 -9.366082560091812e-4 99670005 99688743 18738
14 180 rs10149122 31553136 4 9.301901481266188e-4 31433473 31583512 150039
14 367 rs2352918 49460174 1 9.1463492988935e-4 49423399 49475148 51749
14 782 rs8010573 86862533 3 -9.141610795814496e-4 86840851 86924652 83801
14 187 rs944464 32453861 2 9.075226795151392e-4 32427796 32460060 32264
14 163 rs1958988 30334967 1 8.940085595657066e-4 30334967 30372765 37798
14 134 rs2180820 27271382 1 -8.795298055967758e-4 27251495 27271382 19887
14 405 rs7152036 52331224 1 8.743172112211921e-4 52331224 52331224 0
14 489 rs10149208 59243338 3 8.724300997650076e-4 59231914 59253715 21801
14 258 rs4981296 36012441 2 -8.546042741256977e-4 36012441 36304368 291927
14 11 rs2228041 20852267 3 8.537422178913207e-4 20846950 20863070 16120
14 452 rs7145347 56433709 1 -8.404068011454548e-4 56423286 56441092 17806
14 642 rs3742800 74761584 4 8.253456287458655e-4 74694849 74761584 66735
14 1049 rs10140685 103455008 1 7.998688785726228e-4 103404159 103490892 86733
14 269 rs2073241 37128936 1 7.949400274029709e-4 37095489 37128936 33447
14 893 rs6119 95054012 2 7.93799153383144e-4 95053572 95089440 35868
14 549 rs7148144 65499450 3 7.921749110680193e-4 65475411 65618655 143244
14 633 rs2286836 73442192 4 7.879844844042134e-4 73403321 73694590 291269
14 267 rs7149799 36905960 2 -7.876010074337249e-4 36888567 36926030 37463
14 24 rs17308457 21078596 1 7.706311004032742e-4 21077476 21087223 9747
14 873 rs4905086 94236801 1 7.65271044049311e-4 94236801 94240020 3219
14 984 rs11620998 99157430 2 -7.649906619226493e-4 99147232 99170143 22911
14 915 rs1212182 95846518 1 7.600790688631648e-4 95844779 95854937 10158
14 913 rs8003642 95796020 1 -7.571592736746276e-4 95796020 95803856 7836
14 860 rs7160376 93044668 2 -7.461798021301145e-4 93036571 93047936 11365
14 603 rs4899343 70752646 3 7.397175967737918e-4 70734632 70940766 206134
14 117 rs1951039 26164609 2 -7.381518100874509e-4 26150510 26203387 52877
14 679 rs8020517 77440979 1 -7.363939724951425e-4 77440979 77457830 16851
14 875 rs4905092 94300230 1 7.360265266443599e-4 94295459 94322629 27170
14 174 rs10483367 30991507 2 -7.271391923263939e-4 30985803 30991559 5756
14 1041 rs1678019 102328945 1 7.181600112501157e-4 102315459 102328945 13486
14 88 rs3783438 24008550 2 -7.09369530982511e-4 23994517 24017278 22761
14 21 rs12590446 21024786 1 7.083433554379208e-4 21024619 21024786 167
14 877 rs11848280 94358100 1 7.08336204041393e-4 94358100 94358100 0
14 418 rs1958909 53444727 1 7.01358441045844e-4 53444727 53469891 25164
14 301 rs1953200 40267514 1 7.011949830210967e-4 40267514 40319433 51919
14 441 rs2359362 55199959 1 -6.985185222729607e-4 55196524 55211833 15309
14 795 rs12185008 88311081 1 -6.96337482772715e-4 88256925 88311081 54156
14 266 rs3762904 36790795 1 6.954461821903515e-4 36789729 36843139 53410
14 851 rs7147959 92671063 2 -6.887076417029748e-4 92656568 92718046 61478
14 853 rs4904868 92781001 1 -6.71072701521602e-4 92763391 92824871 61480
14 689 rs11622293 78203636 11 6.678010223456982e-4 78130579 78370261 239682
14 783 rs1954195 86978489 2 6.674978354099647e-4 86936675 86995594 58919
14 970 rs898918 98301261 1 -6.577960158131061e-4 98301261 98308170 6909
14 314 rs12884688 42321934 6 6.571033482265097e-4 42315005 42408943 93938
14 1008 rs8014986 100135718 1 -6.541998452034561e-4 100109824 100135718 25894
14 80 rs910795 23632506 1 -6.516080680302756e-4 23632506 23638187 5681
14 843 rs1285838 91877512 3 6.500165553107853e-4 91846680 91982361 135681
14 192 rs2891193 32780576 1 6.469555457972752e-4 32780576 32781804 1228
14 974 rs10484134 98529107 1 6.4582248714371e-4 98503520 98565384 61864
14 273 rs848111 37253526 3 -6.453566866739026e-4 37228220 37278964 50744
14 352 rs4900734 47744407 1 6.396221438605594e-4 47697802 47824521 126719
14 656 rs11620943 75947726 1 -6.34603349337465e-4 75947712 75947726 14
14 898 rs10134903 95229777 1 -6.283940577665091e-4 95191269 95229777 38508
14 601 rs1999052 70647191 1 6.236542266300886e-4 70647191 70648166 975
14 829 rs7144433 90850229 2 -6.221517985351652e-4 90820519 90890278 69759
14 268 rs8012101 37023683 4 -6.182772530886231e-4 36999637 37047477 47840
14 416 rs2025631 53283565 3 6.092056485260986e-4 53196348 53289281 92933
14 195 rs3784182 32876958 3 6.015468951206648e-4 32849257 32876958 27701
14 433 rs7160450 54457231 2 -5.932223114292673e-4 54451302 54594278 142976
14 919 rs12434921 95932223 1 -5.781723459143479e-4 95932223 95933035 812
14 928 rs1951990 96206984 1 5.666995202253896e-4 96178688 96222770 44082
14 905 rs1243561 95369886 2 5.434556775571284e-4 95361596 95370947 9351
14 397 rs11852062 51952408 2 -5.36585510536821e-4 51924923 51952408 27485
14 159 rs1191555 29992503 1 -5.249061231007697e-4 29992503 29992503 0
14 1044 rs34931752 102729886 1 -5.136941099582756e-4 102614961 102798055 183094
14 758 rs946072 84457393 4 -5.119984870402357e-4 84346594 84470583 123989
14 828 rs2282032 90758891 3 -5.027430495987301e-4 90685594 90791501 105907
14 661 rs10483872 76169308 1 -4.977955542912417e-4 76141834 76316065 174231
14 275 rs2022601 37341703 1 -4.8804574107454824e-4 37320214 37341703 21489
14 10 rs2104978 20837033 3 4.74006243739051e-4 20755287 20837033 81746
14 668 rs4569181 76813677 1 -4.7387947331116714e-4 76808676 76851748 43072
14 462 rs928107 57170671 1 -4.630397918145814e-4 57132165 57170671 38506
14 402 rs6572783 52132331 1 -4.60610100187535e-4 52086438 52204675 118237
14 636 rs78901745 73989145 1 4.592156577866443e-4 73989145 73989816 671
14 319 rs7151320 43107060 2 4.5575840403057734e-4 43072132 43135974 63842
14 175 rs10143215 31111860 3 4.5289395826118937e-4 31097345 31125745 28400
14 976 rs1780864 98694584 4 -4.5172548679284566e-4 98682107 98745541 63434
14 844 rs1743066 92041294 1 -4.483278852395002e-4 92031976 92073188 41212
14 949 rs13379447 97193284 1 4.3710235616695615e-4 97181785 97199889 18104
14 945 rs8016592 97055234 1 -4.3658140276332775e-4 96983765 97056727 72962
14 472 rs11849276 57734577 1 -4.1672230367438703e-4 57734577 57822974 88397
14 469 rs9805964 57535645 1 -4.1400692450731e-4 57498982 57598022 99040
14 646 rs2028377 75010561 1 4.106054121464697e-4 74978336 75010561 32225
14 141 rs203588 27795201 1 -4.0783014283529674e-4 27766191 27895275 129084
14 160 rs1191545 30003238 1 4.0083312301404347e-4 30003238 30045978 42740
14 948 rs11847405 97165610 1 -3.973553508743257e-4 97165610 97173569 7959
14 326 rs1389565 43836526 6 -3.967097916963525e-4 43712564 43878866 166302
14 355 rs2416120 48301760 5 -3.96018360147081e-4 48182641 48301760 119119
14 7 rs10148442 20719360 2 -3.93245941581809e-4 20712322 20723695 11373
14 98 rs10134537 24760764 1 3.932376843391699e-4 24736390 24775846 39456
14 479 rs9323319 58331315 1 -3.9155156511023754e-4 58331315 58402534 71219
14 677 rs117254981 77294729 2 3.801484854725509e-4 77231722 77305508 73786
14 929 rs4905389 96260801 1 -3.763532651289882e-4 96239755 96260801 21046
14 1047 rs7158275 103096986 1 -3.694779944996761e-4 103018554 103096986 78432
14 99 rs34106261 24806902 2 3.5776084134042364e-4 24799358 24852046 52688
14 766 rs1872020 85283933 1 -3.568390790297982e-4 85184561 85283933 99372
14 153 rs10483345 29574470 2 3.564585341797324e-4 29444668 29579407 134739
14 293 rs11625158 39129744 1 -3.544202882399693e-4 39071960 39181097 109137
14 295 rs4902228 39370726 1 3.487294466344374e-4 39320911 39370726 49815
14 993 rs1257676 99497912 1 3.35131019871829e-4 99497912 99497912 0
14 987 rs8003549 99320818 1 -3.292885932189275e-4 99305363 99365099 59736
14 340 rs7154313 45769358 1 -3.2923799842338175e-4 45769358 45783546 14188
14 884 rs1950654 94805411 1 3.2887047516052143e-4 94773450 94835046 61596
14 104 rs724023 25131460 2 -3.2883833818642995e-4 25105891 25162082 56191
14 998 rs1257424 99652561 1 3.2740611813400895e-4 99652561 99652561 0
14 800 rs1940554 88662600 1 -3.217071997240749e-4 88651006 88695342 44336
14 342 rs17116303 46119374 1 3.2007791620834676e-4 46091372 46268185 176813
14 287 rs2812080 38654018 1 3.198593549169076e-4 38642541 38655211 12670
14 840 rs2540879 91708195 3 -3.157920901859423e-4 91705188 91711471 6283
14 683 rs158105 77629681 2 3.0764135179664834e-4 77625148 77680624 55476
14 1069 rs2841262 105373360 1 -2.9991100885125104e-4 105368733 105373951 5218
14 569 rs2038490 68060375 3 -2.967044607635473e-4 68035903 68065321 29418
14 745 rs1959732 83412065 1 2.95819866443367e-4 83390014 83417466 27452
14 615 rs4902960 72432149 1 -2.9476004357252344e-4 72409352 72473230 63878
14 793 rs8012556 88063092 3 2.937677654034582e-4 88063092 88174839 111747
14 696 rs11623035 78796967 1 -2.8444192114586057e-4 78786077 78796967 10890
14 211 rs4143873 33619522 1 2.7657907672063044e-4 33619522 33629623 10101
14 388 rs17123302 51441945 2 2.7528894453019673e-4 51417886 51446216 28330
14 86 rs8015781 23938813 1 2.730336240969755e-4 23938813 23938813 0
14 208 rs1953443 33508657 1 -2.6816336208398956e-4 33507547 33508657 1110
14 904 rs732964 95346359 1 2.6736996806629227e-4 95345487 95346359 872
14 136 rs1998462 27508742 1 -2.655694236078452e-4 27485187 27517393 32206
14 507 rs1033908 61816227 1 2.647957995965482e-4 61816227 61817533 1306
14 763 rs1449104 84937257 1 -2.638007827028786e-4 84937257 85013821 76564
14 12 rs10083536 20876189 1 -2.621723906112249e-4 20876189 20876621 432
14 703 rs8020920 79226876 1 2.613993071529695e-4 79219967 79226876 6909
14 762 rs12587870 84916561 2 2.573590566950475e-4 84859706 84920960 61254
14 1020 rs17099646 101218241 1 2.572685820860154e-4 101200860 101224922 24062
14 48 rs7151770 22079904 1 -2.5307525742023515e-4 22054718 22080155 25437
14 495 rs721069 59687305 2 -2.5078965081487656e-4 59604251 59792874 188623
14 651 rs3742768 75759060 1 2.4589843694298926e-4 75759060 75782101 23041
14 147 rs8021489 28752884 1 2.458054822765519e-4 28736128 28809084 72956
14 560 rs17103156 66441939 3 -2.42785949908548e-4 66428638 66475085 46447
14 351 rs2416024 47585469 1 -2.3750667548304516e-4 47580825 47694161 113336
14 1012 rs1191090 100365357 1 2.3338569395709864e-4 100345279 100365357 20078
14 1030 rs10144079 101639874 1 2.320852164264467e-4 101600931 101639874 38943
14 999 rs1257427 99654322 1 2.281420945996025e-4 99654322 99654322 0
14 938 rs10133743 96635599 4 -2.2712469159356103e-4 96603723 96642598 38875
14 852 rs11624846 92729757 1 -2.242286624377921e-4 92729757 92736604 6847
14 447 rs7145545 56185501 1 2.148531677502163e-4 56177363 56197878 20515
14 551 rs1679879 65659664 1 2.1456454748603677e-4 65659664 65691545 31881
14 565 rs8021730 67886781 1 -2.1332827315439303e-4 67886781 67886781 0
14 383 rs8016526 51310466 3 2.09798880337333e-4 51279108 51318220 39112
14 264 rs1958612 36673875 1 2.041550341838459e-4 36536949 36681923 144974
14 199 rs8015914 33033695 1 1.9905964894249956e-4 33014869 33033695 18826
14 241 rs1154104 34660676 1 -1.9899636617292556e-4 34658420 34683420 25000
14 705 rs6574495 79599274 1 -1.9612140296421137e-4 79504996 79661327 156331
14 1 rs1959607 20452460 1 1.934530905761975e-4 20445370 20466824 21454
14 798 rs17124022 88531526 1 -1.91898231832671e-4 88494613 88547303 52690
14 901 rs1243513 95297441 1 -1.9187973071807667e-4 95295629 95300357 4728
14 297 rs10872918 39702975 1 1.9182013637329603e-4 39682485 39975927 293442
14 228 rs7147742 34224530 1 -1.9021327588583024e-4 34224530 34224530 0
14 85 rs452036 23865885 1 -1.8903107536466933e-4 23861811 23903380 41569
14 212 rs11624823 33694936 1 1.8338130314129588e-4 33663668 33697927 34259
14 985 rs8018985 99210784 1 -1.8197616947603076e-4 99191355 99268957 77602
14 234 rs1026885 34428218 1 1.7801798462533652e-4 34423678 34431277 7599
14 36 rs2234636 21469151 2 -1.6886383708807e-4 21469151 21484183 15032
14 810 rs11159891 89674240 1 -1.6786483530549916e-4 89660987 89674240 13253
14 697 rs17107557 78897596 2 1.6577855690772992e-4 78889839 78916892 27053
14 808 rs10133171 89592955 1 -1.6552746170450764e-4 89592955 89592955 0
14 962 rs2781407 97959474 1 1.617758662875339e-4 97905286 97959474 54188
14 87 rs222671 23985973 1 1.602119033531346e-4 23977010 23985973 8963
14 914 rs942328 95823078 1 1.5680094056041855e-4 95823078 95823870 792
14 1007 rs2144800 100085450 1 -1.5143208465747887e-4 100075456 100085450 9994
14 77 rs4982704 23363537 1 1.490417175854178e-4 23362628 23467280 104652
14 505 rs7156285 61698015 1 1.4795424485784876e-4 61692955 61712728 19773
14 450 rs7148125 56358841 4 -1.4253329624968432e-4 56358841 56379595 20754
14 869 rs2286653 93673655 1 -1.32284732608195e-4 93648378 93684814 36436
14 128 rs7143271 26815147 1 -1.303489418461123e-4 26755671 26828666 72995
14 607 rs17108533 71249802 2 -1.2854399329957828e-4 71179711 71314581 134870
14 335 rs10136083 44820190 1 -1.2448081366956825e-4 44723232 44862795 139563
14 723 rs2268477 81610869 1 -1.2434089450755295e-4 81587649 81610869 23220
14 554 rs4073416 66259394 2 1.226822266974378e-4 66046534 66262963 216429
14 865 rs4905002 93350376 2 1.133633372828738e-4 93344831 93372370 27539
14 640 rs17092737 74317000 1 1.1327261946154152e-4 74317000 74454813 137813
14 109 rs2332460 25421942 1 -1.1293030274059096e-4 25411786 25426899 15113
14 1035 rs9324033 101869029 1 -1.0961804104273916e-4 101835195 101872299 37104
14 718 rs4899771 80962356 1 -1.0609803616185198e-4 80951312 80971261 19949
14 315 rs8013963 42431239 2 1.028426880457288e-4 42431239 42548912 117673
14 968 rs1973150 98262069 1 -1.0128182476932584e-4 98262069 98263147 1078
14 362 rs12896750 48891210 1 1.010987174659134e-4 48891210 48999279 108069
14 101 rs12323581 24944564 2 9.338711320032576e-5 24908047 24976574 68527
14 414 rs10140657 52892612 2 -9.33789345583851e-5 52782956 52892612 109656
14 168 rs1956458 30663050 1 8.862087543366846e-5 30619554 30678400 58846
14 149 rs2224437 28990427 1 8.362323497510793e-5 28990427 29007707 17280
14 794 rs1959720 88206607 1 7.82334707390793e-5 88206607 88206607 0
14 1015 rs2766692 100684192 1 -7.458197248594387e-5 100659966 100743421 83455
14 213 rs243308 33740086 1 -6.993272341519581e-5 33709097 33740086 30989
14 511 rs7159288 61980098 1 6.992470099242012e-5 61949217 61990319 41102
14 226 rs1958055 34184786 1 6.77805113169819e-5 34170982 34189636 18654
14 773 rs7144487 85969521 2 6.745870651149867e-5 85964610 85987605 22995
14 197 rs1111692 32942539 1 6.722876355758485e-5 32942539 32949330 6791
14 821 rs7158998 90194121 1 6.692926513290663e-5 90167470 90208263 40793
14 894 rs8023057 95097556 2 -6.190921939345413e-5 95096255 95116465 20210
14 347 rs1381645 47212110 1 6.053631815859717e-5 47115140 47212110 96970
14 1031 rs17099976 101653358 1 5.850568425462912e-5 101653358 101679255 25897
14 952 rs1884062 97516313 1 -5.373401214509799e-5 97463595 97516313 52718
14 775 rs17646495 86089508 1 -5.355300970293795e-5 86064367 86119665 55298
14 940 rs4905470 96693211 2 4.233656066351737e-5 96684959 96693211 8252
14 700 rs10483908 79074748 1 -4.0724622120136966e-5 79074748 79100115 25367
14 528 rs243147 63304636 1 3.848261870588805e-5 63304384 63400786 96402
14 346 rs12147827 46781200 1 3.666671339832321e-5 46777209 46949249 172040
14 223 rs2297116 34080037 1 -3.54088450126974e-5 34068701 34084149 15448
14 891 rs4905214 94997495 1 -3.418886752338307e-5 94997495 94997495 0
14 753 rs1241956 84041841 1 -3.400933331140601e-5 84041841 84062199 20358
14 9 rs2318860 20743269 1 3.2028774834378556e-5 20743269 20743269 0
14 650 rs741847 75722496 1 2.588993320734692e-5 75709566 75734471 24905
14 752 rs10498564 83962878 3 -2.4483424755384947e-5 83962878 83979888 17010
14 332 rs1950543 44468798 1 1.984208549878137e-5 44438039 44535160 97121
14 150 rs1074664 29068832 1 1.937299559562154e-5 29049457 29080047 30590
14 614 rs28347 72375278 1 1.8569955953628175e-5 72355675 72375278 19603
14 146 rs11628222 28725302 1 -1.4917774118884273e-5 28560112 28726466 166354
14 353 rs7159246 48016461 1 -1.4624859315125276e-5 47855051 48035807 180756
14 735 rs10135954 82703080 1 1.434963067180518e-5 82669795 82830219 160424
14 183 rs1367317 32195539 1 1.3373495516109358e-5 32048488 32195539 147051
14 214 rs1111533 33790609 1 1.081401451208891e-5 33744464 33792989 48525
14 398 rs11844403 52005924 1 1.0237967022139372e-5 51965307 52006390 41083
14 337 rs10146237 45089146 1 -9.589400484724364e-6 45081587 45129864 48277
14 316 rs744492 42710883 1 9.141355598420924e-6 42593535 42710883 117348
14 895 rs17753662 95132892 1 -8.507233678289043e-6 95128456 95145969 17513
14 801 rs1940567 88757330 2 -7.15848196590832e-6 88734104 88765833 31729
14 743 rs10150720 83311943 1 6.047171012090222e-6 83304238 83311943 7705
14 858 rs10498634 93005721 1 5.055380931790924e-6 93005721 93005721 0
14 922 rs11160258 96016792 2 4.311009452144715e-6 96009307 96025715 16408
14 124 rs7153823 26582852 2 -1.4112579921949095e-6 26575000 26594381 19381
14 599 rs13379247 70521763 1 3.501740984420833e-7 70517183 70553891 36708
