CHR Group SNP.lead BP.lead Size W BP.min BP.max BP.width
1 110 rs3790566 67814440 20 0.26194232445538623 67412261 68106197 693936
1 233 rs2488401 197702401 16 0.11808137806531308 196186750 197919693 1732943
1 185 rs3761959 157669278 12 0.07521993789041362 157485504 158073254 587750
1 2 rs3748816 2526746 5 0.05975999812616738 2513216 2944527 431311
1 236 rs3767498 201020727 12 0.05002728519211188 200154474 201052199 897725
1 248 rs1772145 205695695 9 0.04977443123897451 205648707 205916699 267992
1 255 rs2272866 209929453 16 0.04844741601510634 209844517 210736508 891991
1 147 rs1543421 101315934 20 0.0475441884513394 100079760 101638999 1559239
1 279 rs2036775 229377038 5 0.04428191140146497 229377014 230207433 830419
1 249 rs3024505 206939904 7 0.04287747504647044 206595069 207035647 440578
1 55 rs11247963 26855401 10 0.04275075102527428 26741106 27800482 1059376
1 168 rs10924106 117053745 5 0.04206459687066166 116768898 117127417 358519
1 184 rs822431 156902281 13 0.04168776459513181 156862126 157463366 601240
1 271 rs11118895 222093006 19 0.04107988841818757 221864710 222595058 730348
1 260 rs340839 214161820 5 0.03927165073826976 213854151 214161820 307669
1 221 rs1689797 182150978 12 0.03764503580945558 181841744 182746231 904487
1 51 rs12401982 24372971 7 0.03658962286549851 23937261 24519920 582659
1 208 rs12040328 170755811 17 0.03420521663946271 169580885 170958136 1377251
1 91 rs6684790 56068326 16 0.03251246849412326 55523984 56794965 1270981
1 316 rs12404604 244829280 10 0.02985318818821845 244464197 244921530 457333
1 19 rs7524046 9307033 5 0.02885729784903133 9073801 9341038 267237
1 258 rs3123537 212811947 11 0.0288548941980208 212350975 213536488 1185513
1 72 rs883220 38616871 7 0.0285485321584756 38570853 38932405 361552
1 274 rs6698799 224806555 29 0.02807456679777334 224454099 226015116 1561017
1 61 rs4949294 31235936 9 0.02804155325095913 31231680 32019153 787473
1 96 rs1470407 59714992 10 -0.02776913657684756 59526466 60173734 647268
1 53 rs12403541 25382556 8 0.02754146497117924 25322574 25499030 176456
1 261 rs1660368 214407335 15 0.02645209164343125 214318748 215112145 793397
1 191 rs528095 160738146 7 0.02560070411532117 160652476 161272441 619965
1 148 rs17426819 102194625 15 -0.02483555889844276 101698388 102243101 544713
1 38 rs12740505 18427031 7 -0.02449068334661256 18335916 18572901 236985
1 177 rs267738 150940625 14 0.02428488088124543 149815536 151524275 1708739
1 269 rs4240926 219983926 19 0.02409014290095721 219298539 220568157 1269618
1 229 rs1323292 192541021 3 0.02397440332052376 192502783 192768324 265541
1 216 rs6680476 178676965 6 0.02385693916830663 177751488 178927427 1175939
1 123 rs159665 80403167 18 0.02342202540182079 79729175 81059253 1330078
1 264 rs12089054 216800699 7 0.02331174975891608 216707012 217082385 375373
1 212 rs2205960 173191475 22 0.02231548424943838 173103273 175378694 2275421
1 40 rs2743208 19017855 3 0.0223077386264378 18876408 19017855 141447
1 56 rs7349137 29569212 5 0.02210959882175442 28209305 29621460 1412155
1 88 rs4927084 54760066 2 0.02200669193609676 54730036 54992939 262903
1 187 rs2814779 159098713 21 0.02188173657215488 158922287 159723619 801332
1 262 rs4465171 215886975 8 0.02159408428345447 215140251 215955937 815686
1 136 rs6685584 90067602 3 -0.02082718073095267 89776233 90278842 502609
1 228 rs12047092 191618129 11 -0.02017700019612763 189912146 192461456 2549310
1 178 rs2495396 151744928 12 0.02011883061600458 151542176 152530510 988334
1 107 rs12409333 65417839 10 0.01969916185745196 65161230 65678454 517224
1 171 rs6681593 118377788 9 -0.01967660238707999 118131205 119431014 1299809
1 60 rs7555715 31183812 7 0.01919741891547434 30919030 31184368 265338
1 52 rs6670829 24751920 13 0.01847114935999186 24564127 25305607 741480
1 77 rs734936 41952908 15 -0.01831358157852696 41323882 41971227 647345
1 268 rs601175 219141960 3 0.01830638708572021 218841163 219222948 381785
1 3 rs6670328 3219950 7 0.01805215087803727 3047252 3248098 200846
1 175 rs1390510 147031323 6 0.01790928523635649 146508934 147375981 867047
1 18 rs4418632 8994112 6 0.01697042631196995 8395560 9049032 653472
1 155 rs12039852 109075236 7 0.01670875628838431 108554161 109696968 1142807
1 306 rs10802917 241148960 6 0.01667821249805976 240856523 241161648 305125
1 139 rs10493860 92212703 15 0.01658238445569192 91919058 92865160 946102
1 290 rs10797557 234754829 8 0.01656615834303913 234492059 234754829 262770
1 129 rs7512262 84896062 9 -0.01640206758266687 84795283 85556791 761508
1 144 rs10875071 97814678 9 -0.01603820228240638 97748929 98689392 940463
1 159 rs4839417 111018598 9 0.01597844406868977 110788825 111105514 316689
1 323 rs1691255 247065472 11 0.01571716588434124 246840223 247513049 672826
1 194 rs10917640 162881307 7 0.01557517864503398 162458412 163126417 668005
1 143 rs12758854 97711561 10 -0.01547326319996991 96624820 97721392 1096572
1 190 rs6427528 160516308 6 0.01531958513883471 160145298 160630143 484845
1 22 rs2480777 10597551 6 0.01531189037009198 10029913 10796866 766953
1 68 rs727005 36281336 12 0.01529625639577328 36156432 37074351 917919
1 44 rs1416819 20193622 10 0.01523203374244426 20066490 20434402 367912
1 131 rs17128768 86507592 9 -0.0152114553803002 86035513 86932265 896752
1 142 rs321270 96457002 15 0.01508248643870276 95324990 96564857 1239867
1 231 rs10801343 194639330 13 0.01480308146080164 194158003 195853219 1695216
1 226 rs6686651 187607223 11 -0.01478320447144197 187607223 188484287 877064
1 43 rs3748748 20018195 3 0.01469204399686781 19827780 20056631 228851
1 312 rs9943068 242946169 8 -0.01467016075752891 242628042 243034750 406708
1 0 rs2649588 1314015 1 0.01442443684200573 1030565 1888193 857628
1 130 rs17124345 85726103 2 0.01425048564078728 85568972 85955709 386737
1 90 rs11591147 55505647 3 -0.013786963763054 55273580 55512995 239415
1 161 rs10494129 111787072 8 0.01373970379161846 111773600 112329551 555951
1 311 rs10926744 242619825 5 0.0134577051283776 242243178 242619825 376647
1 59 rs12072075 30807199 8 -0.01333013974887786 30414182 30887894 473712
1 222 rs10911269 183134719 12 0.01328454431025357 182784022 183979966 1195944
1 160 rs1936942 111450408 15 0.01327641432489596 111137811 111684276 546465
1 97 rs11808039 61303553 11 0.01315552758801319 60213519 61355010 1141491
1 278 rs342834 229351259 6 0.01291953331199449 229091234 229367115 275881
1 304 rs6679031 240490119 8 0.0128536937456378 240253320 240639611 386291
1 76 rs7511983 40966167 17 0.01275713921302706 40499302 41297411 798109
1 286 rs6687497 233279256 7 0.01273196060471026 232831301 233412485 581184
1 234 rs6686725 198618707 18 0.01265216839722141 197960889 199250270 1289381
1 265 rs10495049 217429135 10 -0.01261384955050428 217088584 217604654 516070
1 138 rs164898 91569689 4 0.01259268205060852 91122149 91784088 661939
1 83 rs2073293 48570133 3 0.01254632861572206 48509053 49135204 626151
1 84 rs1484406 49190234 4 0.0124629711550059 49174405 51475488 2301083
1 120 rs1004878 77324640 8 0.01239804366685016 76976522 77531780 555258
1 182 rs2296373 156386787 6 0.01232888521589834 155031376 156386787 1355411
1 45 rs10916761 20637374 7 0.01216435232258622 20487743 20745485 257742
1 149 rs2022858 102608577 9 0.01213488334389152 102304094 102869841 565747
1 277 rs1341715 229018916 9 -0.01194447274986246 228126470 229038351 911881
1 13 rs1890191 5887140 1 0.0118908483271249 5829039 6117171 288132
1 4 rs2493291 3329384 4 0.01162508165480779 3280253 3507861 227608
1 174 rs10218795 145416056 3 -0.01148889919339222 145394955 145723645 328690
1 112 rs1924533 69008903 7 -0.01140234011365435 68686391 69422680 736289
1 101 rs17379608 62673365 4 0.01139696940393306 62420303 62788511 368208
1 117 rs1340425 74385848 10 -0.01139492734500001 74245076 75252764 1007688
1 202 rs16859085 167453334 4 0.01138923223595048 167103023 167455145 352122
1 224 rs10798035 186050417 3 0.01116821447608287 185453884 186143052 689168
1 150 rs11164740 103691332 19 -0.01105153184363713 102922025 104981506 2059481
1 163 rs6658555 113098534 2 0.01086818976926605 112886545 113268225 381680
1 1 rs2459994 2024064 4 0.01059974587449435 2024064 2339074 315010
1 253 rs4844743 209192139 7 0.01024572795383088 209113459 209581483 468024
1 48 rs7552560 22547290 5 0.01011541790692831 22373624 22835677 462053
1 165 rs2476601 114377568 14 0.00997056463002872 113844824 114807559 962735
1 152 rs17016826 106687949 2 0.00963138906011994 106091316 106752234 660918
1 172 rs1779416 119453869 7 -0.00953757739746022 119452758 120110175 657417
1 225 rs10494593 187158671 8 0.0095337662076754 186225257 187501925 1276668
1 78 rs12141084 42117737 18 0.00943759596282762 42027561 43353134 1325573
1 81 rs10789501 47609489 9 -0.00927336480416721 46905802 47637999 732197
1 132 rs1882753 86965419 2 0.00919451071462884 86959173 87649865 690692
1 49 rs10465543 23134218 5 -0.00919298815363676 22899011 23171706 272695
1 95 rs697590 58933274 8 -0.00902995606479271 58872522 59482626 610104
1 180 rs4240872 154436195 10 0.008857887881857 153335384 154681950 1346566
1 116 rs1475064 73882478 13 0.00878398414848028 72517928 74175290 1657362
1 199 rs10918196 165448157 6 0.00872618741316989 165199023 165448157 249134
1 294 rs35714220 236176845 4 0.00872510302365523 236105308 236296079 190771
1 80 rs4233496 45763650 7 0.00865963053043239 44925508 46885940 1960432
1 295 rs10925109 236521008 6 -0.00864508595747568 236310024 236677586 367562
1 94 rs12145683 58817583 7 0.00863073025262456 58208267 58859197 650930
1 282 rs12724252 230914229 6 0.00848904317769989 230883073 231277763 394690
1 201 rs558843 166634216 8 0.00846908334204992 166389338 167097070 707732
1 219 rs3827706 181160271 8 0.00832689949266011 181126503 181309400 182897
1 196 rs2210960 164153205 9 0.00832275283373859 163836720 164422044 585324
1 235 rs16844836 199419004 5 -0.00822670684902129 199266874 200132084 865210
1 118 rs5745343 76273805 13 0.00816812219614684 75290369 76602605 1312236
1 151 rs2034525 105574256 14 0.008133828478493 104989780 106063610 1073830
1 146 rs12409296 99853467 10 0.00803225282663814 99449969 100051580 601611
1 292 rs908319 235062181 4 0.00797607656089952 235017637 235119382 101745
1 71 rs11210870 38449910 8 0.00790791617699471 37561638 38522092 960454
1 166 rs6537825 114948281 11 -0.00787929064733423 114900678 116011901 1111223
1 325 rs61730474 247875313 9 0.00772330778750758 247874551 248496863 622312
1 205 rs728354 168601255 7 -0.00768110781558999 168413221 168633890 220669
1 257 rs2970582 212080831 4 0.00758228776199517 211774350 212332294 557944
1 193 rs1572495 162099301 6 0.00739932837950243 161984197 162440134 455937
1 17 rs11589993 8284497 6 0.007329498944742 7713021 8313894 600873
1 238 rs10494830 201415592 3 -0.00724354184469878 201400088 201561620 161532
1 247 rs2185811 205596870 5 0.00724033301580428 205418134 205615442 197308
1 103 rs13374496 63724097 5 -0.00700138992171161 63470519 63775056 304537
1 137 rs10922869 90993868 6 0.00692105251034631 90336244 91062107 725863
1 141 rs3789405 94531324 15 0.00687402223968713 94512565 95312659 800094
1 127 rs389112 83172684 6 0.00686956551576334 82575142 83465396 890254
1 186 rs980937 158140205 14 0.00674227686450809 158140205 158891391 751186
1 179 rs10888510 152681835 5 0.00654601395104096 152550018 153321584 771566
1 65 rs9425986 34541724 3 0.00645262930940759 34432484 34620770 188286
1 315 rs7555626 244404834 3 -0.00644759925484059 244275252 244404834 129582
1 181 rs6699043 154913021 3 0.00640864943175367 154701218 155019710 318492
1 281 rs12031571 230766155 10 -0.00639624100336328 230594749 230878561 283812
1 280 rs11806158 230521031 7 0.00632491552098485 230244869 230523609 278740
1 192 rs2134697 161780979 12 -0.00620671128922762 161312656 161967681 655025
1 317 rs10927330 244997953 1 0.006072968305325 244957186 245005828 48642
1 75 rs4313386 40439598 3 -0.00600801016345844 40183922 40439598 255676
1 209 rs2143934 171393060 9 -0.00598618514931458 171050589 171398925 348336
1 283 rs531592 231396634 11 -0.00592216594572838 231301889 232078614 776725
1 188 rs61823162 159785413 3 -0.00582099488370034 159753183 159863028 109845
1 21 rs1220405 9922245 3 -0.00579762233923066 9627103 9922245 295142
1 87 rs11206226 54320337 8 -0.00571133264607696 53976188 54661262 685074
1 173 rs11249433 121280613 3 0.00566999153614031 120138083 121280613 1142530
1 115 rs531071 72271264 3 -0.00553933572592117 71373738 72500375 1126637
1 273 rs12118128 223838253 7 -0.00542219330008391 223449017 224411596 962579
1 7 rs10915535 4491460 10 0.00530103459755417 4315204 4535148 219944
1 162 rs3008538 112506564 12 0.00523700970540254 112349568 112829454 479886
1 85 rs11205983 53102133 11 0.00505523660132099 51541808 53630531 2088723
1 66 rs12030047 35160305 3 0.00498355335925797 34658231 35170887 512656
1 207 rs12731646 169090660 9 0.00497723928608125 169087665 169572645 484980
1 134 rs11162058 88095387 7 -0.00491805199844713 88083782 88445213 361431
1 293 rs10489690 235359879 3 0.00488500942422015 235359879 236077778 717899
1 14 rs61740145 6531124 3 0.00471694986448824 6187086 6531124 344038
1 89 rs1755588 55044940 6 0.00470730515077966 55033869 55224773 190904
1 62 rs680328 32438234 6 0.0046184481086066 32085637 32842319 756682
1 220 rs2225875 181506539 4 -0.0045360836548605 181372624 181816509 443885
1 287 rs10797465 233633819 2 0.00452613157862435 233440166 233743103 302937
1 128 rs10782813 84116142 7 -0.00451047582025259 83474843 84722166 1247323
1 241 rs4950949 202810562 4 0.00440890384473559 202228042 203041457 813415
1 67 rs4411101 35571417 1 0.00439587821948569 35301579 35687815 386236
1 158 rs615204 110759796 4 0.00436988593031342 110478803 110759796 280993
1 82 rs6695969 47927545 8 0.0042395323258996 47676233 48480638 804405
1 211 rs2859228 172613241 6 0.00420308583455887 172469707 173049073 579366
1 164 rs41296184 113657233 4 -0.00413515926368278 113284079 113818120 534041
1 20 rs2095904 9447371 7 0.00410013842895014 9367908 9526956 159048
1 217 rs143910632 179312009 6 -0.00409555845413462 178989464 180201184 1211720
1 92 rs7539051 57042954 4 0.00400580225061598 56826300 57273172 446872
1 100 rs4915745 61947516 3 -0.00391397145744949 61947516 62363350 415834
1 297 rs11583513 237199183 5 0.00377724405141841 237194523 237401055 206532
1 169 rs34625170 117503940 3 -0.00374825162627907 117263790 117547790 284000
1 108 rs17451451 66388153 15 0.00373347420950854 65703484 66766222 1062738
1 314 rs10927118 244229199 3 0.00369877520586832 244155946 244249487 93541
1 47 rs3818942 22000026 19 0.00364598928832514 21785981 22345093 559112
1 113 rs4650137 69685100 7 0.00354351771738455 69500815 70459886 959071
1 79 rs2792599 43467068 11 -0.00353229091382111 43401499 44844958 1443459
1 266 rs17047242 218204186 8 -0.00352298739210547 217680035 218333741 653706
1 250 rs11120211 207276379 12 0.00338737511381639 207074905 208179552 1104647
1 57 rs927727 29793205 2 0.0033830342994566 29678774 29867677 188903
1 29 rs7414562 14359780 9 0.00329934089590302 13938511 14372163 433652
1 30 rs9803674 14490497 8 0.00327033627099705 14418186 14876032 457846
1 298 rs11577402 237578970 2 -0.00324281028742942 237420086 237815546 395460
1 303 rs17606620 240102885 3 0.00323117417022977 239934541 240228189 293648
1 252 rs17013392 208968409 2 0.00320119512191353 208662959 209083609 420650
1 302 rs10925867 239469734 3 -0.00310946861189759 239339558 239882599 543041
1 121 rs6688757 77550946 10 -0.00307652636697844 77550431 78938777 1388346
1 157 rs11102001 110299691 2 0.00269085252821959 110253241 110450177 196936
1 54 rs742391 25525711 5 0.00268162185124966 25525711 26714205 1188494
1 322 rs4607842 246313723 9 -0.00262194812304584 246122871 246805265 682394
1 124 rs1195854 81698720 10 0.00261110423489658 81070850 81766935 696085
1 183 rs3748570 156640156 3 -0.00259684869283321 156456301 156805803 349502
1 102 rs3949904 62848090 6 -0.00251087632479098 62836976 63457362 620386
1 275 rs2234922 226026406 5 -0.00250720578122613 226026406 226729492 703086
1 237 rs68021059 201355669 12 0.00248348360046439 201081943 201385061 303118
1 320 rs819876 245555664 2 0.00246325652818725 245530282 245668132 137850
1 300 rs259654 238459434 7 -0.00242663680268457 238126784 238696036 569252
1 8 rs763238 4743704 7 0.00240574100873786 4548088 4996185 448097
1 198 rs10494434 165117237 5 0.00239246746558254 164666940 165158705 491765
1 126 rs12145656 82492195 10 -0.00235064383322654 81994844 82561559 566715
1 69 rs484017 37303737 6 0.00232665950134415 37115263 37303737 188474
1 50 rs2811946 23902416 2 0.00232428267756415 23206684 23902416 695732
1 167 rs10923633 116391331 9 0.00227745949667604 116128484 116675909 547425
1 27 rs11809649 12808591 3 -0.00226771094135426 12316584 12835158 518574
1 28 rs2999878 13786622 3 0.00220987000568322 13783354 13914909 131555
1 58 rs12045961 30310092 5 -0.00220872881391415 30067017 30382007 314990
1 288 rs1693210 233800613 5 0.00219607787774802 233766695 234352899 586204
1 254 rs2072941 209811595 3 0.00215570071924222 209588509 209811595 223086
1 98 rs1419336 61477603 3 0.00214354418732619 61383717 61659786 276069
1 10 rs6703948 5313445 4 -0.00211418204411802 5158857 5346474 187617
1 145 rs4908084 99310398 6 0.00210996016115664 98755006 99416102 661096
1 153 rs1762506 107656356 6 0.00209585864059442 106781612 107865978 1084366
1 285 rs2357070 232658363 4 0.002080495977382 232429661 232804107 374446
1 104 rs2273122 63871758 2 -0.00206323579583393 63818393 64166213 347820
1 296 rs4659695 236796979 7 0.0020553365314587 236706278 237151125 444847
1 244 rs2942133 204369875 1 0.00204412378710501 204136628 204646295 509667
1 230 rs6694727 193369701 8 0.0020363924006031 192818018 194089817 1271799
1 99 rs7544358 61733856 1 0.00191486573097195 61671468 61895257 223789
1 34 rs904910 16200163 14 0.00184693892589215 15808767 16782995 974228
1 206 rs1322494 168837734 3 -0.00178783992508886 168665974 169070450 404476
1 114 rs1591385 71215084 3 -0.00177010431410049 70541127 71365983 824856
1 46 rs10916824 20918912 12 0.00176189446035298 20770887 21723308 952421
1 218 rs4651067 180494062 2 0.0017312685021389 180235728 181109478 873750
1 12 rs6690868 5701323 4 0.00173004257143438 5671786 5774876 103090
1 106 rs6588083 64614011 2 0.00172637305154312 64579157 65147002 567845
1 195 rs13374982 163772455 2 0.00164973103667743 163149325 163805912 656587
1 140 rs4294424 93139374 15 0.00163937053886388 92975938 94492773 1516835
1 36 rs12753129 17696943 3 -0.00157467828459274 17541949 17916962 375013
1 289 rs628407 234432465 3 0.00156851066314732 234382599 234475832 93233
1 246 rs114050151 205027790 4 -0.00148192820332345 205019226 205404878 385652
1 232 rs1597732 195954813 2 0.00147687534785618 195859022 196120613 261591
1 214 rs10494494 175874139 1 -0.00147229171195921 175735380 176429364 693984
1 270 rs9725646 221685360 8 0.00144003950474752 220599845 221843191 1243346
1 42 rs2024727 19274525 5 0.00140333010969997 19199448 19809758 610310
1 215 rs12133739 176604564 5 -0.00140106425721505 176465969 177742007 1276038
1 243 rs16852826 204068110 3 0.00140014902466696 203575667 204110547 534880
1 25 rs2817619 11603063 2 -0.00137193764911303 11395283 11774956 379673
1 170 rs10923228 117750686 2 0.00133052039515389 117573173 118087384 514211
1 200 rs6686643 165616588 14 0.00128731315526763 165465281 166364063 898782
1 93 rs3729546 57541619 5 -0.0012798401459452 57320444 58121100 800656
1 324 rs2386551 247554949 4 0.00127539439308544 247552084 247840784 288700
1 26 rs630542 12206866 4 0.00122866110927836 11836450 12253062 416612
1 251 rs2801193 208425671 4 0.00122770843858271 208184956 208622869 437913
1 154 rs17019810 108268801 5 0.00122336146804389 107980407 108514072 533665
1 135 rs1760206 89069023 5 -0.00115650614101732 88481128 89673196 1192068
1 109 rs2991356 67305306 9 0.00111530186922411 66785930 67327894 541964
1 240 rs9427478 202045985 4 -9.5679011363261e-4 202032235 202193981 161746
1 242 rs871850 203253226 7 9.340954966082608e-4 203102728 203374751 272023
1 305 rs16840284 240680957 1 9.015725954017144e-4 240674472 240740757 66285
1 263 rs1544299 216264388 6 8.594494056107951e-4 215974257 216657848 683591
1 213 rs7539097 175669902 1 -8.436973481172321e-4 175403509 175713962 310453
1 313 rs2502313 243086195 3 -8.398502850091244e-4 243086195 244102151 1015956
1 86 rs1799822 53679229 1 -8.124525410181328e-4 53646557 53952141 305584
1 111 rs6588283 68299797 2 8.010346031401905e-4 68128130 68661751 533621
1 5 rs6662706 3732596 1 7.746794841653267e-4 3592436 3823395 230959
1 32 rs4436387 15498452 13 -7.658140289255704e-4 15244761 15566803 322042
1 63 rs10914632 33361287 5 7.584342384453682e-4 32975903 34046066 1070163
1 310 rs12568965 242070731 2 7.560684876825902e-4 242035382 242098415 63033
1 307 rs4131804 241288878 2 -7.490330464977729e-4 241186056 241455756 269700
1 74 rs3768324 39492462 6 7.419959473067466e-4 39295972 40145297 849325
1 156 rs11102972 109880721 6 -7.173501714335256e-4 109723188 110173775 450587
1 326 rs12563983 249074032 1 -6.444321678476749e-4 248844959 249170711 325752
1 119 rs4949624 76732617 1 6.436679109862486e-4 76610397 76945339 334942
1 301 rs10495437 239297423 6 6.387017691306346e-4 238712017 239321213 609196
1 321 rs9660719 246003671 5 6.173929680763708e-4 245728083 246116352 388269
1 122 rs1571991 79471959 9 -5.769173723665336e-4 79079566 79659418 579852
1 197 rs10918018 164474258 1 -5.739710070321133e-4 164474258 164607346 133088
1 133 rs12402858 87845112 6 -5.466941178336841e-4 87702635 88001013 298378
1 210 rs16864515 171435542 4 -5.020964436303902e-4 171415856 172452087 1036231
1 11 rs9660967 5581798 2 4.8397975625468e-4 5485177 5623965 138788
1 204 rs72697797 167792356 6 -4.728357278340942e-4 167652272 168359043 706771
1 259 rs12144639 213817311 6 -4.5386655980073944e-4 213617738 213825023 207285
1 284 rs1411771 232174775 3 -4.4844587713478305e-4 232107814 232411985 304171
1 308 rs947307 241633007 3 4.4297621812338153e-4 241522325 241708059 185734
1 309 rs12725593 241882665 2 -3.9774229449804897e-4 241720543 242000788 280245
1 33 rs572953 15609117 1 3.9475709901036265e-4 15583819 15733394 149575
1 239 rs12731187 202013757 5 3.852758694772706e-4 201603081 202013757 410676
1 291 rs588965 234820827 1 -3.726067003634182e-4 234805957 234909298 103341
1 39 rs10465918 18701899 7 -3.4591486799125413e-4 18643632 18851113 207481
1 35 rs3738814 17331676 1 -2.847810861798778e-4 17281235 17503210 221975
1 319 rs6668478 245341153 3 -2.580118273728772e-4 245288493 245498162 209669
1 256 rs12140949 211676238 5 -2.1693869128297733e-4 210800547 211712690 912143
1 189 rs2789428 159959505 1 2.1692958121537876e-4 159922959 160129495 206536
1 37 rs620547 18231349 1 2.137618777227619e-4 18006550 18312084 305534
1 24 rs2003046 11032827 1 2.111470581634204e-4 10974329 11318236 343907
1 41 rs7549129 19119606 1 1.753126185606583e-4 19059471 19170078 110607
1 245 rs16854270 204696179 1 -1.12391580365964e-4 204682411 204971485 289074
1 223 rs78444298 184672098 11 1.0700396959806116e-4 184001499 185422604 1421105
1 299 rs2253244 237928320 1 -1.059999547409484e-4 237908911 238103501 194590
1 105 rs855949 64398296 2 -1.0411354823026672e-4 64173484 64531564 358080
1 6 rs12028397 4037665 2 -9.79972281515854e-5 4009071 4282786 273715
1 64 rs2358521 34381854 4 9.306083183335942e-5 34071525 34382423 310898
1 227 rs12071479 189512884 2 -8.444847959743332e-5 188761359 189887715 1126356
1 276 rs6659113 226996412 9 -7.01317007291355e-5 226772889 228088271 1315382
1 15 rs11586867 6972393 7 -4.51561347485272e-5 6572175 7482205 910030
1 16 rs1750837 7520601 1 -2.6092754804840216e-5 7520601 7684030 163429
