CHR Group SNP.lead BP.lead Size W BP.min BP.max BP.width
2 1927 rs10931468 191538562 6 0.0833355870224736 191504064 191701184 197120
2 1930 rs10168266 191935804 4 0.07072300065478199 191875901 191935804 59903
2 374 rs7583409 25491056 4 0.06331897666675294 25491056 25548902 57846
2 2307 rs2048054 228652347 3 0.05921816205273817 228639557 228653164 13607
2 2019 rs3087243 204738919 6 0.05122092930320627 204693876 204802578 108702
2 146 rs10174949 8442248 4 0.04824863460946954 8438959 8447979 9020
2 1437 rs842362 135341120 4 0.03558235926326646 135341120 135493304 152184
2 1225 rs11694541 114509074 6 0.03483864485890434 114432293 114563960 131667
2 1206 rs1398030 111972005 4 0.03413645873732783 111957894 112000058 42164
2 1124 rs12475055 102878891 3 0.03307461379873726 102878891 102888565 9674
2 389 rs1260326 27730940 1 0.03254400773247733 27414134 27748624 334490
2 1360 rs6725404 128972833 3 0.03225351119775011 128829192 129007898 178706
2 2018 rs3181113 204601910 5 0.02970861004390681 204587269 204648661 61392
