CHR Group SNP.lead BP.lead Size W BP.min BP.max BP.width
11 1276 rs4938573 118741842 5 0.10853921148015858 118611781 118741842 130061
11 687 rs647152 64109118 3 0.06365789535964955 64026144 64175986 149842
11 853 rs11232169 80207247 9 0.04412003472750941 80202876 80282364 79488
11 8 rs11246262 680647 2 0.043157849916676413 643348 709567 66219
11 3 rs10398 308180 1 0.04063649069653728 308180 308180 0
11 1277 rs523604 118755738 2 0.03677132774812872 118754353 118765600 11247
11 271 rs4353250 18323517 4 0.03484812935231522 18278098 18357180 79082
11 1003 rs1255522 95376448 3 0.03352187230311082 95376448 95411600 35152
11 1441 rs10893900 128502222 2 0.03239023384104932 128502222 128513457 11235
11 717 rs3829241 68855363 4 0.03167004286079347 68847156 68869034 21878
11 633 rs2218868 57925977 7 0.02853584614721449 57922678 57987034 64356
11 716 rs2846196 68782223 3 0.02794173147597912 68757913 68793206 35293
11 239 rs1993116 14910234 7 0.02791282916449278 14261886 14915310 653424
11 686 rs614397 63883985 6 0.02665848215637517 63869596 64018687 149091
11 43 rs10766497 2987303 3 0.0266323790449715 2987303 3105508 118205
11 648 rs117801657 60183189 3 0.02627443786487887 60130796 60202598 71802
11 472 rs693163 35074665 2 0.02507974229537487 35052489 35088683 36194
11 208 rs6485561 12208393 2 -0.02448530845809844 12176273 12208393 32120
11 906 rs10501600 85609559 5 0.02384880912614999 85548049 85642444 94395
11 1174 rs7128353 111538875 8 0.02376842770263026 111431614 111916647 485033
11 268 rs7950705 18073039 3 0.02349489470897688 17954082 18127464 173382
11 625 rs1792509 56670810 1 0.02308438209327079 56664357 56905911 241554
11 188 rs7101677 11427040 3 0.02175161444706987 11422607 11446045 23438
11 974 rs3847554 92668826 4 -0.02114148930647442 92668826 92714595 45769
11 732 rs7929885 69883969 4 -0.0210530624095542 69860796 69883969 23173
11 7 rs936469 606749 2 0.02064143773277934 551204 621826 70622
11 1029 rs979406 97297218 2 -0.02007868845713382 97286280 97297218 10938
11 631 rs1424752 57479848 3 0.01825269839111846 57366656 57608992 242336
11 615 rs61897432 47431703 18 0.01766337191365678 47249294 47873883 624589
11 463 rs1535721 34500079 3 0.01756433331854497 34443816 34516250 72434
11 706 rs10736660 67419855 1 0.01738777972092065 67419855 67462549 42694
11 1523 rs1395504 132729167 2 -0.01726688937138157 132729167 132729167 0
11 918 rs7925666 86669535 2 -0.0170234202284465 86657520 86710510 52990
11 865 rs1350422 81009680 4 0.0166420508389396 80985548 81013539 27991
11 1086 rs1711399 102460777 4 0.01654666407625259 102460777 102501665 40888
11 752 rs7944926 71165625 7 0.01622217965813332 71115446 71217959 102513
11 701 rs3737525 66306355 6 0.01615224990705798 66203025 66457681 254656
11 242 rs4597047 15191412 2 0.01614705189885441 15185729 15243593 57864
11 362 rs11820608 23776103 1 0.01584059974926409 23776103 23776103 0
11 821 rs949220 78400319 2 0.01575786697938388 78400319 78487823 87504
11 990 rs1940640 94360812 4 -0.01568297785240018 94351961 94381707 29746
11 935 rs16913876 88102739 2 0.01564440223733624 88083639 88117923 34284
11 50 rs7931660 3400334 2 0.01549018681300425 3371853 3402477 30624
11 1201 rs454802 114089104 1 0.01524738485114214 114086417 114092582 6165
11 1436 rs7932088 128317168 1 0.01432293812374822 128281184 128328959 47775
11 912 rs10898501 86285825 6 -0.01420311653405289 86264881 86290278 25397
11 471 rs497582 34991727 7 0.01409807109215732 34859944 34991727 131783
11 1245 rs12805061 116553025 3 -0.01409628187332207 116528876 116574584 45708
11 705 rs2509712 67408090 5 0.013978116717855 67311258 67408241 96983
11 982 rs625359 93570633 3 -0.01351403012685029 93570633 93575238 4605
11 1004 rs1255150 95519243 6 -0.01318989415382667 95437738 95625757 188019
11 1189 rs4590907 113263370 7 0.01315793334105477 113208098 113309869 101771
11 930 rs7949449 87808350 8 0.01309960885444227 87678532 87821219 142687
11 1087 rs3740938 102587062 5 0.01302377252142302 102508348 102599054 90706
11 985 rs1138800 93862493 2 0.01284006412718875 93812039 93862493 50454
11 108 rs117368891 6661600 2 0.01252391843212787 6637504 6672457 34953
11 829 rs7114639 78825885 5 -0.01252220691033474 78816852 78833535 16683
11 1438 rs11221332 128380974 2 0.01248013784477913 128361194 128398309 37115
11 640 rs17153770 59224738 1 -0.01232846490202134 59160868 59228670 67802
11 536 rs7952564 40013964 1 0.01230461824337986 39947804 40029625 81821
11 389 rs11029058 26009705 2 0.01230084473390052 25889500 26018893 129393
11 1053 rs10790789 99411774 2 0.01225040642735682 99394978 99480175 85197
11 916 rs1939108 86573310 2 0.01223020013575922 86573310 86604406 31096
11 258 rs5215 17408630 10 0.0120139918512024 17118687 17422955 304268
11 126 rs10732509 7488872 2 0.01201195363955114 7488872 7495119 6247
11 1183 rs7129926 112862901 3 0.01198056391601437 112862901 112991618 128717
11 1439 rs4245079 128420926 2 0.01189192264657632 128420926 128477538 56612
11 560 rs10501281 41966359 1 0.01188426530408841 41947768 42047336 99568
11 689 rs17300741 64331462 6 0.0118496199593754 64251221 64334114 82893
11 632 rs2866831 57790851 5 -0.01184531812402224 57731052 57901176 170124
11 1107 rs11226193 104005970 5 0.0118263796006604 103976293 104032160 55867
11 790 rs35165133 75298917 1 -0.0116815098457532 75292601 75392402 99801
11 162 rs12223505 9691765 2 0.01163138483174719 9607032 9710354 103322
11 963 rs7951876 91560288 3 0.011569489528922011 91549126 91623555 74429
11 626 rs143192258 56954985 1 0.01142693286668792 56910484 56997832 87348
11 603 rs896331 45415035 3 0.01142189591172778 45337343 45423088 85745
11 475 rs353634 35185056 2 0.01127559247184619 35174136 35192279 18143
11 934 rs3888798 88027209 3 0.01116941980014203 88022988 88067394 44406
11 1030 rs9666795 97324604 4 0.01110880501027692 97315831 97400945 85114
11 441 rs10767942 32522007 3 -0.01106910217660423 32464168 32522007 57839
11 439 rs764669 32302799 1 -0.01105243333422611 32296109 32364187 68078
11 32 rs2237869 2537751 4 -0.01073895033201793 2534483 2550730 16247
11 416 rs2793476 29370702 2 0.01063000316638798 29370702 29477079 106377
11 1450 rs10444344 129208260 4 -0.01049963144831428 129200363 129251227 50864
11 1001 rs10831357 95221480 4 0.01044590378570427 95194927 95237923 42996
11 410 rs7940384 28697984 2 -0.01042607306754458 28602221 28703205 100984
11 931 rs7950565 87900372 6 0.0103903163947117 87836784 87911282 74498
11 751 rs6592055 71053385 4 -0.01038480738325592 71031696 71109373 77677
11 401 rs10767592 27062338 2 0.01037418310206252 27025520 27071118 45598
11 1433 rs1793327 128088935 1 0.01030894095686066 128071256 128090006 18750
11 346 rs12793010 22436299 1 -0.01029643725916905 22395570 22477620 82050
11 311 rs1036923 20488453 2 0.01015106229006072 20383324 20522290 138966
11 462 rs12294809 34431506 4 0.01001301291951831 34370840 34440025 69185
11 1364 rs12576449 123971044 1 0.00999878126209489 123971044 123971044 0
11 611 rs4755349 46237731 1 0.00996293272314379 46171404 46237731 66327
11 246 rs7108738 15710084 4 0.0097738405220302 15649614 15735653 86039
11 304 rs7124576 20107179 2 -0.00976237659395785 20089944 20108966 19022
11 594 rs835784 44863818 2 0.00966743651743772 44835771 44873832 38061
11 369 rs7926241 24357146 1 -0.00964754558422175 24252528 24357146 104618
11 1024 rs7112003 96899834 3 0.00960594291188212 96879194 96945300 66106
11 41 rs3987740 2895800 1 0.00950596799498285 2895800 2909393 13593
11 110 rs1466974 6719027 1 -0.00947276700991861 6710947 6719118 8171
11 40 rs2237893 2839899 3 -0.00946030017269914 2821065 2858546 37481
11 592 rs4755884 44763401 1 0.00933999445051691 44763401 44784540 21139
11 133 rs7113286 7707958 3 -0.00932166258199731 7694002 7712661 18659
11 676 rs544978 62685230 2 0.00930901783101539 62685230 62765869 80639
11 197 rs2054117 11796897 6 -0.00925795873084356 11750180 11799968 49788
11 100 rs11040316 6043277 3 0.0092355470040094 6043277 6051317 8040
11 711 rs7123564 68362164 2 0.00902848460573825 68182028 68387984 205956
11 1067 rs11224313 100472288 2 0.00901168572065415 100464114 100497485 33371
11 562 rs1605655 42418577 2 0.00899229434622333 42346695 42449785 103090
11 616 rs2930195 47993504 1 0.00892762177469753 47907641 48106486 198845
11 1434 rs573624 128145470 3 0.00891410359885086 128136389 128159029 22640
11 1513 rs7934599 132156872 1 0.00888577598554409 132142789 132177320 34531
11 102 rs325609 6221249 4 0.00878544260465733 6190850 6262909 72059
11 1490 rs11606643 131213874 1 0.00877090315583401 131174374 131213874 39500
11 409 rs2585807 28532658 5 -0.00864237861109068 27946346 28537505 591159
11 253 rs17470624 16445649 4 0.00862260637302096 16415904 16692990 277086
11 1038 rs7939072 98130056 8 0.00857490690401898 97919121 98130056 210935
11 996 rs658272 94833262 2 -0.00849697509742165 94833262 94882279 49017
11 46 rs10466385 3170174 2 -0.00846750983504587 3170174 3181085 10911
11 1437 rs2230004 128333503 3 -0.00845791094451279 128333503 128350686 17183
11 1249 rs12420361 116993788 3 -0.00845289903625224 116834313 117095361 261048
11 1068 rs947866 100509529 1 0.00843533585006847 100498709 100534422 35713
11 1289 rs4245207 119688442 2 -0.00842304159490377 119672156 119696100 23944
11 200 rs4757595 12005270 2 -0.00823532309954827 12005270 12008908 3638
11 816 rs1144764 77870486 2 -0.00813728460063947 77731416 77870486 139070
11 1040 rs6589444 98254968 3 -0.00813218620637387 98247743 98318632 70889
11 199 rs7396140 11996757 1 -0.00806613265016773 11878330 11996757 118427
11 1474 rs2640215 130426387 2 0.00799187643316251 130412175 130426387 14212
11 1246 rs11216129 116620256 3 0.00791386826041207 116584987 116662579 77592
11 24 rs34134444 1972143 2 0.00789182967220132 1972143 2021075 48932
11 798 rs6592632 76116366 1 0.00782628495966194 76047793 76120025 72232
11 483 rs649640 35508918 2 0.00780527922324037 35507700 35508918 1218
11 406 rs1387144 27635319 2 0.00770890748666022 27471596 27731983 260387
11 461 rs11824839 34332320 2 0.00769754961735344 34328563 34333973 5410
11 685 rs12575710 63849330 1 0.00767034318065743 63849330 63849330 0
11 645 rs574700 59855483 2 0.00757406312288496 59855483 60039058 183575
11 115 rs7130640 7095190 4 -0.00751744930658574 7020629 7186198 165569
11 1033 rs1039951 97624373 1 0.00751261694422809 97613785 97659276 45491
11 178 rs7946997 11069843 3 0.00748392491721096 11069843 11096770 26927
11 940 rs2169660 88540184 2 -0.00747885752393822 88472482 88566485 94003
11 878 rs1939640 82251050 3 -0.00738400154368329 82250265 82289050 38785
11 434 rs1033506 32036899 1 -0.00732657824520006 32036899 32039609 2710
11 431 rs761453 31878000 3 -0.00726397288156549 31871538 31936515 64977
11 459 rs10836178 34282229 2 -0.00723169993031659 34278873 34309519 30646
11 1544 rs10894745 133647016 2 -0.00713539807853335 133618905 133669387 50482
11 920 rs589193 86891077 2 0.0070603905565913 86836648 86928253 91605
11 1485 rs1894188 131030927 2 0.00702438000633789 131019691 131030927 11236
11 1066 rs6590793 100424060 6 0.00698389804688127 100424060 100456604 32544
11 909 rs11603604 86070817 4 0.0069766124711719 85922070 86098732 176662
11 1310 rs1939004 120920649 2 0.0069695399473693 120907482 120980537 73055
11 656 rs11230563 60776209 6 -0.00695945751539042 60763134 60824609 61475
11 899 rs6592191 84279862 3 -0.00694559322591405 84240120 84370674 130554
11 836 rs471435 79077745 3 0.00693597585889469 79058250 79149013 90763
11 782 rs4944992 74864280 1 0.00692270927242309 74801374 74883577 82203
11 236 rs7925707 13940895 6 0.00691701029894283 13895577 13993498 97921
11 1309 rs17124570 120805056 5 0.00663029667308474 120805056 120864922 59866
11 590 rs12420889 44657500 2 0.00662451311688488 44650927 44675888 24961
11 387 rs2172582 25724484 2 0.00659342292694752 25712300 25801048 88748
11 1031 rs11827713 97477422 2 -0.00655010906983132 97417862 97541637 123775
11 720 rs10896451 69016893 1 0.00644497149215817 68973970 69029210 55240
11 97 rs116908319 5989282 2 0.00642986307203356 5920721 6007613 86892
11 1394 rs3740912 125891269 1 0.00635819150311795 125889526 125924669 35143
11 1514 rs61746413 132204951 2 0.00633662593181531 132184339 132211113 26774
11 1180 rs7938281 112676385 3 0.00633397755333334 112654974 112693044 38070
11 966 rs11019822 91854828 3 0.00627973738000502 91815601 91868956 53355
11 913 rs4319536 86303136 2 0.0062787727910875 86297189 86341186 43997
11 907 rs609903 85740409 8 -0.0062762031084436 85665172 85868640 203468
11 568 rs11037133 42929738 2 0.00626752050951361 42911233 42955957 44724
11 135 rs10500702 7895876 4 0.00626048067518653 7838441 7904380 65939
11 1380 rs4078355 124931334 7 0.0062212962914605 124805619 124931334 125715
11 771 rs653263 73670645 4 0.00607996315381457 73538698 73670645 131947
11 764 rs1783585 72889018 1 0.00602420418018031 72889018 72890304 1286
11 1537 rs6590705 133334522 2 0.00600069464260772 133296790 133356488 59698
11 132 rs11041489 7653867 3 0.00597533952414429 7646734 7687715 40981
11 1037 rs667679 97915543 2 0.00590886447047293 97867665 97917344 49679
11 969 rs689349 92201077 2 0.00590686062564647 92046408 92201077 154669
11 1273 rs12274926 118295117 2 0.00586294345812964 118221350 118297391 76041
11 1270 rs656308 118031206 1 0.00586025632626629 118030186 118034201 4015
11 503 rs734902 36428378 1 -0.005761339222916 36419929 36428378 8449
11 921 rs577675 86971548 3 0.00575290848601993 86960516 86990628 30112
11 58 rs979942 4185595 1 0.00563956938599188 4173173 4234786 61613
11 961 rs11019587 91390397 6 0.00561467528964849 91342130 91443158 101028
11 1546 rs901035 133784499 4 -0.00558680117917775 133710914 133787001 76087
11 78 rs10837582 5228708 1 0.00556527708947082 5221132 5231897 10765
11 654 rs117566381 60638753 1 -0.0055589908724854 60618134 60709520 91386
11 1093 rs10502009 102821404 4 0.00550664124271465 102810078 102835942 25864
11 1469 rs7937282 130224945 1 -0.00546392354050318 130224945 130255113 30168
11 561 rs11036673 42083016 2 0.00543537829112068 42060072 42211231 151159
11 1132 rs17106453 106987630 3 -0.00542667039410103 106941553 107000535 58982
11 515 rs1563951 37182945 1 0.00535014337290433 37152778 37182945 30167
11 573 rs4755714 43534268 5 -0.00534268016213732 43285881 43539013 253132
11 451 rs831630 33743019 3 0.00534032193789377 33724992 33830115 105123
11 1018 rs35678997 96238270 3 -0.00527441895765206 96236914 96267523 30609
11 233 rs11022886 13584585 4 0.00523388629480445 13422274 13624089 201815
11 341 rs324172 21952288 1 0.00519649767540615 21936812 21997038 60226
11 1097 rs12419850 103342939 1 0.00518481884818679 103314014 103350975 36961
11 680 rs4088469 63176367 1 -0.00512583407801703 63176367 63242556 66189
11 1312 rs687560 121076285 2 0.0051252761483364 121072088 121161106 89018
11 134 rs1600970 7754959 4 0.00509509770098646 7721870 7775862 53992
11 702 rs735498 66676995 2 0.00509232080452486 66649612 66766754 117142
11 1307 rs7105363 120687069 3 0.00508650042351657 120663363 120723433 60070
11 1224 rs10502208 115743487 4 -0.00508159325588292 115685475 115753077 67602
11 494 rs3740962 36103381 3 0.00506130414964901 36093636 36103381 9745
11 1160 rs2051466 110241999 3 0.00505800506772253 110222791 110244245 21454
11 334 rs4550216 21534059 1 -0.00501018754155992 21516600 21534059 17459
11 926 rs10501651 87527561 3 0.00499843449367564 87515374 87588521 73147
11 505 rs11600757 36473784 2 0.00497051503268306 36460081 36475317 15236
11 1138 rs7950899 107552110 4 0.00495485625019411 107535758 107554267 18509
11 1488 rs1113928 131097709 1 0.00489839860374556 131094288 131103087 8799
11 828 rs11237714 78800073 1 -0.00486295527568775 78772558 78804058 31500
11 1315 rs17125331 121301819 3 -0.00485559387494939 121291294 121308525 17231
11 1077 rs11224983 101585195 3 0.00483402033777757 101416602 101591191 174589
11 1002 rs11021209 95283557 2 -0.00482124052052775 95283557 95327374 43817
11 839 rs2156671 79319999 4 -0.00480899476995979 79259776 79319999 60223
11 65 rs3750992 4621323 4 0.00480823422796518 4593411 4647770 54359
11 727 rs7946645 69425840 1 -0.00480390918890342 69395013 69442963 47950
11 770 rs11235880 73435296 4 -0.00480176573934017 73346041 73517259 171218
11 665 rs2727261 61712131 1 -0.00462692330096187 61711475 61724292 12817
11 417 rs481303 29512184 2 0.00461264450264401 29500160 29527661 27501
11 251 rs1356647 16219341 4 0.00460931254443722 16004562 16221145 216583
11 1311 rs2155369 121038810 2 -0.00458937712895676 120989335 121062860 73525
11 721 rs11602680 69053932 5 -0.00456689261982484 69043896 69074201 30305
11 1145 rs2640758 108429200 2 -0.00455638270244608 108383676 108437928 54252
11 958 rs1394529 91177076 2 -0.00454663456517181 91152876 91234917 82041
11 588 rs16937996 44559898 3 0.00451650834365552 44559898 44603328 43430
11 1410 rs876901 126501321 5 -0.00450950053542437 126479691 126513773 34082
11 1453 rs7933972 129438975 1 0.00448873205060814 129415217 129438975 23758
11 1233 rs490592 116298367 1 0.00447072855363923 116298367 116298367 0
11 804 rs7127747 76412663 1 0.00445797040973553 76396289 76420719 24430
11 257 rs11024102 17008605 1 0.00444579511460287 17008605 17025740 17135
11 1123 rs953816 106288554 1 0.00443755300359532 106288554 106330810 42256
11 1195 rs909411 113854282 1 -0.00438524271992525 113846904 113866551 19647
11 85 rs2227271 5528918 2 -0.00431680173292706 5493557 5528918 35361
11 837 rs7117322 79184840 4 -0.00424867159702307 79169409 79198096 28687
11 669 rs7925016 62043929 2 0.00421214720819236 61988127 62043929 55802
11 1495 rs386795 131396444 2 0.00418599334720577 131383662 131396444 12782
11 840 rs17138705 79366322 1 0.00414881514240094 79333777 79373772 39995
11 57 rs1662172 4117155 1 0.00411294782721142 4079318 4164967 85649
11 1050 rs12283068 99160502 2 -0.00405712227464194 99093769 99217421 123652
11 534 rs769866 39749305 1 -0.00404721181213945 39709068 39772957 63889
11 1194 rs2459969 113638374 1 0.00401312075927724 113638177 113818271 180094
11 510 rs7935463 36884595 2 -0.00400198245129348 36873565 36884595 11030
11 395 rs35317037 26587018 1 0.0039939817232881 26583061 26596402 13341
11 696 rs35487354 65366882 1 0.00398763468539686 65319265 65391317 72052
11 564 rs4326780 42691021 5 -0.00397900291220648 42523366 42715836 192470
11 610 rs3736508 45975130 4 0.00395906071055179 45929961 46157060 227099
11 1069 rs7107791 100553728 4 -0.00394647524824151 100553728 100693073 139345
11 1363 rs11219437 123944824 2 -0.0039042715372559 123925974 123956983 31009
11 479 rs1320443 35380789 4 -0.00382683472025283 35321585 35380789 59204
11 1071 rs563460 100830693 2 -0.00378143513128016 100792335 100864744 72409
11 1370 rs10893251 124414746 2 0.00371550481320446 124408415 124441693 33278
11 21 rs3740627 1754400 1 0.00362047940774805 1754400 1807114 52714
11 213 rs12574273 12315256 1 -0.0036142917146882 12301823 12315915 14092
11 999 rs10765735 95092081 3 -0.00357985256834071 95079327 95120556 41229
11 1497 rs2324510 131469762 1 -0.00354316589984381 131468095 131484994 16899
11 1007 rs7943261 95767956 1 -0.00352670899430323 95766185 95770744 4559
11 1218 rs10502205 115416391 2 0.00352348070120937 115395297 115416391 21094
11 882 rs551450 82508987 4 0.00352139802351314 82462980 82561661 98681
11 485 rs645267 35560205 1 -0.00347006029347829 35558748 35560205 1457
11 1163 rs7951655 110604293 3 0.00345990926616488 110562578 110618016 55438
11 980 rs1939560 93311765 1 0.00344517823569688 93281716 93348268 66552
11 413 rs12792701 28988343 1 0.00343276686734186 28887766 29086045 198279
11 802 rs1941603 76359722 3 -0.00338533199534937 76359722 76369419 9697
11 1122 rs7110917 106270964 1 -0.00338506310844327 106264835 106279611 14776
11 473 rs7131078 35110118 1 0.00330579635929497 35105495 35123195 17700
11 1236 rs2102405 116348168 1 0.003301320877106 116329043 116348168 19125
11 1164 rs190125 110663056 2 -0.00327420625968622 110663056 110697604 34548
11 678 rs7117494 62873164 4 -0.00326475916924492 62839667 62910878 71211
11 358 rs7926648 23532943 1 -0.00325477666398252 23531129 23532943 1814
11 298 rs7934251 19893621 1 0.00324452498619233 19872846 19898874 26028
11 1096 rs546524 103309088 3 -0.00323342294734017 103156472 103310784 154312
11 599 rs1484404 45064490 2 -0.00322718186870088 45030050 45064490 34440
11 892 rs11820448 83581307 2 -0.00321718868019968 83579907 83633189 53282
11 1455 rs12417822 129536943 6 -0.00313379970036359 129534425 129551393 16968
11 155 rs3829273 9048668 4 0.00304633037886318 9042331 9069046 26715
11 1208 rs10891729 114537740 3 -0.00301012804232299 114471076 114627619 156543
11 326 rs2040315 21129269 4 0.00297362947215023 21079942 21129269 49327
11 815 rs921383 77710841 2 -0.00296922433276837 77710841 77727139 16298
11 1401 rs11220462 126243952 5 0.00293414718115149 126241979 126292596 50617
11 639 rs11229889 59020419 1 0.00289374974968673 58942848 59030490 87642
11 222 rs10831916 12911236 2 -0.00288843638418846 12911236 12933933 22697
11 1341 rs12286925 123001223 1 -0.00287981822221177 122975915 123001223 25308
11 492 rs262426 36041260 1 0.0028534544037104 36041260 36052138 10878
11 1070 rs3847566 100701493 2 -0.0028412169041105 100700951 100739145 38194
11 704 rs11601325 67227006 5 0.00279853218808909 66910826 67294308 383482
11 1519 rs1620329 132577443 2 -0.00278186008373396 132509174 132582971 73797
11 6 rs11821341 460303 2 0.00277783275217767 436461 470331 33870
11 314 rs17232722 20678604 2 0.00277679819076767 20638648 20681439 42791
11 144 rs4758051 8238639 2 0.00274833035347452 8238639 8252853 14214
11 1049 rs7949592 99035893 4 -0.00274260419198149 99035893 99090508 54615
11 634 rs117028468 58206714 2 0.00271665702067255 57990372 58391501 401129
11 726 rs657315 69332712 3 -0.00266925804220957 69332260 69351911 19651
11 737 rs947781 70212755 3 0.00266598486399548 70118489 70226040 107551
11 66 rs7925271 4664657 2 -0.00264936000533903 4659419 4667594 8175
11 965 rs7107272 91682680 3 0.00263270727973368 91682680 91800915 118235
11 957 rs7930025 91019530 1 -0.00262464742507818 90969612 91047120 77508
11 56 rs7951076 3890853 5 -0.00261980567174631 3890059 3918601 28542
11 1039 rs4753908 98174837 2 -0.00260419907133967 98156507 98235401 78894
11 901 rs11234221 84574040 3 0.00255935129816343 84536635 84610102 73467
11 1221 rs1619714 115552918 2 -0.00255005418420882 115539650 115563555 23905
11 1014 rs12576734 96010328 2 -0.0025470086337619 95990888 96011351 20463
11 422 rs7121585 30059736 2 0.00254483972128585 30059736 30170373 110637
11 979 rs10466331 93231137 4 -0.00252910698411873 93206181 93261886 55705
11 830 rs10793370 78867290 1 -0.00252899420063642 78857223 78868436 11213
11 275 rs148308967 18735677 2 -0.00248938177478217 18727448 18742043 14595
11 9 rs11246316 805712 2 -0.00248865663995689 723311 805712 82401
11 158 rs9888257 9185077 1 -0.00248541053921012 9142797 9311128 168331
11 1409 rs484820 126467667 2 0.00248341764917599 126452032 126472512 20480
11 1447 rs2855794 128734424 2 -0.00245320520958115 128701032 128737188 36156
11 484 rs16926171 35540677 1 0.0024434825733543 35522638 35546732 24094
11 683 rs10897464 63718663 3 -0.00243370402887099 63592621 63718663 126042
11 553 rs1352230 41257362 2 -0.00242098311202915 41212670 41257362 44692
11 757 rs1784257 72007984 1 0.00240431732953933 72007984 72176100 168116
11 481 rs16927464 35420858 1 -0.00240301133439554 35420858 35433448 12590
11 915 rs1075702 86461180 6 0.00239179082854068 86452908 86526082 73174
11 876 rs1514621 82081904 3 0.00237244363361711 82081904 82201517 119613
11 1197 rs17116334 113961762 1 0.00236275768395768 113961762 113969561 7799
11 154 rs4929915 8824418 7 -0.00234794173254049 8815115 9008674 193559
11 191 rs4910364 11515530 2 -0.00233853647066168 11498983 11521053 22070
11 374 rs906882 24642587 1 0.00233788959533734 24637870 24718860 80990
11 436 rs117017377 32119904 3 -0.00232859320940141 32085297 32146195 60898
11 749 rs2919721 70953650 1 0.00232350447246869 70932944 70953650 20706
11 474 rs353558 35161670 2 -0.00229384959310002 35131751 35161670 29919
11 491 rs262418 36025118 1 -0.00227828025165603 35998208 36029375 31167
11 349 rs1499242 22793809 4 -0.00227685182884722 22721656 22801465 79809
11 1025 rs7952054 96985089 1 -0.00227107046436856 96985089 97040365 55276
11 516 rs10836719 37302238 2 -0.0022669842377196 37251134 37312954 61820
11 1108 rs11226246 104113576 2 -0.00225502875715605 104063280 104194975 131695
11 910 rs3741005 86123556 2 -0.00225093558504714 86107966 86167136 59170
11 1116 rs2510183 105405416 1 0.00224644638470125 105401171 105483629 82458
11 800 rs17160155 76322550 1 -0.00222310780765794 76270683 76322550 51867
11 511 rs1383349 36938773 5 0.00221954100374539 36906202 36983798 77596
11 318 rs12270521 20855440 1 0.00221293386254272 20840492 20862685 22193
11 293 rs1364795 19711993 1 0.0021792351324599 19671524 19711993 40469
11 575 rs11037574 43726211 1 0.00217615129110957 43605304 43876698 271394
11 690 rs7932437 64373504 3 -0.00216806986949109 64357072 64546391 189319
11 567 rs7938181 42864284 2 0.00213449419925209 42864284 42885153 20869
11 787 rs1894213 75159408 2 0.00210523585587374 75158433 75162754 4321
11 187 rs2403511 11399283 1 -0.00210121558706162 11399283 11399283 0
11 565 rs11037018 42722587 1 -0.00209287119378676 42722587 42771556 48969
11 1048 rs10892814 99016229 2 -0.00207206017887499 98963561 99032560 68999
11 799 rs4945087 76136482 1 -0.00206706080971174 76136482 76155555 19073
11 1169 rs10891240 111140462 1 0.00204198236253206 111140462 111171709 31247
11 465 rs3847603 34571836 1 0.0020254195346691402 34569199 34579376 10177
11 327 rs1945319 21165872 4 -0.00202229628520065 21141191 21196180 54989
11 735 rs7930377 70032828 2 -0.00201824354608861 69978265 70045922 67657
11 425 rs16920925 30574638 1 0.00201525600912622 30574638 30618816 44178
11 655 rs3019544 60751923 1 -0.00201523424378312 60728321 60751923 23602
11 984 rs4753116 93767360 1 0.00199842916698263 93713911 93793618 79707
11 424 rs1336516 30511811 3 0.00199485629869858 30447623 30558056 110433
11 249 rs7112764 15858203 2 0.0019784744410837 15847373 15905289 57916
11 440 rs6484569 32378306 1 0.00197418129289763 32378306 32444147 65841
11 792 rs531117 75456134 1 0.0019738883049234 75455021 75548772 93751
11 614 rs11038993 46810916 1 -0.00192974374029217 46734384 47237359 502975
11 1302 rs1574249 120500130 1 -0.00192587660480841 120500130 120500130 0
11 1082 rs2846848 102180563 2 -0.00188441112899318 102180563 102272839 92276
11 456 rs11601461 34043625 1 -0.00187995260848371 34013886 34062951 49065
11 1396 rs4448703 125972495 1 0.00187676864339736 125955327 125974071 18744
11 557 rs899036 41682910 3 0.00187019183698748 41611349 41714632 103283
11 1184 rs4936267 113056323 1 -0.00185160203431647 113011346 113056323 44977
11 248 rs11023714 15785074 1 0.0018422861278132 15770954 15838137 67183
11 1432 rs4937298 128005842 9 -0.00182985553554662 127940816 128044966 104150
11 671 rs2509979 62204613 1 0.00182480497838398 62204613 62209586 4973
11 1465 rs959354 130009581 1 0.00182436729981807 129990587 130031829 41242
11 670 rs2463822 62103420 2 -0.0018206406653722 62068685 62192931 124246
11 1417 rs521381 126883622 6 0.00181418702238552 126848207 126892213 44006
11 308 rs11529659 20224852 1 -0.00181016108715359 20202134 20238149 36015
11 1177 rs7109000 112435333 3 0.00180629161864497 112397104 112456221 59117
11 1256 rs495118 117434728 2 -0.00180305412467863 117394979 117468794 73815
11 1457 rs12416704 129616272 1 0.00179921917212556 129613324 129616272 2948
11 1209 rs10502193 114664651 2 -0.00178112864496894 114644778 114738157 93379
11 1448 rs10488729 128962670 3 0.00176852460757353 128823766 129103092 279326
11 48 rs4758483 3222869 4 -0.00171871432799407 3218709 3226934 8225
11 153 rs931756 8735662 1 0.00171562849037956 8735662 8735662 0
11 355 rs4923083 23288324 1 0.00170789058569122 23244871 23304889 60018
11 621 rs4939542 55729751 2 -0.00170439715983516 55729751 56119356 389605
11 1520 rs1945948 132602521 1 0.00169034921617682 132600307 132602521 2214
11 232 rs16912751 13362291 1 -0.00168850430737828 13355770 13362815 7045
11 294 rs1425227 19756789 2 -0.00168200686021776 19748992 19774304 25312
11 1353 rs12574747 123383072 2 0.00167848623989311 123370239 123395864 25625
11 448 rs1883916 33578510 2 0.00167795622161094 33518390 33617771 99381
11 572 rs1353461 43266834 3 0.00166528797899472 43235460 43266834 31374
11 411 rs939505 28714139 2 0.00166372291787837 28714139 28741136 26997
11 180 rs1875775 11172701 1 0.0016634260172302 11159305 11190381 31076
11 1009 rs10501841 95834531 2 0.00165862738374742 95811244 95845917 34673
11 67 rs12271352 4678228 2 -0.00162925864518699 4673788 4694308 20520
11 795 rs689095 75914087 4 -0.00161289657255021 75890695 75941236 50541
11 287 rs17594372 19471443 3 0.00160861482980676 19440246 19471443 31197
11 1510 rs11222955 132021146 4 0.00158682207530899 132015077 132028281 13204
11 1551 rs11223738 134128313 3 -0.00158436203918046 134111547 134164618 53071
11 83 rs2647582 5424170 4 -0.00158254355799513 5416622 5463061 46439
11 1291 rs507622 119764234 1 0.00157228113344262 119763417 119804461 41044
11 1171 rs4514461 111226943 8 -0.00157172851840465 111196858 111275250 78392
11 1022 rs17275283 96841814 6 -0.00156947380906717 96769519 96845364 75845
11 264 rs7483847 17692011 1 0.00155548283922739 17670293 17722192 51899
11 404 rs4597027 27235715 3 0.00154163137545126 27226591 27319188 92597
11 1102 rs1483280 103692155 4 -0.00153810795228489 103653871 103755233 101362
11 182 rs12270336 11226578 2 -0.00152541312582384 11226578 11232260 5682
11 225 rs11022626 13086274 3 0.00150853403082604 13071286 13122553 51267
11 1550 rs10791345 134012013 6 0.00150255349501347 133941046 134088682 147636
11 630 rs5847 57319339 3 -0.00149689060799796 57252328 57356907 104579
11 10 rs35567200 830044 3 -0.00148441698496555 830044 888632 58588
11 1144 rs425538 108219339 9 0.00148074552512685 108034124 108357137 323013
11 922 rs4636701 87035210 2 -0.00147735870236221 87018161 87110152 91991
11 741 rs11236708 70424188 4 -0.00147308527492095 70424188 70445161 20973
11 733 rs4515996 69919522 1 -0.00145119339970811 69919522 69941786 22264
11 1274 rs572126 118359161 3 0.00144491944946764 118341921 118430519 88598
11 313 rs12418677 20594890 1 -0.0014371122291696 20588922 20630163 41241
11 1059 rs12790700 99837846 2 -0.00143456929166526 99832557 99880282 47725
11 570 rs7110059 43137851 1 -0.00142997269156719 43061065 43137851 76786
11 814 rs10899401 77431334 2 -0.00141653121815324 77267497 77703983 436486
11 170 rs2162044 10655609 4 0.00139901955873443 10655609 10698073 42464
11 1330 rs12422102 122483315 1 0.00139071938697665 122483315 122484431 1116
11 693 rs11539360 64880743 1 -0.00138780030069111 64802388 64925690 123302
11 945 rs9299894 89156698 3 -0.0013731232776342 89100329 89206511 106182
11 987 rs12270338 94147464 4 0.00136871458783284 94037967 94215306 177339
11 84 rs12576842 5488533 3 0.00136256202422208 5471746 5491183 19437
11 530 rs10734472 39325576 2 -0.00135274277493407 39286042 39327959 41917
11 1527 rs11223331 132892624 2 0.00135051367688032 132841591 132892876 51285
11 1250 rs667944 117128271 1 0.00133176456985325 117110740 117128271 17531
11 209 rs869279 12221737 1 -0.00132937442934122 12219442 12232116 12674
11 722 rs7108119 69150850 3 -0.00132447851200813 69143284 69177047 33763
11 992 rs11020909 94426502 1 0.00131919628338445 94424896 94463093 38197
11 942 rs11018452 88804060 2 -0.00131833934548791 88758601 88820022 61421
11 608 rs1562455 45776968 2 0.00131539314615647 45724061 45816020 91959
11 512 rs10768240 37002821 1 -0.00131526109262513 36995113 37020611 25498
11 34 rs2283169 2580299 1 0.00129975009265372 2580299 2580299 0
11 185 rs901554 11354393 1 0.00129240380557258 11338267 11359886 21619
11 176 rs732392 11007971 3 -0.00126403613178424 11007570 11042958 35388
11 1331 rs2271719 122583001 2 -0.00124120480272455 122522375 122585573 63198
11 171 rs10840473 10715721 1 0.00123656821004453 10715721 10754074 38353
11 1162 rs1971356 110432204 3 0.00122026530121071 110380131 110508040 127909
11 897 rs7942296 84059608 1 -0.00120980881988775 84053382 84152033 98651
11 1266 rs4252287 117868638 3 -0.00120777885637338 117823425 117890386 66961
11 644 rs7106518 59839787 1 -0.00119872975233319 59815640 59852078 36438
11 1443 rs615671 128594875 2 -0.00119767842917078 128592637 128624811 32174
11 818 rs4945300 78282632 9 0.00119706417874995 77920563 78282632 362069
11 228 rs2197040 13182782 2 -0.00118309314596675 13182782 13211208 28426
11 1271 rs678957 118050855 1 0.00118120424353071 118042713 118134785 92072
11 550 rs10768653 40961066 1 0.00117781673580419 40884510 40966294 81784
11 394 rs10501053 26576725 1 0.00117767139984286 26494465 26576725 82260
11 1153 rs17109617 109248945 1 0.00117559813165609 109243629 109248945 5316
11 1415 rs2282507 126763379 1 0.0011662299308792 126702168 126768090 65922
11 337 rs1945549 21625898 1 -0.00115745954047452 21618536 21654066 35530
11 1088 rs4121365 102606130 1 -0.00115254478525846 102605579 102628052 22473
11 896 rs17147136 83995603 2 -0.0011270139966414 83986071 84027768 41697
11 559 rs7128743 41925699 2 0.00112650307381225 41867654 41932593 64939
11 106 rs7924933 6509393 1 0.00112507752633476 6495600 6555365 59765
11 504 rs10836561 36457253 1 -0.00111340088732649 36445197 36458997 13800
11 457 rs1883959 34234145 2 0.00111265890560698 34234145 34240676 6531
11 863 rs7102845 80916798 3 0.0011045164339392199 80902438 80923036 20598
11 383 rs10742072 25196853 1 0.00109916170155012 25180965 25208539 27574
11 797 rs747925 76004202 3 0.00109508429211118 76004202 76027936 23734
11 1261 rs1892903 117669619 2 0.00108883508750593 117649675 117669619 19944
11 1047 rs11218323 98951110 2 0.00106829529717665 98932132 98952217 20085
11 539 rs2953310 40137543 2 -0.00106096329101087 40137543 40137543 0
11 111 rs1506981 6779071 7 0.00104930759855696 6737979 6794304 56325
11 653 rs12803813 60578205 1 0.00103968732535015 60559805 60602297 42492
11 666 rs4963442 61768706 1 -0.00103010365701884 61736411 61770839 34428
11 123 rs11041372 7441737 2 0.00102132872390954 7441401 7448700 7299
11 166 rs2957705 10375899 3 -0.00101888273473559 10375899 10426129 50230
11 1188 rs7103866 113164768 1 0.00101807234770246 113146033 113193601 47568
11 396 rs4278475 26694812 3 0.00101673405810235 26605331 26701172 95841
11 175 rs7112994 10994559 1 0.00101598327669077 10960394 11005966 45572
11 1397 rs732430 126032638 3 -0.00100515508145632 126026645 126032638 5993
11 1136 rs117249984 107375422 2 0.00100090045052268 107355600 107426129 70529
11 1570 rs1871265 134869557 4 9.79343467125807e-4 134869557 134940416 70859
11 1425 rs16831 127328188 2 -9.749100735321193e-4 127328188 127338676 10488
11 950 rs10501719 90184045 2 -9.705920459153952e-4 90086953 90348024 261071
11 183 rs16909341 11311506 2 -9.625730864129852e-4 11285886 11311506 25620
11 255 rs79143472 16848067 5 -9.503870412182724e-4 16847317 16955369 108052
11 844 rs642770 79688804 3 9.467804774999652e-4 79631786 79717254 85468
11 447 rs1998305 33472945 2 9.368538648775096e-4 33449347 33472945 23598
11 1391 rs553770 125638359 1 -9.313605208222392e-4 125613572 125770425 156853
11 793 rs6592618 75711897 1 -9.229984705919548e-4 75603050 75833980 230930
11 1449 rs7941048 129122558 3 9.17581518787415e-4 129113932 129178233 64301
11 344 rs11026505 22334571 1 9.075490535804776e-4 22334571 22368301 33730
11 970 rs3911565 92278522 4 -9.045967953988434e-4 92234533 92313508 78975
11 712 rs12365708 68512543 1 -8.880514016343479e-4 68446424 68512543 66119
11 941 rs604179 88629801 4 8.845615293781824e-4 88579631 88669352 89721
11 971 rs3847535 92558024 5 -8.842670093832088e-4 92319098 92558024 238926
11 1559 rs12577387 134368252 1 8.802620643540288e-4 134367820 134369417 1597
11 1179 rs1459658 112565534 2 8.760614225644621e-4 112565534 112626686 61152
11 267 rs542350 17925059 1 -8.741320253626608e-4 17872749 17925059 52310
11 995 rs1039750 94809826 2 8.730729701572771e-4 94807261 94813500 6239
11 1403 rs111418068 126343227 1 8.6818783068397e-4 126323328 126346426 23098
11 1161 rs10891096 110262743 3 -8.567298882003259e-4 110250091 110364300 114209
11 137 rs2136907 7973233 1 -8.430657512930714e-4 7945818 7985439 39621
11 151 rs7108135 8402917 1 8.365228654058021e-4 8402917 8622855 219938
11 622 rs616683 56257302 4 -8.359547520721576e-4 56128081 56468638 340557
11 184 rs4909979 11319245 2 8.292978363950036e-4 11317948 11322309 4361
11 1243 rs551141 116480631 1 8.285266063133108e-4 116480631 116491621 10990
11 169 rs7948666 10580684 1 -8.180326611316373e-4 10577397 10650367 72970
11 998 rs498018 95024932 2 8.075359758293238e-4 95022652 95052753 30101
11 1075 rs4396256 101330807 1 8.044427171267942e-4 101241202 101345201 103999
11 177 rs10770165 11060923 2 -8.039390227253492e-4 11051503 11060923 9420
11 967 rs12786200 91979018 2 8.030587639531555e-4 91951447 91988838 37391
11 508 rs4756347 36772853 2 -8.010467274359219e-4 36741120 36772853 31733
11 1327 rs693491 122310951 1 -7.949194716129286e-4 122204383 122310951 106568
11 226 rs10766040 13124064 2 7.80706158239738e-4 13124064 13135055 10991
11 507 rs61753861 36680719 1 7.68365301251806e-4 36579290 36728261 148971
11 1168 rs10502135 111071187 1 -7.466863226650999e-4 111056023 111111747 55724
11 118 rs12799959 7320535 1 7.37971950461515e-4 7278401 7329893 51492
11 628 rs7107352 57145633 1 -7.331021299528887e-4 57145498 57177593 32095
11 695 rs674485 65197393 1 -7.236032582943709e-4 65143892 65249145 105253
11 1516 rs2512698 132362622 1 -7.124976011838311e-4 132328691 132365096 36405
11 761 rs3781913 72373496 1 7.10113740433529e-4 72289291 72374037 84746
11 322 rs7939928 21010668 1 -7.080925553547312e-4 20980037 21012786 32749
11 360 rs11027313 23577442 1 -7.029355586581668e-4 23577442 23591590 14148
11 312 rs12787810 20545926 1 -7.019558064062107e-4 20545926 20585288 39362
11 691 rs10897529 64596916 2 -6.975971443629987e-4 64596916 64616237 19321
11 1352 rs2714084 123361020 2 -6.954967568578485e-4 123345497 123363067 17570
11 754 rs35844388 71701763 1 6.808893653171672e-4 71579229 71829967 250738
11 300 rs10833192 19937855 2 -6.806676650141291e-4 19924341 19947749 23408
11 36 rs231359 2694606 1 -6.793570391474248e-4 2694606 2694606 0
11 514 rs112995 37139394 1 -6.768146975387687e-4 37138197 37141853 3656
11 432 rs224644 31985157 4 -6.746080342605386e-4 31945989 31985157 39168
11 1282 rs2195525 119235404 1 -6.736829221609667e-4 119219124 119235404 16280
11 210 rs2012580 12237135 1 -6.732608049979719e-4 12237135 12248766 11631
11 194 rs11607730 11601761 1 -6.730612465531661e-4 11599177 11601761 2584
11 1517 rs2212487 132398054 3 6.700950867950788e-4 132388319 132458871 70552
11 601 rs6485597 45186029 1 6.654915209408129e-4 45136509 45250732 114223
11 1255 rs11216430 117376111 1 6.631893543203745e-4 117362948 117391966 29018
11 262 rs2190453 17533397 3 6.623067090779503e-4 17530484 17538539 8055
11 552 rs717112 41162903 1 6.524072367328615e-4 41140807 41173522 32715
11 1532 rs11223397 133083333 2 6.517807803693346e-4 133083333 133088580 5247
11 198 rs4376903 11818120 2 6.514507551932695e-4 11802361 11844516 42155
11 1337 rs4936757 122752714 1 -6.511593593207462e-4 122736853 122752714 15861
11 453 rs7941248 33925975 2 -6.496356438948441e-4 33908547 33925975 17428
11 875 rs581701 81885721 1 6.470560829918323e-4 81844707 82008671 163964
11 1499 rs2739287 131531000 1 6.430726756286667e-4 131521797 131531000 9203
11 400 rs12275693 27015407 2 6.40002966704529e-4 26962816 27015690 52874
11 469 rs11032829 34748502 1 -6.271313580085942e-4 34672889 34764251 91362
11 35 rs12277672 2619963 2 6.191984311709455e-4 2615600 2635797 20197
11 864 rs6591948 80938972 1 6.176932565601405e-4 80930458 80974455 43997
11 1211 rs10891792 114870096 4 -6.16992109828538e-4 114869751 114961577 91826
11 480 rs1923298 35384432 1 6.155710264179116e-4 35384432 35403124 18692
11 1190 rs4611239 113364271 2 -6.13700208332194e-4 113318408 113384281 65873
11 545 rs7117433 40506912 1 -6.058461614919662e-4 40498570 40606832 108262
11 1079 rs1470196 101880373 1 6.015162561279631e-4 101765654 101880768 115114
11 638 rs7946908 58766266 1 5.958450090220673e-4 58674568 58766266 91698
11 90 rs61756355 5632018 1 5.953600886165929e-4 5630635 5633747 3112
11 571 rs11821780 43206167 1 -5.941328217517137e-4 43138659 43209934 71275
11 148 rs10840020 8339894 1 -5.921207125219811e-4 8339894 8339894 0
11 1473 rs7932350 130354353 2 -5.853157236955646e-4 130354353 130395764 41411
11 975 rs271055 92770289 4 5.839163920542817e-4 92742186 92812922 70736
11 785 rs12271945 75085563 3 -5.767107396397264e-4 75044640 75085563 40923
11 310 rs4757053 20351011 2 5.71633037524104e-4 20310244 20362474 52230
11 443 rs7102857 32822434 1 5.654881530103587e-4 32677070 32860138 183068
11 219 rs12292638 12625227 2 5.574175447521918e-4 12569384 12626621 57237
11 1342 rs7111575 123014015 3 -5.525521226614025e-4 123014015 123026014 11999
11 1481 rs12419710 130708331 1 -5.459138468519615e-4 130705653 130752567 46914
11 470 rs10836312 34810443 4 -5.45540049332896e-4 34768948 34858084 89136
11 51 rs7127562 3583753 1 -5.441723564690115e-4 3583753 3583753 0
11 728 rs4616067 69556722 1 -5.380471032669766e-4 69556722 69572684 15962
11 870 rs1075167 81434293 4 5.376167650845493e-4 81303817 81452386 148569
11 849 rs7483049 80011790 4 -5.26324977124891e-4 80011790 80038214 26424
11 1522 rs4128349 132689188 1 -5.249474669046417e-4 132689188 132717062 27874
11 163 rs10770061 9796699 2 -5.212038240697504e-4 9788673 9890714 102041
11 1080 rs7127954 101943548 1 -5.209758088681127e-4 101934867 102070639 135772
11 292 rs7931824 19614747 1 5.164695670698562e-4 19599971 19614747 14776
11 542 rs10742530 40229937 2 5.138684527309017e-4 40227204 40285275 58071
11 579 rs17795583 44036397 1 5.093052026327179e-4 44036397 44055694 19297
11 1500 rs11819970 131607351 2 4.99586867328672e-4 131539280 131607351 68071
11 33 rs4539307 2573121 1 -4.96544311161915e-4 2565805 2573121 7316
11 1055 rs4323834 99592885 3 4.883288730288321e-4 99592885 99611634 18749
11 1319 rs1944683 121641496 1 4.8466191806961013e-4 121584931 121649479 64548
11 82 rs16913820 5382734 1 -4.809657658942439e-4 5372751 5413551 40800
11 526 rs7934284 38577786 2 4.7904558767073634e-4 38566424 38611005 44581
11 1248 rs2513094 116806412 3 -4.7477479067088257e-4 116714118 116828121 114003
11 517 rs1822934 37439348 1 4.7348700923398855e-4 37350828 37481054 130226
11 937 rs3812729 88239258 1 -4.6886646791464374e-4 88198930 88266080 67150
11 838 rs7944323 79226028 2 -4.6572313067676495e-4 79216085 79242837 26752
11 1239 rs4936353 116397649 2 -4.6382553053427424e-4 116397649 116397649 0
11 89 rs3751006 5625847 2 -4.618237136878934e-4 5618502 5628072 9570
11 458 rs2755176 34265140 1 4.5837057946310835e-4 34265140 34266683 1543
11 927 rs1939160 87616840 1 -4.565464161674365e-4 87594308 87620018 25710
11 237 rs2697832 14100888 4 -4.517198042549787e-4 14021639 14114318 92679
11 423 rs7123626 30325865 2 -4.5039845741696343e-4 30255185 30436400 181215
11 861 rs2948381 80821706 5 4.4413815043766185e-4 80818238 80854375 36137
11 1251 rs527056 117285549 2 4.412239169675659e-4 117212892 117286064 73172
11 1560 rs4606492 134381569 1 4.3788647039739976e-4 134381569 134395242 13673
11 1064 rs11223581 100173537 1 4.34635113289551e-4 100171925 100175369 3444
11 762 rs1531865 72437398 2 4.320087056690455e-4 72405450 72462634 57184
11 1111 rs10791730 104688549 1 4.2528586797761986e-4 104618572 104751979 133407
11 1548 rs627455 133887799 1 4.2282239446269536e-4 133881446 133899614 18168
11 1268 rs948466 117966100 1 -4.19951871672813e-4 117956338 117973673 17335
11 1062 rs4754673 100020880 1 4.149488857480911e-4 100005864 100098203 92339
11 330 rs2187522 21357112 2 -4.141560718055424e-4 21355150 21368871 13721
11 535 rs10768556 39902443 1 -4.141246098503548e-4 39810064 39916430 106366
11 348 rs1399103 22567197 2 4.133221332120883e-4 22551767 22592845 41078
11 845 rs7123693 79763387 1 -4.1262490348024694e-4 79729111 79768810 39699
11 1229 rs1894070 116076882 3 4.0721287337212354e-4 116076882 116098634 21752
11 1110 rs1352283 104338340 1 -4.069877215118332e-4 104334328 104596896 262568
11 729 rs10160812 69658210 1 -4.059469421730277e-4 69612823 69681843 69020
11 1114 rs1847293 104979669 3 4.019407891150714e-4 104897437 105042650 145213
11 1359 rs10750240 123677614 1 4.010310229546502e-4 123631872 123677614 45742
11 1100 rs10895511 103552188 1 -3.996854012184751e-4 103505169 103572752 67583
11 923 rs10898702 87184717 1 -3.996147068819255e-4 87148324 87192624 44300
11 1483 rs1347281 130908989 1 3.984620998201932e-4 130908989 130908989 0
11 581 rs3107275 44104981 1 3.933710752742278e-4 44097226 44272522 175296
11 71 rs4382897 4823689 2 3.910517010468905e-4 4790396 4825349 34953
11 211 rs7946327 12273566 1 -3.904849934535039e-4 12261756 12273566 11810
11 156 rs3751052 9072140 1 3.901767923237862e-4 9071236 9074535 3299
11 856 rs10897677 80520649 1 -3.8742188166028313e-4 80457784 80520649 62865
11 1347 rs11219115 123199567 1 3.867883160975821e-4 123155262 123199567 44305
11 1565 rs931932 134671308 1 -3.824390624147374e-4 134671308 134685459 14151
11 1334 rs11218814 122664228 1 3.8203771352434367e-4 122664228 122675193 10965
11 1227 rs12271395 115964809 1 -3.8002000114715394e-4 115942776 115968432 25656
11 1321 rs10892786 121803041 1 3.7878609141271744e-4 121779467 121810231 30764
11 1355 rs2852732 123447713 1 3.7679339880717494e-4 123444860 123447713 2853
11 807 rs1149622 76515259 1 -3.733243960663078e-4 76479810 76515259 35449
11 1166 rs10502124 110894702 1 -3.723130386256774e-4 110876320 110916706 40386
11 1128 rs11824629 106632370 1 -3.6633245892312425e-4 106594673 106632370 37697
11 600 rs7483442 45076544 1 -3.6329918323631526e-4 45075826 45077911 2085
11 911 rs663208 86193234 5 -3.6063458473848753e-4 86171454 86250544 79090
11 871 rs1945906 81561077 3 -3.605744174674558e-4 81470498 81568926 98428
11 1534 rs7122854 133168523 2 -3.520508521740977e-4 133138822 133194915 56093
11 1078 rs4548585 101685752 2 -3.5070996925845685e-4 101604445 101753183 148738
11 944 rs1393350 89011046 1 3.4807592455079225e-4 88969774 89037936 68162
11 742 rs11236898 70463510 1 3.381513968376267e-4 70456768 70463510 6742
11 1360 rs11219314 123706304 1 -3.380026222219082e-4 123679460 123762718 83258
11 1297 rs7936665 120147254 1 3.374677134660376e-4 120147254 120161886 14632
11 1058 rs1453584 99807394 1 -3.349779961488127e-4 99792336 99825251 32915
11 107 rs11825154 6568290 1 3.325182883159433e-4 6568290 6618548 50258
11 692 rs3741392 64701030 2 -3.318399254977084e-4 64679362 64761779 82417
11 1109 rs4755031 104274535 1 3.30516688151068e-4 104211569 104296079 84510
11 1427 rs356256 127445359 1 3.304174718506957e-4 127440032 127446890 6858
11 618 rs7124266 49280857 1 -3.260948274720231e-4 49280857 50280123 999266
11 1091 rs501371 102748450 1 3.215371826697723e-4 102720678 102755015 34337
11 1015 rs483905 96023427 2 3.1893594191389547e-4 96016891 96036844 19953
11 1200 rs527392 114077940 2 -3.1892690404797236e-4 114053768 114079713 25945
11 1042 rs11216155 98481393 2 3.18132010493152e-4 98441476 98541621 100145
11 558 rs723562 41799496 2 -3.1754632912784215e-4 41736280 41799496 63216
11 218 rs4757597 12559202 1 -3.1263853206620263e-4 12548017 12562720 14703
11 75 rs2445333 5080234 4 -3.09741229329251e-4 5020189 5095774 75585
11 497 rs4755439 36187878 1 -3.0706855339203e-4 36187878 36237675 49797
11 1464 rs7116302 129945694 1 -3.070099622076493e-4 129932326 129983282 50956
11 282 rs12798330 19184916 2 3.06615815026981e-4 19136906 19184916 48010
11 464 rs836141 34537316 2 3.0239728448773224e-4 34537316 34555191 17875
11 1232 rs526151 116236775 2 2.954848978441827e-4 116216713 116245350 28637
11 285 rs2702705 19379879 1 2.9228385085091626e-4 19313016 19379879 66863
11 1382 rs10893331 124993187 1 -2.8633252268162843e-4 124976515 125001843 25328
11 1367 rs480111 124245682 1 -2.8561463134421e-4 124110442 124264636 154194
11 569 rs1546009 43044239 1 -2.8560032879036874e-4 42968875 43049826 80951
11 1207 rs550897 114442103 2 -2.831252334720555e-4 114271207 114442103 170896
11 1383 rs11219926 125018570 1 -2.796352075574537e-4 125018570 125023928 5358
11 380 rs2716522 24869249 1 -2.7752514839752114e-4 24848560 24891767 43207
11 1494 rs12577076 131348916 2 -2.774262496658893e-4 131331019 131359284 28265
11 1203 rs10128580 114115298 1 2.766293285773783e-4 114115298 114120774 5476
11 662 rs174570 61597212 2 2.7641855745618143e-4 61548796 61609750 60954
11 959 rs16916160 91259052 2 -2.7548196925470937e-4 91255951 91287525 31574
11 419 rs12290129 29815169 1 2.675899760971584e-4 29680576 29822057 141481
11 1296 rs562966 120076116 1 -2.6653117298259686e-4 120076116 120100597 24481
11 295 rs11819786 19787053 1 2.6473441604524305e-4 19787053 19787053 0
11 335 rs10766829 21542570 1 2.6062849393031543e-4 21539055 21582217 43162
11 486 rs12806627 35623483 2 2.5876957674108496e-4 35574050 35631174 57124
11 1146 rs4539291 108482112 1 -2.53795054677372e-4 108440814 108482112 41298
11 627 rs2511030 57014757 3 -2.536532146658012e-4 57005067 57137424 132357
11 519 rs10501184 37688849 3 2.528857609658177e-4 37590232 37688849 98617
11 338 rs764949 21667334 1 2.509540597505311e-4 21657218 21686312 29094
11 703 rs11227678 66842469 1 2.471935143180154e-4 66826160 66842469 16309
11 1176 rs12361507 112361133 1 -2.426053637069877e-4 112263027 112362462 99435
11 1072 rs11571145 100999245 1 -2.4085787524308791e-4 100877941 100999245 121304
11 254 rs217765 16799044 2 2.3522217378538896e-4 16797867 16821166 23299
11 53 rs2271586 3659993 2 -2.3221295130088787e-4 3643778 3659993 16215
11 112 rs61741824 6816792 1 2.2992772880965325e-4 6805199 6860857 55658
11 801 rs11236821 76351565 2 2.278680760515456e-4 76347032 76351565 4533
11 697 rs521678 65485727 2 2.26813062191125e-4 65467953 65564035 96082
11 1143 rs7931681 108004798 1 2.1396733403952344e-4 107874113 108016014 141901
11 777 rs7944514 74301192 2 2.122089845988435e-4 74273958 74391103 117145
11 399 rs79461805 26885197 1 2.1065968332115512e-4 26786121 26941049 154928
11 738 rs592501 70269777 1 2.0408560149964188e-4 70253586 70269777 16191
11 1044 rs11217465 98772897 1 2.039615354742777e-4 98719996 98807358 87362
11 1358 rs655756 123585960 1 -2.035111373011331e-4 123585960 123624658 38698
11 914 rs7129626 86416932 1 2.0089358843665872e-4 86344677 86416932 72255
11 783 rs1676891 74949403 1 2.0052599308716996e-4 74916695 74949403 32708
11 390 rs1387493 26034283 3 1.9843444369269672e-4 26026233 26044992 18759
11 1536 rs7930676 133244692 2 -1.9699787166323337e-4 133233949 133264009 30060
11 1301 rs4936523 120470159 1 -1.906356088161601e-4 120470159 120497350 27191
11 230 rs7123257 13312254 1 1.9056880841208636e-4 13276329 13312969 36640
11 1098 rs7120142 103417781 2 -1.899334843523536e-4 103380763 103436831 56068
11 1521 rs7350477 132673205 1 1.850056072757216e-4 132640356 132682258 41902
11 429 rs601305 31066467 1 1.8321809169418807e-4 31048097 31390733 342636
11 114 rs10839658 6942476 1 1.8204456583795217e-4 6932396 6981488 49092
11 673 rs117162358 62344743 1 1.8004154511593165e-4 62344743 62444798 100055
11 1454 rs7936804 129474773 1 1.7983583680435686e-4 129459840 129484943 25103
11 854 rs2373551 80346212 1 1.756104016211782e-4 80338182 80346212 8030
11 240 rs1945614 15102765 3 -1.731981466561159e-4 14967610 15121130 153520
11 74 rs17339295 4961547 2 1.7265822596545914e-4 4951599 5010905 59306
11 1356 rs1709901 123474408 1 -1.6735957423618148e-4 123474408 123486517 12109
11 367 rs2403895 24156271 1 -1.671603870670451e-4 24156271 24196119 39848
11 54 rs7931756 3792657 3 -1.642723248436326e-4 3690558 3792657 102099
11 478 rs3794091 35317353 1 -1.6000603382625628e-4 35255821 35317353 61532
11 320 rs7128766 20908913 1 1.5977296541490546e-4 20908913 20942507 33594
11 811 rs948969 76848035 1 -1.5958173527886877e-4 76840798 76853783 12985
11 203 rs16910421 12070665 1 1.515743705466657e-4 12070665 12073518 2853
11 1346 rs7934887 123149582 1 -1.4924178455942677e-4 123114359 123149582 35223
11 1540 rs11606737 133472324 4 -1.4441225280748405e-4 133455155 133505509 50354
11 547 rs11036058 40764896 1 1.4316474355816457e-4 40738299 40781345 43046
11 955 rs12785311 90906453 1 1.419818233638637e-4 90801491 90952254 150763
11 354 rs1384464 23217814 1 1.4051682335188635e-4 23169049 23243241 74192
11 943 rs11018528 88930377 1 -1.3997173892670148e-4 88878204 88962090 83886
11 1456 rs6590414 129597056 1 1.3886733904442642e-4 129590695 129597476 6781
11 29 rs7941585 2281501 1 1.384761448773941e-4 2281501 2304554 23053
11 994 rs4356184 94685411 1 -1.3367414491410428e-4 94685301 94731759 46458
11 1566 rs2155304 134705943 1 1.3200226455642049e-4 134705943 134706951 1008
11 449 rs1033543 33667333 1 -1.279615382745772e-4 33644514 33667333 22819
11 852 rs1037399 80147284 1 1.253251788904864e-4 80147284 80196298 49014
11 121 rs7930845 7388708 1 -1.245786552337536e-4 7375914 7398961 23047
11 847 rs10897559 79848654 1 -1.2378172537218265e-4 79847868 79905426 57558
11 872 rs7924797 81648897 1 -1.2305422998201628e-4 81578047 81648897 70850
11 879 rs11233191 82320506 1 1.229504088186015e-4 82312014 82352407 40393
11 993 rs6483377 94674106 1 1.1781741563451254e-4 94555708 94674106 118398
11 101 rs325638 6150568 1 -1.1066136747432608e-4 6088712 6179462 90750
11 1198 rs17116453 114000357 2 -1.0944896732256553e-4 113986162 114009255 23093
11 179 rs924795 11128017 2 1.0262114377850878e-4 11123656 11129275 5619
11 1538 rs4378414 133398260 1 -9.99461996121998e-5 133396313 133398260 1947
11 636 rs667933 58457495 1 -9.916953245867048e-5 58457495 58457495 0
11 164 rs16907355 10019879 1 -9.886010741874612e-5 9910958 10038862 127904
11 832 rs537355 78924501 1 9.881408144153192e-5 78924501 78924501 0
11 79 rs4910736 5258989 1 9.749120764728263e-5 5258989 5279355 20366
11 1036 rs1815908 97808955 1 -9.602373763125976e-5 97804083 97851666 47583
11 1569 rs2169860 134781624 1 9.502258402272014e-5 134773425 134842980 69555
11 365 rs4145287 24014855 1 -9.09067362290374e-5 23955079 24019431 64352
11 602 rs2863178 45272453 1 -8.731075037776898e-5 45260892 45335053 74161
11 415 rs17297770 29350878 2 -8.428749037809192e-5 29303887 29360384 56497
11 444 rs3168277 33094215 1 -8.26430884448892e-5 33036294 33102251 65957
11 1470 rs2242312 130275346 1 7.739920015557424e-5 130271209 130275346 4137
11 165 rs2278629 10183975 1 -7.616672664115479e-5 10159237 10287810 128573
11 11 rs11246386 1044938 1 7.248605844543532e-5 944466 1044938 100472
11 1043 rs12793263 98653719 1 7.23513667858584e-5 98580186 98699317 119131
11 1074 rs7118429 101181227 1 -6.562077103518927e-5 101172115 101200793 28678
11 1065 rs11224242 100329957 1 -6.190225637149335e-5 100238395 100414181 175786
11 1502 rs11222791 131652336 1 -6.02685832149713e-5 131652336 131658127 5791
11 93 rs4992800 5702462 3 5.847379731755369e-5 5702462 5718742 16280
11 1094 rs608645 102887764 1 5.7623344275640575e-5 102848546 102887764 39218
11 641 rs17154142 59544205 1 -5.6684411524861864e-5 59431837 59549840 118003
11 244 rs7937161 15448583 1 5.556842727420874e-5 15329304 15452247 122943
11 1418 rs1944634 126988744 1 -5.549541801959456e-5 126910629 126992504 81875
11 1158 rs1792783 110177371 1 5.500157670852795e-5 110053654 110181512 127858
11 1083 rs1954850 102378560 1 5.450914894856885e-5 102357279 102386852 29573
11 94 rs11604371 5747303 1 5.380194119707257e-5 5722444 5758062 35618
11 1530 rs1835725 133037241 1 5.211809541449103e-5 133012261 133037241 24980
11 1533 rs12418625 133101524 1 -5.053224121991728e-5 133101524 133101524 0
11 981 rs62622500 93408743 1 5.043800937985822e-5 93408743 93517299 108556
11 586 rs4755249 44454921 1 -4.647564251190825e-5 44431807 44459083 27276
11 196 rs4910407 11700694 1 4.4638233746809474e-5 11700694 11700694 0
11 874 rs656948 81752743 1 4.3487484825129105e-5 81709890 81810647 100757
11 780 rs11236225 74424075 1 4.277887876561799e-5 74424075 74442931 18856
11 698 rs34891773 65631361 3 4.1443076403402135e-5 65577516 65770658 193142
11 1148 rs2553761 108754443 1 4.1405855416726366e-5 108689088 108764449 75361
11 1422 rs2618195 127164405 2 4.0008031057919685e-5 127124975 127184582 59607
11 284 rs4237740 19281653 1 3.968974396615576e-5 19281653 19308907 27254
11 1329 rs12420917 122477025 1 -3.66039157629817e-5 122477025 122477025 0
11 1258 rs1892918 117531465 1 3.20624821452514e-5 117525420 117538766 13346
11 895 rs1377746 83899028 1 -3.09720767142516e-5 83817360 83954724 137364
11 1561 rs4937909 134441821 1 3.005577883715632e-5 134432050 134488163 56113
11 1217 rs7105871 115212725 1 -2.9254725027909903e-5 115212725 115321133 108408
11 30 rs16928078 2320013 1 2.760458018564729e-5 2320013 2339822 19809
11 1385 rs1893185 125110671 1 -2.6479932753151608e-5 125088270 125129208 40938
11 1035 rs2597579 97757897 1 -2.597754954238472e-5 97724023 97787241 63218
11 620 rs1509166 55620699 1 -2.5664341310759183e-5 55538071 55707804 169733
11 76 rs2499936 5110068 1 -2.5298380410662112e-5 5110068 5138733 28665
11 891 rs6592150 83562296 1 1.850983669706041e-5 83562296 83566115 3819
11 15 rs12363494 1262189 1 -1.759215989195227e-5 1262189 1328351 66162
11 563 rs11036893 42466106 1 9.973597977878696e-6 42466106 42503940 37834
11 925 rs11235296 87435016 2 8.845984322217187e-6 87435016 87440486 5470
11 1393 rs115533243 125864206 1 -4.94274745755331e-6 125818237 125872842 54605
11 583 rs10838249 44293529 2 3.88213917006916e-6 44293434 44340618 47184
11 454 rs2181165 33943644 1 -2.804510688636535e-6 33943644 33943644 0
11 1399 rs679387 126061352 1 -2.3687836753774e-6 126060763 126068642 7879
11 1562 rs7119913 134502223 1 -1.749668099755982e-6 134502223 134551700 49477
11 1460 rs10894162 129781016 1 1.7599879854331546e-7 129781016 129805793 24777
