CHR Group SNP.lead BP.lead Size W BP.min BP.max BP.width
17 2310 rs9303277 37976469 2 0.12018928215924768 37976469 37976469 0
17 2164 rs12941866 34900120 1 0.03930552445365906 34900120 34900120 0
17 2853 rs3826397 46509447 1 0.03260442297774844 46509447 46509447 0
17 3781 rs6504191 62041068 1 0.0283895011522439 62041068 62041068 0
17 5122 rs7216806 77538517 1 0.02692247573165887 77538517 77538517 0
17 3228 rs2940644 51708401 1 -0.02406099692436892 51708401 51708401 0
17 4441 rs12451606 70023827 1 0.02379432278986133 70023827 70023827 0
17 88 rs58337165 1684605 1 0.021191783857032222 1684605 1684605 0
17 854 rs406446 10614442 2 -0.02103691454645957 10614442 10614442 0
17 3367 rs7207114 53434046 1 0.02095767237528261 53434046 53434046 0
17 4260 rs8071899 67930946 1 0.02012867955159775 67930946 67930946 0
17 103 rs11867830 1760379 1 -0.01987801142211328 1760379 1760379 0
17 264 rs9909751 4299256 2 0.01931437637212835 4299256 4299256 0
17 5251 rs7342974 79483999 1 -0.01920826881384971 79483999 79483999 0
17 4760 rs4789114 72950927 1 0.01914134850394518 72950927 72950927 0
17 2755 rs2292700 45362423 2 0.01813212751415933 45362423 45362423 0
17 5057 rs7218605 76811803 1 0.01765670746214086 76811803 76811803 0
17 5089 rs12051618 77243063 1 -0.01735238631925089 77243063 77243063 0
17 1725 rs894606 27909352 1 -0.01700262921966547 27909352 27909352 0
17 2879 rs9890514 46738883 1 0.01616130480534609 46738883 46738883 0
17 1329 rs230956 15202205 2 -0.01604069346940111 15202205 15202205 0
17 3648 rs1292053 57963537 1 0.01587458294521334 57963537 57963537 0
17 2803 rs62067380 46000406 1 0.01576454306889908 46000406 46000406 0
17 582 rs2270981 7216540 1 0.01574933154754278 7216540 7216540 0
17 3375 rs7213162 53489599 2 -0.01556181028055658 53489599 53489599 0
17 4341 rs1015657 68878487 1 -0.01535048553030115 68878487 68878487 0
17 3116 rs10514997 50299021 1 0.01499733588191108 50299021 50299021 0
17 608 rs4511593 7455536 1 -0.01448287334800046 7455536 7455536 0
17 310 rs3786046 4920360 1 0.01445090932567689 4920360 4920360 0
17 2403 rs7212376 39336342 1 -0.01402503754862878 39336342 39336342 0
17 5196 rs999977 78606412 1 0.01398500999626988 78606412 78606412 0
17 1785 rs735053 29742727 2 -0.01385968834941346 29742727 29742727 0
17 3934 rs17769593 64221641 1 0.01375016659492435 64221641 64221641 0
17 3635 rs7222513 57582867 1 -0.01371932514985891 57582867 57582867 0
17 4286 rs12150382 68222772 1 0.01365533296293483 68222772 68222772 0
17 3599 rs2072147 56395757 1 -0.01258391428053477 56395757 56395757 0
17 3213 rs9890221 51613235 1 0.01249280774205237 51613235 51613235 0
17 2365 rs72821893 38907448 1 0.01235370843953899 38907448 38907448 0
17 5254 rs7405450 79540449 1 -0.01225307018809582 79540449 79540449 0
17 1663 rs11538927 26686416 1 0.01192370850784828 26686416 26686416 0
17 4614 rs2661611 71708855 2 -0.01185055715684588 71708855 71708855 0
17 5004 rs4789577 76320835 1 0.01180673726615398 76320835 76320835 0
17 196 rs7218369 3212640 1 -0.01169675826178924 3212640 3212640 0
17 585 rs4796409 7269373 1 -0.01137753798940966 7269373 7269373 0
17 2710 rs1378358 44787312 1 -0.01132568049140331 44787312 44787312 0
17 4378 rs17178041 69138255 2 -0.01127971100405369 69138255 69138255 0
17 1138 rs2108702 13592605 1 -0.01078612020528364 13592605 13592605 0
17 650 rs8078865 7955314 1 0.01078466348455907 7955314 7955314 0
17 2801 rs2228251 45994094 1 0.01078140128309671 45994094 45994094 0
17 4918 rs16969682 75127012 1 0.01076115570064946 75127012 75127012 0
17 810 rs3967769 9981026 2 0.01067964592797868 9981026 9981026 0
17 2314 rs8067378 38051348 1 0.01062692808129798 38051348 38051348 0
17 2770 rs118004742 45468858 1 0.01060632548098159 45468858 45468858 0
17 2663 rs1230094 43470156 1 -0.01021992825224736 43470156 43470156 0
17 2693 rs4792891 43973498 1 -0.01018022555253825 43973498 43973498 0
17 1253 rs9916805 14619256 1 -0.01003478347594376 14619256 14619256 0
17 4033 rs7224314 65386214 1 0.00981209040888135 65386214 65386214 0
17 4034 rs4791296 65423279 1 -0.00976650491043951 65423279 65423279 0
17 1746 rs4350617 28423088 1 -0.00969566007192536 28423088 28423088 0
17 584 rs118077107 7221197 1 0.00956456822624418 7221197 7221197 0
17 4224 rs2074031 67522975 1 0.00956006816513238 67522975 67522975 0
17 2692 rs7210728 43968415 1 -0.00925206370760911 43968415 43968415 0
17 691 rs11654033 8315649 1 0.00922026307299346 8315649 8315649 0
17 845 rs117790102 10415269 1 0.00919412210907153 10415269 10415269 0
17 725 rs9891421 8880878 1 0.00912056365352856 8880878 8880878 0
17 286 rs8072531 4752260 2 0.00910458995777344 4752260 4752260 0
17 4373 rs9903422 69100197 1 0.00887649209685403 69100197 69100197 0
17 3802 rs8082170 62395382 1 0.00885775055470768 62395382 62395382 0
17 2913 rs6504595 47187056 1 -0.00861769649214885 47187056 47187056 0
17 4044 rs2706683 65552709 2 0.00859886648174631 65552709 65552709 0
17 111 rs4790859 1897820 1 -0.00843540054622187 1897820 1897820 0
17 5098 rs11658702 77289304 2 0.00840523741553438 77289304 77289304 0
17 1811 rs6505263 30153880 1 -0.00835583205315734 30153880 30153880 0
17 5276 rs9303029 80408815 1 -0.00816349010779658 80408815 80408815 0
17 1877 rs12941575 31715385 2 -0.00805998322344455 31715385 31715385 0
17 2665 rs1230103 43485791 1 -0.0080195864711285 43485791 43485791 0
17 4951 rs2410423 75667271 2 -0.00777434572019727 75667271 75667271 0
17 2638 rs12449933 43137201 1 0.00773492747500343 43137201 43137201 0
17 1700 rs7210510 27471598 1 -0.0077001991137214 27471598 27471598 0
17 4727 rs491192 72623855 1 0.00762658154290603 72623855 72623855 0
17 5177 rs148731719 78350110 1 0.00754303420650655 78350110 78350110 0
17 902 rs7213403 11129408 1 0.00746211232050124 11129408 11129408 0
17 221 rs11649929 3410902 1 0.00745253499935307 3410902 3410902 0
17 1826 rs11656631 30841962 2 0.00725840502238409 30841962 30841962 0
17 4449 rs2193060 70086350 1 0.00716990631626432 70086350 70086350 0
17 300 rs238238 4856376 1 -0.00711262023942591 4856376 4856376 0
17 3111 rs2970049 50236610 1 0.00706596281843705 50236610 50236610 0
17 2249 rs11079059 36813346 2 0.00702713344196536 36813346 36813346 0
17 3595 rs11079346 56383744 1 0.00653762317805676 56383744 56383744 0
17 2780 rs8070463 45768836 1 -0.00650873112926006 45768836 45768836 0
17 5208 rs9915378 78708418 1 0.00649374840284845 78708418 78708418 0
17 2345 rs7502912 38215948 1 -0.00646369438435337 38215948 38215948 0
17 2348 rs4135012 38450248 1 0.00637933121605151 38450248 38450248 0
17 780 rs2654725 9614556 1 -0.00637566919604403 9614556 9614556 0
17 4613 rs2619995 71703533 1 0.00634723655307036 71703533 71703533 0
17 4469 rs1008621 70362731 1 -0.00632925331912152 70362731 70362731 0
17 2696 rs3785883 44054433 2 0.00629335152715181 44054433 44054433 0
17 4926 rs4239000 75288940 1 -0.0062905674866772 75288940 75288940 0
17 5130 rs4889793 77840087 1 0.00628941336685285 77840087 77840087 0
17 2116 rs79007502 33880305 2 0.00627990444401582 33880305 33880305 0
17 1424 rs8072293 16855878 2 -0.00624807492791055 16855878 16855878 0
17 475 rs3888640 6153134 1 0.00623122769221731 6153134 6153134 0
17 952 rs11078022 11511457 1 0.00618991160643506 11511457 11511457 0
17 3941 rs8073418 64247672 2 -0.00613642120774208 64247672 64247672 0
17 736 rs3744655 9058214 2 -0.00613337111388026 9058214 9058214 0
17 3963 rs7225452 64380274 1 -0.00594785626472533 64380274 64380274 0
17 136 rs35343613 2227655 2 0.0059053778586436 2227655 2227655 0
17 2334 rs4065321 38143548 1 0.0058695435556437 38143548 38143548 0
17 1751 rs7214248 28574177 1 0.00578353678063745 28574177 28574177 0
17 915 rs7502432 11224354 1 0.00578273308587186 11224354 11224354 0
17 362 rs7213832 5271804 2 0.0057701332920963 5271804 5271804 0
17 1603 rs17771175 21003053 2 -0.00570280197384375 21003053 21003053 0
17 237 rs1716 3632836 1 -0.00568895559312991 3632836 3632836 0
17 3636 rs16943635 57599128 1 -0.00565433417423131 57599128 57599128 0
17 2827 rs11079811 46233490 1 0.00561602677682748 46233490 46233490 0
17 673 rs4792734 8208155 2 0.00558124369494427 8208155 8208155 0
17 4946 rs8077107 75612564 1 0.00553991024207529 75612564 75612564 0
17 923 rs16944647 11272698 1 -0.00552034486626267 11272698 11272698 0
17 4 rs4286157 402843 1 0.00550592852626109 402843 402843 0
17 4635 rs7213934 71809655 1 -0.00550013303615728 71809655 71809655 0
17 1401 rs7208027 16780763 1 0.00541795333398087 16780763 16780763 0
17 803 rs8069470 9901677 1 -0.00532144154789578 9901677 9901677 0
17 1685 rs12451955 27314224 1 -0.00527344250533566 27314224 27314224 0
17 38 rs480233 728030 2 -0.0052584151094578 728030 728030 0
17 943 rs3111834 11423255 1 -0.00520389489362011 11423255 11423255 0
17 1605 rs8078205 21084892 1 -0.00516772726706654 21084892 21084892 0
17 2579 rs2011951 42398052 1 0.00516206973428316 42398052 42398052 0
17 1755 rs3110454 28651363 1 0.00511279400884777 28651363 28651363 0
17 4212 rs8071378 67408662 1 -0.00509433405761509 67408662 67408662 0
17 967 rs12449476 11653008 1 0.00505413981572106 11653008 11653008 0
17 461 rs4796346 6088673 1 -0.00502756517997922 6088673 6088673 0
17 1902 rs12453488 31897097 1 0.0049733753876221 31897097 31897097 0
17 3161 rs12603672 51115243 2 0.00497188689373827 51115243 51115243 0
17 657 rs7215658 8010164 1 -0.00492869700329064 8010164 8010164 0
17 2957 rs7225566 47798725 2 0.00492692414327173 47798725 47798725 0
17 4579 rs4969113 71361834 1 0.00486343243221335 71361834 71361834 0
17 672 rs7208297 8199161 2 0.0048513581515552 8199161 8199161 0
17 4765 rs7219493 73044188 1 0.00481708510166129 73044188 73044188 0
17 155 rs4790344 2455523 2 -0.00480726905255166 2455523 2455523 0
17 1235 rs2109174 14513310 2 -0.00478308219028049 14513310 14513310 0
17 4129 rs1470291 66812027 1 -0.00477978864599273 66812027 66812027 0
17 4346 rs8067887 68933985 2 -0.00475751426539909 68933985 68933985 0
17 1667 rs8070486 26807734 1 -0.0047423443846932 26807734 26807734 0
17 4303 rs9915405 68355681 1 0.00470345649723822 68355681 68355681 0
17 3803 rs1050382 62400000 1 -0.00469086142105211 62400000 62400000 0
17 238 rs178323 3637953 2 0.00468835945859093 3637953 3637953 0
17 1914 rs10512451 32014117 1 0.00461834393993577 32014117 32014117 0
17 1168 rs9913851 13819731 1 0.0044541319241185396 13819731 13819731 0
17 3086 rs7207398 49812048 1 0.00442812631608953 49812048 49812048 0
17 3251 rs1457354 52040994 1 -0.00434746230576277 52040994 52040994 0
17 2929 rs2233362 47287067 1 0.00433475496804666 47287067 47287067 0
17 3071 rs16950253 49727668 1 0.00432915424007552 49727668 49727668 0
17 2149 rs1003645 34340284 1 0.00431411739213553 34340284 34340284 0
17 1770 rs17826219 29161845 1 0.00430187281769347 29161845 29161845 0
17 626 rs1544724 7621777 2 0.00429499486361285 7621777 7621777 0
17 4991 rs11651675 76134237 1 -0.00428064632322256 76134237 76134237 0
17 1402 rs4313843 16790198 1 -0.00422796879843758 16790198 16790198 0
17 695 rs16957494 8549527 1 0.00421155912026734 8549527 8549527 0
17 2101 rs11652532 33769883 1 -0.00419517768118518 33769883 33769883 0
17 4511 rs8068946 70712513 1 0.00409390215098298 70712513 70712513 0
17 1423 rs2274892 16852027 1 0.00406537721402942 16852027 16852027 0
17 4412 rs9893864 69640574 2 -0.00405861012473753 69640574 69640574 0
17 4849 rs8067774 74479889 2 0.0040112066978668 74479889 74479889 0
17 1081 rs9909179 13044303 1 -0.00400177626250453 13044303 13044303 0
17 3514 rs868728 55403922 2 -0.00399362719849405 55403922 55403922 0
17 1953 rs9892990 32382166 1 0.00396965217536985 32382166 32382166 0
17 316 rs17765422 4986481 2 0.00394677105614829 4986481 4986481 0
17 4384 rs2058007 69317515 2 0.00393336809773884 69317515 69317515 0
17 2687 rs929223 43922897 2 -0.00392044812048955 43922897 43922897 0
17 1035 rs9894153 12611343 1 0.00385322149309836 12611343 12611343 0
17 954 rs12936449 11519394 1 0.00380889462982373 11519394 11519394 0
17 1907 rs1369112 31931592 1 0.0037900065605973 31931592 31931592 0
17 3361 rs3829578 53381510 1 0.00377612938053167 53381510 53381510 0
17 4470 rs16977190 70368561 1 -0.0037674152731285 70368561 70368561 0
17 1122 rs9303081 13456721 1 -0.00375161944589252 13456721 13456721 0
17 325 rs11657827 5008957 1 -0.00365468458661099 5008957 5008957 0
17 3863 rs4790945 63371880 1 0.00364632644779668 63371880 63371880 0
17 2694 rs1864325 43977827 2 -0.00362425883624656 43977827 43977827 0
17 660 rs2304911 8050979 2 0.00360368370446657 8050979 8050979 0
17 2829 rs12948653 46259254 1 0.00360197146371512 46259254 46259254 0
17 814 rs12150284 10031090 1 -0.00357745560149353 10031090 10031090 0
17 2303 rs931992 37821435 1 0.00356192572576918 37821435 37821435 0
17 3874 rs2107654 63633073 2 0.00354943740428422 63633073 63633073 0
17 502 rs956101 6286526 1 0.00353045646096202 6286526 6286526 0
17 4312 rs7216368 68537204 1 0.0035099780820815 68537204 68537204 0
17 5087 rs7223911 77232086 1 0.00350514188794891 77232086 77232086 0
17 1291 rs7217839 14911130 1 -0.00347059460150202 14911130 14911130 0
17 4739 rs35489971 72700943 2 0.00344537192021419 72700943 72700943 0
17 1674 rs61749867 26861877 1 -0.00342064948727527 26861877 26861877 0
17 806 rs16959243 9928077 1 0.00337834507414789 9928077 9928077 0
17 3786 rs17688326 62109123 2 -0.00336362824184584 62109123 62109123 0
17 5056 rs1110274 76810284 2 -0.00334104538209105 76810284 76810284 0
17 2040 rs2190977 33036586 1 -0.00327442286260892 33036586 33036586 0
17 2670 rs393152 43719143 1 -0.00326349654167739 43719143 43719143 0
17 2931 rs2158512 47290253 1 0.00320312757663679 47290253 47290253 0
17 3721 rs9912556 60452650 1 -0.00317412793901288 60452650 60452650 0
17 4415 rs2430532 69711678 1 0.00314895391233508 69711678 69711678 0
17 2320 rs2290400 38066240 1 0.00314701649422327 38066240 38066240 0
17 703 rs2101939 8620648 1 0.00312290793570932 8620648 8620648 0
17 2759 rs2317676 45388283 1 0.00311061538299495 45388283 45388283 0
17 1952 rs1978136 32377698 1 0.00309446014583756 32377698 32377698 0
17 2758 rs11869835 45381823 1 -0.00306568571908793 45381823 45381823 0
17 5059 rs1384364 76852828 1 0.00305662179466152 76852828 76852828 0
17 675 rs79993581 8222870 1 -0.0030418765461098 8222870 8222870 0
17 4332 rs2041265 68684282 1 -0.0030392575639171 68684282 68684282 0
17 2355 rs7219622 38671228 1 0.00303527871241856 38671228 38671228 0
17 3369 rs7216054 53477038 1 0.00303441886520936 53477038 53477038 0
17 4383 rs4468671 69290669 1 -0.00302379806008592 69290669 69290669 0
17 2447 rs11079016 39976024 1 0.00301753225393153 39976024 39976024 0
17 4543 rs2131606 71059408 1 0.00296925764290422 71059408 71059408 0
17 444 rs1558883 5817733 1 0.00293689071410364 5817733 5817733 0
17 3117 rs16951144 50303337 1 0.00291500889256646 50303337 50303337 0
17 4507 rs2713960 70708074 2 -0.00290398519677003 70708074 70708074 0
17 3528 rs1974692 55653436 1 0.00289489702413444 55653436 55653436 0
17 3798 rs9904013 62311239 1 0.00289096258907232 62311239 62311239 0
17 5340 rs6502026 80921029 1 0.00288541065884313 80921029 80921029 0
17 3487 rs227718 54780491 1 0.00286147124341235 54780491 54780491 0
17 1970 rs887072 32532674 1 -0.00284584813261303 32532674 32532674 0
17 488 rs7215149 6216770 1 -0.00279915490253352 6216770 6216770 0
17 4026 rs8074407 65196367 1 0.00275569054554424 65196367 65196367 0
17 4995 rs2854704 76175824 1 0.00275096437720029 76175824 76175824 0
17 3603 rs2526374 56435885 1 -0.00269340462384047 56435885 56435885 0
17 2561 rs231485 41982012 1 -0.00269114549172692 41982012 41982012 0
17 1546 rs2440154 19444987 1 0.0026629831646901 19444987 19444987 0
17 4000 rs9896191 64696485 1 0.00263335471747632 64696485 64696485 0
17 905 rs758433 11179153 1 0.00261638817152752 11179153 11179153 0
17 1613 rs2270758 25568707 1 -0.00261371190864731 25568707 25568707 0
17 1161 rs12451418 13793253 1 0.00260206715037064 13793253 13793253 0
17 4328 rs7223156 68679731 1 -0.00259557351925878 68679731 68679731 0
17 1832 rs7210010 30905457 1 0.00258775584077784 30905457 30905457 0
17 720 rs726679 8811678 1 0.0025765377899847 8811678 8811678 0
17 77 rs61735419 1551223 1 -0.00257077158559996 1551223 1551223 0
17 1748 rs4470197 28464474 1 0.00256475142419124 28464474 28464474 0
17 4474 rs7222185 70385567 1 0.00253609635492137 70385567 70385567 0
17 146 rs9894088 2336370 1 -0.0025267457821281 2336370 2336370 0
17 4677 rs3186520 72257713 2 -0.00251433407071629 72257713 72257713 0
17 1659 rs241771 26592946 1 0.00250839224714366 26592946 26592946 0
17 3733 rs3826537 60769803 1 -0.0024778565159977 60769803 60769803 0
17 82 rs7501840 1588930 2 -0.00247758082770431 1588930 1588930 0
17 2981 rs8068961 48403826 1 0.0024568513624205 48403826 48403826 0
17 3118 rs10515000 50304559 2 -0.00243076721863053 50304559 50304559 0
17 2842 rs16955073 46381746 1 0.00238572072774154 46381746 46381746 0
17 1915 rs4474738 32028162 1 0.0023815156876018 32028162 32028162 0
17 892 rs4792077 10899825 1 0.00236935076224557 10899825 10899825 0
17 3785 rs735621 62060718 2 0.00236099485311942 62060718 62060718 0
17 1754 rs8073378 28629763 2 -0.00235534869253446 28629763 28629763 0
17 2750 rs7217214 45355227 1 -0.00235303180358466 45355227 45355227 0
17 4236 rs11658750 67591596 1 -0.00234931852613439 67591596 67591596 0
17 2386 rs1468260 39052931 2 0.0023382906848921 39052931 39052931 0
17 3336 rs11871939 53043769 1 -0.00233688270726759 53043769 53043769 0
17 4935 rs11077909 75403480 2 0.00233121145863816 75403480 75403480 0
17 4780 rs8064529 73519413 1 0.00230208482562673 73519413 73519413 0
17 0 rs4617924 114669 1 0.0022968241897576 114669 114669 0
17 4132 rs9897551 66817866 1 0.00229361830036292 66817866 66817866 0
17 3937 rs8079985 64237143 1 0.00228758733170388 64237143 64237143 0
17 1648 rs964947 26186886 2 -0.00227482907986796 26186886 26186886 0
17 4623 rs2683154 71748011 1 -0.00226863005150032 71748011 71748011 0
17 1340 rs7208747 15309204 2 -0.00226624532593419 15309204 15309204 0
17 72 rs9895971 1456507 1 -0.00226599635892271 1456507 1456507 0
17 5255 rs4074915 79579230 1 -0.00225632537924176 79579230 79579230 0
17 2102 rs10512469 33770802 1 -0.00221657880205303 33770802 33770802 0
17 3630 rs9896769 57512957 1 0.00220315337347063 57512957 57512957 0
17 2309 rs1810132 37866005 2 -0.00219440284642134 37866005 37866005 0
17 5184 rs7212223 78483560 1 0.00219085071213466 78483560 78483560 0
17 791 rs2293100 9760716 1 0.00218411287113685 9760716 9760716 0
17 1974 rs4795893 32574448 2 -0.00218036877145313 32574448 32574448 0
17 1278 rs2191177 14804554 1 0.0021777144175169 14804554 14804554 0
17 3843 rs16961934 63249599 1 0.00217411331933217 63249599 63249599 0
17 5140 rs1696754 77945537 1 -0.00213677572159581 77945537 77945537 0
17 3266 rs8081526 52199093 1 -0.00212583663491238 52199093 52199093 0
17 4894 rs16969506 74914941 2 0.00212238609397357 74914941 74914941 0
17 4177 rs6502001 67096079 1 0.00211518768053464 67096079 67096079 0
17 4955 rs10451228 75684250 2 -0.00209540488164341 75684250 75684250 0
17 3644 rs9899611 57832190 1 0.00204648166883054 57832190 57832190 0
17 726 rs7219148 8905016 1 -0.00202900327735478 8905016 8905016 0
17 5287 rs10852797 80509676 1 0.00202605512175002 80509676 80509676 0
17 3614 rs34818467 56643109 1 -0.00201323346944026 56643109 56643109 0
17 3999 rs16960050 64690853 1 0.00200610544543096 64690853 64690853 0
17 2546 rs1230395 41842937 2 -0.00199283438217238 41842937 41842937 0
17 3692 rs4141531 59669077 1 -0.00198548228482038 59669077 59669077 0
17 3684 rs4968562 59521310 1 -0.00198222861754148 59521310 59521310 0
17 2800 rs7207225 45985414 1 -0.00194812396673718 45985414 45985414 0
17 2993 rs3760407 48472270 1 -0.00194730297663199 48472270 48472270 0
17 5248 rs7216728 79247798 1 0.00192586122230659 79247798 79247798 0
17 2556 rs72836561 41926126 1 0.00191862119011715 41926126 41926126 0
17 1255 rs12451382 14622329 1 -0.00189828966440718 14622329 14622329 0
17 495 rs8076681 6247468 1 -0.00189763314606192 6247468 6247468 0
17 293 rs35400274 4803711 1 0.00188123205520389 4803711 4803711 0
17 153 rs9898838 2428703 1 0.00183834852143617 2428703 2428703 0
17 5002 rs1109278 76248229 1 0.00182930199668021 76248229 76248229 0
17 1825 rs12162135 30805795 2 -0.00182493672412581 30805795 30805795 0
17 2148 rs1719200 34338078 1 0.00179975469986965 34338078 34338078 0
17 2420 rs117612447 39551099 1 0.00179110277242099 39551099 39551099 0
17 1142 rs7208104 13640730 2 0.0017900188457926 13640730 13640730 0
17 2301 rs2271308 37817482 1 0.00178684296550634 37817482 37817482 0
17 3619 rs11079372 57411865 1 -0.0017708624147001 57411865 57411865 0
17 939 rs2908967 11417222 1 0.00176595761659939 11417222 11417222 0
17 3419 rs9898558 53993882 1 0.00175941995709908 53993882 53993882 0
17 3095 rs1501255 49886052 2 0.00175003059057581 49886052 49886052 0
17 4445 rs9894442 70045179 1 0.00174848241587855 70045179 70045179 0
17 3324 rs2958896 52870256 1 -0.00173425786023096 52870256 52870256 0
17 2457 rs35118457 40263400 1 0.00172909205040273 40263400 40263400 0
17 4004 rs9912154 64728707 2 0.00172495110846088 64728707 64728707 0
17 4573 rs7225861 71294167 1 -0.00167459001776524 71294167 71294167 0
17 2942 rs12940887 47402807 2 0.00166080486447925 47402807 47402807 0
17 5141 rs1632673 77945736 1 -0.00165654034246751 77945736 77945736 0
17 3924 rs8178869 64206723 2 -0.00163495465653459 64206723 64206723 0
17 5000 rs2071214 76219591 1 0.00163236438045265 76219591 76219591 0
17 3912 rs1420798 63944233 2 -0.00162174946733458 63944233 63944233 0
17 4930 rs4789448 75341774 2 -0.00161116589768907 75341774 75341774 0
17 4381 rs2158906 69257833 1 -0.00160586832778103 69257833 69257833 0
17 5242 rs4613097 79170578 1 0.00159619165595006 79170578 79170578 0
17 5293 rs8068482 80608149 1 0.00158903299705699 80608149 80608149 0
17 2572 rs2631299 42219773 1 0.0015819407526777 42219773 42219773 0
17 364 rs3026106 5282100 1 -0.00158126221752077 5282100 5282100 0
17 690 rs6503112 8298715 1 -0.00157013106404938 8298715 8298715 0
17 855 rs440655 10617803 1 -0.00156631369071335 10617803 10617803 0
17 3804 rs2812 62401118 1 0.00156400316304946 62401118 62401118 0
17 2122 rs225295 33925755 1 -0.00156145217499755 33925755 33925755 0
17 4417 rs713122 69768587 1 0.00154613120244459 69768587 69768587 0
17 912 rs1008360 11209792 1 0.00152256473231481 11209792 11209792 0
17 1167 rs12943477 13815860 1 0.00151986871003858 13815860 13815860 0
17 1951 rs6505393 32375998 1 0.00149727515232911 32375998 32375998 0
17 4418 rs2529379 69811571 1 0.00149683775043688 69811571 69811571 0
17 1296 rs6502412 14921926 1 0.00147859518910608 14921926 14921926 0
17 534 rs28493751 6441376 1 0.00146579344521886 6441376 6441376 0
17 1805 rs7212433 30083687 2 0.00146275266346641 30083687 30083687 0
17 2252 rs2879097 36889559 1 -0.00145161898923945 36889559 36889559 0
17 2678 rs11650810 43827534 1 -0.00144210825555076 43827534 43827534 0
17 4808 rs1055129 73872948 1 -0.00142417408005731 73872948 73872948 0
17 5210 rs4969429 78765219 1 0.0014206963341403 78765219 78765219 0
17 2989 rs12450550 48456193 1 0.00140427873040077 48456193 48456193 0
17 4335 rs2109048 68700871 1 -0.00140288473307374 68700871 68700871 0
17 706 rs2288156 8644854 1 0.00138050239263593 8644854 8644854 0
17 3452 rs10491199 54304056 1 0.00137337560435093 54304056 54304056 0
17 2671 rs1635291 43751913 2 -0.00136071464732645 43751913 43751913 0
17 4032 rs12939848 65370808 1 0.00135113055471741 65370808 65370808 0
17 4945 rs4789470 75603103 1 -0.00134804189231539 75603103 75603103 0
17 1400 rs9905272 16779412 1 -0.00134735792509215 16779412 16779412 0
17 3529 rs888115 55661470 1 0.0013465874667322 55661470 55661470 0
17 2296 rs35797948 37792090 1 -0.00134367197308034 37792090 37792090 0
17 2487 rs598126 40716520 1 -0.00134136709504069 40716520 40716520 0
17 294 rs3760490 4807926 1 0.00134116525607656 4807926 4807926 0
17 5096 rs11656298 77285797 2 0.00133547720340066 77285797 77285797 0
17 78 rs8071756 1574342 1 0.00133320309175306 1574342 1574342 0
17 768 rs8071640 9354504 1 -0.00133068040781573 9354504 9354504 0
17 2977 rs2586469 48327247 1 -0.00132581906639656 48327247 48327247 0
17 766 rs9906854 9349730 1 0.00132059675968235 9349730 9349730 0
17 5123 rs9915263 77672725 1 0.00131611304992991 77672725 77672725 0
17 453 rs9905941 5907520 1 -0.00130931886399021 5907520 5907520 0
17 1410 rs12953270 16821204 1 -0.0013085730447516 16821204 16821204 0
17 953 rs17599639 11511480 1 0.00130407945379524 11511480 11511480 0
17 2197 rs295869 35147345 1 0.00129860214154715 35147345 35147345 0
17 4233 rs7209518 67580175 1 -0.00129581599495916 67580175 67580175 0
17 1520 rs1563632 18220770 2 0.00129544681340095 18220770 18220770 0
17 4139 rs1008822 66832788 1 0.00128458058946577 66832788 66832788 0
17 761 rs9916292 9336658 1 -0.00127803724075516 9336658 9336658 0
17 2138 rs1065341 34198593 1 -0.00127690858264282 34198593 34198593 0
17 1534 rs8066636 18761109 1 -0.00125258800898889 18761109 18761109 0
17 5041 rs6501232 76608673 1 0.00124869497462629 76608673 76608673 0
17 1484 rs4925109 17661802 1 -0.00123808320260127 17661802 17661802 0
17 2140 rs9912793 34233871 1 -0.00123228443535952 34233871 34233871 0
17 2715 rs199533 44828931 2 -0.00121503040144817 44828931 44828931 0
17 920 rs16944600 11245099 1 -0.00121141311032615 11245099 11245099 0
17 1873 rs9915774 31623326 2 -0.00120921548164568 31623326 31623326 0
17 2560 rs231486 41981404 2 -0.00120584543970303 41981404 41981404 0
17 173 rs4790403 2885146 1 -0.00120523141698574 2885146 2885146 0
17 5267 rs61738919 80280054 1 0.00119733800241416 80280054 80280054 0
17 505 rs8073152 6305509 1 0.00119664425971687 6305509 6305509 0
17 4005 rs9899787 64730629 1 0.00118931193090349 64730629 64730629 0
17 2136 rs141724302 34192351 1 -0.00118626064935898 34192351 34192351 0
17 658 rs3027209 8014416 1 0.00117995422498207 8014416 8014416 0
17 3587 rs56378716 56356502 1 -0.00117403799986592 56356502 56356502 0
17 2405 rs238824 39346518 1 -0.00117038282604114 39346518 39346518 0
17 3836 rs9897299 63234140 1 -0.00116762711437816 63234140 63234140 0
17 383 rs3865350 5381867 1 -0.00116529069869655 5381867 5381867 0
17 3693 rs728368 59675381 1 -0.00115790086271375 59675381 59675381 0
17 1547 rs12451696 19445923 1 0.00114646341061814 19445923 19445923 0
17 1162 rs4792411 13797101 1 -0.00114584920315946 13797101 13797101 0
17 4775 rs8073890 73256533 1 0.00113533162822478 73256533 73256533 0
17 5273 rs7211306 80367353 1 -0.00112295487578425 80367353 80367353 0
17 3907 rs2873820 63859521 1 0.00112212972902107 63859521 63859521 0
17 3690 rs9902598 59635424 2 0.00111558501547746 59635424 59635424 0
17 487 rs9894371 6212579 1 0.00110936185769605 6212579 6212579 0
17 4811 rs113062332 73915803 1 0.00109468966805859 73915803 73915803 0
17 5282 rs9911222 80473077 1 0.00109163449951577 80473077 80473077 0
17 5162 rs11652075 78178893 1 0.0010915607047588 78178893 78178893 0
17 1140 rs9908002 13608997 1 0.00108989270107875 13608997 13608997 0
17 4962 rs7405639 75765605 1 0.00108731023363103 75765605 75765605 0
17 1686 rs4795482 27315965 1 -0.00108120974157831 27315965 27315965 0
17 705 rs7211295 8628684 1 -0.00107602603746202 8628684 8628684 0
17 652 rs72842957 7984479 1 0.00107556903900235 7984479 7984479 0
17 2427 rs11653427 39620262 1 0.00107365421477665 39620262 39620262 0
17 49 rs11654885 896190 1 0.00107016511583357 896190 896190 0
17 5161 rs117918077 78176044 1 -0.00105865551193219 78176044 78176044 0
17 3611 rs17822735 56620167 1 -0.00105453390736949 56620167 56620167 0
17 1481 rs11654526 17617309 1 0.00104767430943492 17617309 17617309 0
17 1144 rs12601543 13665377 2 -0.00104672369912558 13665377 13665377 0
17 1061 rs11078103 12870243 1 -0.00103952223173746 12870243 12870243 0
17 2162 rs2306595 34871721 1 -0.00103787158700229 34871721 34871721 0
17 744 rs12602314 9089063 1 0.00103284197078193 9089063 9089063 0
17 2782 rs7502875 45823227 1 0.00103249916818911 45823227 45823227 0
17 1950 rs7211832 32369860 1 0.00102929477120351 32369860 32369860 0
17 4664 rs8075025 72132949 1 -0.00101487669771195 72132949 72132949 0
17 3552 rs2586094 55880661 1 0.00101381730481575 55880661 55880661 0
17 511 rs7209678 6343413 1 -0.00101278409607782 6343413 6343413 0
17 4019 rs11650741 65033060 1 -0.00100971364788899 65033060 65033060 0
17 2922 rs16970025 47243622 1 -0.00100440905051059 47243622 47243622 0
17 3815 rs7218921 63068976 1 0.00100416906315491 63068976 63068976 0
17 3322 rs11079129 52869546 1 -0.00100063660821792 52869546 52869546 0
17 782 rs2272033 9680451 1 9.99964057300418e-4 9680451 9680451 0
17 5262 rs4789753 80092131 1 9.991283648826568e-4 80092131 80092131 0
17 188 rs9895631 3034989 1 -9.98167418216191e-4 3034989 3034989 0
17 513 rs867870 6361788 1 9.925719371735912e-4 6361788 6361788 0
17 4708 rs1699598 72564029 1 -9.883143838825006e-4 72564029 72564029 0
17 441 rs7218232 5770670 1 -9.840577817451545e-4 5770670 5770670 0
17 2300 rs1877031 37814080 1 9.720370063751069e-4 37814080 37814080 0
17 496 rs4796471 6248108 1 -9.712033535961632e-4 6248108 6248108 0
17 259 rs9904222 4056542 1 9.696672777511446e-4 4056542 4056542 0
17 3788 rs2270524 62174960 1 9.685593345941824e-4 62174960 62174960 0
17 4068 rs11869470 66281082 1 -9.660782209053869e-4 66281082 66281082 0
17 2308 rs2643195 37853118 1 -9.646885236790772e-4 37853118 37853118 0
17 4550 rs11077665 71135770 1 9.620043332459816e-4 71135770 71135770 0
17 591 rs8075287 7295071 1 -9.533993933949746e-4 7295071 7295071 0
17 4097 rs16973170 66639907 2 9.410129838728656e-4 66639907 66639907 0
17 2240 rs2459575 36245768 1 9.38469909951694e-4 36245768 36245768 0
17 3998 rs1010544 64687446 2 9.361431404935406e-4 64687446 64687446 0
17 2354 rs2290207 38640744 1 9.276053778466352e-4 38640744 38640744 0
17 1011 rs887486 12326416 1 9.2006937492965e-4 12326416 12326416 0
17 4368 rs9906150 69074779 1 -9.195252776492918e-4 69074779 69074779 0
17 3391 rs4239198 53623023 1 9.136149510180368e-4 53623023 53623023 0
17 5176 rs61740658 78337584 1 9.100549466083248e-4 78337584 78337584 0
17 4937 rs7208336 75412932 1 9.092602217079082e-4 75412932 75412932 0
17 2166 rs1005552 34949598 1 -9.092492182537448e-4 34949598 34949598 0
17 226 rs8078936 3480396 1 -9.09018730005294e-4 3480396 3480396 0
17 4386 rs17825286 69336174 1 -8.969490824667018e-4 69336174 69336174 0
17 1876 rs1394391 31705414 1 8.95508375663997e-4 31705414 31705414 0
17 2229 rs117611723 35913589 1 -8.933522205149845e-4 35913589 35913589 0
17 466 rs35433451 6117513 1 -8.92822276364527e-4 6117513 6117513 0
17 2527 rs556105 41709473 1 8.925297759890004e-4 41709473 41709473 0
17 189 rs7220491 3035106 1 -8.89625191522085e-4 3035106 3035106 0
17 3358 rs4239191 53331344 1 8.834805308384905e-4 53331344 53331344 0
17 1319 rs9906227 15075605 1 8.827118199211751e-4 15075605 15075605 0
17 3115 rs12601661 50296779 1 -8.748979892157184e-4 50296779 50296779 0
17 957 rs17600516 11543588 1 -8.707946370739422e-4 11543588 11543588 0
17 4807 rs3744017 73871467 1 -8.623432922259677e-4 73871467 73871467 0
17 1363 rs7213827 15558557 1 8.536213061184057e-4 15558557 15558557 0
17 2765 rs34134208 45412629 1 -8.428775317343986e-4 45412629 45412629 0
17 1644 rs3794764 26111428 1 -8.42329410761173e-4 26111428 26111428 0
17 526 rs9916344 6398213 1 8.408143935621714e-4 6398213 6398213 0
17 2881 rs508696 46862711 1 8.362562161994115e-4 46862711 46862711 0
17 5280 rs12950178 80453933 1 8.23992781112045e-4 80453933 80453933 0
17 3525 rs12951291 55503422 1 -8.214012202885923e-4 55503422 55503422 0
17 3598 rs9913145 56389732 1 8.135555180502838e-4 56389732 56389732 0
17 3731 rs4968613 60747979 1 8.13231576696149e-4 60747979 60747979 0
17 4835 rs71815 74270069 1 8.114935377090112e-4 74270069 74270069 0
17 3850 rs9908306 63284466 1 8.1105511098033e-4 63284466 63284466 0
17 1990 rs159297 32706889 1 8.08795712029596e-4 32706889 32706889 0
17 1102 rs6502246 13183901 1 -8.042460403763007e-4 13183901 13183901 0
17 4827 rs61744818 74163759 2 8.034947702674207e-4 74163759 74163759 0
17 763 rs6503203 9337050 1 -8.025559663866085e-4 9337050 9337050 0
17 5025 rs671972 76506975 1 -7.957245412096768e-4 76506975 76506975 0
17 201 rs769430 3214969 1 -7.947468131963174e-4 3214969 3214969 0
17 2278 rs9914342 37190141 1 7.916984135351995e-4 37190141 37190141 0
17 4726 rs556985 72622634 1 -7.915302805013291e-4 72622634 72622634 0
17 2636 rs7216522 43108705 1 -7.875496561011254e-4 43108705 43108705 0
17 4018 rs713572 64991061 1 7.864997078036248e-4 64991061 64991061 0
17 2018 rs1016125 32868563 1 -7.804451547141475e-4 32868563 32868563 0
17 4594 rs790088 71588183 1 -7.789339354894143e-4 71588183 71588183 0
17 926 rs2969184 11344615 2 7.771216930590238e-4 11344615 11344615 0
17 1316 rs7214520 15072451 1 7.750777653316263e-4 15072451 15072451 0
17 2988 rs3760413 48452776 1 -7.747465229241516e-4 48452776 48452776 0
17 2436 rs1003842 39646021 1 -7.685786942736945e-4 39646021 39646021 0
17 903 rs1860178 11130229 2 7.680196097028696e-4 11130229 11130229 0
17 431 rs2042005 5733558 1 -7.565747729296518e-4 5733558 5733558 0
17 5221 rs4969303 78891923 2 7.547193536901925e-4 78891923 78891923 0
17 3582 rs74730740 56247575 1 7.513310025952663e-4 56247575 56247575 0
17 492 rs11078618 6233740 1 7.474352137015244e-4 6233740 6233740 0
17 4777 rs959260 73369422 1 -7.453956772799336e-4 73369422 73369422 0
17 4471 rs4793289 70378730 1 -7.448455900597269e-4 70378730 70378730 0
17 3246 rs2331798 51909152 1 -7.272848440546977e-4 51909152 51909152 0
17 4673 rs12600564 72248512 1 7.154650507226956e-4 72248512 72248512 0
17 3579 rs8071251 56232315 1 -7.154337052671022e-4 56232315 56232315 0
17 3242 rs9898643 51899649 1 7.137374372564872e-4 51899649 51899649 0
17 4809 rs9908862 73873394 1 -7.0202293938334e-4 73873394 73873394 0
17 1729 rs2617867 28049399 1 -7.014674773847231e-4 28049399 28049399 0
17 4755 rs689730 72851133 1 7.003225416148657e-4 72851133 72851133 0
17 2938 rs2898857 47356023 1 -6.987037193102962e-4 47356023 47356023 0
17 2701 rs2258689 44067382 1 6.959202640104149e-4 44067382 44067382 0
17 3831 rs954495 63205030 2 -6.955999003562659e-4 63205030 63205030 0
17 2105 rs8072510 33772658 1 -6.955819782064417e-4 33772658 33772658 0
17 1689 rs8075200 27346554 1 6.902869393544557e-4 27346554 27346554 0
17 938 rs1544668 11415679 1 6.835593092045782e-4 11415679 11415679 0
17 4243 rs12450634 67773308 1 6.788844418858847e-4 67773308 67773308 0
17 1425 rs7223686 16960911 1 6.788343243724315e-4 16960911 16960911 0
17 701 rs7207835 8618876 1 -6.715843658926228e-4 8618876 8618876 0
17 1004 rs2252 12241592 1 -6.715658718717349e-4 12241592 12241592 0
17 2311 rs1453560 38023441 1 6.70920859533635e-4 38023441 38023441 0
17 4959 rs1529964 75706339 1 -6.702856738672442e-4 75706339 75706339 0
17 792 rs1607987 9761666 2 -6.684264942044188e-4 9761666 9761666 0
17 2266 rs923370 37010150 1 6.639718966865575e-4 37010150 37010150 0
17 3216 rs8072173 51630003 1 6.586310171451483e-4 51630003 51630003 0
17 1717 rs17179362 27730988 1 -6.559613994656895e-4 27730988 27730988 0
17 476 rs758384 6159379 1 -6.424878160931445e-4 6159379 6159379 0
17 3052 rs758522 49476601 1 6.291716140996442e-4 49476601 49476601 0
17 1919 rs8081560 32052997 2 6.266329554333361e-4 32052997 32052997 0
17 4791 rs820206 73641714 1 6.263399793637661e-4 73641714 73641714 0
17 2548 rs2301682 41858026 1 -6.240651402046671e-4 41858026 41858026 0
17 4166 rs7223763 66982991 1 6.195203724127759e-4 66982991 66982991 0
17 4998 rs9903350 76182323 1 -6.191211912208701e-4 76182323 76182323 0
17 5174 rs8078251 78334206 1 6.151247250005016e-4 78334206 78334206 0
17 446 rs4985622 5819714 1 6.12817439633335e-4 5819714 5819714 0
17 5138 rs9799 77910156 1 -6.088537223259592e-4 77910156 77910156 0
17 2532 rs2063680 41764995 1 5.985482052821353e-4 41764995 41764995 0
17 3033 rs16949527 49035711 1 -5.983762347455247e-4 49035711 49035711 0
17 2777 rs2317826 45730899 1 5.964114621378484e-4 45730899 45730899 0
17 99 rs7503422 1715435 1 -5.95422660542214e-4 1715435 1715435 0
17 4178 rs16973567 67096153 1 5.928971968613475e-4 67096153 67096153 0
17 1658 rs241783 26567055 1 5.911784079600516e-4 26567055 26567055 0
17 1884 rs1553497 31756983 1 5.91097492567165e-4 31756983 31756983 0
17 4633 rs8070752 71797557 1 5.90613572896963e-4 71797557 71797557 0
17 5257 rs9894429 79596811 1 5.897689087944039e-4 79596811 79596811 0
17 5078 rs12937557 77078069 1 -5.88511178696889e-4 77078069 77078069 0
17 942 rs2969206 11422725 2 -5.880411797620413e-4 11422725 11422725 0
17 92 rs8066706 1692140 1 -5.846373888350126e-4 1692140 1692140 0
17 3910 rs1345451 63905236 1 5.774771843080959e-4 63905236 63905236 0
17 1799 rs315499 30021321 1 5.760283602920023e-4 30021321 30021321 0
17 3269 rs6504889 52267366 1 -5.726381418338369e-4 52267366 52267366 0
17 2713 rs12947457 44797820 2 -5.719412074724834e-4 44797820 44797820 0
17 3362 rs9903045 53405259 1 5.714853277548504e-4 53405259 53405259 0
17 3436 rs1431322 54186839 1 5.686985080828823e-4 54186839 54186839 0
17 1111 rs7502538 13358465 1 -5.674778906369094e-4 13358465 13358465 0
17 4426 rs16977009 69916524 1 -5.657524310701563e-4 69916524 69916524 0
17 1922 rs4144698 32068973 2 5.656142632544242e-4 32068973 32068973 0
17 4992 rs2292235 76160881 1 5.616956657666305e-4 76160881 76160881 0
17 5311 rs35653278 80789468 1 5.591332345707613e-4 80789468 80789468 0
17 1728 rs3102555 28044101 2 -5.590770736996653e-4 28044101 28044101 0
17 4244 rs9901947 67776178 1 -5.457433637800012e-4 67776178 67776178 0
17 373 rs1050390 5336058 1 -5.446917923148543e-4 5336058 5336058 0
17 5060 rs7342880 76874512 1 5.44033749067501e-4 76874512 76874512 0
17 2293 rs10491128 37551988 1 -5.402584872670824e-4 37551988 37551988 0
17 4297 rs17715938 68315648 1 5.39114959955519e-4 68315648 68315648 0
17 3796 rs17562856 62279811 1 5.356796770354407e-4 62279811 62279811 0
17 3732 rs8072984 60749533 1 -5.344589703406094e-4 60749533 60749533 0
17 2519 rs4793248 41470683 1 -5.34033671536843e-4 41470683 41470683 0
17 326 rs9912347 5017772 1 -5.259097249124764e-4 5017772 5017772 0
17 5082 rs12937891 77120577 1 -5.193030826358435e-4 77120577 77120577 0
17 4077 rs2909207 66439605 1 5.192983856853009e-4 66439605 66439605 0
17 760 rs10521157 9336370 1 5.191759350725079e-4 9336370 9336370 0
17 2983 rs72832454 48433306 1 -5.115977784095853e-4 48433306 48433306 0
17 2217 rs2898659 35531996 1 5.09938551724914e-4 35531996 35531996 0
17 4851 rs3744050 74557976 1 5.088849596920076e-4 74557976 74557976 0
17 3491 rs17202 54859188 1 -5.071803747581233e-4 54859188 54859188 0
17 5001 rs2661694 76221008 1 -5.06165536633583e-4 76221008 76221008 0
17 1814 rs9906443 30185565 1 -5.024483436593102e-4 30185565 30185565 0
17 5200 rs7217223 78645663 2 -5.01999269882013e-4 78645663 78645663 0
17 2593 rs17544039 42693848 1 5.002872276226093e-4 42693848 42693848 0
17 3227 rs1508966 51703484 2 -4.963596140808707e-4 51703484 51703484 0
17 2215 rs8072064 35493313 1 4.943845946764287e-4 35493313 35493313 0
17 3828 rs4791227 63178272 1 -4.940528041945877e-4 63178272 63178272 0
17 2272 rs9896257 37080317 1 -4.934616596820888e-4 37080317 37080317 0
17 1699 rs8076604 27438469 1 -4.929332376149351e-4 27438469 27438469 0
17 2528 rs479249 41713678 1 4.845549583552852e-4 41713678 41713678 0
17 14 rs61644407 505129 1 -4.830134621588248e-4 505129 505129 0
17 5324 rs9747334 80840989 1 4.8284753741084424e-4 80840989 80840989 0
17 771 rs9910604 9448879 2 -4.7985845045746614e-4 9448879 9448879 0
17 1260 rs1860379 14673060 1 -4.795126014176975e-4 14673060 14673060 0
17 4702 rs965229 72527718 1 -4.789305959665298e-4 72527718 72527718 0
17 2669 rs2942168 43714850 1 4.7677251234981625e-4 43714850 43714850 0
17 1272 rs12946291 14738476 1 4.7480352357239495e-4 14738476 14738476 0
17 428 rs4985637 5718481 1 -4.72730935005276e-4 5718481 5718481 0
17 1769 rs3816780 29161358 1 4.652342544826194e-4 29161358 29161358 0
17 3420 rs16956558 54086195 1 4.649154850736656e-4 54086195 54086195 0
17 4300 rs312742 68318486 1 -4.6047374873092625e-4 68318486 68318486 0
17 1542 rs2472707 18917324 1 -4.599661030627256e-4 18917324 18917324 0
17 3499 rs11651374 55094289 1 4.593194144288775e-4 55094289 55094289 0
17 1171 rs12943919 13859501 1 4.511851046642406e-4 13859501 13859501 0
17 228 rs55916885 3495391 1 4.5065709606160743e-4 3495391 3495391 0
17 4939 rs3826290 75560281 1 -4.485657995536753e-4 75560281 75560281 0
17 1303 rs12949826 14953676 1 4.479854310007996e-4 14953676 14953676 0
17 4914 rs8082404 75085015 1 4.475629891299511e-4 75085015 75085015 0
17 3154 rs12600919 51035455 1 -4.426636990641049e-4 51035455 51035455 0
17 2497 rs34230945 40996656 1 -4.411462900602759e-4 40996656 40996656 0
17 5164 rs7503034 78184393 1 4.3679571812123866e-4 78184393 78184393 0
17 4845 rs3803739 74387284 1 -4.3553234707230886e-4 74387284 74387284 0
17 597 rs4265880 7396267 1 -4.3064822873286224e-4 7396267 7396267 0
17 3557 rs11654545 55895860 1 -4.285621136452942e-4 55895860 55895860 0
17 1288 rs7218946 14897097 1 4.274361779191169e-4 14897097 14897097 0
17 3453 rs731445 54305657 1 -4.108228761962143e-4 54305657 54305657 0
17 1647 rs12709500 26134974 1 -4.0853908018009127e-4 26134974 26134974 0
17 2161 rs2242308 34861303 1 -4.078008018144856e-4 34861303 34861303 0
17 1879 rs11658120 31721167 1 4.0105146129481987e-4 31721167 31721167 0
17 2474 rs8069645 40494902 1 -4.0010625950633776e-4 40494902 40494902 0
17 4015 rs12948693 64897622 1 -3.993356756896464e-4 64897622 64897622 0
17 1646 rs2779248 26127832 2 3.973864439593216e-4 26127832 26127832 0
17 1199 rs7215862 14282778 1 -3.9676471240580473e-4 14282778 14282778 0
17 4712 rs9910083 72569644 2 3.94943718606891e-4 72569644 72569644 0
17 2706 rs1052587 44102604 1 -3.9266396860534e-4 44102604 44102604 0
17 793 rs756222 9768866 1 -3.894813979121412e-4 9768866 9768866 0
17 4819 rs10445216 74018597 1 -3.862160059832866e-4 74018597 74018597 0
17 304 rs238233 4885982 1 -3.858293026007919e-4 4885982 4885982 0
17 2639 rs2040558 43147351 1 3.8521431527614605e-4 43147351 43147351 0
17 1897 rs7209298 31852949 1 3.827659539774384e-4 31852949 31852949 0
17 1311 rs8067758 15008718 1 3.825972426748683e-4 15008718 15008718 0
17 4888 rs4789366 74890185 1 -3.8008920320693545e-4 74890185 74890185 0
17 3077 rs9303590 49741141 1 3.7647661745571833e-4 49741141 49741141 0
17 2208 rs9892334 35307070 1 3.7374985418898613e-4 35307070 35307070 0
17 4185 rs8064595 67118787 2 -3.6896249684692886e-4 67118787 67118787 0
17 4759 rs4789111 72940481 1 3.688292660373674e-4 72940481 72940481 0
17 1214 rs16949556 14344249 1 3.677743597062111e-4 14344249 14344249 0
17 2792 rs17774272 45910616 1 3.671204389130482e-4 45910616 45910616 0
17 2031 rs9896785 33002672 1 -3.641535237271148e-4 33002672 33002672 0
17 3784 rs3760238 62050528 1 3.628833468735945e-4 62050528 62050528 0
17 2233 rs9906814 35994809 1 3.627458894794978e-4 35994809 35994809 0
17 3186 rs8064753 51451845 1 -3.5723599935072583e-4 51451845 51451845 0
17 2559 rs231487 41981300 2 3.5390716387235534e-4 41981300 41981300 0
17 3775 rs2584624 61904546 2 -3.527733780186245e-4 61904546 61904546 0
17 3081 rs1263970 49784791 1 -3.5120114229147324e-4 49784791 49784791 0
17 1191 rs8066913 14126628 1 -3.505406289025908e-4 14126628 14126628 0
17 1136 rs8068338 13582848 1 3.4910547427675497e-4 13582848 13582848 0
17 1337 rs7217869 15277733 1 3.4812162770490174e-4 15277733 15277733 0
17 3510 rs8070947 55336268 1 3.398025304425814e-4 55336268 55336268 0
17 4090 rs4968906 66619054 2 -3.368767038251202e-4 66619054 66619054 0
17 3585 rs7211774 56257984 1 3.29923057866996e-4 56257984 56257984 0
17 4870 rs1005645 74696760 1 -3.282291993149886e-4 74696760 74696760 0
17 3498 rs4793832 54885087 1 3.281911221578134e-4 54885087 54885087 0
17 894 rs4791439 10915554 1 3.254469691569717e-4 10915554 10915554 0
17 4307 rs11658767 68451507 2 3.23697660960079e-4 68451507 68451507 0
17 4744 rs2305213 72769739 1 3.176665626720433e-4 72769739 72769739 0
17 2877 rs16942475 46688371 1 3.1578248439020093e-4 46688371 46688371 0
17 1591 rs2958471 20682586 1 -3.133229941744811e-4 20682586 20682586 0
17 2641 rs6503422 43163851 1 3.131900450331199e-4 43163851 43163851 0
17 1010 rs237320 12325592 1 -3.106073630738553e-4 12325592 12325592 0
17 4541 rs9909683 71052880 1 -3.1055829522958953e-4 71052880 71052880 0
17 2242 rs11870589 36573094 1 3.0793396893227066e-4 36573094 36573094 0
17 2287 rs12946701 37303198 2 -3.0755838811830555e-4 37303198 37303198 0
17 174 rs2004738 2885808 1 -3.050121006978123e-4 2885808 2885808 0
17 116 rs9912609 1967620 1 -3.0442778292721765e-4 1967620 1967620 0
17 2222 rs11872046 35816995 1 3.0401746677594246e-4 35816995 35816995 0
17 1683 rs4794842 27290751 1 -3.0089066627682153e-4 27290751 27290751 0
17 2255 rs228285 36922510 1 -3.0046389541209646e-4 36922510 36922510 0
17 5166 rs11869363 78266759 1 -3.0011794476817496e-4 78266759 78266759 0
17 2563 rs3760360 41988992 1 2.955989125525617e-4 41988992 41988992 0
17 4956 rs9891526 75695351 1 -2.92991458330816e-4 75695351 75695351 0
17 2326 rs4794820 38089344 2 2.927079788696597e-4 38089344 38089344 0
17 5236 rs7225916 78992409 1 -2.9252324393484513e-4 78992409 78992409 0
17 5173 rs61600413 78321157 1 2.892912955116295e-4 78321157 78321157 0
17 4031 rs8072471 65367062 2 -2.853869442246657e-4 65367062 65367062 0
17 764 rs8075395 9337757 1 -2.844402732694372e-4 9337757 9337757 0
17 2562 rs105025 41987441 1 -2.802692737134605e-4 41987441 41987441 0
17 2223 rs11867983 35826182 1 2.796785960410664e-4 35826182 35826182 0
17 4576 rs3816995 71335260 1 -2.7601489709046424e-4 71335260 71335260 0
17 4843 rs449114 74326553 1 -2.745568397416586e-4 74326553 74326553 0
17 4803 rs9904366 73839326 1 2.7409050904173465e-4 73839326 73839326 0
17 427 rs1008588 5711950 1 2.729583126931998e-4 5711950 5711950 0
17 3915 rs17632708 64067101 1 -2.7222265004795695e-4 64067101 64067101 0
17 5007 rs111563325 76451830 1 2.7081267941932196e-4 76451830 76451830 0
17 3233 rs2940660 51738066 1 -2.706149185762455e-4 51738066 51738066 0
17 971 rs9892829 11720597 1 2.70350074143016e-4 11720597 11720597 0
17 4936 rs312853 75406045 1 -2.6916657974666695e-4 75406045 75406045 0
17 3672 rs8064681 59155210 1 2.679739325193909e-4 59155210 59155210 0
17 3082 rs739434 49803636 1 2.6767587048363406e-4 49803636 49803636 0
17 2298 rs9972882 37807698 1 2.6708992606676264e-4 37807698 37807698 0
17 4532 rs2344989 70924851 1 -2.6400084344184395e-4 70924851 70924851 0
17 1871 rs7220735 31598363 1 2.6393850581100746e-4 31598363 31598363 0
17 3990 rs11079662 64628388 1 -2.624562202470241e-4 64628388 64628388 0
17 1040 rs11657113 12642890 1 -2.614287566776197e-4 12642890 12642890 0
17 4241 rs16974282 67692362 1 -2.6100012855466176e-4 67692362 67692362 0
17 2307 rs2517956 37843859 1 2.5947600733853497e-4 37843859 37843859 0
17 2452 rs12952314 40144923 1 2.562608216959834e-4 40144923 40144923 0
17 3822 rs8075179 63113160 1 2.5590859994988855e-4 63113160 63113160 0
17 628 rs839721 7639749 1 -2.494177739990061e-4 7639749 7639749 0
17 3581 rs3863502 56233499 1 -2.492468700841203e-4 56233499 56233499 0
17 1490 rs4299203 17878159 1 2.491963967363007e-4 17878159 17878159 0
17 2265 rs1239176 37006131 1 2.4743564866933337e-4 37006131 37006131 0
17 4324 rs2367005 68666455 2 2.46136946560392e-4 68666455 68666455 0
17 1453 rs9910747 17433959 1 2.449735925456403e-4 17433959 17433959 0
17 3224 rs9900865 51690086 1 -2.441104816862672e-4 51690086 51690086 0
17 5167 rs12937242 78268294 2 2.3762048116991708e-4 78268294 78268294 0
17 3010 rs739924 48631607 1 2.3753031007068027e-4 48631607 48631607 0
17 4911 rs720825 75075664 1 -2.3632588292193433e-4 75075664 75075664 0
17 4360 rs17177255 68972281 1 -2.344452066095533e-4 68972281 68972281 0
17 1993 rs159263 32720611 1 2.3343450407578215e-4 32720611 32720611 0
17 233 rs1107400 3615496 1 2.333236652843304e-4 3615496 3615496 0
17 1908 rs12943567 31938138 1 2.332879301529561e-4 31938138 31938138 0
17 142 rs2429909 2270284 1 2.32701102989974e-4 2270284 2270284 0
17 4208 rs17686569 67290840 1 2.3141235262260647e-4 67290840 67290840 0
17 250 rs7207552 3896807 1 -2.3105299745604415e-4 3896807 3896807 0
17 1024 rs16946248 12473371 1 -2.293816604082662e-4 12473371 12473371 0
17 4266 rs16974824 68017013 1 2.284470627531639e-4 68017013 68017013 0
17 4997 rs11653181 76179530 1 2.2792551014958517e-4 76179530 76179530 0
17 2712 rs169201 44790203 1 2.2591666520414884e-4 44790203 44790203 0
17 4735 rs477963 72641440 1 -2.2495267400656047e-4 72641440 72641440 0
17 1077 rs12452504 12974697 1 -2.2485716732513684e-4 12974697 12974697 0
17 946 rs9897837 11467691 1 2.2465568753023084e-4 11467691 11467691 0
17 4710 rs1699597 72566351 1 2.2421102359893513e-4 72566351 72566351 0
17 2724 rs10491149 45034021 1 -2.2310708600334063e-4 45034021 45034021 0
17 1021 rs10491190 12423312 2 -2.228986397076927e-4 12423312 12423312 0
17 5165 rs9894254 78184679 1 2.219449342703966e-4 78184679 78184679 0
17 1417 rs4792801 16845467 1 2.2161367784769888e-4 16845467 16845467 0
17 3543 rs2190759 55794699 1 2.2090697892994073e-4 55794699 55794699 0
17 3232 rs2940663 51734845 1 -2.17511592369339e-4 51734845 51734845 0
17 2650 rs16939879 43216472 1 2.1735196590016897e-4 43216472 43216472 0
17 989 rs7218124 11906351 2 2.172118598925672e-4 11906351 11906351 0
17 802 rs3826528 9885606 1 2.1257691621304995e-4 9885606 9885606 0
17 1224 rs12936254 14418969 2 2.1255307173172192e-4 14418969 14418969 0
17 678 rs6503099 8228300 1 2.1207404219221863e-4 8228300 8228300 0
17 674 rs62637603 8215927 1 -2.117372887130564e-4 8215927 8215927 0
17 4306 rs6501388 68381555 2 -2.0979910638867656e-4 68381555 68381555 0
17 2817 rs10491182 46120767 1 2.08269650053092e-4 46120767 46120767 0
17 1123 rs7212673 13458246 1 -2.0772226936150196e-4 13458246 13458246 0
17 3738 rs8077625 60896263 1 -2.067763669393042e-4 60896263 60896263 0
17 2580 rs2011895 42398757 1 -2.052551882112297e-4 42398757 42398757 0
17 5031 rs691336 76518426 1 2.05014683482372e-4 76518426 76518426 0
17 2058 rs931196 33288882 1 2.0144302400153515e-4 33288882 33288882 0
17 3928 rs8178855 64214104 1 2.0107418630867208e-4 64214104 64214104 0
17 3597 rs61741210 56386732 1 2.003359218607068e-4 56386732 56386732 0
17 4465 rs718400 70311511 1 -2.0031983514107895e-4 70311511 70311511 0
17 2496 rs7359598 40897470 1 1.985478641863254e-4 40897470 40897470 0
17 558 rs4796362 6811529 1 -1.975809648935844e-4 6811529 6811529 0
17 3078 rs4794293 49741155 1 1.9713319892349765e-4 49741155 49741155 0
17 2362 rs2462961 38855772 1 1.964714876261068e-4 38855772 38855772 0
17 1875 rs7215745 31702422 1 1.940802346806439e-4 31702422 31702422 0
17 547 rs7215005 6668117 1 1.9024856876384587e-4 6668117 6668117 0
17 4419 rs7223546 69832043 1 -1.896968544206192e-4 69832043 69832043 0
17 4454 rs741348 70171052 1 -1.8893464374810737e-4 70171052 70171052 0
17 3 rs8069166 293138 1 1.8647563645616288e-4 293138 293138 0
17 639 rs11078711 7777214 1 1.8271663339899347e-4 7777214 7777214 0
17 1880 rs11657729 31726095 1 -1.8182786729840843e-4 31726095 31726095 0
17 2655 rs4248914 43336480 1 -1.790702309392219e-4 43336480 43336480 0
17 464 rs17201619 6114005 1 -1.7840664454821313e-4 6114005 6114005 0
17 3245 rs4561518 51901643 1 -1.776974250834383e-4 51901643 51901643 0
17 5235 rs1062935 78939857 1 1.7765076638275268e-4 78939857 78939857 0
17 4391 rs2367391 69367700 1 -1.7723791413479006e-4 69367700 69367700 0
17 930 rs1513742 11373750 1 -1.7626165673892064e-4 11373750 11373750 0
17 42 rs2663319 790803 1 -1.74883211024276e-4 790803 790803 0
17 1798 rs425809 30000429 1 1.7270940101374305e-4 30000429 30000429 0
17 3624 rs8073731 57463982 1 1.699117337823587e-4 57463982 57463982 0
17 4899 rs8067984 74942478 1 1.678243669786287e-4 74942478 74942478 0
17 2680 rs11655764 43836477 2 -1.6676659964228217e-4 43836477 43836477 0
17 5183 rs11650988 78479278 2 -1.666571180012099e-4 78479278 78479278 0
17 4758 rs1542752 72938100 1 1.644626101694796e-4 72938100 72938100 0
17 587 rs7503417 7283726 2 1.6386633744889807e-4 7283726 7283726 0
17 4830 rs10512605 74212382 1 1.629228357455803e-4 74212382 74212382 0
17 1670 rs12453704 26836445 1 -1.628743061410198e-4 26836445 26836445 0
17 4110 rs4368217 66727924 1 1.6281413961440278e-4 66727924 66727924 0
17 5217 rs2589158 78818603 1 1.6150735826910245e-4 78818603 78818603 0
17 3883 rs4791139 63663994 1 -1.6032709950905842e-4 63663994 63663994 0
17 1795 rs770497 29973322 1 -1.5985736037845224e-4 29973322 29973322 0
17 45 rs4968127 809643 1 -1.5893173555882786e-4 809643 809643 0
17 3113 rs1486745 50270737 1 -1.5665534463111104e-4 50270737 50270737 0
17 545 rs9915706 6654919 1 1.5652339824531237e-4 6654919 6654919 0
17 262 rs4573968 4147047 1 -1.551630541268966e-4 4147047 4147047 0
17 4570 rs9900652 71273999 1 1.550105876852004e-4 71273999 71273999 0
17 3223 rs2957407 51671637 2 -1.5465329293930805e-4 51671637 51671637 0
17 632 rs9905906 7685748 1 1.5453675445470342e-4 7685748 7685748 0
17 3707 rs11658522 59974651 1 -1.5414767626251765e-4 59974651 59974651 0
17 963 rs3744578 11648332 1 1.54057514739732e-4 11648332 11648332 0
17 1920 rs9893177 32055164 1 1.5259234515030678e-4 32055164 32055164 0
17 4648 rs6501667 71859152 1 -1.5117988016255014e-4 71859152 71859152 0
17 551 rs4796556 6691017 1 -1.4774716856729326e-4 6691017 6691017 0
17 4078 rs883541 66449122 1 1.467858780709046e-4 66449122 66449122 0
17 129 rs1555569 2149425 1 -1.4361544991408086e-4 2149425 2149425 0
17 4287 rs11077483 68235645 1 1.431167948062324e-4 68235645 68235645 0
17 1786 rs7406402 29745981 1 1.4096325767560985e-4 29745981 29745981 0
17 3368 rs9911896 53445130 1 -1.3946720732376755e-4 53445130 53445130 0
17 4179 rs1468514 67097212 1 -1.3945997345172508e-4 67097212 67097212 0
17 1277 rs9910320 14801005 1 1.379965226345873e-4 14801005 14801005 0
17 4920 rs11655883 75234757 1 1.3496196187154e-4 75234757 75234757 0
17 595 rs3853894 7370605 1 1.3297696765114715e-4 7370605 7370605 0
17 3119 rs967823 50317276 1 1.327284548644899e-4 50317276 50317276 0
17 2165 rs2074103 34935878 1 -1.3105929318426793e-4 34935878 34935878 0
17 4828 rs2289603 74163821 1 -1.3063342324937986e-4 74163821 74163821 0
17 3755 rs4343 61566031 1 1.2975664760094297e-4 61566031 61566031 0
17 4875 rs925046 74794457 1 -1.2855560101557702e-4 74794457 74794457 0
17 3651 rs6503942 58122739 1 -1.279012029437049e-4 58122739 58122739 0
17 1359 rs8071082 15419589 2 1.2789937063036204e-4 15419589 15419589 0
17 4455 rs4793407 70206349 1 1.2769685936704704e-4 70206349 70206349 0
17 3534 rs4793885 55728224 1 1.252264391140712e-4 55728224 55728224 0
17 1630 rs7222355 25854188 1 1.2487232535923575e-4 25854188 25854188 0
17 208 rs9303174 3342002 1 -1.2108474495958372e-4 3342002 3342002 0
17 3378 rs4794588 53519171 1 1.1631929264827472e-4 53519171 53519171 0
17 1817 rs7210970 30262169 1 1.1456462357419408e-4 30262169 30262169 0
17 1918 rs1490922 32052655 1 1.1411979576530598e-4 32052655 32052655 0
17 1273 rs2058228 14739547 1 1.1397316995313344e-4 14739547 14739547 0
17 2941 rs2240300 47377521 1 -1.1350202358650476e-4 47377521 47377521 0
17 2391 rs1859251 39096618 1 1.13084421222801e-4 39096618 39096618 0
17 1730 rs2617865 28049804 2 1.12869832984683e-4 28049804 28049804 0
17 2333 rs56030650 38131187 1 -1.1204706496599398e-4 38131187 38131187 0
17 1256 rs7501621 14640534 1 -1.1204078118960892e-4 14640534 14640534 0
17 3152 rs11870108 50987882 1 -1.0981392007115426e-4 50987882 50987882 0
17 2453 rs2240011 40193709 1 1.0881583522099216e-4 40193709 40193709 0
17 3546 rs4793569 55833465 1 1.068680991869125e-4 55833465 55833465 0
17 4468 rs8065637 70355387 1 -1.0433918322474952e-4 70355387 70355387 0
17 1287 rs999725 14894010 1 -1.0223068085559806e-4 14894010 14894010 0
17 5071 rs3785529 76972960 1 -1.01793905784364e-4 76972960 76972960 0
17 4832 rs3859181 74234658 1 1.01387471747554e-4 74234658 74234658 0
17 1295 rs2875097 14920997 2 -1.0127147226273044e-4 14920997 14920997 0
17 3477 rs9915822 54666735 1 1.0095530518523472e-4 54666735 54666735 0
17 3962 rs8078231 64337021 1 -9.9679494024213e-5 64337021 64337021 0
17 411 rs9893797 5578857 1 -9.840457700428231e-5 5578857 5578857 0
17 4938 rs8071497 75414358 1 -9.568762936321316e-5 75414358 75414358 0
17 4503 rs4530179 70676790 1 -9.440337190169164e-5 70676790 70676790 0
17 883 rs7213032 10834538 1 -9.405871322699773e-5 10834538 10834538 0
17 4999 rs12450989 76188753 2 9.385653789505154e-5 76188753 76188753 0
17 4900 rs1465983 74942809 1 -9.06912760174124e-5 74942809 74942809 0
17 3572 rs11649864 56093061 1 9.051719031414736e-5 56093061 56093061 0
17 3328 rs17745049 52935126 2 8.979088020457933e-5 52935126 52935126 0
17 256 rs8066378 3996334 1 8.856970439402341e-5 3996334 3996334 0
17 4187 rs7213831 67123160 1 8.853155664701e-5 67123160 67123160 0
17 2206 rs7218928 35263956 1 8.509285061745256e-5 35263956 35263956 0
17 2037 rs12602173 33028104 1 8.248887236812782e-5 33028104 33028104 0
17 708 rs4309437 8648103 1 8.189443831573818e-5 8648103 8648103 0
17 1845 rs2726128 31283408 1 -8.166121359308466e-5 31283408 31283408 0
17 5042 rs4796808 76613675 2 -8.144062323219362e-5 76613675 76613675 0
17 1306 rs11867597 14954750 1 -8.090095814111423e-5 14954750 14954750 0
17 5294 rs2011631 80613061 1 8.080673548004727e-5 80613061 80613061 0
17 5072 rs4861 76988192 1 7.759092210316616e-5 76988192 76988192 0
17 2059 rs10853174 33351917 1 -7.41951105693282e-5 33351917 33351917 0
17 319 rs10438722 4991694 1 -7.0365414304323e-5 4991694 4991694 0
17 81 rs8070091 1578032 1 -7.0308777224886235e-05 1578032 1578032 0
17 1752 rs1050565 28576076 1 -7.007131468951174e-5 28576076 28576076 0
17 4103 rs4968913 66659235 1 6.894820634131409e-5 66659235 66659235 0
17 4431 rs2015816 69938454 2 -6.87292463133718e-5 69938454 69938454 0
17 4508 rs2713961 70708501 1 6.447363060749139e-5 70708501 70708501 0
17 2114 rs8068906 33840265 1 -6.43489877296803e-5 33840265 33840265 0
17 1292 rs8075436 14911566 2 -6.396144268326379e-5 14911566 14911566 0
17 1900 rs8079016 31870759 1 6.318139441848037e-5 31870759 31870759 0
17 911 rs9894431 11208436 1 -6.176429346688508e-5 11208436 11208436 0
17 4009 rs9890506 64784183 1 -6.0576686222306854e-5 64784183 64784183 0
17 1673 rs12449554 26857788 1 5.980855384676452e-5 26857788 26857788 0
17 2039 rs1990262 33034326 1 5.839787955975012e-5 33034326 33034326 0
17 4402 rs9302937 69489575 1 5.827692319787276e-5 69489575 69489575 0
17 1533 rs4924935 18753870 1 -5.620981347749801e-5 18753870 18753870 0
17 2516 rs4986850 41245471 1 -5.045194667388716e-5 41245471 41245471 0
17 2429 rs11655712 39625032 2 4.986793373643874e-5 39625032 39625032 0
17 50 rs2120233 947233 2 4.924168203966856e-5 947233 947233 0
17 4624 rs2683153 71748105 1 -4.869149637322791e-5 71748105 71748105 0
17 712 rs2036171 8675537 1 -4.7863259761594625e-5 8675537 8675537 0
17 4671 rs35682745 72240168 2 4.676592020089345e-5 72240168 72240168 0
17 1083 rs9900808 13062795 1 -4.39957666035148e-5 13062795 13062795 0
17 4544 rs9895450 71059845 1 4.3943958405326424e-5 71059845 71059845 0
17 1988 rs3136674 32682616 1 -4.384244617602624e-5 32682616 32682616 0
17 2038 rs1990264 33029570 1 -4.229409599941693e-5 33029570 33029570 0
17 133 rs1885987 2203025 1 4.210429952336728e-5 2203025 2203025 0
17 3821 rs11079557 63112344 2 3.7497250599018286e-5 63112344 63112344 0
17 1281 rs9914741 14853048 1 3.641152311864537e-5 14853048 14853048 0
17 521 rs7208709 6383674 1 3.5509792275171977e-5 6383674 6383674 0
17 884 rs860420 10839109 1 -3.501132328398971e-5 10839109 10839109 0
17 5271 rs79314916 80352300 2 3.368404190181456e-5 80352300 80352300 0
17 2936 rs4794031 47342153 1 -3.347625079064939e-5 47342153 47342153 0
17 5268 rs73999868 80285076 2 3.251755102664487e-5 80285076 80285076 0
17 5295 rs3751911 80615643 1 -3.222749734733293e-5 80615643 80615643 0
17 1921 rs9908295 32060709 2 3.1409717874138725e-5 32060709 32060709 0
17 1602 rs8066050 21000614 1 3.047634857761894e-5 21000614 21000614 0
17 641 rs17807204 7784295 1 3.0347304930500662e-5 7784295 7784295 0
17 4668 rs7211140 72173910 1 2.765714944873337e-5 72173910 72173910 0
17 4045 rs2952454 65599398 1 2.6028150670487624e-5 65599398 65599398 0
17 3896 rs7224441 63747678 1 -2.5422343835565984e-5 63747678 63747678 0
17 1819 rs1557731 30321567 1 2.466398056493503e-5 30321567 30321567 0
17 704 rs4459584 8628249 1 2.3267537853397968e-5 8628249 8628249 0
17 402 rs2733366 5514590 1 2.2763981449989007e-5 5514590 5514590 0
17 4747 rs10775365 72780491 1 2.0294923767814913e-5 72780491 72780491 0
17 231 rs150857 3526637 1 2.0080008360625696e-5 3526637 3526637 0
17 2778 rs11870935 45732605 1 1.924802946283587e-5 45732605 45732605 0
17 2756 rs2292864 45367681 1 -1.9128962361684175e-5 45367681 45367681 0
17 3740 rs1476811 60919308 1 -1.90515324829403e-5 60919308 60919308 0
17 470 rs6502931 6121042 1 -1.784891535125661e-5 6121042 6121042 0
17 3397 rs1426748 53692959 1 1.7612917893184203e-5 53692959 53692959 0
17 4683 rs11652975 72288399 1 1.7605577758341425e-5 72288399 72288399 0
17 4663 rs12603953 72096784 1 -1.661901484735409e-5 72096784 72096784 0
17 4207 rs536009 67273882 1 1.5799137350398964e-5 67273882 67273882 0
17 4567 rs8915 71244630 1 1.287722960456111e-5 71244630 71244630 0
17 2644 rs1053733 43183028 1 9.482975101981988e-6 43183028 43183028 0
17 1668 rs11568466 26817537 1 -8.825784949178946e-6 26817537 26817537 0
17 4422 rs11871424 69840451 1 -7.12671154414773e-6 69840451 69840451 0
17 1282 rs4792560 14854206 2 5.889804591631951e-6 14854206 14854206 0
17 4134 rs12949818 66819696 1 5.630435693732306e-6 66819696 66819696 0
17 2906 rs9899404 47053828 1 4.010308732403157e-6 47053828 47053828 0
17 4188 rs4968839 67125840 1 3.5426561580866434e-6 67125840 67125840 0
17 387 rs8081387 5395383 1 -3.441578677912029e-6 5395383 5395383 0
17 3075 rs4794291 49738763 1 3.396923934482632e-6 49738763 49738763 0
17 2918 rs16946628 47196790 1 1.5386597751218796e-6 47196790 47196790 0
17 2143 rs9907295 34257313 2 -1.0370424267540998e-6 34257313 34257313 0
17 750 rs12947027 9177477 1 9.250979139247486e-7 9177477 9177477 0
17 2828 rs7224155 46252502 1 1.562634873162959e-7 46252502 46252502 0
17 3805 rs9892152 62401965 1 1.9080474906772402e-15 62401965 62401965 0
17 1772 rs3764421 29167653 1 6.132234773189747e-16 29167653 29167653 0
17 1916 rs2347559 32028737 1 5.837689655987912e-16 32028737 32028737 0
17 5061 rs4796812 76875186 1 2.5602113422393295e-16 76875186 76875186 0
17 3925 rs8178867 64207129 1 2.0133205039068912e-16 64207129 64207129 0
17 1773 rs11657270 29214387 1 9.145916719247176e-17 29214387 29214387 0
17 2243 rs9899144 36574646 1 8.826755559952158e-17 36574646 36574646 0
17 5269 rs73999869 80285085 1 1.6567073728182268e-17 80285085 80285085 0
17 1774 rs2433 29226228 1 1.0060476501768547e-17 29226228 29226228 0
