CHR Group SNP.lead BP.lead Size W BP.min BP.max BP.width
22 94 rs7291930 20876509 2 0.05222386221312868 20866658 20903410 36752
22 346 rs1002189 30771458 4 0.03596794551876549 30679387 30776095 96708
22 603 rs2294360 39897792 2 0.03588441313887874 39897792 39913420 15628
22 629 rs9607852 42258272 3 0.0355020494177217 42210985 42258272 47287
22 540 rs2284033 37534034 3 0.03464639827730751 37533068 37535471 2403
22 943 rs140522 50971266 2 0.02967385497601123 50960682 50971752 11070
22 166 rs1041749 24846391 3 0.02862465207166347 24833760 24881781 48021
22 635 rs5996130 42612297 4 0.02829963766674128 42609148 42661144 51996
22 625 rs4822024 41757647 5 0.02789692655626747 41736090 41762523 26433
22 600 rs968451 39670851 3 0.02680375841821046 39670851 39687484 16633
22 58 rs5748167 19370586 3 0.02542230905028032 19310812 19423250 112438
22 493 rs4820201 35970204 3 0.02531481798299692 35970204 35980060 9856
22 641 rs733278 42811919 3 -0.02468631415461861 42811101 42813753 2652
22 940 rs11555194 50876662 4 0.02460210464221333 50856222 50876662 20440
22 570 rs143910997 38321806 3 -0.02343307673877392 38272929 38371328 98399
22 790 rs13057352 47095235 3 0.02265179956207275 47091321 47095235 3914
22 219 rs8139900 26394724 1 0.02247465304590127 26394724 26400319 5595
22 905 rs11703376 49678713 1 -0.02142750229280182 49678713 49679043 330
22 152 rs7287310 24047092 5 -0.02125596105927402 24022307 24048368 26061
22 380 rs5994466 32518130 3 -0.02062670972425422 32517431 32533584 16153
22 347 rs7288366 30796422 2 0.02003444065671675 30794950 30796422 1472
22 141 rs5759742 23700907 1 0.01869857330102059 23700907 23700907 0
22 142 rs2330452 23754578 1 0.0185312589204764 23752398 23754578 2180
22 913 rs5770391 49790713 1 -0.01831523957921349 49790713 49790713 0
22 326 rs4823003 29410232 6 0.0178834912113722 29378708 29420482 41774
22 460 rs204276 34744069 3 0.01764687895901433 34727172 34750873 23701
22 34 rs439231 18319179 1 0.01764411547471806 18314391 18319179 4788
22 761 rs6006756 45884487 3 0.01754840057643932 45878984 45892433 13449
22 212 rs739281 26277148 2 0.01706937713430746 26277148 26277148 0
22 671 rs11704418 43705678 1 -0.01705326272190671 43705678 43705678 0
22 62 rs2157727 19565395 4 0.01701691157785733 19558475 19567149 8674
22 393 rs35856742 32810378 3 -0.01646980630241289 32782118 32811952 29834
22 626 rs132902 41797758 1 0.01636832044367673 41797758 41799106 1348
22 223 rs134709 26503944 4 -0.01539891736255883 26485668 26507645 21977
22 256 rs13054025 27222059 2 0.01527157495038124 27222059 27222286 227
22 617 rs6001931 40877514 3 0.01507770400439101 40828361 40914949 86588
22 945 rs131749 51024624 2 0.01507491035778889 51011241 51024624 13383
22 372 rs16989291 31971282 3 0.01502781932718698 31966274 32027449 61175
22 863 rs5771758 49028180 4 -0.01499016976564166 49027446 49028732 1286
22 750 rs9626655 45612551 2 -0.014540704202432 45612551 45612551 0
22 341 rs5763662 30378703 4 -0.01442277553459785 30297546 30390990 93444
22 292 rs136923 27785809 1 0.01378161147265621 27785497 27785809 312
22 428 rs16992276 33801983 1 0.01298812608571468 33799128 33801983 2855
22 714 rs135938 44812036 1 -0.01282336774760727 44812036 44812036 0
22 110 rs4821112 21964761 4 0.01272932944868396 21917190 21982892 65702
22 802 rs4476 47440669 1 0.01263671127977817 47440669 47440669 0
22 425 rs5998876 33729763 3 0.01261898315550962 33728035 33730575 2540
22 299 rs8136304 27917070 3 0.01249892281017026 27905428 27917070 11642
22 185 rs139762 25307571 2 0.01247892578313006 25307571 25308272 701
22 528 rs4821540 37241788 1 0.01244364181250557 37241788 37241788 0
22 107 rs1210606 21452237 2 0.01227556255144256 21452237 21452237 0
22 639 rs9620039 42738766 2 -0.01200732374210577 42738766 42742451 3685
22 651 rs9623697 43179166 3 -0.01184616966633321 43172308 43179166 6858
22 605 rs2413599 39952098 1 0.01137971400984149 39947068 39952098 5030
22 332 rs2267135 29767034 3 -0.01121080810302685 29710360 29791234 80874
22 880 rs12158344 49214032 4 0.01109903470007287 49212730 49214863 2133
22 302 rs723184 27962517 2 0.01107579832133734 27962517 27968208 5691
22 124 rs6001122 22504946 4 -0.01104879315833244 22504946 22518517 13571
22 275 rs9620665 27557030 4 0.01096945547432182 27557030 27557351 321
22 31 rs369081 18286672 3 -0.01062379129074749 18286672 18292466 5794
22 88 rs625704 20185457 2 -0.01052597500752818 20185119 20189202 4083
22 238 rs5752327 26844070 7 0.01034418287478771 26833186 26884039 50853
22 797 rs974226 47230348 2 0.0101322878148981 47224481 47230348 5867
22 358 rs4820902 31165724 1 -0.0100491749820172 31160539 31171274 10735
22 85 rs9606241 20075858 5 0.01004482248344403 20071737 20100596 28859
22 823 rs10460765 47944748 2 -0.00967761571811539 47944269 47944748 479
22 556 rs4821653 37771985 1 0.00952851288055698 37771985 37771985 0
22 809 rs9626702 47609914 1 -0.00949479624073947 47604571 47627231 22660
22 342 rs41156 30404653 1 -0.00946210273295839 30404653 30440533 35880
22 133 rs3788339 23417677 3 -0.0094025240567416 23407301 23417677 10376
22 562 rs8140025 37910395 1 0.00939530925832346 37910395 37911190 795
22 356 rs5753271 31070493 1 -0.009178318936599 31070493 31070493 0
22 330 rs132372 29604561 2 0.0091359397793317 29596502 29604561 8059
22 849 rs4499 48646288 2 0.00913469213450402 48646288 48646288 0
22 810 rs6008118 47683805 1 -0.00907742283048514 47683805 47683805 0
22 688 rs2267597 44427612 3 0.00905274220566986 44427612 44429762 2150
22 554 rs5750423 37734452 1 0.00903930113485707 37728491 37734452 5961
22 903 rs2091051 49613009 5 -0.00901307178723338 49602052 49623181 21129
22 553 rs2284051 37710569 2 0.00861052448619087 37710569 37710569 0
22 487 rs743811 35792974 2 0.0083927157388061 35792974 35797333 4359
22 623 rs139480 41626663 3 -0.00808159883495485 41507400 41626663 119263
22 396 rs11703151 32849712 3 0.00787842038847707 32847116 32849712 2596
22 938 rs34163881 50655543 2 -0.00785512999118337 50655543 50660137 4594
22 390 rs5753991 32738182 1 0.00775377545462988 32738182 32745916 7734
22 52 rs2285858 19120959 3 -0.00757702351051711 19037734 19120959 83225
22 131 rs13053230 23335538 3 -0.00757289898303105 23299769 23350873 51104
22 759 rs6006753 45846472 2 -0.00747152256869943 45838156 45846472 8316
22 545 rs5995396 37586000 3 0.00742548289754768 37581485 37592504 11019
22 19 rs5746366 17890558 1 -0.00732547899965357 17890558 17890558 0
22 781 rs61737816 46829377 1 -0.00726783433530366 46829377 46829377 0
22 771 rs910923 46487902 1 0.00713469835735957 46487902 46487902 0
22 616 rs6001906 40812499 2 0.00685011345705999 40736472 40812499 76027
22 577 rs6001064 38638071 1 0.00684044083334744 38628306 38638071 9765
22 69 rs1985884 19643245 1 -0.00681965600420943 19643245 19643245 0
22 440 rs240073 34086494 2 0.00680104474568409 34083987 34090440 6453
22 323 rs738722 29130012 3 -0.00678987926538677 29100711 29132990 32279
22 582 rs5757166 38995385 2 0.00671759083586486 38995385 39138332 142947
22 716 rs8135880 44834292 1 -0.00668837261641392 44834292 44836139 1847
22 875 rs13056461 49155087 3 -0.00663835340355188 49154931 49164116 9185
22 236 rs2226691 26789849 1 0.00660074030056488 26789849 26789849 0
22 569 rs9610841 38121152 1 -0.00656651552380764 38117943 38205989 88046
22 691 rs6006486 44503633 1 -0.00651603215824453 44503633 44503633 0
22 480 rs61739193 35463225 2 -0.00650777415859085 35463225 35481493 18268
22 82 rs2078749 20019768 4 -0.00646904015450335 20010730 20020229 9499
22 550 rs8139798 37660255 2 0.00645093024422526 37660255 37669321 9066
22 462 rs204456 34799184 2 -0.0062915041221424 34798397 34799261 864
22 217 rs9613049 26345603 2 0.0062545497050054 26345603 26346108 505
22 37 rs1072405 18406068 1 0.00623255489504909 18403629 18406068 2439
22 681 rs2017461 44285765 3 0.00618591370277083 44278752 44286950 8198
22 789 rs875559 47034838 1 0.00578699228070346 47021203 47034838 13635
22 498 rs5755868 36074596 1 -0.00578570793722166 36074596 36074596 0
22 289 rs7511351 27748742 1 -0.00575508658048697 27747270 27748742 1472
22 574 rs2076114 38509439 1 -0.0057521122325811 38509439 38509439 0
22 516 rs139933 36845207 1 0.00574763769095022 36845207 36857291 12084
22 657 rs8141749 43483242 1 0.00562105896381857 43473662 43483242 9580
22 182 rs2877253 25290487 1 -0.00560380469908653 25290487 25290487 0
22 78 rs165631 19951816 1 0.00545668833160906 19951271 19951816 545
22 427 rs715487 33791374 2 -0.00539131305519627 33771672 33791374 19702
22 126 rs10483109 22537581 2 0.00534725046831054 22536846 22548831 11985
22 401 rs743762 32959350 3 -0.00533398019491013 32959350 32971900 12550
22 679 rs1476036 44158490 1 0.00532676522446494 44123502 44198015 74513
22 530 rs5750326 37276285 2 0.00526949276309789 37268555 37276430 7875
22 364 rs35541583 31487701 3 -0.00521530410885478 31487701 31501788 14087
22 924 rs135796 49947789 1 -0.005119558997088 49932138 49947789 15651
22 742 rs132011 45421536 3 0.00503534608848194 45421242 45428606 7364
22 870 rs130129 49096694 3 -0.0050225513708587 49096694 49097331 637
22 80 rs2073742 19989642 3 0.00499707338393653 19969106 19996570 27464
22 175 rs7287595 25208398 1 0.00493223835108085 25208398 25208398 0
22 47 rs5992185 18633978 1 0.00489524368190266 18633978 18633978 0
22 707 rs5766627 44750243 1 -0.00485828304195826 44750243 44750621 378
22 322 rs9620804 28919200 1 -0.00484531172317749 28781758 28923317 141559
22 109 rs460106 21806401 1 0.00482698348354394 21806401 21809185 2784
22 484 rs11704301 35711543 2 0.00477223071161795 35660875 35717246 56371
22 369 rs1858821 31676454 4 -0.00475235580607004 31618958 31696615 77657
22 765 rs739215 45967526 1 -0.00469535550340563 45967526 45967526 0
22 865 rs8135393 49050448 1 0.0046632923133068 49050435 49050927 492
22 337 rs2857651 30075052 4 0.0046211733359638 30065967 30079213 13246
22 26 rs174330 18009909 1 0.00461810921392391 18005947 18021760 15813
22 287 rs507070 27700919 2 0.00458894083051244 27700318 27715760 15442
22 634 rs9623534 42565200 1 0.0045639898619926 42563308 42580933 17625
22 7 rs879575 17589567 3 -0.00453773566133 17589209 17589567 358
22 947 rs140510 51052379 4 -0.00452652302348003 51048400 51057923 9523
22 535 rs5756471 37404249 2 0.00452023722460948 37375668 37407527 31859
22 800 rs136068 47344209 1 0.00447728358162054 47343997 47363413 19416
22 318 rs2143180 28298336 3 0.00432885229990449 28288136 28314113 25977
22 649 rs12166331 43121426 4 -0.00422560142760998 43110919 43122720 11801
22 6 rs917838 17492452 1 0.00421441881687942 17492452 17492452 0
22 5 rs11703655 17450952 2 0.00410062446410621 17443131 17450952 7821
22 483 rs2103642 35631590 2 0.00401301713596058 35631590 35631590 0
22 79 rs5993891 19959746 3 0.00397654885803392 19956781 19962203 5422
22 397 rs7292178 32859619 2 0.00388417511593106 32859619 32864879 5260
22 250 rs6005150 27122480 1 0.00386525417185639 27122480 27122480 0
22 467 rs738968 34889097 2 0.00377304803814291 34880370 34940942 60572
22 359 rs136273 31195775 1 -0.00370948582486549 31192023 31209135 17112
22 265 rs6005266 27410749 1 0.00370643386416748 27410749 27413509 2760
22 409 rs135150 33170101 2 -0.00362152851916439 33159636 33174766 15130
22 147 rs140174 23922983 2 0.00359113889759909 23922983 23922983 0
22 405 rs13340089 33032041 2 0.00356719961094176 33025155 33033048 7893
22 382 rs9606916 32567306 1 0.00349646890030641 32558547 32567306 8759
22 127 rs8141482 22584809 1 -0.00349586685547014 22584809 22584809 0
22 281 rs498789 27627416 2 0.00348213642819343 27622907 27627416 4509
22 244 rs5752351 26990807 2 -0.00348207576969229 26981039 26990807 9768
22 664 rs148458324 43618695 1 0.0034131331320065 43618695 43618695 0
22 357 rs4820897 31117495 2 0.00339097539664095 31105269 31141239 35970
22 161 rs17854874 24468386 3 0.00337125815646907 24460593 24582041 121448
22 55 rs1060376 19196502 2 0.00336600453257003 19180589 19223352 42763
22 361 rs5753338 31227901 1 0.00331425864503194 31219869 31249333 29464
22 509 rs6000197 36603294 1 0.00330343651584022 36602779 36603294 515
22 894 rs6009424 49473747 1 0.003283040276027 49465735 49473747 8012
22 738 rs6007397 45339200 3 0.00326232055813211 45337329 45339200 1871
22 168 rs743368 24946924 1 0.00325682894981355 24933069 24946924 13855
22 411 rs738992 33210005 2 -0.00322683028283944 33191491 33213319 21828
22 492 rs13054394 35950648 3 -0.00319542308200182 35949334 35952603 3269
22 606 rs132575 39982721 3 -0.00314056291383021 39982721 39989216 6495
22 916 rs5770418 49812076 1 -0.00313558762918918 49812076 49817197 5121
22 324 rs5752793 29160314 3 0.00313390052435701 29156448 29251926 95478
22 254 rs713751 27189835 1 -0.00311172284619952 27189536 27191942 2406
22 242 rs2267085 26945043 4 -0.00310367088621952 26942127 26955896 13769
22 413 rs2071947 33246032 2 0.00309843575493512 33246032 33249271 3239
22 893 rs6009408 49461764 2 0.00309840905513154 49450131 49461764 11633
22 786 rs5767244 46924254 1 0.00309416065624793 46924254 46924254 0
22 414 rs137489 33262935 1 -0.00305450940131072 33258050 33272699 14649
22 400 rs12628631 32939719 3 0.00303052631542413 32930568 32939719 9151
22 290 rs2142619 27756300 1 -0.00301745840711616 27751796 27756300 4504
22 345 rs7289095 30658722 1 -0.00297751369929723 30658722 30658722 0
22 537 rs855791 37462936 3 0.00297062218222613 37462936 37470224 7288
22 602 rs5757670 39829736 4 0.00294420777447828 39781585 39829736 48151
22 221 rs5752254 26415475 1 0.00277071686389861 26415475 26415475 0
22 506 rs80584 36555794 3 0.00271935152469351 36550067 36557550 7483
22 758 rs12172195 45813687 2 0.00267418623318829 45813687 45823327 9640
22 587 rs5757387 39333340 3 0.00264909339063109 39320828 39337500 16672
22 899 rs12170052 49571596 1 0.00264628081672954 49568230 49573190 4960
22 775 rs61748935 46644177 4 -0.00263328421945865 46632802 46644177 11375
22 65 rs9606090 19593854 1 0.00257967089891466 19593301 19594436 1135
22 675 rs5764627 43986515 2 -0.00255213129536522 43950853 43998724 47871
22 575 rs11570680 38528888 1 -0.00254847624877956 38518538 38539420 20882
22 193 rs9608379 25620142 1 0.00252035684876426 25620142 25620142 0
22 218 rs9306419 26369358 2 0.00249723099099352 26369358 26369358 0
22 684 rs2896019 44333694 7 -0.00248459669375929 44324727 44337533 12806
22 163 rs2275984 24622648 2 0.00246419173463433 24621293 24622648 1355
22 263 rs5761863 27348456 2 0.00245585992439117 27348456 27348456 0
22 457 rs5754910 34636072 1 0.00241786983581586 34589966 34640618 50652
22 266 rs134931 27425162 4 -0.0023854154313428 27425162 27425365 203
22 618 rs16985899 40963402 1 0.00232166752072815 40963402 41075543 112141
22 312 rs5762324 28101614 2 -0.0023092160506806 28101265 28103259 1994
22 180 rs56123612 25251372 4 0.00226663216779933 25251372 25269518 18146
22 950 rs9616906 51104680 2 0.00218675232604054 51104680 51104680 0
22 288 rs545614 27729548 1 0.00208458354098328 27729548 27729548 0
22 831 rs4823703 48222045 1 -0.0020376200305477 48222045 48222045 0
22 859 rs6008748 48909082 3 0.00200380903598753 48906295 48909082 2787
22 270 rs760530 27485959 3 -0.0019832589816503 27485111 27485959 848
22 98 rs2072517 21115244 2 0.0019780589923442 21115244 21115244 0
22 38 rs1076539 18439598 5 -0.00197220716442275 18439598 18444657 5059
22 764 rs136753 45936121 2 0.00196779758849675 45926585 45937149 10564
22 137 rs5751614 23593051 1 0.0019651585889916 23593051 23593051 0
22 529 rs10854693 37252010 2 -0.0019505626167045 37251377 37252010 633
22 271 rs5761974 27497704 2 0.00194553001596321 27497704 27498426 722
22 159 rs1007888 24241101 2 -0.00191271302140489 24241101 24248370 7269
22 769 rs11090654 46160991 2 0.00191143223761831 46154366 46160991 6625
22 517 rs2011107 36890353 2 0.00189992744408919 36870845 36900806 29961
22 571 rs6519095 38431917 2 -0.00185657266533824 38431917 38447444 15527
22 889 rs5769373 49411595 3 0.00182101768370773 49411595 49416063 4468
22 731 rs3788630 45191504 1 0.00181747807043218 45191504 45192660 1156
22 590 rs2142833 39392296 3 0.00177495898762557 39392296 39407399 15103
22 33 rs61744286 18310439 1 0.00175051284418 18310439 18310439 0
22 412 rs130301 33234199 4 0.00174684110237881 33228070 33234931 6861
22 17 rs4819996 17790731 1 0.00172999830454131 17790731 17790731 0
22 1 rs4819535 17278762 4 -0.00170165710494982 17278762 17301843 23081
22 165 rs5751862 24802564 2 0.00169327156697847 24755025 24802564 47539
22 115 rs5999264 22095920 2 0.00168442406947384 22095920 22095920 0
22 733 rs5766113 45251423 2 0.00168142764859477 45248283 45255043 6760
22 202 rs133860 26144760 1 -0.00166506999674522 26144760 26144760 0
22 735 rs4823418 45315232 1 0.00166158453294756 45315232 45315232 0
22 363 rs5997802 31290637 2 -0.00161121580728055 31288769 31290637 1868
22 403 rs16990808 32994093 2 -0.00160413535303219 32994093 32995751 1658
22 421 rs137326 33523109 1 -0.00158346136769704 33523109 33527405 4296
22 668 rs5759250 43673800 1 0.00158329983948654 43670386 43673800 3414
22 621 rs61756762 41257393 1 0.00152989707999846 41257393 41291730 34337
22 57 rs3761407 19279641 1 -0.00152767333868438 19279641 19279641 0
22 644 rs4822135 42876604 1 -0.00152149000039449 42876604 42877543 939
22 111 rs73166641 21998280 1 0.00151004942407123 21998280 21998280 0
22 181 rs139724 25284829 1 0.00150879309305592 25284829 25284829 0
22 694 rs5764558 44544028 2 0.00143426330620065 44544028 44544028 0
22 566 rs2235336 37958268 2 0.00140503577452063 37958268 37958268 0
22 497 rs5755820 36041562 1 -0.00139811663557572 36041562 36041650 88
22 936 rs138220 50550808 1 0.0013832013538156 50515270 50556736 41466
22 608 rs6001679 40169926 1 0.00137647520949105 40169926 40169926 0
22 601 rs2076125 39711351 6 0.00137445143813784 39709605 39721745 12140
22 482 rs134260 35545092 1 -0.00137293451647476 35544775 35588844 44069
22 663 rs138997 43615005 1 -0.00133344987479273 43615005 43615005 0
22 844 rs16994730 48514296 1 0.0013289498916949 48514296 48530770 16474
22 658 rs4988394 43516133 2 0.00130721315463701 43514886 43518822 3936
22 192 rs4820621 25608548 2 0.00130531441178576 25608548 25608548 0
22 946 rs3219201 51043278 1 -0.00130519675978656 51040546 51043278 2732
22 319 rs7292859 28368266 1 0.00128138879023114 28368266 28368266 0
22 464 rs1034394 34823828 2 0.00125186782890248 34823828 34828825 4997
22 410 rs7292199 33181575 2 -0.00123962516862679 33181349 33188536 7187
22 747 rs9985182 45539841 1 -0.00118175863786169 45535999 45539841 3842
22 101 rs7292968 21335559 2 0.00116932260418435 21335559 21335559 0
22 609 rs713883 40326174 1 -0.00115973029277496 40311879 40326174 14295
22 469 rs5999506 35096084 2 -0.00115552007118797 35058857 35131487 72630
22 850 rs133588 48666450 3 0.00114145093008403 48666450 48672302 5852
22 586 rs469987 39287355 3 -0.00113844673638772 39287355 39300936 13581
22 150 rs17002910 23973725 1 0.00113788840660865 23971028 23974200 3172
22 297 rs2092741 27888434 1 0.00112175117392099 27886736 27888434 1698
22 851 rs133662 48725114 2 -0.00111236357215787 48725114 48726996 1882
22 104 rs2541953 21381646 4 -0.00110206417019762 21381646 21386019 4373
22 939 rs8142229 50814075 4 -0.00108095412310262 50814075 50817485 3410
22 226 rs713738 26653212 3 -0.00107444736749881 26650662 26660760 10098
22 475 rs5750007 35347360 1 -0.00106442550384105 35347360 35347360 0
22 204 rs5996973 26185235 1 0.00105800232578442 26173661 26185235 11574
22 866 rs4925429 49059945 2 0.00105097116982823 49059226 49059945 719
22 842 rs5768350 48494758 1 0.00104060815591618 48494758 48494758 0
22 105 rs2075271 21423908 4 -0.00103745962005939 21423908 21431181 7273
22 656 rs5759111 43442599 1 0.00103642856827822 43442599 43466217 23618
22 374 rs61731667 32218727 2 -0.00101538913114455 32129603 32218727 89124
22 919 rs8138283 49841479 2 0.00101028450037233 49841479 49841479 0
22 912 rs713997 49784591 1 -0.00100636743870622 49784591 49785676 1085
22 896 rs135230 49513663 4 9.925206489241009e-4 49505948 49514337 8389
22 216 rs1013815 26330370 1 -9.843336782824068e-4 26330370 26330370 0
22 839 rs5766980 48406571 1 -9.800722467758248e-4 48396779 48424743 27964
22 207 rs8143030 26222247 1 9.498125473379052e-4 26216160 26222454 6294
22 125 rs16985150 22525600 1 9.486586191970548e-4 22524651 22535137 10486
22 672 rs695288 43757691 3 -9.46867692680338e-4 43755827 43757691 1864
22 591 rs1969643 39413668 1 -9.448205475922556e-4 39413668 39413668 0
22 697 rs16991639 44595239 2 9.392148904838192e-4 44594135 44597929 3794
22 799 rs16995971 47309351 1 -9.372739384870394e-4 47309351 47309351 0
22 189 rs726133 25473134 1 -9.359292433475624e-4 25473134 25473134 0
22 624 rs2235852 41661154 1 9.240083468179336e-4 41648502 41661154 12652
22 231 rs3788378 26715923 3 -9.210293765471416e-4 26715393 26716432 1039
22 807 rs754890 47556231 1 -9.19833716952069e-4 47556231 47556231 0
22 272 rs4822859 27508858 2 9.163436069086196e-4 27508858 27508858 0
22 661 rs2071724 43577048 2 -9.103880085386754e-4 43577048 43577048 0
22 96 rs7290923 20999208 1 9.06337057478734e-4 20999208 20999208 0
22 348 rs8142204 30853082 2 8.977225990462864e-4 30850395 30860830 10435
22 447 rs3819671 34226685 1 -8.941415392308407e-4 34226660 34226685 25
22 488 rs133431 35817597 2 -8.694347881286534e-4 35813158 35818398 5240
22 512 rs136148 36652931 1 8.690047115950316e-4 36652931 36652931 0
22 578 rs17753394 38678387 1 -8.479875453927257e-4 38675738 38678387 2649
22 829 rs11703636 48173591 2 8.455593593668228e-4 48173591 48180475 6884
22 97 rs1339959 21005697 1 8.328527096524485e-4 21004805 21009596 4791
22 10 rs5747008 17623408 1 -8.292605432256234e-4 17619292 17623408 4116
22 884 rs13058268 49338361 2 8.206114451148679e-4 49338361 49339278 917
22 317 rs3819658 28160074 1 8.138073239963576e-4 28160074 28160972 898
22 430 rs9609802 33846914 3 7.938320321417104e-4 33846914 33847286 372
22 693 rs2267614 44530420 1 7.921076060317257e-4 44530420 44530420 0
22 928 rs6009845 50117191 1 -7.90846089283986e-4 50117191 50117191 0
22 766 rs3788673 45994189 4 7.832858877919644e-4 45988571 45997852 9281
22 395 rs2076051 32831809 1 7.80948888323592e-4 32831809 32832874 1065
22 18 rs2040692 17831813 1 -7.733661443723708e-4 17831813 17831813 0
22 336 rs2188120 29920819 1 -7.728944869548592e-4 29908072 29960768 52696
22 722 rs2349634 44973739 1 7.664952430734681e-4 44973739 44973739 0
22 264 rs2157465 27381346 1 -7.558936661066517e-4 27381346 27381346 0
22 848 rs5768453 48621722 1 -7.476340083213477e-4 48603295 48621722 18427
22 847 rs5768412 48567467 2 7.469891760352956e-4 48567467 48569604 2137
22 713 rs13055798 44787383 1 7.374368181211476e-4 44787383 44788913 1530
22 532 rs2075726 37310046 1 -7.290872474970783e-4 37310046 37310046 0
22 331 rs3950176 29630337 1 7.251817541313748e-4 29630337 29636985 6648
22 203 rs4822648 26162775 4 -7.207029933860166e-4 26159289 26164413 5124
22 630 rs17002737 42282012 1 7.182589809843971e-4 42281294 42282012 718
22 576 rs6001027 38545619 1 7.159586222453532e-4 38544298 38569006 24708
22 473 rs5755407 35298506 1 -7.110620461435744e-4 35298100 35298506 406
22 304 rs9613476 27989777 1 7.055836327369511e-4 27988228 27989890 1662
22 471 rs5755319 35211173 1 6.888922508049017e-4 35203230 35226671 23441
22 446 rs4821184 34213503 2 -6.833703652508664e-4 34210998 34219939 8941
22 117 rs8143081 22262369 1 -6.770625170030749e-4 22262369 22262369 0
22 240 rs13056218 26917626 1 -6.699208654628854e-4 26916722 26920048 3326
22 794 rs761906 47138659 1 -6.646408362299333e-4 47138659 47138659 0
22 822 rs130481 47940908 1 6.576645130135804e-4 47940908 47940908 0
22 593 rs139298 39497452 1 6.422701079299524e-4 39497452 39499902 2450
22 67 rs1476445 19621011 1 6.390463689788183e-4 19621011 19623386 2375
22 915 rs6009663 49803587 1 6.266651075235022e-4 49803587 49803587 0
22 631 rs3752591 42339516 1 -6.169753611540748e-4 42338152 42344266 6114
22 278 rs566185 27567320 3 -6.001254817840872e-4 27567320 27575542 8222
22 660 rs6971 43558926 1 5.932168592263606e-4 43556316 43559137 2821
22 942 rs8138406 50937445 1 -5.922225009534162e-4 50937445 50937445 0
22 762 rs2238810 45912376 1 -5.911878368568483e-4 45908895 45912376 3481
22 349 rs77679347 30891300 1 5.896295923272247e-4 30891300 30891300 0
22 519 rs5756233 36935796 1 5.848296942103677e-4 36926927 36941065 14138
22 151 rs6003824 23993051 2 -5.83286173248749e-4 23979219 23993051 13832
22 84 rs7285397 20057143 1 5.706790644130222e-4 20052420 20059763 7343
22 132 rs6003484 23379985 1 5.690247528003427e-4 23379985 23379985 0
22 448 rs1009730 34260738 2 -5.662707855505916e-4 34238831 34260738 21907
22 927 rs11090995 50085210 1 -5.645207339381264e-4 50085210 50092148 6938
22 44 rs5992985 18545634 1 5.607164387003607e-4 18545634 18549740 4106
22 932 rs5771069 50435480 1 5.51121246334732e-4 50435480 50435480 0
22 885 rs4824047 49351767 1 5.48116116722998e-4 49351767 49351767 0
22 90 rs361640 20753615 1 5.480746578877486e-4 20753615 20753615 0
22 283 rs932299 27661009 1 -5.422635429614912e-4 27661009 27661009 0
22 857 rs9615893 48851078 1 5.413767315124561e-4 48843478 48851078 7600
22 472 rs5999603 35272702 1 -5.360524735426869e-4 35272702 35272702 0
22 811 rs2187793 47688003 1 -5.305420475890811e-4 47688003 47688003 0
22 782 rs760991 46854398 1 -5.289085616700102e-4 46854398 46854398 0
22 169 rs4820599 24990213 1 5.206549973917178e-4 24990213 24991895 1682
22 501 rs5756047 36425725 1 5.196980807796223e-4 36425725 36443705 17980
22 8 rs738033 17599844 1 5.189184001443412e-4 17599844 17599844 0
22 860 rs133503 48911602 1 5.144910504443036e-4 48911477 48918829 7352
22 937 rs5771086 50595842 1 5.037716565449567e-4 50584130 50599466 15336
22 4 rs9618937 17414640 1 -5.007215793544119e-4 17414640 17414640 0
22 929 rs139789 50124094 1 -5.000195864988558e-4 50124094 50124094 0
22 792 rs9616101 47108189 2 4.999567016051218e-4 47108189 47108189 0
22 429 rs713740 33832735 1 4.969253686453067e-4 33826566 33836791 10225
22 838 rs9615717 48381376 1 -4.956362988102074e-4 48371416 48381376 9960
22 424 rs5998822 33628586 1 4.950772800001075e-4 33628586 33637087 8501
22 653 rs2076158 43289738 1 4.885227026370142e-4 43289738 43321816 32078
22 948 rs73172277 51061827 1 -4.8186543810704223e-4 51061827 51064416 2589
22 463 rs5755038 34811838 1 -4.814441019898671e-4 34811838 34811838 0
22 375 rs118001924 32239739 1 -4.800020249425348e-4 32239739 32239739 0
22 709 rs763041 44763752 1 4.7923196063092024e-4 44763651 44763752 101
22 196 rs760555 25872837 3 4.7257007884755865e-4 25872592 25897330 24738
22 522 rs9622424 36984307 1 -4.688187918532753e-4 36982675 36984307 1632
22 542 rs12167757 37567490 1 -4.6867400551440326e-4 37567490 37567490 0
22 507 rs2239831 36583084 1 -4.5802202402788866e-4 36583084 36583084 0
22 685 rs9626074 44363736 4 -4.5235281746583097e-4 44354111 44382853 28742
22 49 rs450046 18901004 1 4.489327538641352e-4 18901004 18901004 0
22 35 rs5992128 18354783 1 -4.431088766217252e-4 18350514 18377199 26685
22 417 rs12159195 33417607 2 -4.296265703635947e-4 33397425 33422506 25081
22 130 rs463235 23278593 1 4.138937492787424e-4 23278593 23278593 0
22 607 rs136858 40065322 2 -4.116674287434645e-4 40065322 40083730 18408
22 293 rs79556 27814314 2 4.033572131824455e-4 27802721 27815491 12770
22 524 rs738974 37025274 1 -4.006811669201302e-4 37013694 37027680 13986
22 803 rs86559 47454664 2 3.8546824013704385e-4 47454664 47454664 0
22 558 rs5995425 37794293 1 3.806271260886244e-4 37794293 37794293 0
22 241 rs2283822 26924312 1 -3.743220048412489e-4 26924149 26924336 187
22 652 rs5758972 43232973 1 3.671246256030019e-4 43193641 43262513 68872
22 654 rs2018340 43390319 1 -3.620047129125624e-4 43375701 43390319 14618
22 592 rs2014881 39445380 2 3.6191482320805e-4 39445380 39445554 174
22 548 rs2284038 37635055 1 3.617246346350065e-4 37630318 37635055 4737
22 745 rs6006926 45475332 1 -3.605845220307638e-4 45472574 45475332 2758
22 407 rs2008206 33124633 1 -3.569223605030492e-4 33124633 33133885 9252
22 229 rs137203 26688831 1 3.5564449678879517e-4 26688831 26688831 0
22 148 rs131429 23925779 1 -3.547749798818075e-4 23925779 23925779 0
22 787 rs5767265 46964267 1 3.522626406132587e-4 46964267 46964267 0
22 452 rs4820127 34395171 1 3.5150106801225766e-4 34395171 34400253 5082
22 70 rs5748391 19659099 1 3.511963681770733e-4 19659099 19659099 0
22 876 rs131025 49175009 1 -3.498534194987584e-4 49173457 49175009 1552
22 696 rs139135 44583246 1 -3.4832713929310255e-4 44583246 44589008 5762
22 643 rs5996168 42862481 1 3.47511289057492e-4 42855099 42867898 12799
22 700 rs5764659 44646105 1 3.379763673055426e-4 44646105 44646105 0
22 379 rs738993 32437340 3 -3.3521083723871636e-4 32437340 32509440 72100
22 32 rs2277831 18299197 1 -3.291202876746267e-4 18299197 18301693 2496
22 106 rs421390 21438417 1 -3.162768286207864e-4 21438417 21438417 0
22 296 rs5762182 27876939 1 -3.153206221940482e-4 27876939 27876939 0
22 280 rs538293 27613318 1 -3.1509617579875094e-4 27610995 27613318 2323
22 704 rs9614891 44737646 1 3.1194960305921775e-4 44737646 44740527 2881
22 503 rs2413380 36519040 1 -3.086909231646588e-4 36519040 36519040 0
22 0 rs5747999 17075353 1 3.0558112830622955e-4 17075353 17075353 0
22 164 rs2267073 24639069 1 2.966807823866147e-4 24639069 24639069 0
22 746 rs723553 45518890 3 -2.955760944314432e-4 45518890 45525484 6594
22 834 rs9627183 48284514 1 -2.828474094555269e-4 48284514 48284514 0
22 828 rs1003567 48161131 1 -2.786360827869701e-4 48144783 48161131 16348
22 303 rs762064 27974819 1 2.700190141426926e-4 27974819 27974819 0
22 368 rs4561750 31575576 1 -2.690229430270572e-4 31543260 31575576 32316
22 116 rs2276006 22113887 1 -2.617366436880724e-4 22113887 22204793 90906
22 28 rs181390 18222263 2 -2.5688540062119674e-4 18220831 18222263 1432
22 305 rs732110 28015322 1 -2.5660377047223744e-4 28013445 28016289 2844
22 444 rs2283940 34154020 1 2.4665172718684787e-4 34152899 34159536 6637
22 922 rs134458 49916533 1 -2.457272488599927e-4 49912406 49916533 4127
22 729 rs5765956 45150659 1 2.4044445954898657e-4 45150659 45150659 0
22 144 rs140157 23836819 1 -2.3846440573491328e-4 23836819 23838200 1381
22 710 rs7285004 44774700 1 2.358061270038224e-4 44769535 44775730 6195
22 531 rs5756391 37298344 4 -2.3508361576829204e-4 37296129 37298344 2215
22 687 rs6006622 44424108 1 -2.344682569016091e-4 44424108 44424108 0
22 813 rs4823632 47735419 1 -2.3075686890154385e-4 47728935 47736018 7083
22 481 rs5750060 35516556 1 -2.2126319362405185e-4 35516556 35519850 3294
22 273 rs9608581 27533998 2 -2.1980579964231731e-4 27533998 27533998 0
22 113 rs1860 22055394 1 -2.163871746346444e-4 22055280 22068740 13460
22 779 rs9615362 46795141 2 2.1631003301324589e-4 46786315 46795141 8826
22 2 rs2041608 17329601 1 -2.135178724713204e-4 17326181 17329601 3420
22 187 rs2179876 25319537 1 2.062250882313591e-4 25319537 25320371 834
22 209 rs5996988 26247456 1 -1.931226995049933e-4 26239850 26250235 10385
22 129 rs737885 23263708 1 1.9187582264590305e-4 23263708 23266118 2410
22 215 rs5761308 26304988 1 1.861988652144032e-4 26304988 26316491 11503
22 279 rs8143105 27584291 1 -1.843211482555266e-4 27584291 27587001 2710
22 676 rs137719 44019011 1 1.6986632105095006e-4 44012940 44019011 6071
22 926 rs760841 50079133 1 1.6875976675408575e-4 50077362 50079133 1771
22 286 rs768784 27690377 1 1.5919387350165574e-4 27689956 27690377 421
22 387 rs5994515 32655284 1 1.5846617319070132e-4 32655284 32655284 0
22 360 rs738374 31212641 1 -1.5104918000647817e-4 31212641 31215815 3174
22 934 rs5771131 50478828 1 1.4601289307199182e-4 50478828 50482126 3298
22 752 rs6006973 45665663 1 1.437469369778422e-4 45665663 45665663 0
22 620 rs11806 41166135 2 1.4271072914331473e-4 41143019 41170063 27044
22 858 rs6008741 48897881 1 -1.375032318511352e-4 48896580 48897881 1301
22 103 rs398577 21362849 1 1.323732421842321e-4 21352181 21362849 10668
22 614 rs12628051 40654276 1 -1.31855833028678e-4 40652873 40697581 44708
22 310 rs134099 28071675 2 1.3026229106353977e-4 28071675 28090374 18699
22 39 rs424765 18486017 1 -1.292317766819232e-4 18486017 18486017 0
22 224 rs134755 26565156 1 -1.240884227827316e-4 26565156 26565156 0
22 343 rs5753014 30515049 1 -1.222458560098529e-4 30494371 30581722 87351
22 426 rs4401302 33740860 2 -1.210276930982998e-4 33740860 33743341 2481
22 533 rs1801114 37333804 1 1.1999818131036462e-4 37333804 37333804 0
22 155 rs5760066 24187820 1 1.17147445472492e-4 24184850 24187820 2970
22 835 rs12165477 48305427 2 1.1517763198395368e-4 48295417 48308362 12945
22 827 rs132125 48070614 1 -1.0976058688082784e-4 48070614 48103376 32762
22 581 rs2267389 38840221 1 -1.018008166115668e-4 38832512 38840221 7709
22 40 rs390495 18504801 1 -9.750566360923826e-5 18504801 18505121 320
22 248 rs5752378 27069835 3 -9.705522015952327e-5 27060641 27072146 11505
22 118 rs9610728 22318538 3 8.462734403632567e-5 22277571 22329747 52176
22 708 rs8138173 44760039 2 8.333319101806513e-5 44760039 44760039 0
22 140 rs9608102 23644794 1 8.078628909462908e-5 23644794 23644794 0
22 262 rs5752447 27331206 1 -7.71457314319126e-5 27331206 27337048 5842
22 190 rs5760863 25510459 1 7.356093911543942e-5 25479479 25510459 30980
22 245 rs4822753 27011460 1 -6.479661750114159e-5 27011460 27021401 9941
22 174 rs139606 25189055 1 5.788883723507016e-5 25189055 25189055 0
22 805 rs9615461 47497788 1 -5.223380752826523e-5 47497788 47503584 5796
22 406 rs4821089 33118165 1 4.868563483513665e-5 33116109 33118165 2056
22 647 rs910303 43096042 1 4.613188129907221e-5 43096042 43096042 0
22 420 rs16991775 33493657 1 -4.084790976507407e-5 33493657 33502167 8510
22 295 rs6005451 27852183 1 4.035324259969607e-5 27852183 27865344 13161
22 51 rs2023634 18972450 1 3.981103686383355e-5 18972450 18972450 0
22 465 rs12170276 34847027 1 3.932184690450751e-5 34842677 34851109 8432
22 804 rs4823464 47489470 2 -3.469927438518906e-5 47489470 47489470 0
22 941 rs738683 50910875 1 -3.3993811736493016e-5 50910875 50910875 0
22 333 rs13053817 29847722 1 -3.39914581402633e-5 29840180 29847722 7542
22 268 rs16983522 27440266 1 -2.314985551465906e-5 27438631 27444637 6006
22 93 rs361988 20810054 1 2.0814928660585023e-5 20810054 20810054 0
22 350 rs118116676 30934885 1 2.0058806316405588e-5 30934885 30934885 0
22 71 rs1557627 19677207 2 -1.5540927831949584e-5 19677207 19678655 1448
22 909 rs929025 49742889 1 1.1072909872812873e-5 49742889 49742889 0
22 453 rs5749711 34411714 1 -4.941215753288059e-6 34411714 34423169 11455
