CHR Group SNP.lead BP.lead Size W BP.min BP.max BP.width
4 132 rs7665090 103551603 24 0.1387859324041308 102714886 104340317 1625431
4 213 rs11733331 175076940 11 0.05094861400197766 174873969 175126378 252409
4 134 rs7679673 106061534 24 0.05070704626555599 104944893 106472577 1527684
4 117 rs10006766 88160018 27 0.0501383573732598 86935890 88856733 1920843
4 0 rs3755963 894255 17 0.0447822055946907 85422 941290 855868
4 129 rs6849832 101120472 10 0.03579573361389634 100341861 101179982 838121
4 98 rs4600889 72337490 2 0.03039531438242254 71629537 72412029 782492
4 107 rs147332320 79176444 7 0.02915728408372991 79118533 79846570 728037
4 214 rs7685956 175422196 10 0.02692333048114698 175246203 176110924 864721
4 78 rs4695248 47555196 26 0.02646337997717611 47421325 53778384 6357059
4 95 rs1371863 68192816 10 0.02548814835468243 67607007 68629070 1022063
4 103 rs10008757 76903036 22 0.02514898076590943 75992533 77128026 1135493
4 51 rs12505133 26883909 7 0.02445239733741229 26498513 27254091 755578
4 202 rs4147034 166453722 5 0.02403022746467245 165827749 166679175 851426
4 166 rs1589127 137885582 12 0.0238849554249631 137413277 137964269 550992
4 14 rs16838780 6417785 3 0.02306137430930082 6361632 6507841 146209
4 188 rs2404903 155071496 2 0.02283566574613364 155062069 155542248 480179
4 32 rs10155296 15175539 8 0.02258337367405104 14872639 15896341 1023702
4 183 rs6839352 151887280 21 0.02248758816982037 150955500 152991825 2036325
4 80 rs17747127 55241063 8 0.0224277105881666 55049751 55643116 593365
4 27 rs2903351 12707180 8 0.02147279148486293 12017993 13002341 984348
4 115 rs2091745 84961080 4 0.02139822675661294 84831724 85430800 599076
4 36 rs2697707 17427573 9 0.02124244358569789 17255650 17550349 294699
4 16 rs6836687 7151812 7 0.02075353305658421 6918679 7257160 338481
4 65 rs630428 38121363 12 0.02022009943192829 37903382 38277904 374522
4 154 rs6836610 123601697 3 0.01988343843135133 123578850 124371328 792478
4 23 rs4697909 9896760 9 0.0197366757984873 9371116 10388610 1017494
4 187 rs6535930 154540056 3 0.01970296041965076 154513627 155008496 494869
4 150 rs1587734 120809455 6 0.01747256134755184 120704766 121538689 833923
4 208 rs10213032 171009360 4 0.01736892425472667 170754412 171244684 490272
4 194 rs6849580 159950990 5 0.01683204778779127 158778839 160350425 1571586
4 53 rs13110484 27757391 12 0.01635999012199132 27715503 28863159 1147656
