CHR Group SNP.lead BP.lead Size W BP.min BP.max BP.width
22 49 rs12627970 39721745 16 0.20704975170243745 39594740 40083730 488990
22 50 rs9607852 42258272 44 0.15220829974156946 40169926 42867898 2697972
22 76 rs140522 50971266 21 0.05991837179081583 50435480 51104680 669200
22 32 rs1002189 30771458 16 0.05408344512375553 30658722 31290637 631915
22 9 rs7291930 20876509 4 0.0505226748238754 20753615 20903410 149795
22 7 rs2531708 20017445 19 0.04086118778343025 19766782 20189202 422420
22 11 rs1210606 21452237 8 0.03935199068421426 21352181 21460220 108039
22 17 rs1041749 24846391 10 0.036700639778914 24460593 24991895 531302
22 3 rs439231 18319179 11 0.03191836373239735 17990852 18486017 495165
22 5 rs5748167 19370586 12 0.03152049982475433 18901004 19594436 693432
22 46 rs2284051 37710569 6 0.03051456903512761 37699377 37958268 258891
22 21 rs8139900 26394724 5 0.03020169117157971 26283020 26438495 155475
22 70 rs12158344 49214032 14 0.03015847557597112 49027446 49228507 201061
22 15 rs5759742 23700907 3 0.02958822917080949 23700907 23854860 153953
22 64 rs4476 47440669 9 0.02769092720719952 47108189 47573257 465068
22 53 rs2267597 44427612 26 0.02712100187210517 43950853 44466550 515697
22 63 rs13057352 47095235 3 0.0256880003268333 46919541 47103512 183971
22 34 rs11703151 32849712 9 0.02476781830452463 32706904 32939719 232815
22 40 rs4820201 35970204 6 0.02358908816800353 35899384 36130577 231193
22 37 rs2283934 34133896 21 -0.02350355263218399 33941163 34474560 533397
22 45 rs2284033 37534034 18 0.02280789611683237 37367928 37673781 305853
22 60 rs6006756 45884487 6 0.0224449274267569 45680473 45937149 256676
22 23 rs5752327 26844070 17 0.02199404130780285 26794102 27141605 347503
22 22 rs11705024 26653614 14 -0.01738012351033031 26485668 26789849 304181
22 31 rs5752884 29636985 35 0.01680556260104459 28288136 30597810 2309674
22 72 rs11703376 49678713 8 0.01445267682304911 49559242 49685455 126213
22 35 rs7511209 33030026 25 -0.01374677948239884 32959350 33502167 542817
22 75 rs5770755 50280136 5 -0.01104260886310755 49932138 50319170 387032
22 24 rs13054025 27222059 4 0.01078979351829715 27167348 27273238 105890
22 27 rs9620665 27557030 12 0.01077194011391806 27533998 27668370 134372
22 47 rs5757166 38995385 11 0.01053582908415587 37982012 39300936 1318924
22 29 rs8136304 27917070 5 0.01021215263231935 27802721 27935369 132648
22 61 rs739215 45967526 4 -0.00990364155348641 45967526 46255004 287478
22 38 rs204276 34744069 17 0.00989632250149354 34537450 34940942 403492
22 51 rs738533 43172308 18 0.00943305285570118 42876604 43559137 682533
22 26 rs760529 27485345 12 0.00901926241406063 27410749 27508858 98109
22 13 rs16985150 22525600 4 0.00885852781227207 22418813 22584809 165996
22 18 rs9612740 25099115 10 -0.00868717933378376 25079925 25388318 308393
22 16 rs6003913 24186623 12 0.0077609151113554 23922983 24270777 347794
22 14 rs9624019 23407301 5 0.0076987454604874 23250737 23644794 394057
22 12 rs131654 21917190 12 0.00759810144772548 21806401 22355496 549095
22 30 rs723184 27962517 10 0.00753576049303256 27962517 28160972 198455
22 54 rs9614207 44567435 11 -0.00712567138150687 44503633 44695088 191455
22 20 rs739281 26277148 10 0.00673667800581358 25872592 26278427 405835
22 36 rs16992276 33801983 10 0.00648865950030378 33523109 33893601 370492
22 58 rs132011 45421536 10 0.00640821504282584 45180554 45435202 254648
22 69 rs8142739 48906678 10 -0.0057675006156027 48766791 48958927 192136
22 0 rs2072466 17289118 5 -0.00551882365156793 17075353 17492452 417099
22 52 rs11704418 43705678 6 0.00541433809844866 43577048 43857328 280280
22 71 rs4823975 49430125 12 0.00478152100215315 49316305 49532043 215738
22 42 rs139933 36845207 6 0.00468616494144179 36652931 36941065 288134
22 44 rs1801114 37333804 9 -0.00426657197518217 37197530 37333804 136274
22 73 rs5770391 49790713 2 0.00380880447420088 49722925 49796800 73875
22 66 rs10460765 47944748 5 0.00368644800815854 47940908 48269511 328603
22 48 rs6001376 39407399 10 -0.00367936746057027 39320828 39552597 231769
22 68 rs11090830 48726996 4 -0.003659474192242 48666450 48726996 60546
22 41 rs80584 36555794 8 0.00348824620681369 36259560 36623920 364360
22 43 rs2267341 36976975 2 -0.0033067555571922 36965284 37170915 205631
22 4 rs5992185 18633978 1 0.0029412064128043 18504801 18640300 135499
22 25 rs5761863 27348456 1 0.00292969369073153 27301137 27381346 80209
22 55 rs135893 44775730 9 -0.00245768953075154 44737646 44881837 144191
22 10 rs7292968 21335559 4 -0.00236317117225878 20993328 21339751 346423
22 19 rs9608379 25620142 3 0.00213876129273083 25473134 25640628 167494
22 1 rs738033 17599844 2 0.0020912111026965 17589209 17724093 134884
22 28 rs136923 27785809 11 0.00144293979262902 27689956 27785809 95853
22 59 rs6006959 45648846 8 -0.00135919531829961 45465068 45665663 200595
22 33 rs5994466 32518130 18 0.0013439037420505 31487701 32655284 1167583
22 62 rs910923 46487902 6 0.00115356973427587 46487902 46900462 412560
22 39 rs743811 35792974 12 0.00111796269283164 35033249 35818398 785149
22 67 rs7286079 48603295 11 -8.011222881084325e-4 48284514 48646288 361774
22 2 rs1859120 17903330 2 -7.928651816595122e-4 17790731 17946202 155471
22 74 rs17000964 49826381 5 -4.4022802744889426e-4 49803587 49924929 121342
22 6 rs2871039 19634330 4 -4.2173498001618664e-4 19609943 19678655 68712
22 65 rs4823632 47735419 7 -3.066028569174697e-4 47604571 47910705 306134
