CHR Group SNP.lead BP.lead Size W BP.min BP.max BP.width
12 61 rs1800693 6440009 1 0.10850390033623827 6440009 6440009 0
12 554 rs10774625 111910219 12 0.10469236639582698 111887659 113016553 1128894
12 632 rs838878 125260645 5 0.05874552463678367 125260645 125314921 54276
12 5 rs2075032 717138 4 0.05556255881476287 677756 783484 105728
12 236 rs3747562 42854205 11 0.04295261588890275 42443484 42932928 489444
12 83 ss1388110319 9811832 13 0.03849776539563206 9352459 9813867 461408
12 300 rs10877013 58165085 5 0.03694013391293922 57859431 58260601 401170
12 621 rs585522 123550813 10 0.03457894364614717 123477311 123822711 345400
12 121 rs11055989 14622002 5 0.03409996785533176 14441966 14653867 211901
12 363 rs2870883 70561697 10 0.03304670162335814 70318228 70803674 485446
12 2 rs4980814 443795 5 0.03297469690944396 349298 547683 198385
12 268 rs2640518 51561056 11 0.03190289520069726 50880216 51568505 688289
12 614 rs482522 121194862 10 0.03186580584630114 121067429 121489377 421948
