CHR Group SNP.lead BP.lead Size W BP.min BP.max BP.width
16 30 rs16958021 11170047 26 0.26346294007078064 11042394 11591823 549429
16 143 rs11117432 86019271 13 0.13576035950455712 85984889 86153864 168975
16 101 rs255052 68024995 13 0.08443520279950038 66324048 68415246 2091198
16 110 rs17769233 77263286 29 0.06663138265894775 76635963 77684529 1048566
16 62 rs1859308 27397998 8 0.06579562077476431 27099753 27480797 381044
16 142 rs1044873 85955671 13 0.05120132525012567 85762615 85977502 214887
16 86 rs9932757 57148055 12 0.04297827084054832 57047299 57315033 267734
16 125 rs1143687 81922813 14 0.04208369946703 81858172 81986896 128724
16 64 rs252308 29221318 8 0.04187211805227149 28301487 29692692 1391205
16 65 rs7204270 30156963 18 0.0403952476520032 29833488 31842848 2009360
16 89 rs2731780 58254730 4 0.0377259834011384 57993841 58464075 470234
16 111 rs4888659 77699400 14 0.03732531034249582 77694091 77965017 270926
16 81 rs9928598 55264697 14 0.03402875647702833 55025856 55502376 476520
16 119 rs11150189 79734227 13 0.03216997055512499 79641363 80291731 650368
16 127 rs8182119 82542309 11 -0.02853783434920049 82489484 82675923 186439
16 73 rs1592490 52105848 13 0.02795422111161898 51884320 52478215 593895
16 87 rs11076196 57632536 7 0.02623736619721056 57349346 57647543 298197
16 72 rs8045957 51771624 17 -0.02614282652180791 51330531 51848382 517851
16 20 rs8045980 7651192 14 -0.02612005559263441 7647777 7874445 226668
16 90 rs37060 58566304 16 0.02606442218599513 58521090 59010501 489411
16 145 rs1728369 86386213 7 0.02590640312054847 86366001 86532032 166031
16 76 rs2111119 53671754 14 -0.02460452584832261 53412272 53916879 504607
16 51 rs414000 23617214 4 -0.02314691092183475 23295974 23712183 416209
16 59 rs237130 26639714 17 0.02279938406179836 26158567 26786951 628384
16 104 rs16971718 73367592 3 0.02228090061661308 73137924 73381706 243782
16 93 rs11640107 60928740 11 0.02194115714595024 60427285 61117063 689778
16 130 rs9332462 83317729 8 0.0217816877853696 83253759 83595359 341600
16 98 rs463625 64964233 12 -0.0217760492396647 64748241 65516113 767872
16 33 rs1632455 12222225 16 0.02172515432955905 12157900 12768284 610384
16 96 rs2911167 63621735 11 0.02043231107668796 63428780 63809121 380341
16 31 rs3743582 11650325 2 0.02030016110672894 11607797 11650325 42528
16 52 rs3760106 23845796 12 0.01914420068762188 23792157 24130770 338613
16 10 rs78074706 4755108 10 0.01891319580556698 4404620 5106184 701564
16 124 rs12932714 81762739 5 0.01748899761775877 81567554 81795052 227498
16 103 rs1858801 73019560 25 0.01724604532552068 71286676 73051818 1765142
16 53 rs2299671 24269658 7 0.01682152693146644 24137448 24359043 221595
16 40 rs2890050 16924671 8 0.01635250723187159 16859425 17199665 340240
16 68 rs16947973 49817577 11 0.01625028477632138 49532716 49956194 423478
16 57 rs4287571 25776238 2 -0.01583945688021135 25753251 25823551 70300
16 100 rs23840 66178141 16 -0.0146646672287598 65908562 66295179 386617
16 123 rs2966097 81549708 6 0.01458376586035828 81232275 81550448 318173
16 106 rs1511924 73805209 8 -0.01442927724523062 73606282 74023986 417704
16 128 rs7189966 82814003 11 0.01396105657480765 82680391 82836706 156315
16 47 rs77863699 20563528 6 0.01341615608457098 20432605 21301472 868867
16 117 rs4888967 79434027 7 0.0133357804928922 79178533 79460567 282034
16 69 rs4785201 50089192 7 0.01306103072737135 50013967 50668426 654459
16 36 rs11861769 13871313 4 -0.01305687610177746 13660870 13976356 315486
16 83 rs995948 56166587 5 0.01299933651737079 55880874 56334055 453181
16 74 rs4594251 52597844 3 -0.01276481272244269 52521356 52912299 390943
16 4 rs9888765 1744026 6 0.01273713792880132 1593606 2052340 458734
16 150 rs8051149 87878822 5 0.01260265663003402 87769704 87889714 120010
16 66 rs12443685 48226479 12 0.01252971276638127 34221699 48975044 14753345
16 154 rs55974122 89294827 15 0.01229767458658287 89167094 90141355 974261
16 17 rs12102431 6905072 18 0.01224930388294705 6652926 7036716 383790
16 99 rs7197514 65652630 4 0.0120154802806701 65549562 65891847 342285
16 58 rs6497910 26009660 8 -0.0118284190167127 25863544 26129783 266239
16 126 rs4130102 82285261 9 0.01181021379351262 82075317 82481949 406632
16 95 rs4784206 62720635 16 0.01133646164218241 62426551 63383129 956578
16 19 rs9933137 7402541 11 -0.01129700619781123 7369266 7622241 252975
16 15 rs9935712 6306931 9 0.0112614987509935 6255416 6441908 186492
16 28 rs2541522 10750548 5 0.01066841932830388 10665509 10845991 180482
16 42 rs9284326 18165043 3 0.01062631483560019 17658115 18166320 508205
16 48 rs61744122 22157582 4 0.01055004368888817 21630698 22374830 744132
16 21 rs12443671 8017909 15 0.01024308979452019 7926627 8230013 303386
16 67 rs1548928 49016770 16 -0.00993331093457036 48995896 49516986 521090
16 94 rs8058677 61968305 9 -0.00992309811656181 61452554 62356255 903701
16 153 rs34679131 88786063 5 0.00983191642649826 88655501 88934674 279173
16 149 rs2059883 87299332 7 0.00964799272924171 87179303 87695990 516687
16 122 rs2161295 80961660 18 -0.00960587890786645 80961660 81205590 243930
16 113 rs16947913 78554218 6 0.00933508486532043 78463512 78713526 250014
16 75 rs11863720 52984720 2 -0.00807691898008244 52950064 53341748 391684
16 91 rs17185893 59310833 12 0.0079196271234334 59039108 59646941 607833
16 88 rs2967162 57810090 7 0.00786584795206962 57666356 57957216 290860
16 45 rs727187 19451190 16 -0.00784425453531476 19317979 20144639 826660
16 37 rs12924081 14408175 5 0.00771933580054479 14029033 14462297 433264
16 135 rs247849 84546087 6 0.00769127014881772 84447075 84626254 179179
16 107 rs1076251 74768812 4 0.00766050264434638 74080346 74950469 870123
16 77 rs7194907 54003483 4 0.00712815596821658 54003483 54208856 205373
16 121 rs1981866 80923598 10 0.00711967435694346 80581001 80951145 370144
16 116 rs1983093 79024344 6 -0.0067261773073861 79024344 79104622 80278
16 92 rs12598252 59882680 15 0.00672507394570311 59675887 60402342 726455
16 2 rs116934818 1143605 2 0.00656834646604126 1081348 1143605 62257
16 146 rs1867485 86681031 14 0.00628509045292519 86558534 86729693 171159
16 112 rs16947307 78270078 13 0.00611374480095724 77977624 78430875 453251
16 61 rs1515879 27028924 6 -0.00607476892422233 26972093 27090311 118218
16 24 rs8048330 9165054 4 -0.00601794059528626 8990680 9216948 226268
16 137 rs774294 84802623 2 0.00598241974004364 84753453 84944010 190557
16 139 rs4445886 85248324 2 0.0059717046773728 85168870 85272244 103374
16 71 rs4445901 51259725 5 0.00593271839830495 51083636 51306980 223344
16 13 rs7202978 5953960 6 -0.0058688038833233204 5786389 5995388 208999
16 0 rs2071915 426432 7 0.00567568445644095 105444 717523 612079
16 105 rs16972039 73529292 6 0.0056185021068961 73392951 73576801 183850
16 129 rs11150514 82923464 8 0.00548023368361576 82854894 83227014 372120
16 82 rs3785157 55729836 13 0.00520346079170316 55518610 55793837 275227
16 144 rs2696815 86302343 7 -0.0049766323618567 86163221 86337062 173841
16 60 rs11641078 26898642 2 -0.0049592056271559 26799280 26954867 155587
16 109 rs4315362 76444353 12 -0.0048893294035597 76071983 76597134 525151
16 70 rs1477174 50874755 7 -0.00471408048431796 50719103 51021803 302700
16 39 rs246240 16119024 18 -0.00464035154773257 16037261 16633572 596311
16 1 rs4984724 988578 1 -0.00436248332597094 839269 1012750 173481
16 132 rs1876963 84038749 2 -0.00434012407209277 83983071 84055898 72827
16 97 rs2053209 64120435 8 0.00432872358490944 63863478 64681461 817983
16 22 rs6501125 8483476 5 -0.00425140185262961 8280086 8566301 286215
16 114 rs7201888 78854487 9 -0.00404361929160289 78769788 78930530 160742
16 8 rs11649287 4039968 11 0.00403959680366753 3399012 4065677 666665
16 84 rs4783937 56377045 12 0.00343564263577851 56355774 56883924 528150
16 120 rs11859036 80305551 11 -0.00335066364818467 80305551 80549158 243607
16 102 rs11866403 70666410 11 -0.00330885727166736 68463621 70791917 2328296
16 54 rs8049497 24559874 5 0.00328468415846764 24375802 24579397 203595
16 6 rs11642783 2705523 3 0.00315040261229886 2705523 2868641 163118
16 108 rs7189541 75187809 13 -0.0031493389437536 75008348 76031737 1023389
16 35 rs415232 13316427 13 0.00305438621510844 13227088 13643974 416886
16 147 rs7498878 86823486 3 0.00284646320718296 86751820 86920181 168361
16 138 rs17189653 84984350 5 0.00283739167666144 84958018 85127825 169807
16 131 rs16961122 83677291 17 0.00270637794293568 83616062 83968805 352743
16 43 rs4567694 19075191 2 -0.00209534450715233 18839362 19143250 303888
16 25 rs7190913 9642477 5 0.00206638826906903 9279881 9657958 378077
16 16 rs802695 6556585 2 0.00200451092012636 6448291 6642253 193962
16 134 rs12933084 84360533 1 0.00184971669699919 84360533 84422815 62282
16 14 rs7403856 6156326 5 0.00183372057889074 6022280 6208143 185863
16 26 rs11645816 9772106 12 0.00173718546640625 9675246 10324147 648901
16 9 rs7206142 4171701 3 -0.00169114905671914 4103871 4353057 249186
16 78 rs907007 54249150 1 0.00161877522783024 54231250 54388670 157420
16 56 rs4787697 25203748 7 0.00161507200826818 25106206 25720836 614630
16 38 rs12597051 15973605 4 -0.00154500470562695 14545264 15977732 1432468
16 27 rs6497888 10400286 2 -0.00151035122411364 10355745 10635938 280193
16 50 rs6497618 23008602 11 0.00116216551243403 22836249 23228535 392286
16 133 rs244866 84314198 7 0.00114114805114285 84069394 84335915 266521
16 46 rs6497453 20258838 9 -0.0011310517219354 20178590 20404600 226010
16 44 rs229015 19218144 4 0.00112435171810188 19209218 19277480 68262
16 34 rs8045278 12784013 6 -0.0011178336490869 12784013 13194411 410398
16 63 rs7194733 28004909 4 -0.0011037438980462 27799740 28266608 466868
16 3 rs2941955 1522176 2 9.3297797359224e-4 1246270 1544302 298032
16 85 rs289747 57023938 4 9.292362224986772e-4 56921840 57023938 102098
16 32 rs8046213 11703058 1 -8.527818579495021e-4 11703058 12151437 448379
16 80 rs1420553 54745610 5 -8.519893157061503e-4 54745610 54968239 222629
16 23 rs1731017 8839954 3 8.410195056109159e-4 8597082 8947036 349954
16 29 rs7189585 10927933 2 -6.443378781435634e-4 10903108 10975311 72203
16 152 rs11076691 88465992 2 5.681842449203226e-4 88298124 88465992 167868
16 79 rs4783845 54497854 4 -5.529872076498431e-4 54453976 54727937 273961
16 18 rs12709171 7122301 15 4.903218683597714e-4 7064702 7333566 268864
16 118 rs173645 79594409 1 4.5063270171408936e-4 79509334 79605274 95940
16 7 rs757108 3362017 4 3.872316506759628e-4 2892370 3362017 469647
16 49 rs189013090 22826046 1 3.801241493903982e-4 22712979 22826046 113067
16 55 rs4788430 24793053 1 -3.345068897669695e-4 24642371 25068754 426383
16 151 rs7205205 87995179 2 -3.2032656807234037e-4 87995179 88198278 203099
16 141 rs900764 85473118 3 2.3350911011211844e-4 85459134 85580716 121582
16 12 rs8047061 5563621 4 1.2802360154277295e-4 5467795 5778928 311133
16 11 rs12927295 5246014 2 -1.2235274918669602e-4 5194458 5372481 178023
16 148 rs12933233 87111630 7 8.585702448426916e-5 86964036 87172625 208589
16 41 rs8043831 17549067 4 8.119777474022648e-5 17269485 17575065 305580
16 140 rs4783187 85415838 2 2.3419190066987404e-5 85309121 85415838 106717
16 115 rs11859772 78965188 3 -1.707968335510528e-5 78955140 79008781 53641
