CHR Group SNP.lead BP.lead Size W BP.min BP.max BP.width
8 3332 rs11997192 129218127 4 0.04706434401468218 129179990 129218127 38137
8 3322 rs993725 128988220 3 0.0434916311664633 128978326 128991152 12826
8 3502 rs3958181 134638258 2 0.03254731047752341 134634436 134643435 8999
8 3327 rs2720667 129083584 1 0.03088441605013665 129082378 129100433 18055
8 3762 rs878421 142328020 1 0.02935432127392311 142328020 142337734 9714
8 1117 rs1010848 23351759 3 0.02935285952503987 23349637 23367883 18246
8 1834 rs10957150 61512060 4 0.02922146811053985 61369006 61512060 143054
8 3048 rs10505343 119580807 2 0.02738176997511672 119580807 119580973 166
8 2091 rs6994325 72764061 1 0.02551083095733803 72761190 72777556 16366
8 3043 rs4876412 119427392 1 0.0250320312094644 119427392 119427392 0
