CHR Group SNP.lead BP.lead Size W BP.min BP.max BP.width
6 205 rs12529318 32434314 9 0.2775058539351446 32289318 32578052 288734
6 210 rs2281389 33059796 23 0.26094246531313664 33025493 33195604 170111
6 206 rs17212090 32650809 15 0.14650813708547902 32590722 32739888 149166
6 201 rs2523544 31333562 7 0.09313368969083306 31289640 31433558 143918
6 487 rs535490 106564434 16 0.08353931870713427 106564434 106821393 256959
6 203 rs915653 31657047 14 0.08172193262183369 31572927 31947460 374533
6 207 rs9357155 32809848 24 0.07817095534690016 32740895 32899296 158401
6 199 rs2233976 31079994 23 0.06565889162395913 30996132 31206979 210847
6 188 rs806794 26200677 3 0.0497027786835613 26184617 26322985 138368
6 802 rs3093024 167532793 3 0.04424333231391558 167360389 167537594 177205
6 622 rs6920220 138006504 14 0.04216352518227712 137846731 138022540 175809
6 196 rs6905389 30319930 5 -0.04003123681000294 30075843 30454076 378233
6 262 rs12208813 42025318 10 0.03900649288325555 41744948 42025318 280370
6 127 rs6933491 16268408 3 0.03661826314494141 16142997 16289328 146331
6 115 rs12529514 14096658 4 0.03634222617321421 14014793 14131854 117061
6 197 rs3094104 30609629 14 0.03622199797368664 30455886 30796738 340852
6 290 rs3777594 45933157 3 0.03620184212979106 45863826 45992333 128507
6 131 rs236968 16583147 5 0.03597487350453459 16570089 16700833 130744
6 334 rs6453938 63710146 4 -0.03535257121052918 63174039 63771225 597186
6 202 rs4413654 31441349 10 0.0344149310422976 31436273 31568469 132196
6 204 rs1475961 32194609 7 0.03438056536515504 32019769 32286761 266992
6 230 rs9357239 37060809 2 0.03306881822283574 36999682 37087349 87667
6 140 rs9297068 18353562 5 0.03202172845958111 18256625 18353562 96937
6 616 rs6912539 137108757 2 0.03065375577279091 137017749 137268106 250357
6 285 rs660953 44645943 7 0.03057311439179184 44600005 45358323 758318
6 209 rs423639 32987774 8 0.03014463720870867 32968276 33016728 48452
6 184 rs6940230 25247120 7 0.02958055001957846 25200842 25328567 127725
6 571 rs7738609 128295502 5 0.02954696191616336 127923526 128320912 397386
6 739 rs6924755 159264974 9 0.02947810353900395 159145196 159317512 172316
6 227 rs6457940 36663357 6 0.02864747976053002 36621178 36744778 123600
6 253 rs10807248 40844002 5 0.02817445587947 40801731 40863535 61804
6 703 rs687508 153406657 6 0.02778127849724431 153353459 153529163 175704
6 219 rs41312309 34498328 7 0.02568605780741965 34461158 34982599 521441
6 542 rs4946572 121809450 7 0.02469929358656712 121698662 121895061 196399
6 258 rs16894733 41460739 2 0.02453538831247112 41443615 41474727 31112
6 270 rs3805931 43089429 6 0.02451498347763052 43013662 43418528 404866
6 22 rs1545849 2622911 9 -0.02419626585783181 2608995 2743245 134250
6 402 rs6935503 85234404 5 0.02379926461003213 85211340 85558462 347122
6 379 rs9343469 77288517 2 0.02354452565288022 77284830 77399578 114748
6 468 rs9498687 102198018 3 -0.02320827713525843 102113164 102198018 84854
6 532 rs9489193 117769728 10 0.02304960669772397 117683821 118080510 396689
6 630 rs9376387 139285630 5 0.02296245559247628 139213276 139325711 112435
6 611 rs9376124 135979220 5 0.02296066444521746 135606565 136133659 527094
6 396 rs9449501 83284573 5 0.02242793581179048 83284573 83574391 289818
6 761 rs1893895 162440687 7 0.02201122693747511 162344712 162559180 214468
6 352 rs1321980 70003609 8 0.0213541833091028 69794079 70349202 555123
6 132 rs547491 16745530 8 -0.02132408494751914 16717736 16801866 84130
6 680 rs11963544 150549998 7 0.0210509166705495 150532221 150591429 59208
6 806 rs7767627 167822221 3 0.02096619045526377 167813955 167833557 19602
6 25 rs2165125 2934641 2 0.02053492632432866 2906147 2937347 31200
6 646 rs2128977 143846791 5 0.02047753703555113 143765778 143955378 189600
6 618 rs17066096 137452908 6 0.02037837703896284 137326103 137500786 174683
6 73 rs2068361 7736743 5 0.02023240517321855 7718590 7789943 71353
6 271 rs1096699 43528441 6 0.01932286053201809 43479067 43652770 173703
6 244 rs1328388 39379854 5 0.01915129144000592 39296416 39391436 95020
6 404 rs9359645 85992024 3 -0.01914668551898704 85842716 86039744 197028
6 514 rs9384814 112207195 5 0.01778104533106122 111973750 112321879 348129
6 59 rs9405920 6397716 1 0.01754722119949049 6355950 6451562 95612
6 385 rs10943608 79674929 4 0.01748546518266951 79322411 79861169 538758
6 414 rs990060 89074336 3 0.01716862484009892 88955689 89169157 213468
6 398 rs9449593 83932731 3 0.01698826971008957 83911334 84428280 516946
6 159 rs6909060 21986847 4 0.01637894110342246 21986847 22021230 34383
6 675 rs6570947 149469655 8 -0.01630240474379325 149437584 149606801 169217
6 569 rs719727 127414838 5 0.01598350506108595 126573579 127532381 958802
6 589 rs9493120 132213001 7 0.01593994298715912 132131601 132213001 81400
6 490 rs3747787 106967778 6 -0.015939242149204 106967185 107178542 211357
6 697 rs9383963 152436158 4 -0.01582486572610867 152436158 152478820 42662
6 513 rs4947138 111960388 6 0.01578441877629806 111415640 111965272 549632
6 409 rs2307389 88318883 8 0.01574363166180577 87867063 88466990 599927
6 250 rs9462616 40356181 5 -0.01568839912472039 40350935 40391564 40629
6 606 rs9402608 134786163 2 -0.01555198359393697 134740564 134786163 45599
6 407 rs6919366 87113172 11 0.01554700391014269 87078175 87646919 568744
6 217 rs4713755 34135235 7 -0.01546385620586944 33991368 34135235 143867
6 148 rs2457345 20089466 2 0.01521276395696383 20015205 20097963 82758
6 236 rs9296234 38019720 8 -0.015179422720361 37727508 38073822 346314
6 643 rs765875 143185683 4 0.01495564674227137 143092754 143235252 142498
6 55 rs640887 6037327 10 0.01489511356500942 5980711 6159049 178338
6 391 rs6935142 81856665 13 0.01486033244645331 81228527 81907559 679032
6 420 rs10806414 90665969 2 0.01466034676529733 90643281 90698274 54993
6 26 rs7765538 3055877 5 -0.01447652549438279 2948965 3058690 109725
6 101 rs11963539 11969231 8 0.01438579629841724 11942371 12183050 240679
6 213 rs594223 33667965 8 0.01419865142013651 33648228 33817929 169701
6 71 rs6929069 7581636 5 -0.01400427960588942 7528113 7623854 95741
6 554 rs4310075 124332238 1 0.01398440774991275 124304371 124355206 50835
6 423 rs370409 90921740 2 0.0137650535177496 90814199 90996769 182570
6 609 rs11549504 135286230 3 0.01369066438327584 135138990 135358904 219914
6 325 rs4715555 55448610 5 0.0136538982749404 55196587 55456654 260067
6 809 rs902393 168463624 8 0.01361290577222205 168463624 168531451 67827
6 549 rs9320939 123818871 8 -0.01360275484347395 123637154 123838281 201127
6 193 rs362511 29530850 7 0.01333143273777805 29407378 29600104 192726
6 198 rs540165831 30981715 5 0.01332209920954243 30800577 30993590 193013
6 608 rs6914876 135014966 2 -0.01329751461269523 134935764 135121662 185898
6 536 rs7757317 119753856 7 0.01323324421929987 119451257 119866141 414884
6 222 rs9368895 35913096 2 0.01300961386760498 35718651 35950210 231559
6 801 rs2178806 167218762 7 0.01292494127606332 167192368 167311818 119450
6 522 rs9400661 114040930 7 -0.01281864537076135 113869058 114216946 347888
6 363 rs41265489 72809641 5 0.01279493872795081 72666352 73171594 505242
6 617 rs4896224 137298126 4 -0.01236348246237092 137288483 137298126 9643
6 395 rs884656 82767410 5 0.01235424441111841 82763865 83132239 368374
6 408 rs1324433 87698758 5 0.01217663722500524 87666493 87814241 147748
6 75 rs6922018 7918311 3 -0.01214975347079788 7918311 8060534 142223
6 3 rs6918152 542159 8 0.01181555552243014 526744 644199 117455
6 178 rs1856839 24193869 5 0.01175070330109042 24107093 24291203 184110
6 321 rs991286 54166054 9 0.01174490787840159 53921981 54290333 368352
6 452 rs9374686 98066596 2 -0.01173118886148234 97546036 98169324 623288
6 681 rs620102 150692480 4 -0.01170461847323286 150649726 150731232 81506
6 185 rs1076668 25343805 3 -0.0115007241717742 25340482 25411464 70982
6 470 rs17062729 102432315 5 0.01137166179060675 102356839 102626292 269453
6 299 rs7740768 47788531 2 0.01126201444628493 47646842 47881668 234826
6 438 rs9353982 93802038 2 -0.01122516443546595 93702141 93806820 104679
6 700 rs2623958 152841248 4 0.01117411422384822 152640110 152841248 201138
6 737 rs827867 158714489 3 -0.01113677170715679 158651395 158941011 289616
6 431 rs10944534 91994620 2 0.01107981567287883 91859454 92012025 152571
6 550 rs7749215 123869906 1 0.01097029065582159 123868992 123893646 24654
6 579 rs9375674 130216510 7 0.01094616187217268 130090404 130267753 177349
6 418 rs2236204 90025112 1 0.01077800764161506 90025112 90089677 64565
6 748 rs3088442 160872652 8 0.01069192279492882 160635886 161082695 446809
6 335 rs1723535 64136886 7 0.0106631540282996 63886188 64592097 705909
6 36 rs9378831 3963730 3 -0.01062417998026653 3963730 4096678 132948
6 441 rs515814 94845639 4 0.01062265913580762 94388836 94919013 530177
6 770 rs9347738 163769090 1 0.01048840363380538 163736204 163822296 86092
6 645 rs7738387 143437284 5 0.01047609165090956 143400092 143706420 306328
6 189 rs9348747 27002406 13 0.01044098463935775 26355283 27303927 948644
6 449 rs9398152 97063724 5 0.01036761672527414 96493233 97077504 584271
6 100 rs1883326 11818316 6 0.01034650283431368 11799148 11825414 26266
6 165 rs10485010 22600492 6 0.01026686949997375 22457726 22743403 285677
6 255 rs2803492 41191221 6 -0.01025570901305744 41171213 41296679 125466
6 610 rs6569992 135452152 4 -0.0101187547037103 135409116 135560157 151041
6 623 rs643177 138195693 7 0.01009983759015474 138052680 138283265 230585
6 709 rs1293928 154640746 3 0.00997725983278608 154606745 154669628 62883
6 284 rs561160 44579789 3 0.00997278544869588 44549333 44596435 47102
6 66 rs7738221 6908368 1 0.00989739923918462 6905830 6914407 8577
6 254 rs742493 40998167 4 0.00987291624229276 40926958 41164005 237047
6 605 rs6569937 134620673 1 0.00974370819054443 134576511 134674309 97798
6 138 rs4716213 18052449 7 0.00967907240291878 17773790 18088988 315198
6 183 rs458664 25055165 1 -0.00950685570939445 25055165 25122715 67550
6 16 rs1962432 1680806 8 -0.00943769211146897 1641007 1763561 122554
6 74 rs2326994 7810021 7 -0.00940405887140138 7810021 7913556 103535
6 722 rs9371942 156234522 4 0.00922100325025509 156162032 156327561 165529
6 240 rs17336909 38954145 5 0.00912885253538105 38910363 39020542 110179
6 300 rs676219 48287248 6 0.00911900094832263 47888700 48329893 441193
6 157 rs1322884 21753645 3 0.00908166934167553 21693152 21805714 112562
6 324 rs7756097 55034424 4 0.00905415552786714 55033223 55185043 151820
6 732 rs675658 158101911 3 0.00901357397493206 158022695 158101911 79216
6 758 rs7760443 162172718 1 0.00883600169092345 162158580 162199157 40577
6 70 rs2876098 7374207 2 0.0088038147373286 7374207 7476908 102701
6 440 rs1492964 94031097 1 0.00874383019900184 94029815 94325460 295645
6 192 rs3094549 29355148 9 0.00865813484566823 28689672 29398859 709187
6 397 rs2149537 83698770 4 0.00864685048878697 83582258 83894382 312124
6 118 rs9476591 14579439 5 0.00863047113101726 14352513 14601073 248560
6 320 rs1409098 53882340 8 0.00860554770138839 53848551 53889975 41424
6 540 rs2789074 121126482 9 -0.00848168225286279 121083812 121369168 285356
6 145 rs6910563 19610835 4 0.00843125898898097 19569044 19670986 101942
6 504 rs9374070 109586455 3 -0.00842520364523237 109527347 109641411 114064
6 772 rs6914455 164311616 3 0.00842085629386488 164097101 164316375 219274
6 492 rs908819 107307003 1 0.00839713523668568 107249554 107307003 57449
6 723 rs2167084 156447776 2 -0.00837928568570512 156377582 156468967 91385
6 678 rs1413901 150355441 4 -0.00813033321489503 150318351 150409072 90721
6 663 rs6935781 147950909 3 -0.00808899769062867 147888927 147985603 96676
6 523 rs1011910 114417219 2 0.00804240032102343 114228256 114447603 219347
6 288 rs16873629 45625610 3 -0.00802966355555943 45625610 45777347 151737
6 351 rs3798993 69698592 7 -0.00801352842078019 69459942 69781209 321267
6 69 rs1334576 7211818 9 0.00798183056651006 7080522 7327846 247324
6 225 rs2234080 36336764 2 0.00798162826552813 36304505 36336764 32259
6 113 rs4715562 13777209 1 -0.00797170934233143 13576708 13777209 200501
6 742 rs9365057 159808288 2 0.00794060484952556 159626072 159822140 196068
6 147 rs1047014 19841493 3 0.00790070635429324 19841493 19959784 118291
6 306 rs2397060 51611470 6 0.00771452575905079 51206168 51705624 499456
6 824 rs10946239 170448699 2 -0.00771047445504691 170412069 170516123 104054
6 53 rs1407793 5884859 2 -0.00770064970104131 5800202 5884859 84657
6 342 rs9453597 66826432 2 0.00767921942226052 66687508 66957869 270361
6 624 rs666769 138415087 3 0.00766635513553262 138343019 138477031 134012
6 427 rs1145743 91412651 2 0.00760666098072542 91406809 91517782 110973
6 369 rs2073465 74229792 5 0.00759493917822591 74092923 74381926 289003
6 797 rs960145 166996991 3 -0.00752165022293307 166930424 167020970 90546
6 252 rs6458179 40700237 5 -0.00745145111570271 40616890 40766466 149576
6 580 rs6569648 130349119 4 0.00736578876333292 130285951 130420052 134101
6 38 rs4959299 4492079 2 0.00730431285121208 4338841 4492079 153238
6 390 rs7759304 81055396 4 -0.00724741067090035 80715838 81150078 434240
6 547 rs7762002 123323407 6 -0.00722243779835054 123200118 123434838 234720
6 382 rs9352507 78359807 5 -0.00713404541343967 78172750 78381834 209084
6 483 rs12660517 106255713 3 0.00695608289405772 106089212 106257938 168726
6 35 rs9328207 3944564 1 0.00688047952195941 3895914 3944564 48650
6 535 rs902780 119108363 9 0.00686222256642346 119108363 119434014 325651
6 220 rs12204265 35008247 20 -0.00681670057906737 35008247 35452346 444099
6 436 rs9345259 93359457 5 0.00681135270213151 92918288 93378969 460681
6 360 rs7753757 72034337 4 0.00674920505705236 71912141 72048250 136109
6 99 rs4713856 11761177 6 -0.00669206660616629 11721455 11777985 56530
6 647 rs1015340 144035357 5 0.00660761042445513 143961610 144038185 76575
6 354 rs3806014 70795455 5 0.00660760021329867 70743251 70842620 99369
6 144 rs9348385 19548810 2 0.00655209180224085 19455877 19548810 92933
6 794 rs9365980 166661420 1 0.00651562207839313 166623917 166689600 65683
6 775 rs9346995 164577878 1 -0.00649360865042843 164541324 164589462 48138
6 479 rs7769944 105547105 2 0.00647090417932476 105547105 105670495 123390
6 511 rs6922009 110819059 2 -0.00646534768798636 110793699 110857994 64295
6 667 rs10499249 148569583 1 -0.00645815678528698 148567462 148630465 63003
6 639 rs2024658 142041859 6 0.00630664824163775 142038365 142259172 220807
6 359 rs6455400 71741216 5 -0.00629995692953302 71675774 71882094 206320
6 485 rs9386491 106350725 3 0.0062885183205577 106328676 106385525 56849
6 361 rs9358960 72279021 11 0.00625949902279849 72079820 72440951 361131
6 574 rs17056876 129483375 4 0.00619867549194393 129185534 129561490 375956
6 529 rs140516625 116833053 10 0.00607580386329923 116729779 117075632 345853
6 129 rs9396676 16460906 3 0.00606605459938622 16420840 16468304 47464
6 484 rs7766016 106282402 2 0.00593333981905301 106282402 106292430 10028
6 778 rs1909056 164945340 1 -0.00590591143982753 164783891 164945340 161449
6 388 rs9294163 80494345 2 -0.00586409048204741 80441386 80550286 108900
6 766 rs4458655 163221792 6 -0.00580484764001688 162941618 163321232 379614
6 528 rs9320552 116310336 3 0.00574810692332134 116131731 116634325 502594
6 573 rs7744000 129037359 4 0.00574730709676791 128955282 129175884 220602
6 482 rs9398033 106009443 3 0.00571631766738192 106006230 106042948 36718
6 4 rs17136239 656343 3 0.00570724894778248 654482 732846 78364
6 713 rs7744421 155094764 2 -0.00561949531285414 154981639 155194880 213241
6 653 rs2293536 144878337 4 0.0055544778532013 144811319 144988922 177603
6 87 rs11963800 10261644 2 -0.00554873222643039 10256675 10305925 49250
6 343 rs7754676 67110160 2 -0.00544689078231106 67054961 67128840 73879
6 654 rs9399525 145313726 3 0.00543964014864936 145025611 145315238 289627
6 245 rs12697946 39545689 3 -0.0054240649813883 39398931 39700434 301503
6 42 rs3812183 4715882 3 -0.00541316110757192 4715882 4737179 21297
6 52 rs6924018 5723227 3 0.00539628496160532 5710354 5746943 36589
6 326 rs9475382 55570809 2 -0.00536190978673936 55539010 55638082 99072
6 23 rs9391970 2820878 2 -0.00535188498734434 2759201 2831191 71990
6 11 rs2252693 1277151 1 0.00532593279800409 1264403 1284697 20294
6 657 rs12200797 146615383 5 0.00522324257262058 145781916 146652354 870438
6 318 rs9395875 53535989 4 -0.00519725808049894 53420503 53535989 115486
6 135 rs1408299 17154680 6 0.00518668852114389 17106718 17302983 196265
6 162 rs6924146 22238088 3 0.00517306978286434 22207220 22238088 30868
6 629 rs7749041 139062907 4 -0.0050138154054896 139062907 139193603 130696
6 401 rs9359587 85105960 8 0.00496674095683882 85038395 85203796 165401
6 636 rs1336370 140958047 5 0.00494357587026211 139989016 140958047 969031
6 728 rs9397968 157113617 1 -0.00492857286404591 157059428 157236031 176603
6 102 rs9380902 12201764 4 0.00490635662098761 12196910 12230804 33894
6 373 rs4569931 75752445 3 -0.00489349691603954 75474193 75835305 361112
6 789 rs7738923 166077866 2 0.0048060385330487 166070424 166184203 113779
6 429 rs7775358 91669341 3 -0.00480295618460903 91642307 91695668 53361
6 37 rs13206717 4154018 1 0.00476244736739571 4111429 4297286 185857
6 194 rs1633005 29764472 7 -0.00474886704761691 29607747 29855978 248231
6 776 rs6915442 164663686 3 0.00471957420456919 164596778 164670331 73553
6 294 rs220715 46884288 12 -0.0047115546438925 46767645 46928442 160797
6 472 rs1359053 103338050 4 -0.00470010694777821 103287274 103481466 194192
6 439 rs16870967 93880964 5 0.00466034944494082 93833436 93962762 129326
6 543 rs2684265 122362037 3 -0.00465795469584288 121907968 122363734 455766
6 377 rs6918782 77000409 4 -0.00460726033779809 76828777 77242538 413761
6 146 rs6920825 19732492 4 0.00452013461980623 19677864 19803768 125904
6 676 rs112225 149786129 6 0.00449739540038353 149628277 149799798 171521
6 774 rs206704 164528619 3 0.00447855031501082 164402861 164528619 125758
6 665 rs529563 148252713 15 -0.00446260291543421 148185587 148439462 253875
6 726 rs7739058 156797257 3 -0.00445985372007674 156787460 156861144 73684
6 712 rs1996736 154946658 3 0.00434442034615238 154815891 154946930 131039
6 488 rs2353592 106863710 2 -0.0043411333382264 106829537 106915830 86293
6 795 rs6925364 166830696 3 0.00433577184118063 166724312 166830696 106384
6 821 rs9383480 170193459 9 0.00432465451290284 169742250 170208204 465954
6 594 rs7758170 132825982 3 -0.00431385042224936 132776734 132880648 103914
6 195 rs3134879 30015905 6 -0.00429577397356018 29899677 30073847 174170
6 224 rs4713956 36275458 2 -0.00426974342539312 36248957 36293083 44126
6 595 rs4631322 132917346 3 0.00426825184646041 132892253 132925613 33360
6 740 rs1033522 159435769 5 -0.00425405198700609 159324086 159528254 204168
6 465 rs1415946 101846343 2 -0.00423856208449103 101792444 101855808 63364
6 376 rs17802413 76710341 4 -0.00423083682187599 76640781 76741709 100928
6 662 rs325129 147807143 3 0.00420266823981367 147511721 147834827 323106
6 696 rs2207396 152382382 2 -0.00420002464881144 152203104 152385236 182132
6 473 rs12213111 103635120 6 -0.00415268752429782 103519750 103962411 442661
6 656 rs9399540 145572515 4 -0.00410091015319355 145528057 145774684 246627
6 635 rs6913354 139862246 5 -0.00409454483899196 139851661 139976184 124523
6 604 rs4896028 134539179 1 0.00405972911504795 134539179 134564866 25687
6 364 rs2149528 73220254 6 -0.00400522725883624 73185309 73322054 136745
6 265 rs9471809 42185564 3 -0.00396600082310383 42138533 42232509 93976
6 567 rs584032 126165003 4 0.0039424051827924 125997436 126255034 257598
6 432 rs9345130 92056958 5 -0.00392553572641891 92019086 92344201 325115
6 702 rs578512 153124301 2 0.00392007201281835 153119212 153333328 214116
6 433 rs1761783 92401171 5 0.00390870950410335 92365086 92426566 61480
6 405 rs545969 86092879 7 0.00387432336252777 86056783 86857389 800606
6 93 rs13208635 10896075 6 -0.00384995504007506 10872061 11042909 170848
6 61 rs3789766 6618373 2 0.00379068061229168 6574384 6619698 45314
6 392 rs12213217 82195125 4 0.00377051718515117 81985033 82379575 394542
6 295 rs1873318 46966274 2 0.00375683306881107 46941930 46985955 44025
6 216 rs2495970 33928390 2 -0.00375105581650379 33915598 33948624 33026
6 181 rs4712856 24822304 2 -0.00374693170950978 24808771 24943900 135129
6 533 rs17079707 118436112 2 -0.00372726475423142 118103840 118496796 392956
6 564 rs9482645 125672037 1 0.00368548936454017 125524718 125672037 147319
6 827 rs6909815 170814626 7 0.00366659494084804 170620572 170847181 226609
6 751 rs3757037 161697400 1 0.00366298346675681 161651368 161697400 46032
6 792 rs10946116 166480503 5 0.00365327320950459 166374108 166520236 146128
6 237 rs228185 38315216 1 -0.0036091864644183 38139945 38463649 323704
6 634 rs668459 139835689 3 0.00355987421832 139721842 139835689 113847
6 6 rs3799325 859115 2 -0.00354437203384108 858212 877124 18912
6 546 rs9375186 123131515 2 0.00353079178281394 123131515 123131515 0
6 477 rs7740010 104856170 4 0.00352017914669892 104742765 104930625 187860
6 478 rs2211033 104992395 4 0.0035162520307718 104966905 105436053 469148
6 804 rs7761658 167644277 4 -0.00351188923795354 167611757 167711418 99661
6 417 rs4707529 89918562 5 -0.00349457518248044 89769624 89967498 197874
6 293 rs1527691 46542804 3 0.00349225506513665 46440557 46717454 276897
6 34 rs9392530 3842866 1 -0.0034569720582257 3808855 3860010 51155
6 679 rs9479658 150416731 2 -0.00343785459685024 150412833 150511399 98566
6 683 rs1492576 150908613 4 -0.00339867489439389 150892649 150967130 74481
6 400 rs2497113 84767152 3 0.00338572389431664 84767124 84997747 230623
6 718 rs335378 155680861 6 -0.003384642538632 155551221 155728232 177011
6 805 rs2981984 167767987 2 0.00338445163045834 167716043 167770736 54693
6 575 rs6936981 129667270 4 -0.00335827209469596 129570213 129704589 134376
6 583 rs9321242 130910342 5 -0.00334722247398841 130839788 130928445 88657
6 730 rs9478751 157441050 1 -0.00334318821614835 157439183 157442540 3357
6 450 rs13207096 97160140 1 -0.0033417978951795 97096065 97339088 243023
6 17 rs9328072 1828165 2 0.00332180377113044 1784096 1828165 44069
6 186 rs10456324 25600968 3 0.00331447049821906 25414846 25679960 265114
6 142 rs634162 18989461 5 -0.00330061567620984 18733216 19195308 462092
6 807 rs35140809 168297647 1 0.00328500889938935 168289199 168362683 73484
6 226 rs1061632 36457484 4 0.00326353535727046 36362441 36525256 162815
6 566 rs1342698 125940941 3 0.0032451190370068 125797983 125944755 146772
6 303 rs488132 49696473 9 0.00316513745046047 49513767 49920177 406410
6 249 rs1886753 40327096 1 -0.00315402422421863 40260515 40327096 66581
6 434 rs12526373 92669376 4 0.00312882525771364 92530474 92712609 182135
6 105 rs542119 12596998 5 0.00310339552156974 12536342 12604455 68113
6 239 rs45519938 38820493 1 -0.00309045977765669 38702959 38902470 199511
6 9 rs9501682 1067284 2 0.00308252553794254 1063883 1128724 64841
6 464 rs241819 100910798 2 0.00308147402109666 100894587 101690178 795591
6 268 rs3749898 42640726 3 0.00308081356035321 42462055 42693959 231904
6 340 rs9360139 66284186 6 0.00306735235684918 66050797 66307143 256346
6 333 rs74481685 62284240 2 0.00306142169242697 62284240 63069063 784823
6 419 rs9362681 90476452 8 0.00299980666080734 90131374 90631504 500130
6 496 rs847015 108012831 8 0.00293825737682174 108006922 108068003 61081
6 497 rs17854547 108214694 3 0.002925899649416 108088477 108262363 173886
6 370 rs3012519 74536510 3 -0.0029258549765184 74421677 74564596 142919
6 780 rs9347892 165072761 5 -0.00290955639811991 165072761 165317841 245080
6 208 rs206786 32935179 3 0.00288693576765742 32900642 32961361 60719
6 788 rs2983500 166034053 2 0.00287600715747889 166015431 166051508 36077
6 446 rs12216275 95872321 1 -0.00287366347328913 95836160 96085046 248886
6 502 rs1268160 109075953 1 0.00281563394736241 109049607 109262787 213180
6 62 rs3804490 6653139 4 0.00281009339549832 6631674 6662286 30612
6 68 rs12201938 7026562 1 -0.00279399228840906 6994388 7026600 32212
6 50 rs2326632 5625287 1 -0.00279219657053438 5622232 5632356 10124
6 182 rs6918101 25027288 4 0.00275726098427605 24957511 25028663 71152
6 677 rs3798763 150211100 1 0.00273370051855332 149943594 150298842 355248
6 329 rs2294697 56235411 3 -0.00269757199400155 56115894 56285938 170044
6 110 rs6910418 13294866 2 0.00269252034979734 13231980 13311823 79843
6 13 rs731394 1405284 2 0.00269212382955965 1405284 1441282 35998
6 248 rs1077330 40225869 6 0.00268476946502364 39911241 40247122 335881
6 372 rs508557 75318021 3 -0.00268229056032897 75070742 75457103 386361
6 818 rs7743597 169591678 3 -0.00267843799967534 169571419 169617726 46307
6 141 rs10949509 18441624 7 -0.00267312857574234 18424299 18699142 274843
6 791 rs11756707 166303168 2 0.00267241126496775 166257570 166366509 108939
6 508 rs1381688 110396540 6 -0.00265259049180492 110337209 110617709 280500
6 526 rs4400248 115230047 4 0.00264462713762493 115080182 115235605 155423
6 133 rs1240829 16866948 1 -0.00263810290352277 16814304 16869419 55115
6 812 rs4292501 168719924 7 0.00263063879513733 168715141 168943376 228235
6 187 rs9366637 26089098 4 -0.00260108775483472 25686405 26137652 451247
6 346 rs1349813 67801858 8 0.00258178727853786 67582625 67895080 312455
6 223 rs4713939 36209623 4 -0.00252718168274981 35967772 36227308 259536
6 544 rs9401575 123027077 9 -0.00249815537645544 122388851 123047590 658739
6 164 rs1341239 22304204 3 0.00247639596317637 22291367 22446285 154918
6 753 rs7766508 161793319 2 -0.00246903801656094 161725801 161793319 67518
6 368 rs6453660 73952103 2 0.00242817297620407 73875255 74016113 140858
6 152 rs2206734 20694884 3 -0.00242458207297333 20468635 20728731 260096
6 787 rs576853 165943163 11 0.00242360816465289 165901124 166011637 110513
6 814 rs9346566 169135214 2 -0.00239628178382082 169049871 169229013 179142
6 584 rs4897466 131089467 1 0.0023725847971509 131003355 131107930 104575
6 296 rs1387880 47075094 2 -0.00236158906710659 47028167 47187915 159748
6 40 rs433874 4654982 1 -0.00234633651557159 4644601 4655992 11391
6 261 rs1015149 41658889 1 -0.0023322562835101 41638759 41664501 25742
6 750 rs675293 161385816 12 -0.0023250797074538 161377557 161639071 261514
6 524 rs6908717 114489321 4 0.00232194851442607 114465074 114601774 136700
6 707 rs17084425 154042101 2 0.00231065415615641 154016936 154428666 411730
6 323 rs2063117 54632173 3 0.00229753289570791 54562935 55006253 443318
6 495 rs2500585 107637582 1 0.00228526262543687 107637486 107992074 354588
6 191 rs2531804 28411303 6 -0.00227990148747042 27859453 28667448 807995
6 602 rs2811676 134327815 3 0.00227558852757494 134260676 134333273 72597
6 781 rs2093442 165343557 2 -0.00220808210961738 165324358 165434315 109957
6 599 rs6569872 133554452 5 0.0022077184024109 133438126 133768525 330399
6 808 rs6455468 168384945 1 -0.00219929408090417 168384945 168445769 60824
6 613 rs1891362 136239179 3 0.00214894741724514 136227558 136340592 113034
6 756 rs6927285 162010329 2 -0.00214372199268545 161974956 162038638 63682
6 251 rs1036287 40475808 3 -0.0021387023906882 40449290 40603020 153730
6 633 rs11155050 139651545 1 -0.00213068124655007 139651545 139675479 23934
6 344 rs6924193 67157506 3 0.00209328181250938 67154649 67305307 150658
6 153 rs383684 20981435 8 -0.00208390246338113 20740019 21130870 390851
6 603 rs11968128 134445802 2 -0.00207704135786718 134416205 134447959 31754
6 332 rs7758052 57710238 2 0.0020516213438023 57646913 58547058 900145
6 600 rs3777878 133821417 1 0.00203254026872054 133789728 133886140 96412
6 518 rs1606213 112818452 1 0.00201335360233188 112795161 112959348 164187
6 114 rs4715723 13958654 3 0.00199093790655894 13836672 14006238 169566
6 798 rs7752989 167082896 2 0.00197281805468582 167029039 167110134 81095
6 116 rs853377 14175404 2 0.00197047792403378 14143961 14244517 100556
6 588 rs6934819 132095805 3 -0.00195650982014554 131995313 132113403 118090
6 5 rs6597267 795414 2 0.00193555008623901 776262 833579 57317
6 719 rs117412760 155761166 4 -0.00192511278973513 155755404 156012352 256948
6 305 rs6940832 50980245 3 0.00191370937667728 50715407 51170252 454845
6 387 rs12523953 80322860 2 0.00191139772717568 80138778 80415428 276650
6 534 rs12665409 118685043 5 -0.00190392318251639 118532549 119064649 532100
6 572 rs17460940 128813085 1 0.00187225541897906 128442857 128941251 498394
6 435 rs12212424 92889890 2 0.00185800241331966 92750174 92889890 139716
6 49 rs11962015 5618987 2 0.00183201264151074 5551232 5618987 67755
6 200 rs7747738 31230924 4 0.00182861092542427 31207692 31275231 67539
6 46 rs2432794 5391419 3 0.00179720456812216 5384079 5475485 91406
6 1 rs7757906 412741 3 0.00178566919083229 383546 466033 82487
6 631 rs17304375 139435878 2 0.00167632590754126 139361937 139513381 151444
6 597 rs2294758 133045812 1 0.00167285350804256 133045812 133072571 26759
6 684 rs9322272 151017733 2 0.00166699646729126 150988903 151125251 136348
6 171 rs17412056 23493761 2 0.00165287847532326 23413786 23493761 79975
6 393 rs194914 82432826 3 -0.00164787433249037 82399911 82588292 188381
6 592 rs1998075 132560968 3 0.00164619611078757 132560968 132647962 86994
6 179 rs2328824 24507761 6 -0.0016147283369326 24347883 24576631 228748
6 458 rs12526079 99565215 5 -0.00160234597392023 99309057 99672014 362957
6 315 rs2816364 53094839 4 0.00159479087277746 53016306 53130285 113979
6 411 rs17202238 88705241 1 -0.00157240620502109 88671201 88818965 147764
6 598 rs6912746 133256495 4 0.00157074990754645 133105120 133421492 316372
6 474 rs9499572 104032936 2 -0.00156162774179022 103986702 104203193 216491
6 221 rs6926133 35579375 4 0.00155831863143987 35467891 35701280 233389
6 41 rs437875 4666878 7 0.00154088436288178 4662666 4694899 32233
6 648 rs7738300 144056863 1 0.00153255998454306 144056863 144136099 79236
6 729 rs17088067 157398175 2 0.00152412535612801 157262028 157398175 136147
6 682 rs7769234 150751874 3 0.00148461158710022 150744999 150873766 128767
6 693 rs866457 151982413 3 -0.00146529598885606 151914113 151998105 83992
6 350 rs6455286 69238598 3 0.00146253074433314 69082145 69285887 203742
6 570 rs17054787 127842630 1 -0.00145280604400494 127600630 127873421 272791
6 215 rs12523795 33876434 1 0.00144675640352969 33867440 33890574 23134
6 416 rs9359837 89739221 4 -0.00143854089850606 89421027 89743555 322528
6 158 rs10946483 21911129 4 -0.00142990123379323 21832546 21969495 136949
6 692 rs13201167 151773504 2 -0.00141797178916018 151663560 151907027 243467
6 660 rs4535573 147126270 4 -0.00141653893166812 147035035 147222900 187865
6 424 rs6454808 91084137 2 -0.00133653644621475 91056784 91084452 27668
6 163 rs17205146 22272753 2 0.0013323908070822 22272753 22280214 7461
6 557 rs535492 124863962 1 0.00131190637867806 124673700 124863962 190262
6 298 rs7761581 47318885 3 -0.00131154699603258 47318885 47494759 175874
6 628 rs4896387 139025468 4 0.00129623350748457 138830566 139034727 204161
6 30 rs748842 3487423 4 -0.00129592189165992 3433318 3496602 63284
6 347 rs9345994 67952979 7 0.00127428561600667 67920632 68538877 618245
6 459 rs2057517 99980252 1 -0.00126961656026128 99679578 100112101 432523
6 590 rs4897553 132234136 4 -0.00125803490829609 132228577 132258759 30182
6 381 rs1777766 78125662 4 -0.00124648149294402 77598255 78162536 564281
6 353 rs17766479 70681382 1 0.0012232889655398 70363194 70681382 318188
6 231 rs262902 37116078 1 0.00120031700555509 37116078 37257787 141709
6 451 rs1359931 97377572 3 -0.0011831932039346 97365239 97537000 171761
6 241 rs4254984 39059679 4 0.0011750380271981 39034072 39174922 140850
6 530 rs12204228 117435058 3 -0.00117438224964095 117083172 117549097 465925
6 601 rs1041714 134141309 1 -0.00116992242620904 133919776 134141309 221533
6 455 rs1481449 98971740 4 -0.00116959872744457 98949550 99014744 65194
6 763 rs9458515 162738705 8 -0.00114466274888753 162642724 162800335 157611
6 698 rs2635438 152506470 1 0.00112471330429962 152487830 152517503 29673
6 638 rs4896551 142032704 3 0.0011214298167855 141545568 142032704 487136
6 365 rs7740606 73489110 6 0.00111952631260886 73343796 73525349 181553
6 637 rs661704 141174222 4 0.00111630239175161 141141957 141399812 257855
6 764 rs4709612 162875706 2 -0.00111454670684698 162802744 162886686 83942
6 481 rs9372090 105991917 2 0.00111110482602209 105879268 105991917 112649
6 505 rs61731700 109771691 3 -0.0011071659597432 109726739 110176543 449804
6 519 rs9384850 113231819 1 0.00110478718334419 112967841 113231819 263978
6 88 rs533746 10388968 2 0.00109240659077468 10324944 10395572 70628
6 362 rs1328704 72453473 2 0.00108652017422131 72453473 72624622 171149
6 799 rs12660310 167131911 2 -0.00107310458896898 167122054 167152526 30472
6 79 rs17403999 9017266 2 0.00106777493900261 8901524 9017266 115742
6 659 rs9497606 146993445 3 -0.0010653757249076 146918950 147002401 83451
6 593 rs7770281 132735020 3 -0.00106455618772626 132728085 132762095 34010
6 89 rs1348 10449258 1 -0.00106337592284262 10433825 10466038 32213
6 747 rs4646275 160553007 4 0.0010631331180961 160468278 160595233 126955
6 652 rs588629 144607646 1 -0.00105969135434973 144607646 144771845 164199
6 745 rs7754295 160061229 9 0.00105852649381939 159991083 160239268 248185
6 304 rs7757451 50318693 2 0.00104587920539851 50125321 50357617 232296
6 319 rs7758962 53579392 2 -0.00101543765812658 53564059 53828983 264924
6 286 rs6904353 45493083 1 0.00101416220784652 45410312 45520719 110407
6 367 rs9446807 73697858 4 0.00101049892694429 73663745 73845366 181621
6 154 rs1563728 21209999 3 0.00100385767584492 21191928 21286718 94790
6 649 rs1884087 144258619 4 9.973093052011864e-4 144150609 144268954 118345
6 380 rs13216684 77547618 2 -9.946698315165595e-4 77419099 77577055 157956
6 515 rs2072020 112460648 1 9.925575194424828e-4 112350329 112477628 127299
6 375 rs1280054 76540988 1 9.784533976333635e-4 76136268 76601992 465724
6 725 rs7739135 156641429 3 9.77086833988481e-4 156641429 156751703 110274
6 640 rs1953319 142583426 2 9.701687898096532e-4 142328981 142590090 261109
6 467 rs479851 102045546 1 9.505924827821549e-4 102017666 102077056 59390
6 782 rs12174875 165471482 1 -9.445461247122264e-4 165466890 165501975 35085
6 124 rs2179168 15477030 2 9.42653339237164e-4 15369898 15803232 433334
6 586 rs1886073 131489100 2 -9.421484812125506e-4 131469461 131731609 262148
6 238 rs1937782 38629230 2 9.095706157904328e-4 38487026 38679676 192650
6 169 rs2147855 23320045 1 -8.932561157671349e-4 23278093 23358040 79947
6 752 rs9364590 161713967 1 -8.86209354094195e-4 161707465 161713967 6502
6 327 rs12213017 55805282 4 8.855836360863794e-4 55657453 55894135 236682
6 442 rs386272 95022980 6 -8.843957225649146e-4 94922837 95061816 138979
6 591 rs1358771 132451644 3 8.833451411650083e-4 132289157 132460724 171567
6 172 rs197988 23593375 1 8.740419301785159e-4 23519714 23593375 73661
6 746 rs9347380 160437347 6 8.695874482825099e-4 160283890 160448462 164572
6 80 rs13209110 9139583 2 8.633767598957619e-4 9030336 9142017 111681
6 510 rs964080 110710018 1 8.61560119504995e-4 110710018 110778128 68110
6 168 rs7740800 23237776 1 8.414267259364173e-4 23208904 23264573 55669
6 339 rs9342464 66005888 3 8.383639295755684e-4 65801996 66042231 240235
6 531 rs508278 117646772 2 8.355105237045342e-4 117591755 117646772 55017
6 539 rs4945660 120834919 2 8.242106315291238e-4 120649636 121058929 409293
6 796 rs6456083 166859572 1 8.224580325907057e-4 166859572 166910553 50981
6 246 rs9296308 39794653 1 7.865416006136283e-4 39732432 39796910 64478
6 328 rs1555096 56011530 3 -7.842261589696934e-4 55924962 56033094 108132
6 466 rs9386283 101997543 2 7.664573225826342e-4 101866368 102007227 140859
6 447 rs6936274 96276408 3 -7.646721403927156e-4 96089739 96309043 219304
6 650 rs9403540 144292587 7 -7.580219497893372e-4 144281385 144434871 153486
6 612 rs6570053 136217299 1 -7.574330785267729e-4 136217299 136217299 0
6 784 rs4324759 165678438 1 7.557355076276051e-4 165622183 165798068 175885
6 786 rs7748041 165871066 3 -7.511845732798505e-4 165852979 165871066 18087
6 130 rs9477153 16522826 1 7.401197683312935e-4 16522720 16560159 37439
6 686 rs7752450 151301951 1 7.203457464213488e-4 151252917 151308395 55478
6 779 rs6455953 165005155 2 7.179506564799449e-4 164988133 165038961 50828
6 715 rs7744915 155368063 1 7.174409514169386e-4 155359196 155371513 12317
6 122 rs4715925 14807697 1 7.1293869036086e-4 14807697 15015659 207962
6 190 rs200486 27779506 11 -7.071144498449269e-4 27332298 27840926 508628
6 322 rs10948828 54452797 2 7.025049352139725e-4 54309630 54557664 248034
6 256 rs9394785 41320227 1 6.889746467771646e-4 41303207 41366838 63631
6 561 rs9375383 125354154 1 6.863772765162646e-4 125227328 125365295 137967
6 516 rs2237248 112538465 1 6.841738823453519e-4 112487900 112644225 156325
6 32 rs6909042 3698134 3 -6.839945774461029e-4 3579754 3701286 121532
6 425 rs6911698 91188927 8 6.798485047519367e-4 91105896 91208693 102797
6 672 rs1384670 149200719 2 6.653069151828506e-4 149125116 149214810 89694
6 143 rs2172963 19437583 1 -6.64334863524293e-4 19212155 19437583 225428
6 556 rs713215 124603670 6 6.61618384319238e-4 124603503 124640584 37081
6 644 rs2095369 143270216 1 -6.583706466177375e-4 143256102 143320871 64769
6 475 rs10872782 104290530 5 -6.547306850499743e-4 104217774 104377656 159882
6 545 rs9372715 123086188 1 6.490924157499117e-4 123077625 123095188 17563
6 313 rs9367508 52797421 6 -6.448729087983173e-4 52774463 52801687 27224
6 674 rs4897080 149423228 3 6.427584233177495e-4 149279188 149435111 155923
6 655 rs2069128 145342763 2 6.420207178632533e-4 145333573 145472281 138708
6 576 rs6939307 129838002 1 -6.412163396785395e-4 129799682 129838002 38320
6 174 rs12213605 23783100 1 -6.368856658358154e-4 23680434 23890877 210443
6 769 rs10455922 163723545 4 6.278552439431787e-4 163683522 163725498 41976
6 813 rs2342635 169002834 1 6.157608749286264e-4 168966538 169033082 66544
6 553 rs1267992 124286626 1 -6.059361116558851e-4 124195220 124286626 91406
6 19 rs1883587 2374821 3 6.058084402191521e-4 2032259 2449186 416927
6 311 rs2063643 52478364 2 6.008381507162336e-4 52450447 52564490 114043
6 92 rs9366631 10809432 2 -5.975098365279564e-4 10745066 10829319 84253
6 229 rs707998 36925774 6 -5.804982550630903e-4 36924102 36957084 32982
6 493 rs311232 107396658 5 5.676761190240957e-4 107380837 107408585 27748
6 708 rs34427887 154567863 1 -5.649237169238162e-4 154478440 154581997 103557
6 394 rs17644312 82741794 2 -5.634715886033435e-4 82599523 82741794 142271
6 123 rs1770341 15089680 2 -5.537666349982192e-4 15089151 15346005 256854
6 658 rs3804288 146868048 3 -5.490956989552813e-4 146672674 146873614 200940
6 173 rs536104 23640863 1 5.456048772272822e-4 23600234 23640863 40629
6 63 rs201053 6722492 1 5.401490547839499e-4 6684357 6743149 58792
6 109 rs1150609 13182501 1 -5.274320775578696e-4 12957035 13206282 249247
6 278 rs4714732 44000031 4 4.956025114493589e-4 43968412 44000031 31619
6 527 rs4304201 115940684 10 4.915013843127102e-4 115592094 116130086 537992
6 687 rs17080757 151407472 1 -4.871414901658899e-4 151338793 151407472 68679
6 738 rs2362575 158973475 1 -4.85022460767048e-4 158973475 159128772 155297
6 460 rs7742890 100197285 3 4.773548545838494e-4 100116092 100257668 141576
6 790 rs4709988 166231777 1 -4.7672798292099463e-4 166197276 166237461 40185
6 134 rs4236170 17083865 2 4.618244085165262e-4 16927529 17085201 157672
6 384 rs12213776 79090822 1 -4.5990720683282746e-4 79042990 79308605 265615
6 312 rs2180312 52604054 1 -4.566578426819316e-4 52598501 52739537 141036
6 243 rs3734618 39284184 1 4.5015982175938585e-4 39282806 39293898 11092
6 720 rs12207602 156084508 1 -4.4967312300593914e-4 156032199 156101388 69189
6 494 rs10457161 107505241 3 4.3450591030444225e-4 107472949 107542087 69138
6 642 rs9496434 142967628 3 -4.327401676928611e-4 142879589 143074700 195111
6 563 rs7764804 125450174 1 4.26542979322201e-4 125431881 125502382 70501
6 428 rs12529724 91534091 2 -4.121859563178877e-4 91529722 91636139 106417
6 607 rs11154774 134847175 1 4.119330831236313e-4 134840948 134873987 33039
6 98 rs561332 11610581 3 -4.0914510276825536e-4 11461202 11684342 223140
6 269 rs2274514 42934500 1 4.039624179641832e-4 42753404 42992808 239404
6 471 rs9404204 102840130 3 -4.036346767918326e-4 102639153 103169903 530750
6 641 rs9496346 142669338 3 3.8732551921025866e-4 142626699 142846707 220008
6 736 rs9459620 158606615 1 -3.785034054556986e-4 158435572 158644859 209287
6 103 rs1317584 12342789 2 3.773619426093634e-4 12286838 12344262 57424
6 585 rs9375796 131340998 4 3.764603960145913e-4 131128370 131451112 322742
6 501 rs564376 109032000 1 3.754090511696536e-4 108499945 109032557 532612
6 84 rs855367 9835194 8 3.710273128352472e-4 9823784 10047914 224130
6 453 rs4476839 98342192 1 -3.629220487128499e-4 98202741 98879349 676608
6 316 rs4712030 53317469 2 3.6287071798155057e-4 53239608 53338597 98989
6 283 rs11757334 44477192 1 -3.614036632292475e-4 44477192 44477192 0
6 705 rs576496 153881380 1 -3.5148488597216195e-4 153742076 153881380 139304
6 218 rs6925243 34381937 3 3.5116569124889153e-4 34165721 34416893 251172
6 39 rs437035 4563856 3 -3.495999923962672e-4 4520511 4604939 84428
6 669 rs1147858 148838112 1 3.4606334460622536e-4 148803550 148840980 37430
6 180 rs9358796 24758824 1 -3.390728575893544e-4 24590547 24780892 190345
6 104 rs1999622 12488729 3 3.3490903265969926e-4 12377393 12512344 134951
6 768 rs4709680 163600801 1 -3.338428376558579e-4 163597103 163661513 64410
6 426 rs2750455 91345901 3 -3.287400886777699e-4 91218473 91399141 180668
6 548 rs2195729 123590126 3 -3.284151957209738e-4 123481911 123628287 146376
6 72 rs9392168 7649849 3 -3.1777465276972754e-4 7626819 7671631 44812
6 337 rs4710286 65520297 1 3.149419797402917e-4 65263122 65520297 257175
6 480 rs6902999 105759546 2 3.050803310871337e-4 105756525 105845906 89381
6 233 rs9380681 37530455 3 3.020460255773556e-4 37506415 37569632 63217
6 406 rs6931546 86865514 3 2.940759352953098e-4 86865029 86987698 122669
6 694 rs1336981 152082369 1 -2.9346618628255073e-4 152008780 152103792 95012
6 272 rs7767224 43686011 1 -2.909907538067323e-4 43686011 43742579 56568
6 651 rs4896703 144497577 1 -2.8740665673335534e-4 144454797 144590648 135851
6 349 rs2786577 68950298 3 2.8587004483622384e-4 68898262 69041360 143098
6 355 rs564031 71008339 1 2.852420294639844e-4 70847385 71008339 160954
6 463 rs3778036 100844105 2 2.738667901632089e-4 100668277 100862051 193774
6 437 rs9452159 93642185 2 2.6906876776051534e-4 93443329 93681057 237728
6 760 rs6926642 162270981 2 2.686707323420251e-4 162266376 162317269 50893
6 448 rs2785910 96332506 1 2.660767398074856e-4 96324208 96488054 163846
6 403 rs12529820 85788394 3 2.5187778872692336e-4 85588632 85827524 238892
6 82 rs9381380 9501859 4 2.4714634649715373e-4 9337268 9503805 166537
6 627 rs12527125 138821708 1 -2.400044384566036e-4 138821708 138821708 0
6 371 rs9360769 74998457 3 2.362766969892043e-4 74666559 75063124 396565
6 625 rs203138 138599285 1 2.3103285103564904e-4 138491807 138628807 137000
6 234 rs12191285 37603516 1 2.306197548857838e-4 37574852 37610904 36052
6 94 rs2224653 11122023 1 -2.2433066242232244e-4 11103537 11227987 124450
6 399 rs7774773 84675796 1 2.170651596517479e-4 84533341 84675796 142455
6 757 rs6455745 162061459 1 2.0964941003645345e-4 162060468 162096342 35874
6 621 rs13204631 137739024 1 -2.0286843947035516e-4 137692864 137806717 113853
6 701 rs1554783 152877077 1 1.9030119530066733e-4 152875862 153066078 190216
6 525 rs7761443 114939097 1 -1.824643466980025e-4 114676827 115063621 386794
6 755 rs9458273 161891198 1 -1.8142744763682307e-4 161891198 161944019 52821
6 308 rs12527406 51986236 1 -0.00018120746210817151 51838263 52025693 187430
6 673 rs13215793 149230849 1 1.735334909691349e-4 149230849 149266798 35949
6 29 rs9503545 3332280 4 -1.724952125275259e-4 3312592 3398623 86031
6 175 rs12200455 23922624 1 1.6350189756842923e-4 23915870 23922624 6754
6 520 rs9488123 113582427 1 1.6285733006984605e-4 113346306 113642991 296685
6 664 rs6916917 148127474 4 -1.6037617945019824e-4 148024669 148162328 137659
6 235 rs742790 37696933 1 -1.5977193557825816e-4 37641030 37700947 59917
6 551 rs1321874 123945300 1 -1.546621902364569e-4 123924927 124083410 158483
6 415 rs11757661 89183580 1 1.5438595743558933e-4 89183580 89272446 88866
6 383 rs1416055 78928379 5 -1.5375186620672813e-4 78393124 78955109 561985
6 773 rs7775629 164361544 1 1.5358049362583975e-4 164350087 164372312 22225
6 10 rs171126 1221215 1 -1.397457131562e-4 1144109 1226045 81936
6 291 rs9381422 46047140 1 -1.3584329041214994e-4 46047140 46155408 108268
6 811 rs4383786 168624848 1 -1.3415729096797138e-4 168581362 168703821 122459
6 301 rs3010531 48581776 1 -1.2323547180524894e-4 48413873 48742066 328193
6 282 rs16869089 44428506 1 1.2015923101499576e-4 44310854 44455300 144446
6 731 rs924928 157939801 1 -1.1272447461035593e-4 157939801 157969796 29995
6 310 rs650342 52263744 1 -1.107559769519536e-4 52217375 52432747 215372
6 257 rs9357362 41433215 1 -1.0614708144574433e-4 41389484 41433215 43731
6 57 rs6597197 6253017 1 1.0580833030672406e-4 6253017 6283666 30649
6 90 rs9295586 10571260 1 -9.682907537356744e-5 10514226 10580910 66684
6 443 rs9354114 95080580 1 -9.096710061901906e-5 95080580 95145888 65308
6 176 rs9295609 23979222 2 8.809288531542508e-5 23944129 23986903 42774
6 341 rs1484575 66656814 1 8.604901372745815e-5 66314880 66656814 341934
6 817 rs2224645 169509800 3 7.802731427718787e-5 169471078 169515913 44835
6 8 rs6925338 1049017 1 -7.784620294226264e-5 1019362 1056196 36834
6 7 rs11755910 972155 1 7.587659217477813e-5 915792 1008959 93167
6 338 rs7760665 65705075 1 -7.447897168988577e-5 65562837 65750892 188055
6 577 rs929103 129993162 6 -7.167616588243551e-5 129869267 130050610 181343
6 345 rs7747972 67403879 2 6.935775218178613e-5 67335843 67546906 211063
6 292 rs2584072 46188118 2 5.828005295379715e-5 46174522 46287917 113395
6 469 rs2791829 102293249 1 5.525185827090504e-5 102202511 102318339 115828
6 96 rs4437462 11310419 1 -5.407765928522114e-5 11268188 11310419 42231
6 565 rs6904555 125763141 1 4.894294217258683e-5 125731930 125776333 44403
6 86 rs13195786 10163968 1 4.723557230556345e-5 10148486 10235805 87319
6 386 rs6454120 80088795 2 -3.691897210251577e-5 79887759 80129933 242174
6 410 rs4391239 88601364 1 3.6284241507703965e-5 88556885 88643072 86187
6 151 rs749215 20401909 1 3.4087817875793215e-5 20285619 20401909 116290
6 97 rs4076156 11424279 1 2.4168902606555388e-5 11346572 11424279 77707
6 314 rs6904771 52856179 1 2.1868317678219208e-5 52821059 52925277 104218
6 150 rs865226 20191838 1 1.5652085991126975e-5 20168333 20200420 32087
6 815 rs9346491 169327747 1 1.4802486440527485e-5 169251249 169327747 76498
6 762 rs1801474 162622197 1 8.616163861061645e-6 162569008 162622828 53820
6 366 rs9360610 73596605 2 -7.504172801859059e-6 73572196 73641100 68904
6 461 rs10499028 100352613 5 1.2814714246993028e-6 100296024 100574390 278366
6 727 rs2095361 156963231 1 1.1656882717240874e-6 156882687 156963231 80544
