CHR Group SNP.lead BP.lead Size W BP.min BP.max BP.width
2 835 rs10931468 191538562 13 0.1613690207403778 191504064 191935804 431740
2 834 rs4638823 191312906 4 0.08597356897514793 191045969 191469731 423762
2 874 rs3181113 204601910 10 0.07475932659149923 204459206 204802578 343372
2 71 rs10174949 8442248 7 0.05891401556488713 8438959 8531037 92078
2 176 rs7583409 25491056 5 0.05579551070988475 25491056 25894556 403500
2 601 rs4662775 128870808 6 0.04726222830698005 128465547 129007898 542351
2 539 rs11694541 114509074 9 0.04528244060996676 114432293 114784936 352643
2 1002 rs2048054 228652347 4 0.04382658347277151 228622128 228653164 31036
2 386 rs6704741 68149455 4 -0.03860026031778016 68050599 68149455 98856
2 636 rs842362 135341120 5 0.03345939406073707 135341120 135690061 348941
2 496 rs12475055 102878891 5 0.03050184324622776 102878891 103091540 212649
2 836 rs13022931 192020729 4 0.02986132590239084 191991459 192020729 29270
2 529 rs1398030 111972005 4 0.02980858505457476 111864915 112000058 135143
2 637 rs10928531 135817760 8 0.02732471450173001 135803425 136590558 787133
2 1016 rs1365776 231072709 4 0.02666148014658851 231035575 231223383 187808
2 358 rs1186706 61673394 11 0.02664295726520427 60972786 61731478 758692
2 730 rs4420712 162952349 2 0.02610964613716147 162811186 162983749 172563
2 250 rs4670932 39618666 5 0.02539826338542516 39198036 39814690 616654
2 510 rs17031337 106215749 4 0.02441421152660198 106214189 106372671 158482
2 318 rs968972 51171962 5 0.02392400099526251 50889959 51303910 413951
2 639 rs13006092 137084682 5 -0.02389017412465426 137061077 137155352 94275
2 641 rs4434047 137452607 12 0.02212398549995631 137401769 137756717 354948
2 672 rs1012272 144993201 4 0.02174444337045972 144951782 145173029 221247
2 451 rs13395022 79882260 3 0.02154357284731126 79864370 79894172 29802
2 211 rs6751050 31993081 5 0.02143116518007045 31628705 32447718 819013
2 229 rs13025239 35908737 6 0.02127361284076523 35868794 36113122 244328
2 372 rs3911862 65759671 2 0.02098760967800228 65732023 65794304 62281
2 175 rs2304429 25458546 3 -0.02027155558029566 24718100 25482883 764783
2 712 rs7602743 157529654 2 0.02003930413244463 156996364 157539961 543597
2 248 rs17493321 38772507 3 0.01999190184727025 38736090 38881106 145016
2 92 rs10192975 10887075 2 -0.0198152402328443 10887075 10988588 101513
2 183 rs1260326 27730940 7 0.01980812899311956 27414134 28479472 1065338
2 487 rs6721652 100377321 5 -0.01975633491798262 100210642 100516134 305492
2 949 rs6745489 220215537 1 -0.01971002755461896 220087441 220286142 198701
2 364 rs1346236 64609979 3 0.01890748654490098 64509799 64620637 110838
2 731 rs1990760 163124051 4 0.01854312922552757 163110536 163314609 204073
2 858 rs1579695 198900363 7 0.01846458254423721 198148767 198950240 801473
2 500 rs1433312 103987135 8 0.01844831949000696 103987135 104537499 550364
2 525 rs10178717 110452645 1 0.01842070787957526 110452645 110452645 0
2 1106 rs41342147 242407588 5 0.01832453140410764 242244342 242477457 233115
2 552 rs1019590 118688162 7 0.01827425840107906 118506345 118873587 367242
2 916 rs17355277 213857830 2 0.01806764505361307 213824045 213986695 162650
2 935 rs10177578 217885659 5 -0.01805624333673748 217858489 217938519 80030
2 632 rs6720404 134929274 6 0.01745395063556133 134893447 134965464 72017
2 1041 rs11563204 234917377 8 0.01745252441182746 234912215 234938888 26673
2 51 rs1949914 6195847 2 -0.01718956387472353 6092674 6254752 162078
2 705 rs11889857 154605760 17 -0.01647109059272167 154510972 155000595 489623
2 444 rs13021149 78292330 6 0.01616319255614047 78147175 78479945 332770
2 200 rs17321999 30479857 5 0.01608775636761538 30478453 30526780 48327
2 640 rs12612204 137314240 4 0.01605864577886933 137167663 137374734 207071
2 1070 rs719933 237812750 2 0.01590185418420414 237740508 237895703 155195
2 345 rs6761469 58581018 6 0.01585777410695863 57943044 58834185 891141
2 751 rs7579964 168826850 6 0.01521264440098527 168826850 169065468 238618
2 249 rs3821023 38893660 1 0.01502685480949505 38893660 39135927 242267
2 741 rs11683781 166288740 8 0.0147997509549271 166146227 166524122 377895
2 461 rs7581118 81505707 2 -0.01476558282110719 81201683 81523033 321350
2 111 rs721173 13907633 1 0.01466725686536271 13719570 13916789 197219
2 497 rs6708609 103232093 4 -0.01446528428430227 103096695 103301268 204573
2 658 rs10496859 141668678 4 0.01436632906524058 141623459 141782073 158614
2 320 rs984795 51688180 4 0.01433774874908883 51688180 51753361 65181
2 243 rs879321 38101137 3 -0.01433073145517117 38048671 38125412 76741
2 1037 rs17862875 234649302 17 0.01417688542382169 234143244 234673309 530065
2 397 rs4853252 70237360 1 0.01411834485214424 70223101 70567734 344633
2 412 rs13339845 72419864 1 0.01403960534234211 72402254 73013836 611582
2 141 rs10191044 18716201 1 -0.01401604432450732 18671795 18736630 64835
2 669 rs6708276 144442150 4 0.013982063592291 144146850 144486169 339319
2 107 rs890069 12867504 5 0.01377226660733038 12741317 13052225 310908
2 288 rs7600159 46259807 4 -0.01362959305058266 46166361 46271484 105123
2 1036 rs7569837 234078406 2 0.01361862565611242 233987722 234102070 114348
2 645 rs1374153 138537633 5 -0.01351914124661646 138440691 138655271 214580
2 1008 rs13020025 229945688 2 -0.01350681569848595 229942970 229968218 25248
2 897 rs7567228 209414499 7 0.01315760814353133 209048136 209414499 366363
2 917 rs3738920 214031987 2 0.01312397305162434 214031987 214113781 81794
2 459 rs3770317 80791939 2 0.01285398591113574 80735034 80793411 58377
2 331 rs10165485 54481636 3 0.01282212823283106 54187617 54610789 423172
2 923 rs11890512 215910724 3 0.01276822417868821 215901592 216062462 160870
2 543 rs17786162 115529358 1 0.0125747965984298 115345516 115573050 227534
2 537 rs6760120 113932431 4 0.01252362497778934 113932431 114062391 129960
2 333 rs6717369 54915044 5 0.01245251045599157 54797798 55054378 256580
2 665 rs17832932 142942795 2 0.01244576229527277 142794718 143231622 436904
2 432 rs1997450 76696261 11 0.01236240857597909 76685968 76727046 41078
2 883 rs12694029 206438036 4 0.01226807144228937 206345419 206496702 151283
2 474 rs6739015 85755357 3 -0.012135689272385 85668988 85843348 174360
2 644 rs10196011 138283751 6 -0.01185441794178244 138080695 138398906 318211
2 178 rs75819301 26539806 3 0.01179713464764704 26272219 26539806 267587
2 129 rs1430043 16635965 2 0.01163972104997455 16590965 16752999 162034
2 532 rs13419523 112781917 1 0.01157827046292987 112658779 112922697 263918
2 756 rs3821116 169729849 3 0.0115360476218432 169605967 169802594 196627
2 450 rs1864551 79766537 5 -0.01146290369711313 79641996 79827274 185278
2 1085 rs4852032 240110346 4 -0.01140838502840041 240059625 240180336 120711
2 511 rs12465089 106386630 1 0.01139336346959959 106386294 106541229 154935
2 312 rs7594662 49984263 1 0.0113516871976035 49737819 50005959 268140
2 334 rs4671233 55151440 4 -0.01107163804976603 55079242 55307646 228404
2 894 rs9636269 208610801 2 -0.01076579982814398 208605594 208610801 5207
2 982 rs12694628 224929659 3 -0.01072768256638495 224862842 224929659 66817
2 361 rs10865331 62551472 7 -0.01070542154819168 62521244 62666178 144934
2 727 rs6432641 161503223 6 0.01069023492835475 161085348 161768312 682964
2 522 rs4676060 109662043 1 0.01068688338495963 109635257 109895831 260574
2 579 rs934393 123065622 7 -0.0106182732694586 122953533 123169027 215494
2 925 rs17459063 216317657 6 0.01055617008876583 216276991 216439570 162579
2 1083 rs9636382 239857995 2 0.0104038663563651 239832812 239895637 62825
2 455 rs560737 80231469 3 -0.01027765456695026 80228740 80280680 51940
2 559 rs7564432 119926403 4 -0.01014674687448165 119793795 119928438 134643
2 481 rs11690079 88742338 4 0.01001437417941123 88574827 89130009 555182
2 295 rs9309137 47011834 2 -0.01000924223613598 46929873 47049453 119580
2 1071 rs10165956 238086404 2 -0.00999996342598277 237958171 238089055 130884
2 110 rs503989 13641538 4 0.00995055531532405 13641538 13691129 49591
2 112 rs1348801 13943821 1 0.00986565831417867 13931667 14059586 127919
2 294 rs7595513 46687867 7 0.00979174824788328 46642249 46914289 272040
2 106 rs4669855 12655145 1 0.00975526847176639 12627522 12720311 92789
2 657 rs288125 141496596 3 -0.00974162870219901 141348478 141583206 234728
2 182 rs61753362 27324669 5 0.00968552259750701 26990507 27384579 394072
2 895 rs10497888 208761235 4 0.00958767485783831 208761235 208938866 177631
2 714 rs1481379 157931593 1 0.00958291834348885 157778161 158165401 387240
2 239 rs6708310 37600427 2 0.00957173231251104 37599963 37630993 31030
2 851 rs13008940 196374552 4 0.00948331622967677 195974363 196414587 440224
2 1075 rs12616673 238498038 2 0.00927878734031069 238462725 238500211 37486
2 119 rs10173491 15451774 2 0.00927628831691882 15310820 15664756 353936
2 945 rs2382817 219151218 2 0.00926801333724746 219000966 219259844 258878
2 618 rs13428178 133175872 2 0.00923958846023164 133139402 133194549 55147
2 99 rs17529680 11727087 1 0.00923162026148137 11694006 11736305 42299
2 726 rs2715921 160841828 8 -0.00919189846701021 160708609 161026336 317727
2 199 rs7579944 30445026 3 0.00918967261382421 30423512 30445026 21514
2 818 rs288344 183666918 7 0.00901813456476939 183155786 183666932 511146
2 59 rs2174519 6937310 1 0.00901105563246679 6937310 6937310 0
2 1073 rs11690358 238244781 2 0.00900170354450189 238214039 238277379 63340
2 533 rs719668 113342566 4 0.00885939676028732 112939548 113342566 403018
2 1060 rs6731727 236508340 4 0.00884351959076523 236394141 236514769 120628
2 22 rs823243 2848102 2 0.0088123889985239 2839594 2926983 87389
2 90 rs818148 10637325 3 -0.00881181931028991 10627544 10661047 33503
2 1061 rs2675144 236641479 1 0.00880241274590896 236543711 236641479 97768
2 841 rs4853640 192668882 4 -0.00879530928366829 192598953 192668882 69929
2 952 rs982458 220663477 4 0.00877320752111422 220621838 220698125 76287
2 1020 rs7561687 231606083 2 0.00876608682225781 231544263 231613141 68878
2 306 rs2293276 48819197 4 0.00875802417919655 48769377 48948802 179425
2 431 rs6743740 76511383 3 -0.0087063211649204 76486242 76625113 138871
2 342 rs1424642 57296558 4 0.008703332417571 57062513 57398024 335511
2 478 rs6547705 87044316 2 0.00865756901707873 86872592 87108211 235619
2 80 rs11680429 9844178 2 0.00860232360067265 9806527 9906145 99618
2 673 rs4662223 145235108 2 0.00859992600870708 145235108 145298323 63215
2 150 rs6531222 20388484 3 0.00859457642264405 20334723 20396122 61399
2 880 rs13385430 205977739 4 -0.00859110201895818 205806424 206039171 232747
2 1032 rs4072149 233508677 2 -0.00848963968568459 233485696 233537125 51429
2 274 rs12613714 44279622 1 -0.00845127081603433 44279622 44290437 10815
2 624 rs12052290 133863624 3 0.00841962828620242 133783103 133929269 146166
2 495 rs10199359 102707179 2 0.0084097120446107 102707179 102852866 145687
2 403 rs3771389 71153154 2 0.00827126235800325 71062648 71173408 110760
2 494 rs4851508 102531388 1 -0.00824363857847402 102302978 102678709 375731
2 508 rs2576767 105960333 3 0.00823124858041994 105885961 106046789 160828
2 275 rs11683295 44316109 4 0.008200743274884 44315927 44437217 121290
2 378 rs6759648 66844120 3 0.00812405593104728 66814237 66953286 139049
2 187 rs7600983 28767050 6 -0.00803198791721026 28756255 28782985 26730
2 650 rs13425763 139642496 1 -0.00798297334525611 139530239 139780817 250578
2 627 rs6715224 134350570 2 -0.00795246861497333 134187067 134356109 169042
2 723 rs1522699 159764389 1 -0.00792330330546099 159764389 160035195 270806
2 612 rs6708453 131089135 3 0.00787838376193302 130662416 131123264 460848
2 780 rs6717268 174254430 1 0.00770497749304517 174214306 174254430 40124
2 69 rs6748904 8186474 1 0.00764381107303248 8149627 8192868 43241
2 790 rs7566401 175994720 2 0.00755266545572945 175920757 176025463 104706
2 148 rs10184780 20054392 2 0.00753309731011621 19988877 20054392 65515
2 1025 rs2290130 232263127 1 0.0074687480106302 232198327 232278400 80073
2 374 rs6719655 66089359 4 -0.00740254116683665 65938740 66095536 156796
2 490 rs1369482 101503416 2 0.00740022196838288 101343638 101531943 188305
2 353 rs872277 60338651 2 0.00737763248068629 60296223 60444875 148652
2 599 rs8179521 128150924 5 -0.00734566259861176 127901657 128195387 293730
2 892 rs2543596 207986713 3 -0.00728307877959785 207843712 208118301 274589
2 804 rs12693185 180173172 4 0.00725343530118256 179856777 180177796 321019
2 638 rs4954592 137013525 6 0.00718207405205735 136836365 137013525 177160
2 719 rs6710480 158958605 2 0.00717195053758325 158898944 158972966 74022
2 757 rs2287619 169836730 2 0.00716795235966446 169824983 169954185 129202
2 1104 rs6723732 241986030 2 -0.00713512932762743 241922182 242002306 80124
2 272 rs7592384 43926465 3 0.007131031173062 43853181 44027302 174121
2 683 rs10928364 148500974 3 0.00701790492845387 148347811 148918835 571024
2 786 rs17308965 174896455 4 -0.00688750137541014 174896455 174910616 14161
2 701 rs11692152 153721508 2 0.00683952885518765 153478066 153781648 303582
2 203 rs519747 30918938 3 0.00673628471972868 30917735 30980940 63205
2 1006 rs6726331 229609201 5 0.00660890833730824 229389990 229833153 443163
2 15 rs13419681 2336685 3 -0.00658041340798942 2305125 2521551 216426
2 969 rs1370923 222999840 4 -0.00657471434941832 222990015 223106526 116511
2 388 rs6734622 68350891 3 0.00654004044108216 68349183 68519877 170694
2 207 rs1000916 31314555 4 0.00639246111370397 31232116 31342300 110184
2 8 rs4927608 1453528 6 0.0063434824913603 1378943 1582242 203299
2 999 rs56226424 228147093 8 -0.00629203771351025 228127807 228438238 310431
2 1021 rs6726593 231746780 2 0.00627832675581115 231709953 231775094 65141
2 330 rs741531 53856928 9 0.00627624031055432 53851844 54133744 281900
2 725 rs6750782 160692461 10 -0.00627034164570393 160219681 160701224 481543
2 745 rs1509644 167576316 5 -0.00619867457029868 167377978 167671649 293671
2 967 rs13022647 222818891 3 0.00618331810712308 222683948 222856726 172778
2 185 rs12624279 28634790 3 0.00600853667333645 28605588 28671048 65460
2 65 rs7589284 7702036 2 0.00593664622821899 7579103 7702036 122933
2 981 rs548470 224773548 4 0.00593195223282513 224665694 224857266 191572
2 1077 rs1198819 238746880 3 -0.005903982301564 238590702 238746880 156178
2 900 rs3768815 210552162 4 -0.00581278180117112 209963585 210810644 847059
2 1026 rs6754952 232381245 3 -0.00572654316302171 232304779 232455654 150875
2 5 rs6746997 788807 1 0.0056975273371648 788673 918533 129860
2 515 rs12712262 107516533 10 0.00569462626703813 107423395 107753988 330593
2 370 rs55952639 65299766 5 0.00558361607351205 65246123 65512068 265945
2 706 rs7592907 155053140 1 -0.00558334676926056 155053140 155180409 127269
2 17 rs17719904 2592143 3 0.00555803460635879 2585729 2633258 47529
2 350 rs17050204 59750886 2 -0.00547474494680664 59612358 59770353 157995
2 113 rs11900823 14194649 2 0.00546640067586116 14111157 14319301 208144
2 234 rs848642 36782886 4 -0.0053131442814943 36696521 36851901 155380
2 319 rs10490152 51451120 5 -0.00529576918978973 51311532 51618634 307102
2 289 rs3768760 46319124 1 -0.00529563851101729 46308729 46340378 31649
2 335 rs10191785 55536808 2 0.0052553204881021 55321474 55658147 336673
2 476 rs6760222 86526127 4 -0.00521202850718304 86032231 86534520 502289
2 1092 rs11891511 240644907 3 -0.00518976842492648 240634587 240739305 104718
2 848 rs34951989 195205967 3 0.00512909366487784 195195631 195309148 113517
2 545 rs4849390 116029766 8 -0.00507907267423981 115794126 116381897 587771
2 442 rs10175035 78019344 2 -0.00505468285035304 77936295 78061074 124779
2 964 rs1346801 222180661 5 -0.00501070193495029 222172363 222285699 113336
2 811 rs7570171 180993295 2 -0.00500070778506088 180991780 181290099 298319
2 1072 rs4663707 238192511 1 0.0049644652434613 238143803 238192670 48867
2 1082 rs9711321 239697444 2 -0.00496073320124002 239646391 239736364 89973
2 260 rs1560260 41835431 5 0.00493626587721361 41832878 42004997 172119
2 76 rs9973936 9118215 2 0.00493324498941328 9100137 9247025 146888
2 193 rs12714272 29585788 5 0.00478830894603931 29559519 29624775 65256
2 283 rs3770266 45688221 4 0.00478130455092483 45600619 45834076 233457
2 367 rs11683197 65027624 5 0.00477257301239587 64936472 65080772 144300
2 889 rs79484112 207173390 4 0.00474126127526911 206822533 207233115 410582
2 570 rs17005295 121600223 2 0.00474109055294713 121589440 121638833 49393
2 0 rs437409 142137 3 0.00474002702164138 36787 315215 278428
2 202 rs1901909 30889161 1 0.00471343529162486 30649220 30900567 251347
2 309 rs7591064 49177601 3 -0.00462501375656216 49116885 49230413 113528
2 613 rs6718816 131688587 5 -0.00461777998029927 131548941 131731464 182523
2 829 rs10497681 189551707 4 -0.00456370216013392 188916374 189683752 767378
2 206 rs2303325 31181139 4 0.00456186230039948 31112433 31189304 76871
2 310 rs1504175 49277823 6 -0.00453742008048951 49249920 49519654 269734
2 788 rs1463263 175584157 7 -0.00450306585496778 175393104 175584157 191053
2 703 rs13405095 154061615 4 0.00445713158217513 154025701 154318295 292594
2 903 rs7586705 211657675 5 -0.00444815458604042 211539650 211701811 162161
2 164 rs10195794 23016634 4 -0.00438995916225177 22684402 23067487 383085
2 264 rs10202624 42515388 3 -0.00436597915599902 42350487 42690878 340391
2 344 rs10204095 57799040 3 -0.0043546619168651 57766378 57937744 171366
2 493 rs11688698 102104814 1 0.00434480660419398 102104814 102247207 142393
2 173 rs115334231 24244603 4 -0.00433829942099818 23891540 24521766 630226
2 634 rs2289468 135199564 3 -0.00424138514952353 135162755 135237274 74519
2 816 rs16867459 182474594 5 -0.00419481278010821 182382316 182780874 398558
2 1065 rs2046284 237238496 3 -0.00418786270709181 237233920 237242097 8177
2 985 rs6714466 225791079 3 -0.00415868696562646 225281602 225792835 511233
2 698 rs3815851 152336428 7 0.00413857465816169 152251363 152725937 474574
2 758 rs6759013 170016750 2 -0.00412581003393011 169997051 170139639 142588
2 621 rs13025233 133484851 5 0.00411536061601885 133402949 133633125 230176
2 186 rs4416177 28724704 3 -0.00410710545819122 28674572 28735342 60770
2 505 rs2037261 105356894 2 -0.00409714870652111 105278158 105356894 78736
2 825 rs16827790 187240797 6 0.00408524848459155 186267921 187493841 1225920
2 855 rs4341955 197404714 2 0.0040780591953316 197315114 197764931 449817
2 241 rs17021120 37843019 2 0.00401515459146299 37827519 37877664 50145
2 359 rs4270330 61864047 4 0.00397755007824218 61863427 62381474 518047
2 425 rs10191221 75561691 1 -0.00395850417614253 75501720 75629909 128189
2 159 rs1801701 21228827 7 0.00395742902653195 21131683 21473856 342173
2 218 rs7585514 33922554 5 0.00395523359009104 33740855 33928721 187866
2 472 rs17026015 85432404 2 -0.0039344975037506 85389685 85508454 118769
2 527 rs4849155 111635197 2 0.00387974164166216 111435895 111728482 292587
2 588 rs7601703 125313021 5 -0.00385313172750995 125303280 125437743 134463
2 737 rs57447159 165210891 1 0.0038510133057127 165210891 165458333 247442
2 560 rs838102 119984733 7 0.00383505593871953 119968031 120012412 44381
2 977 rs1517641 224227452 2 0.00382512613463739 224179428 224344833 165405
2 651 rs7603553 140023486 3 -0.0037896655897619 139848110 140287352 439242
2 393 rs4314026 69269809 1 0.00377438341144195 69223710 69330445 106735
2 675 rs12615682 146078530 6 0.00377049235200902 145983262 146105254 121992
2 695 rs10195263 151725792 1 -0.00372402717824262 151725792 151750639 24847
2 799 rs2364725 178132988 3 0.0036963887290985 177850235 178134677 284442
2 482 rs6732115 97335510 4 -0.00369198193070077 95639504 97549668 1910164
2 480 rs1372299 88416221 2 -0.00365673313707052 88409180 88537343 128163
2 767 rs1420378 171630631 5 0.00365468040420944 171534221 171702480 168259
2 410 rs6546731 72116933 1 0.00365378544088709 72058087 72131032 72945
2 662 rs1816607 142478242 2 -0.00365039029626418 142375798 142488678 112880
2 1095 rs4149550 240929308 2 -0.00363658915737914 240851523 240961728 110205
2 922 rs7585356 215592306 5 0.00361771641563933 215592306 215841891 249585
2 850 rs2043128 195873404 3 -0.00361376964850383 195753257 195928055 174798
2 896 rs4277502 208978677 3 0.00361127424552807 208966158 209042963 76805
2 418 rs6723819 74501510 2 -0.00358756448469558 74485896 74968610 482714
2 1039 rs2302154 234763137 2 -0.00358141466585784 234713706 234876037 162331
2 445 rs6716040 78900269 5 -0.0035780227321232 78664372 79001963 337591
2 623 rs12475645 133754360 2 -0.00357222823893795 133742448 133759852 17404
2 84 rs6749325 10286466 1 -0.00356598040947296 10194487 10286466 91979
2 551 rs2421973 118401860 3 0.00353782664960977 118365400 118496598 131198
2 875 rs11685977 204969138 2 0.00342262641154637 204824324 205054059 229735
2 67 rs10183806 7988851 1 0.00337786660524199 7968275 8044396 76121
2 772 rs13390848 172957643 1 0.00331962692629536 172953438 173008793 55355
2 1098 rs1565985 241193615 1 0.00320324244785024 241175742 241224940 49198
2 311 rs13427322 49707932 2 -0.00317029361218905 49559547 49727295 167748
2 824 rs13018827 186062357 8 0.00313207563930949 185616128 186223503 607375
2 700 rs11892232 153358329 8 0.00308700971258148 153208493 153435434 226941
2 273 rs6727861 44218792 2 0.00308218589055067 44065090 44261892 196802
2 582 rs17008648 123538727 2 -0.00307656055263707 123444468 123769845 325377
2 313 rs971732 50142117 3 0.00306693912817824 50031813 50262230 230417
2 817 rs7594388 182869111 2 -0.00305878823119139 182852282 183107270 254988
2 491 rs1062062 101627925 3 -0.00305848085320643 101557566 101816249 258683
2 48 rs2252087 5876302 1 -0.00304771451949194 5875648 5989380 113732
2 784 rs12615677 174634087 1 -0.00304050717989084 174604544 174680319 75775
2 291 rs13027413 46479838 1 -0.00301643747221822 46475797 46479838 4041
2 822 rs1443033 185277576 5 0.0030037097839643 184446942 185277576 830634
2 212 rs10490454 33123726 4 0.00294991204328969 32641040 33123726 482686
2 1043 rs10929015 235130693 2 -0.0029037221927551 235099369 235132912 33543
2 405 rs357762 71428191 12 0.00287718448622443 71285678 71689050 403372
2 41 rs7592529 5427628 3 0.00286402908832531 5349911 5469833 119922
2 736 rs17351368 164899430 3 0.00283469208525491 164720735 165180323 459588
2 143 rs6531131 19078715 6 0.00283388944282808 19029816 19286943 257127
2 230 rs10495867 36304861 3 0.00280814160285934 36132138 36364164 232026
2 268 rs2374482 43305926 2 -0.0028008164278864 43270895 43305926 35031
2 642 rs745907 137872961 2 -0.00277389354523128 137768702 137890465 121763
2 197 rs10201541 30157544 2 -0.00276703633076198 30134463 30228640 94177
2 240 rs13409745 37697432 2 0.00275508299243948 37690633 37814827 124194
2 139 rs7422512 18439946 3 -0.00274804063465743 18356051 18497843 141792
2 149 rs7578149 20312438 2 0.00271511160071576 20076454 20312438 235984
2 323 rs12472885 52479251 2 -0.00270677959800895 52369737 52479251 109514
2 190 rs75276619 29295186 2 -0.00270411532762126 29286670 29362432 75762
2 708 rs11895478 155571123 7 0.00269136885448493 155406625 155629561 222936
2 856 rs2697270 197986048 4 -0.002684124529665 197845449 197998115 152666
2 619 rs4325814 133308636 2 -0.00265982189329728 133225803 133322919 97116
2 710 rs11695569 156877890 3 -0.00265608726051653 156589930 156877890 287960
2 369 rs6546118 65212178 2 0.00265606741241406 65103983 65213104 109121
2 1079 rs1128552 238999883 3 -0.00264710104016127 238836195 239035853 199658
2 192 rs4666200 29538411 3 -0.00262564119514028 29477830 29543736 65906
2 573 rs4488664 121925398 1 -0.00262105259752017 121925398 121925398 0
2 572 rs114814747 121748048 1 0.00257275605887777 121735335 121886826 151491
2 803 rs4894054 179713601 2 0.00256305884493852 179571448 179839888 268440
2 605 rs841470 129370246 2 0.00250646755532968 129316382 129441341 124959
2 873 rs10755019 203555828 2 0.00249125114056927 203089268 204440428 1351160
2 868 rs1045494 202151781 2 0.00246333666022681 201736166 202493504 757338
2 104 rs3954862 12304753 5 -0.00244672489636636 12262421 12401985 139564
2 531 rs7605443 112473872 1 -0.00242925362956682 112442431 112625575 183144
2 891 rs6728532 207749855 7 -0.0024225367205311 207726297 207831954 105657
2 881 rs1207429 206164004 2 0.00239205749002553 206051516 206259137 207621
2 771 rs12692976 172684403 1 0.00234909127496781 172664020 172931559 267539
2 918 rs61752198 214160817 4 0.00228865664998809 214160817 214880852 720035
2 774 rs10195843 173146356 3 -0.00224915394989517 173141580 173262339 120759
2 762 rs6738892 171060729 1 -0.00223119178671068 170996360 171101509 105149
2 1010 rs6712266 230272648 2 -0.00222818391323949 230093903 230278731 184828
2 989 rs10184774 226565844 3 -0.00219367091072616 226272295 226661758 389463
2 523 rs6748333 110005208 4 0.00218234367759575 109931911 110077153 145242
2 1080 rs11694250 239138259 3 0.00217975234381531 239095422 239444822 349400
2 1004 rs4641927 228950588 1 -0.00216838643487793 228819272 229211957 392685
2 615 rs10928155 132583278 1 0.00215584986639669 132298468 132583278 284810
2 1017 rs1427283 231282791 2 0.0021313570298275 231236963 231316105 79142
2 831 rs7579312 189882685 4 0.00212786958844867 189882685 190412377 529692
2 349 rs7602061 59344469 7 -0.00212010217070715 59301572 59586372 284800
2 162 rs7601596 22348539 2 0.00209763230887168 21940844 22348539 407695
2 965 rs2710521 222473631 2 -0.00209659159091233 222299999 222495694 195695
2 220 rs1718728 34074656 2 0.00208103886745357 34040204 34236374 196170
2 1015 rs4277512 230992386 1 0.00208061425961086 230910965 231026105 115140
2 484 rs7598069 98761391 3 -0.00205910284334311 98637504 98989700 352196
2 338 rs7609306 56376564 3 0.00205441163819583 56244096 56381698 137602
2 815 rs1449263 182319301 1 0.0020477864685213 182273419 182349409 75990
2 379 rs17681403 66977032 1 0.002030965301963 66977032 66977032 0
2 6 rs4971432 1079320 2 0.00201458081740767 992661 1124416 131755
2 347 rs7586333 59183439 1 0.00200956585293845 59100543 59183439 82896
2 118 rs6732271 15303781 1 0.00200609963615072 15242150 15303803 61653
2 744 rs2031002 167253015 2 0.001998671668045 167136589 167345058 208469
2 733 rs4144827 164114775 3 0.00198641548735181 163701106 164193154 492048
2 463 rs1221160 82005459 3 -0.00196967802940583 81623974 82331873 707899
2 1105 rs1062748 242028741 2 0.0019647168083576 242013387 242138065 124678
2 78 rs2709580 9514573 3 0.00196283690802819 9382343 9634856 252513
2 550 rs333852 117973154 6 0.00195427790667019 117973154 118346492 373338
2 23 rs1624522 2978747 2 -0.00194905657131911 2956085 3012947 56862
2 878 rs7579849 205639924 2 -0.0019451972192339 205385386 205639924 254538
2 688 rs1196696 150206753 3 0.00193906621768268 150092739 150450828 358089
2 549 rs17046680 117928308 2 0.00192953364147039 117772652 117928308 155656
2 429 rs7573143 76004385 2 -0.00191463649361338 75832122 76160203 328081
2 867 rs2348125 201616390 1 -0.00191026918094038 201582193 201689742 107549
2 39 rs731436 5238812 2 -0.0019042734923053 5182751 5268671 85920
2 912 rs4511675 213233739 2 -0.00188963506762332 213200920 213395507 194587
2 729 rs1515186 162556360 1 -0.00188692089248724 162139812 162772897 633085
2 655 rs1492393 141032476 4 0.00187209938333453 140943640 141242918 299278
2 252 rs7571703 40115727 1 -0.00186851635748668 40077971 40267991 190020
2 180 rs1148967 26821836 2 -0.00185407791142939 26755551 26873672 118121
2 169 rs11689846 23483850 2 0.00184643563922152 23402458 23531468 129010
2 801 rs10497482 178805428 2 0.0018461586097528 178555032 179099946 544914
2 1000 rs11889798 228481419 1 -0.0018120201007903 228463310 228521287 57977
2 956 rs11688377 221067691 2 0.00179833732938244 221019458 221229840 210382
2 376 rs9309384 66460709 7 -0.00179076471337048 66387107 66530723 143616
2 12 rs1560624 1989742 2 -0.00175479105047276 1924666 2214115 289449
2 1100 rs2228331 241405528 1 0.00175366777790167 241401673 241405528 3855
2 276 rs4952710 44524575 2 0.00175026214130713 44482099 44865678 383579
2 184 rs2279475 28545109 1 0.00174671362011233 28493370 28587069 93699
2 629 rs7603317 134577255 5 -0.00172856363626671 134434824 134609163 174339
2 670 rs17834780 144638809 2 0.00171652395674101 144529508 144662599 133091
2 133 rs2341504 17156703 2 -0.00171516270284172 17156703 17225905 69202
2 997 rs10174459 227973193 1 0.00170936539819177 227967105 228030362 63257
2 121 rs4668989 15929276 7 0.00169131080394171 15834052 15930012 95960
2 506 rs6719286 105507589 2 -0.00168329517516339 105378957 105767133 388176
2 384 rs2861708 67955280 1 -0.00164344083510023 67892074 67977997 85923
2 930 rs10180583 216905728 8 0.00164084463867909 216905728 217216651 310923
2 399 rs10489987 70809219 5 0.00163632585512068 70769365 70809219 39854
2 832 rs1437889 190487810 2 -0.00162778990182837 190452586 190934874 482288
2 308 rs733726 49096835 1 0.00162527669748849 49013655 49099508 85853
2 124 rs13396055 16142703 1 -0.00161400029844179 16123173 16142703 19530
2 236 rs11124542 36994439 2 -0.00161340735840389 36938368 36994439 56071
2 931 rs4674093 217428055 1 0.00161050684928164 217269954 217428055 158101
2 960 rs830747 221762952 1 -0.00159849254523964 221709623 221762952 53329
2 172 rs583168 23829145 3 -0.0015946923946338 23774752 23860168 85416
2 800 rs3770019 178544417 1 0.00156368923596623 178151626 178551958 400332
2 566 rs7581710 121195181 1 0.00155531705215813 121195181 121214402 19221
2 62 rs7588701 7320746 1 -0.00154569526997127 7116077 7320746 204669
2 136 rs13382709 18083493 8 0.00152324511998923 17834754 18142133 307379
2 447 rs393149 79244207 2 0.00149037288834004 79225690 79347745 122055
2 554 rs7562732 119085908 3 0.00146587595537771 118997824 119129814 131990
2 993 rs2102101 227410349 4 -0.00145189259649627 227207379 227529244 321865
2 944 rs7580997 218883186 2 0.0014506588343266 218862241 218939511 77270
2 254 rs688673 40406518 2 0.00144660496733664 40350271 40500993 150722
2 441 rs12613847 77814848 2 -0.00144381537152943 77814848 77892612 77764
2 351 rs6545747 59952846 2 -0.00143361277508725 59794609 59989621 195012
2 160 rs2217745 21526862 2 -0.00142377113350871 21518127 21537748 19621
2 689 rs12616417 150688553 3 0.00141783577078726 150492237 150706151 213914
2 686 rs7577450 149875961 2 -0.00141779583509478 149585078 149919888 334810
2 299 rs726117 47372425 3 0.00141361612713894 47322330 47455238 132908
2 713 rs2131801 157654171 3 0.00140457473714781 157565192 157654171 88979
2 343 rs820957 57737158 4 -0.00140132860854093 57436631 57738723 302092
2 524 rs9330313 110280390 1 0.00138709828951439 110256233 110353910 97677
2 763 rs12611789 171139494 1 0.00138295109656993 171139256 171223154 83898
2 787 rs2122398 175250289 8 -0.00138209804166382 174937278 175292364 355086
2 961 rs16862036 221880457 3 0.00137861712994845 221819192 221971645 152453
2 479 rs2919851 88391890 1 0.00136586490534508 88373195 88402337 29142
2 135 rs1976809 17466012 3 -0.00136190581297453 17466012 17778129 312117
2 972 rs1347630 223427854 4 0.00135691848872727 223355051 223559089 204038
2 535 rs6542097 113570581 4 -0.00135620683688283 113488220 113825966 337746
2 142 rs6531119 18993027 3 -0.00133708209015747 18763970 18995463 231493
2 973 rs10176458 223625518 2 0.00131987423476478 223565830 223661303 95473
2 687 rs170673 150014096 1 0.00130688545883445 149927066 150071949 144883
2 191 rs11127205 29425620 8 -0.00129107566421385 29366830 29453835 87005
2 839 rs2356656 192381934 1 0.00128911025420536 192381934 192448132 66198
2 663 rs10928126 142569099 4 -0.00128575928697847 142513131 142634120 120989
2 984 rs2042086 225222900 2 -0.00128421664283901 225042531 225260618 218087
2 837 rs6704784 192109558 1 0.00128345784226633 192045160 192197929 152769
2 591 rs2114601 126440697 1 0.00127158601908113 126338255 126670324 332069
2 385 rs12713604 67993265 1 -0.00126543661167514 67990407 68012802 22395
2 285 rs13017423 46002777 1 -0.00125297248285673 45966098 46003481 37383
2 561 rs12994683 120159868 3 0.00124959745512898 120057962 120247486 189524
2 950 rs6726806 220351379 1 0.00124245096710064 220311039 220412282 101243
2 794 rs4972806 177012578 1 0.00123591871935962 176962989 177070126 107137
2 754 rs7565629 169516830 2 -0.00122976558014669 169237675 169516830 279155
2 769 rs13007471 172129015 5 -0.00121859362662384 172104703 172376933 272230
2 1003 rs16824126 228754349 1 0.0012175346042691 228754349 228776938 22589
2 585 rs17391285 124905952 2 -0.00121588816827328 124785753 124931139 145386
2 155 rs4666313 20769783 1 0.0011984482406329 20756900 20823219 66319
2 631 rs16829944 134784345 2 0.00116100807772922 134736340 134872037 135697
2 893 rs918193 208150499 3 0.00115838041364256 208133793 208536536 402743
2 281 rs6707333 45512908 2 -0.00115164077062871 45457111 45512908 55797
2 219 rs17338665 33947012 4 0.00114708006360071 33939941 34005793 65852
2 223 rs1434127 34612668 3 -0.00112207447246547 34509330 34678045 168715
2 583 rs6744585 123963717 3 0.00112188753636537 123780262 124088863 308601
2 743 rs487374 166940925 1 -0.00110833712323715 166937584 167120956 183372
2 1028 rs10179086 232744209 5 -0.00110477787639691 232558842 232756528 197686
2 166 rs1348864 23182262 1 -0.00110338635636394 23155213 23182561 27348
2 446 rs1521955 79103513 1 -0.0010980017450458 79061185 79178130 116945
2 866 rs13026134 201444441 1 -0.00109659104541158 201367356 201562553 195197
2 1047 rs11685523 235464046 2 0.0010701332169777 235442524 235464046 21522
2 766 rs10191600 171476133 1 0.00106930470836285 171476133 171522950 46817
2 1034 rs3817321 233839052 2 0.00106666810458053 233824116 233894496 70380
2 324 rs2727868 52608484 4 -0.00106153720927195 52507412 52826401 318989
2 33 rs6743559 4307217 1 0.00104466100988744 4307217 4307217 0
2 910 rs6732730 213009392 2 0.00103348354008439 212807645 213033301 225656
2 457 rs9808084 80542744 2 -0.00101970134102544 80529956 80619803 89847
2 520 rs1469964 109170731 3 -0.00101579436843446 108939940 109514464 574524
2 575 rs2713207 122007858 2 -0.00101506937067386 121981608 122036871 55263
2 246 rs10175994 38450573 4 -0.00101467371754634 38407966 38623289 215323
2 266 rs6727142 43091100 1 -9.9905834843033e-4 43050311 43151394 101083
2 752 rs7584694 169087090 1 9.980316156120775e-4 169074972 169174367 99395
2 83 rs2303920 10126330 2 9.848287482352952e-4 10089722 10162037 72315
2 792 rs11896469 176680246 1 9.764798984277832e-4 176618964 176732191 113227
2 659 rs434276 142013959 3 -9.714845293677324e-4 141823300 142076913 253613
2 188 rs4666103 28807899 2 9.70945023356649e-4 28807899 28902004 94105
2 759 rs830964 170156880 1 9.70905255250432e-4 170156880 170232853 75973
2 770 rs2356791 172428729 4 -9.611762120648731e-4 172393381 172512177 118796
2 352 rs7565849 60033484 3 9.5974422601806e-4 60012090 60260639 248549
2 301 rs4422207 47564034 2 -9.46457372051499e-4 47564034 47763895 199861
2 1088 rs6727608 240443992 1 9.310512903282824e-4 240436304 240467554 31250
2 814 rs4233796 182088349 3 9.282392344922908e-4 181825225 182256688 431463
2 735 rs1031736 164614897 2 -9.229402746432388e-4 164499515 164638458 138943
2 85 rs887958 10394082 1 9.224450091911878e-4 10333767 10402632 68865
2 761 rs9287931 170950113 4 -9.202334297251846e-4 170592709 170965121 372412
2 196 rs7567152 30074153 1 9.16228230786522e-4 30002326 30111766 109440
2 863 rs6714133 200332082 2 -9.144054363406048e-4 199696908 200473658 776750
2 448 rs6744025 79525176 1 9.115566282179056e-4 79388587 79547730 159143
2 797 rs4893912 177523894 2 -9.114155873289578e-4 177522377 177579054 56677
2 986 rs388208 225938996 2 -9.056629651913364e-4 225848579 225979968 131389
2 667 rs617158 143784491 3 9.0522466409066e-4 143475728 143830118 354390
2 793 rs6716389 176802850 1 -9.031857025708628e-4 176756752 176936834 180082
2 40 rs9287678 5340675 3 -9.012970991232144e-4 5283993 5340675 56682
2 764 rs7561268 171256597 1 -8.976755512977365e-4 171233990 171303727 69737
2 630 rs873971 134714647 1 8.939213412419118e-4 134626686 134719933 93247
2 363 rs6730863 63939417 4 -8.818818920787903e-4 63652403 64495627 843224
2 622 rs281583 133707706 4 -8.783177033216307e-4 133643197 133708257 65060
2 783 rs606961 174487923 1 8.778983201915133e-4 174483240 174530465 47225
2 865 rs4674036 201270538 4 -8.641262684778018e-4 201270538 201349631 79093
2 919 rs11887857 215052524 1 8.518256218692308e-4 214916394 215054694 138300
2 215 rs642472 33614187 4 8.4827195448242e-4 33369582 33614187 244605
2 259 rs872037 41641357 2 -8.441883588011295e-4 41399187 41793430 394243
2 877 rs6708542 205256040 1 8.377355367180448e-4 205228510 205347379 118869
2 258 rs13411627 41327766 2 8.280273680031131e-4 41103223 41366151 262928
2 34 rs17019005 4351869 2 8.175929238746451e-4 4325172 4456055 130883
2 789 rs6708544 175604194 3 8.166299862873427e-4 175591073 175804313 213240
2 341 rs13423780 56607046 1 -8.154356941809385e-4 56607046 56784574 177528
2 1062 rs10211191 236838338 2 8.106271634660631e-4 236838338 236949119 110781
2 204 rs6710242 31006133 1 8.070849844236689e-4 30988148 31006133 17985
2 906 rs4672615 212356992 1 7.886903411699244e-4 212196284 212356992 160708
2 890 rs6435354 207701151 2 7.824846625946436e-4 207323801 207711974 388173
2 578 rs4848730 122616990 1 7.680205987565991e-4 122562188 122837193 275005
2 134 rs11687542 17306653 5 -7.671962241018542e-4 17256600 17453968 197368
2 915 rs4450544 213756968 1 7.603471673659513e-4 213595110 213794754 199644
2 63 rs876997 7405579 3 -7.573910182253595e-4 7331435 7456361 124926
2 375 rs12233229 66170081 6 -7.525840520402524e-4 66128138 66363617 235479
2 470 rs1649292 85051122 2 -7.508446088740385e-4 84906723 85127192 220469
2 195 rs7583871 29881235 1 -7.450763577723569e-4 29812429 29966380 153951
2 656 rs10496845 141288260 1 7.420699720879287e-4 141269323 141334737 65414
2 946 rs13033409 219666509 4 7.349405605976077e-4 219432569 219671598 239029
2 1099 rs12620119 241357693 2 7.324099724603879e-4 241231989 241371065 139076
2 105 rs10211429 12579179 4 7.323693207346951e-4 12411048 12591695 180647
2 232 rs726946 36497171 1 7.173720674208209e-4 36478634 36559139 80505
2 990 rs873024 226697772 1 -6.960010791891529e-4 226697772 226809036 111264
2 608 rs11675233 130058282 3 6.9478075344195e-4 129881863 130060598 178735
2 503 rs2376158 104954640 1 6.944985500824966e-4 104954640 105115341 160701
2 346 rs7597339 59037042 1 -6.942752229784169e-4 58857542 59091613 234071
2 607 rs908848 129835103 1 -6.905162893334502e-4 129549283 129864132 314849
2 1042 rs7603271 234964316 4 6.872773853702362e-4 234953978 235034610 80632
2 277 rs341605 45064187 3 6.810128013047798e-4 44944877 45101948 157071
2 1076 rs11894280 238509759 2 -6.779740679393682e-4 238505096 238571074 65978
2 332 rs4129261 54706092 2 6.739006595467079e-4 54646852 54714119 67267
2 962 rs17346918 222026796 1 -6.593699472308619e-4 222026796 222026796 0
2 158 rs7569328 21100778 1 6.584594076142756e-4 21059930 21100778 40848
2 580 rs1598024 123206041 1 6.58179645971038e-4 123176322 123238843 62521
2 297 rs11894319 47137267 6 6.526036918196665e-4 47112985 47245022 132037
2 53 rs13384785 6375910 3 6.430606530712941e-4 6366715 6424508 57793
2 664 rs7597320 142776441 1 6.280527402661309e-4 142739121 142788546 49425
2 314 rs17508435 50439522 5 -6.25979222227595e-4 50271600 50668760 397160
2 666 rs6715407 143389735 2 -6.237362601464738e-4 143262276 143389735 127459
2 625 rs4057049 134019065 1 -6.22440169711287e-4 133977005 134044131 67126
2 486 rs10181422 99558970 6 6.141834648988511e-4 99293697 100149336 855639
2 806 rs1022360 180272486 1 6.038575697416399e-4 180240770 180316070 75300
2 261 rs17028820 42057211 1 6.037402593009453e-4 42011160 42075529 64369
2 401 rs11893633 70909820 1 -6.005206803298491e-4 70858190 71020254 162064
2 791 rs4072816 176495395 1 -5.892426836471484e-4 176100028 176580867 480839
2 483 rs12989766 98019683 3 5.816272261438569e-4 97613616 98561153 947537
2 339 rs214041 56503029 2 -5.797405307390998e-4 56420296 56503029 82733
2 590 rs9308661 126193494 2 5.708631420477545e-4 125806843 126332264 525421
2 122 rs12613665 15975615 1 -5.702934329827611e-4 15950899 15975615 24716
2 536 rs9005 113891412 3 5.680176049429952e-4 113834739 113901313 66574
2 530 rs7593992 112395534 1 5.671017500596817e-4 112277340 112411416 134076
2 947 rs10177996 219746561 1 -5.643708214918672e-4 219719977 219756383 36406
2 424 rs13017967 75461177 1 -5.641371703655723e-4 75416296 75473916 57620
2 464 rs2862945 82761799 3 -5.617492358595327e-4 82405114 82900043 494929
2 1051 rs1365983 235777989 1 -5.593561454669321e-4 235717761 235779418 61657
2 724 rs174244 160164187 2 5.587843323373774e-4 160057141 160190209 133068
2 321 rs7608332 52024350 1 5.584429953619265e-4 51779120 52072658 293538
2 609 rs2123522 130140883 5 -5.45705313718587e-4 130082114 130319985 237871
2 434 rs12469595 76927056 2 -5.413704129860067e-4 76927056 76941049 13993
2 1030 rs2139026 233264910 2 -5.392315631827798e-4 233243586 233345861 102275
2 488 rs11686880 100956229 7 -5.295627423149621e-4 100746395 101045508 299113
2 709 rs16839226 156404781 2 -5.238542761851401e-4 155688576 156544750 856174
2 680 rs2034526 147804074 3 5.150560741019092e-4 147612107 147946882 334775
2 1044 rs6717293 235195230 2 -5.143309103368087e-4 235170697 235241961 71264
2 785 rs4972613 174748349 1 -5.094659722084574e-4 174739890 174858646 118756
2 473 rs7564372 85590286 3 5.085086566207883e-4 85528643 85654299 125656
2 852 rs12052865 197049786 2 5.084875671548348e-4 196461111 197059471 598360
2 857 rs6749611 198102423 3 5.026551710079826e-4 198065054 198135412 70358
2 325 rs1454398 52900416 2 -5.011207867921634e-4 52862532 53027798 165266
2 991 rs2037286 226835324 2 4.970309011498037e-4 226835324 226992454 157130
2 872 rs4675261 202990187 5 4.936526549708611e-4 202867453 203021290 153837
2 885 rs3771038 206586412 1 -4.763380220916602e-4 206560613 206614091 53478
2 224 rs10865103 34790535 1 4.725609915927399e-4 34760573 34790535 29962
2 1066 rs1986988 237433532 1 4.645271928484138e-4 237415521 237496112 80591
2 685 rs7578059 149312470 1 -4.634597486490976e-4 149251702 149568396 316694
2 475 rs1561283 85965769 3 4.6129054203130704e-4 85924729 85965769 41040
2 389 rs7563017 68728483 1 4.600167965663453e-4 68553195 68811427 258232
2 653 rs16843069 140680731 2 -4.577726549289771e-4 140657911 140884146 226235
2 740 rs13015737 165995621 2 4.570668201755509e-4 165926663 166140020 213357
2 748 rs16854016 168508395 1 -4.50720401648214e-4 168461161 168508395 47234
2 228 rs17016602 35647806 3 -4.433016440238317e-4 35614344 35831794 217450
2 594 rs1000858 127459321 1 4.3615414397967406e-4 127451514 127473880 22366
2 682 rs7576755 148310480 1 4.35233515985352e-4 148260990 148331368 70378
2 440 rs11126614 77722736 1 4.302563127306997e-4 77689016 77783575 94559
2 717 rs10201181 158717966 1 -4.2981888857728456e-4 158646738 158717966 71228
2 963 rs12477147 222067150 1 -4.295731690757337e-4 222044974 222156270 111296
2 499 rs6735786 103770238 1 4.268064788759242e-4 103770238 103950575 180337
2 879 rs4429453 205759917 1 4.265620917612788e-4 205645815 205794531 148716
2 61 rs11683539 7075768 1 -4.1806774387575146e-4 7028438 7075768 47330
2 778 rs2119123 174091964 1 -3.9619079854277833e-4 173905497 174117020 211523
2 870 rs3731707 202566764 1 -3.9420854252949177e-4 202561571 202763587 202016
2 145 rs824498 19671234 1 3.8405574727279194e-4 19640713 19687207 46494
2 216 rs604394 33657837 1 3.7720526656961234e-4 33641932 33657837 15905
2 974 rs6756323 223785740 1 -3.761403514348626e-4 223672096 223785740 113644
2 684 rs10497033 149115432 1 3.744697850742734e-4 149037012 149198275 161263
2 905 rs10432525 212036651 2 3.7202845497928206e-4 211935990 212191113 255123
2 746 rs6432983 168062531 2 -3.685214017300596e-4 167737177 168287130 549953
2 265 rs1390610 42717015 1 3.6463991987523825e-4 42712932 43021749 308817
2 411 rs6546733 72173427 1 3.643838174952435e-4 72173427 72353138 179711
2 257 rs12712696 40809991 1 3.632733795154902e-4 40786575 41058665 272090
2 165 rs3738876 23102550 1 3.627191896487264e-4 23102550 23106030 3480
2 304 rs4583515 48177487 1 3.611381865087929e-4 47942825 48179497 236672
2 734 rs2704358 164402710 2 3.5943302983535547e-4 164295936 164454604 158668
2 9 rs6713543 1635176 1 -3.5603889973159693e-4 1619121 1643208 24087
2 696 rs1385430 151802790 2 3.514560008466506e-4 151773871 151996692 222821
2 812 rs991055 181468010 1 3.4934953435844876e-4 181335796 181614535 278739
2 563 rs1437421 120975831 1 3.462627834189772e-4 120885310 121041347 156037
2 996 rs16822696 227675755 2 3.421733022682511e-4 227675755 227925991 250236
2 565 rs13393184 121154330 3 -3.421193834766482e-4 121118921 121164027 45106
2 979 rs7585110 224483652 1 -3.404340375192386e-4 224476078 224576402 100324
2 1029 rs883013 233215403 1 -3.30033528497658e-4 232796610 233232064 435454
2 377 rs997153 66771047 1 -3.2354503272010295e-4 66651744 66781453 129709
2 454 rs2974150 80153996 2 -3.217525846355477e-4 80153996 80213680 59684
2 512 rs17665024 106555857 1 -3.1944833363057706e-4 106551158 106674925 123767
2 137 rs13403883 18149931 2 3.1054618568777037e-4 18147893 18274609 126716
2 854 rs2305566 197172538 1 3.052307739436587e-4 197141271 197273364 132093
2 477 rs17027257 86653699 1 -3.0504845231164114e-4 86571415 86850022 278607
2 584 rs12476179 124484294 2 3.0153920336754327e-4 124179505 124710795 531290
2 768 rs1045327 171849612 2 2.9851433949965543e-4 171732267 172082579 350312
2 208 rs7587515 31414851 1 -2.9688578901564816e-4 31394722 31450522 55800
2 408 rs2114811 71932031 1 -2.9687157396646554e-4 71861587 71932953 71366
2 1023 rs2175149 231877207 1 -2.911914582052144e-4 231864289 231882097 17808
2 1090 rs7570018 240502117 3 2.8879572327691286e-4 240502117 240601166 99049
2 647 rs13031368 138860501 1 -2.8805232739985756e-4 138846608 139052721 206113
2 382 rs10496143 67465671 1 -2.8531421039297664e-4 67456700 67687629 230929
2 796 rs2044642 177460699 1 2.8371999066279327e-4 177365599 177460699 95100
2 24 rs12464090 3085996 1 -2.8271181081751886e-4 3062238 3114755 52517
2 704 rs12466830 154348863 2 -2.778195220738144e-4 154348863 154479664 130801
2 413 rs2043100 73374096 1 -2.66060938079773e-4 73278990 73491644 212654
2 269 rs12466022 43359061 4 -2.644504307942946e-4 43317253 43359061 41808
2 253 rs11688696 40306740 2 -2.6385888682716157e-4 40283459 40322900 39441
2 823 rs17508767 185535807 1 -2.604566129903684e-4 185326251 185559043 232792
2 336 rs10496048 55828974 3 -2.372047606090853e-4 55727476 56096892 369416
2 697 rs2271811 152117780 1 -2.321336352303851e-4 152008089 152236398 228309
2 144 rs1727198 19479000 1 2.3137848935113345e-4 19302855 19590019 287164
2 226 rs11124406 35190105 1 2.3125728350096168e-4 35085350 35327716 242366
2 678 rs2381911 147024137 2 2.2791988914342668e-4 146666257 147196291 530034
2 381 rs10179160 67291715 2 2.2497661376791824e-4 67240028 67429679 189651
2 677 rs2381757 146422643 1 -2.2380285266452752e-4 146422643 146639739 217096
2 498 rs6543194 103598575 1 2.2195997560040743e-4 103313018 103602505 289487
2 371 rs934734 65595586 1 2.208677304829585e-4 65546422 65711298 164876
2 691 rs330586 151001420 1 -2.185048045668967e-4 150977222 151250458 273236
2 66 rs6708659 7924833 1 2.140518553111255e-4 7826501 7933809 107308
2 391 rs11677065 69013007 4 2.138117927207456e-4 68970181 69101053 130872
2 194 rs4322797 29666976 1 -2.1181794434832295e-4 29666976 29785781 118805
2 902 rs918233 211376416 1 2.1172659006120205e-4 211287315 211525764 238449
2 147 rs11096616 19950959 1 2.067661487112184e-4 19916997 19975732 58735
2 443 rs6719192 78124975 2 2.0241044715306616e-4 78093107 78124975 31868
2 739 rs6721075 165841197 1 -2.0101005821515663e-4 165840077 165890733 50656
2 1038 rs2361502 234698790 2 -2.0021236643882176e-4 234685264 234702459 17195
2 467 rs2218792 84001716 3 1.969551885852775e-4 83907358 84364646 457288
2 1018 rs6436944 231376320 4 1.9673389194942593e-4 231333763 231443428 109665
2 738 rs355808 165682946 3 -1.9673219663761616e-4 165501849 165808057 306208
2 213 rs6745339 33173552 1 -1.9373582582940107e-4 33138551 33255984 117433
2 556 rs332080 119505210 1 1.92978058807605e-4 119296554 119520620 224066
2 876 rs6750362 205219203 1 -1.9065062737802147e-4 205111927 205219203 107276
2 340 rs10200604 56575020 2 -1.8810330179578353e-4 56552703 56593901 41198
2 1035 rs7608422 233950732 3 1.868331403613282e-4 233912755 233950732 37977
2 847 rs17662626 193984621 1 1.8450623786791937e-4 193775570 194819525 1043955
2 152 rs342096 20696256 1 -1.82733245060205e-4 20664769 20696256 31487
2 30 rs7591808 3928737 1 -1.8004315724317753e-4 3918124 3948987 30863
2 860 rs12477557 199236870 3 1.789738098581329e-4 199123727 199258412 134685
2 652 rs6430852 140464009 1 -1.7620799108825931e-4 140318199 140651778 333579
2 95 rs6432168 11215734 1 -1.7443464781773005e-4 11113517 11220562 107045
2 1040 rs2362294 234900513 1 -1.709955566569527e-4 234890391 234900513 10122
2 390 rs6754173 68895542 1 1.681106430035392e-4 68884537 68954919 70382
2 387 rs34422503 68222281 1 -1.6560577085916205e-4 68165196 68241345 76149
2 7 rs4467306 1154664 1 1.615264727508585e-4 1143477 1367511 224034
2 307 rs4953625 48977778 1 -1.6075172184350646e-4 48958687 49006825 48138
2 568 rs4848607 121283724 1 1.5764085802958886e-4 121280603 121309759 29156
2 465 rs17022737 83129299 1 1.57311983879749e-4 82978565 83570264 591699
2 222 rs10495809 34305257 3 -1.5678785354315264e-4 34284852 34491664 206812
2 189 rs6739684 29247894 1 1.5319966724192403e-4 29001691 29280791 279100
2 943 rs3791915 218784146 2 -1.5243231565788254e-4 218784146 218827913 43767
2 586 rs6758687 125067269 1 1.5031503688552403e-4 124946945 125159292 212347
2 775 rs10190099 173550622 5 -1.4817154093624746e-4 173289239 173564133 274894
2 101 rs10191977 11881039 2 -1.44547614466003e-4 11834635 11922054 87419
2 567 rs7574050 121247093 1 -1.4443347552829455e-4 121247093 121247093 0
2 1103 rs4676442 241740907 1 -1.4317103472609907e-4 241740907 241894333 153426
2 1107 rs13004470 242511083 2 1.4297598158209113e-4 242511083 242511083 0
2 998 rs4430946 228078708 1 -1.3970892377051234e-4 228064180 228113175 48995
2 27 rs9752321 3494374 1 1.3919536799043118e-4 3477014 3718985 241971
2 1022 rs9973676 231818806 2 -1.293932894113084e-4 231818806 231825834 7028
2 146 rs1593746 19701837 1 -1.287158353408152e-4 19694200 19908539 214339
2 661 rs6726240 142194933 2 -1.284252294316533e-4 142176624 142374378 197754
2 810 rs16867120 180826451 3 1.233150441675255e-4 180783672 180979913 196241
2 542 rs6737251 115213675 3 -1.2306197838917127e-4 115210642 115280624 69982
2 671 rs787166 144689662 1 1.2199846008709198e-4 144689662 144931112 241450
2 828 rs986588 188871436 3 -1.1558363888857772e-4 188684507 188879205 194698
2 469 rs11904045 84618582 1 -1.1437936475151126e-4 84435415 84897517 462102
2 131 rs10514636 16827463 1 -1.1113143041048986e-4 16816006 16959153 143147
2 416 rs6546886 74245777 1 1.104860843319572e-4 74202473 74355244 152771
2 753 rs2123194 169204903 1 1.0976350722646962e-4 169196340 169220101 23761
2 373 rs1673459 65810588 2 1.0963782379886131e-4 65810588 65928971 118383
2 109 rs7579161 13146645 3 -1.066904776938298e-4 13146645 13610655 464010
2 94 rs4442966 11085744 1 1.0553862843602798e-4 11083259 11092613 9354
2 720 rs2193700 159266933 4 1.0553272488676778e-4 159047406 159271306 223900
2 507 rs9653475 105799763 1 1.0438974141860792e-4 105784872 105865967 81095
2 577 rs12479320 122117738 1 1.0424661674522504e-4 122083042 122492983 409941
2 233 rs12465282 36619764 2 1.0395375286983786e-4 36571060 36679028 107968
2 225 rs3748926 35012498 2 1.0038302826594726e-4 34905328 35036487 131159
2 438 rs12151596 77581832 2 9.615274439918513e-5 77581832 77612121 30289
2 1050 rs12613932 235670433 2 9.472154309463596e-5 235635006 235704072 69066
2 859 rs1350208 199086265 1 -9.208016738814188e-5 198962243 199095875 133632
2 611 rs4233600 130646173 1 -9.130411674693164e-5 130568652 130646173 77521
2 528 rs17041797 111792193 1 9.112660190599298e-5 111753228 111850515 97287
2 648 rs7598316 139327055 1 -8.994077286648103e-5 139063638 139380666 317028
2 519 rs4149423 108916044 2 -8.85833884219456e-5 108651021 108926033 275012
2 244 rs17021813 38218281 1 -8.719344468768541e-5 38140126 38298150 158024
2 485 rs6753380 99129040 1 -8.621098412832083e-5 99000814 99239931 239117
2 970 rs4673017 223251464 1 -8.50842860710651e-5 223124093 223331920 207827
2 750 rs10930295 168749667 2 8.251248494495504e-5 168649399 168772522 123123
2 114 rs925782 14528945 1 7.516021886730512e-5 14371461 14591055 219594
2 518 rs13020302 108599710 1 6.897002582040155e-5 108415702 108607394 191692
2 426 rs7564504 75654059 1 -6.86622324487604e-5 75654059 75654059 0
2 280 rs1107698 45355038 1 -6.84108279918724e-5 45352356 45410658 58302
2 716 rs4377290 158437683 1 -6.79993490263639e-5 158437683 158499868 62185
2 540 rs3115327 114954162 1 5.844952214007364e-5 114884165 114976978 92813
2 886 rs1990708 206654123 2 -5.181891877920953e-5 206642337 206699721 57384
2 238 rs13418962 37136638 1 -5.0550760388080526e-5 37074951 37590284 515333
2 1081 rs13383709 239547028 1 -4.9119936313929576e-5 239482459 239574950 92491
2 210 rs45523133 31611143 1 -4.9054228548451955e-5 31553987 31611143 57156
2 284 rs17033965 45898530 2 -4.8566897697952807e-5 45898530 45941915 43385
2 1054 rs3731645 235949920 1 -4.7400460744368826e-5 235949877 235950284 407
2 509 rs17031192 106157515 1 4.677050301818269e-5 106078289 106197398 119109
2 263 rs6737623 42291485 1 4.2278061887042214e-5 42180912 42329329 148417
2 140 rs2345835 18574952 1 4.215879039984113e-5 18531499 18621953 90454
2 157 rs10495709 20928042 1 4.1803725360203034e-5 20880345 21015763 135418
2 383 rs6546315 67800520 1 3.711072933115124e-5 67705080 67867456 162376
2 436 rs1176782 77345491 2 3.5857757254280886e-5 77021226 77345491 324265
2 130 rs1024925 16805353 1 -3.554586492128543e-5 16803169 16805353 2184
2 679 rs10928302 147372024 2 3.013250785252619e-5 147292648 147541992 249344
2 87 rs1476985 10495974 1 -3.0108521718530747e-5 10495974 10524780 28806
2 116 rs2714240 14877094 2 -2.9864559820589785e-5 14765777 15076201 310424
2 968 rs10932941 222986114 1 -2.803832693054226e-5 222891137 222986114 94977
2 402 rs722896 71043461 1 -2.4913833071659315e-5 71036482 71059153 22671
2 699 rs1879140 152856062 1 -2.1052077575341097e-5 152755598 153198489 442891
2 328 rs7559945 53613744 1 -2.104091826090284e-5 53536813 53633492 96679
2 924 rs6707530 216240584 1 1.9681622614523753e-5 216143939 216243650 99711
2 927 rs4453695 216725945 1 -1.2236556573672552e-5 216631366 216737655 106289
2 674 rs1438898 145714354 5 7.46194531009328e-6 145316407 145892427 576020
2 864 rs2347286 200946393 3 7.443907163320147e-6 200527705 201247479 719774
2 305 rs1396823 48390049 1 5.760469288606667e-6 48233949 48749047 515098
2 633 rs1313363 134994825 1 -5.1114817887702466e-6 134985914 135144454 158540
2 933 rs6435948 217588017 1 -4.327438061021968e-6 217573692 217662968 89276
2 20 rs10174217 2742650 1 3.63596164803494e-6 2723155 2765887 42732
2 833 rs785259 191020292 2 -1.4980859846494728e-6 190959523 191029604 70081
