CHR Group SNP.lead BP.lead Size W BP.min BP.max BP.width
5 964 rs6897932 35874575 3 0.12675224413411484 35862841 35887640 24799
5 3118 rs4912622 141490587 7 0.045763723268747 141475178 141526963 51785
5 1196 rs3776694 53360174 2 0.03401945708381353 53360059 53364230 4171
5 2179 rs1428439 100238801 3 0.03299344067261225 100214617 100279289 64672
5 3056 rs11750814 137500665 3 0.03044996564351369 137486426 137619591 133165
5 3539 rs2546890 158759900 2 0.02840087189059802 158759900 158764177 4277
5 2617 rs6595174 118440675 2 0.0245522659224156 118440675 118532034 91359
5 3155 rs6580285 142889168 1 0.02308623818736087 142866564 142889168 22604
5 3484 rs3846684 156649132 3 0.02276386658859072 156637347 156649132 11785
5 2213 rs26232 102596720 1 0.02235431848185775 102589454 102596720 7266
5 3538 rs2082412 158717789 5 0.02185753452884818 158690951 158754195 63244
5 486 rs9790982 14776585 1 0.02169937112051738 14776585 14794868 18283
5 936 rs3846632 34863220 1 -0.02067780936925629 34863220 34871932 8712
5 3337 rs10036748 150458146 2 0.0202269043928774 150451650 150458146 6496
5 2687 rs2116427 121182996 1 0.02019922047398514 121182996 121182996 0
5 2033 rs13165943 92139632 3 0.01998789738145713 92138100 92177723 39623
5 3310 rs887344 149549022 1 0.01955884171274349 149548823 149568093 19270
5 2214 rs12187443 102660400 1 0.0191759021307924 102615707 102660400 44693
5 474 rs149123 14222340 1 0.01873991518113071 14182550 14227482 44932
5 2973 rs10059571 133410192 2 0.01843970153349504 133410192 133416258 6066
5 2362 rs2301010 109132461 1 0.01800734268342149 109112145 109145646 33501
5 4176 rs307814 180074248 1 0.01745329120758287 180074248 180074248 0
5 484 rs149391 14745268 3 0.01692797241100527 14741921 14745268 3347
5 1884 rs6897010 83163554 1 0.01631798046425381 83163554 83163554 0
5 2013 rs6452953 90723034 4 0.01631525235837836 90654579 90751343 96764
5 1001 rs4343860 37681646 5 0.01613360924280303 37608058 37716067 108009
5 260 rs1353502 6902045 1 0.01602920501459393 6892417 6902045 9628
5 2363 rs6594405 109222729 2 0.0155943607845297 109213034 109224099 11065
5 2616 rs7706037 118357780 2 -0.01557593278158458 118357780 118357780 0
5 3948 rs255313 172611648 2 0.01520812550858249 172611648 172619253 7605
5 2389 rs3806932 110405675 2 0.01429348220183707 110405675 110439509 33834
5 3532 rs10515785 158443352 3 0.01409051457343488 158393580 158443352 49772
5 944 rs6451180 35118848 2 -0.01404044559535137 35118848 35145363 26515
5 2257 rs7702850 104742710 3 -0.01395967058589865 104682427 104742710 60283
5 1463 rs4235460 65689041 1 0.01392997921187022 65669141 65689041 19900
5 1174 rs1421941 52297951 1 0.01388947495241352 52297242 52321039 23797
5 3622 rs312305 162095410 1 0.01379490688953161 162095410 162096682 1272
5 3336 rs1422673 150438988 4 0.01371455872538973 150434722 150445609 10887
5 1220 rs4282276 54011945 4 -0.01371360191729333 53991758 54011945 20187
5 2755 rs4835839 123939264 2 0.01360132509886584 123939264 123948093 8829
5 1870 rs1805377 82648943 2 0.01350171327411036 82640477 82648943 8466
5 1538 rs1911923 71155607 1 0.01303384292594783 71155607 71169505 13898
5 2625 rs2678070 118812180 2 -0.01299484785752224 118789338 118838068 48730
5 386 rs5745294 10681296 2 0.0125941591377266 10675766 10685185 9419
5 115 rs11747122 3086951 3 0.01236104334009605 3082219 3089964 7745
5 646 rs1911963 22445794 1 -0.01213384170477026 22431467 22455096 23629
5 1546 rs4704553 71430895 2 0.01204799105793986 71430895 71431716 821
5 4046 rs10039221 174861613 1 -0.01199830689953265 174858052 174861613 3561
5 1074 rs6893565 40293299 3 0.01184229252255658 40288878 40316181 27303
5 1986 rs10035607 89115932 1 -0.01181071597511927 89115932 89127815 11883
5 904 rs1374017 33835353 1 0.01160698726343934 33835353 33879792 44439
5 2111 rs30187 96124330 10 0.01159398869471586 96118866 96139595 20729
5 57 rs12656386 1965996 1 -0.01142506341042235 1965996 1976478 10482
5 2591 rs10074918 117434840 2 -0.01141527555503884 117413402 117441642 28240
5 644 rs6865522 22227895 1 -0.01135910695152848 22227895 22250652 22757
5 3328 rs6579821 150331600 1 -0.01112889163877923 150331600 150331600 0
5 3503 rs6882516 157182897 1 0.01109711719630067 157164962 157182897 17935
5 3164 rs12519988 143211589 2 0.0110484130837167 143201705 143216173 14468
5 3812 rs11738097 168633447 3 -0.01104415405743222 168626241 168650196 23955
5 2198 rs6870697 101352494 1 -0.01096402938031985 101331313 101364700 33387
5 1167 rs889294 52110676 4 0.01095242803041561 52074401 52114611 40210
5 2711 rs570682 122449650 2 -0.01061298073034909 122448244 122450824 2580
5 869 rs4867116 32651271 1 -0.01060861226242385 32651271 32661834 10563
5 2290 rs4382152 106379106 2 0.01058415221796239 106379106 106379106 0
5 2395 rs7709420 110544623 3 0.01040515619401032 110521535 110549925 28390
5 3334 rs3763012 150404657 4 0.01021682529549219 150401765 150410135 8370
5 3072 rs749125 139166808 1 0.01013464624911416 139166034 139166808 774
5 1673 rs17567779 75925916 1 -0.01005604613758122 75923294 75941978 18684
5 2825 rs6884533 126041754 1 0.00992751549125191 126014766 126041754 26988
5 1670 rs16873483 75871350 2 0.00991906599919285 75856455 75875629 19174
5 3568 rs1582418 159882797 4 -0.00966941596409178 159879978 159886620 6642
5 2133 rs6890789 97469921 1 0.00958118853682798 97440934 97477227 36293
5 2139 rs154201 97939616 1 0.00953942956965767 97910106 97939616 29510
5 1150 rs4865518 50984183 1 0.00949800946816422 50984183 51070843 86660
5 3953 rs10073580 172725229 1 0.00935141655085607 172719187 172726432 7245
5 4137 rs11746863 178572268 3 -0.00932829604626307 178570914 178579914 9000
5 2012 rs6452949 90645137 1 -0.00909879219352568 90642319 90645137 2818
5 132 rs4866550 3308312 1 0.00909251698298297 3308312 3310539 2227
5 951 rs32745 35357174 1 0.00899253364689838 35337134 35361087 23953
5 1086 rs896117 40999419 3 -0.00894748276275818 40991344 40999419 8075
5 3370 rs159822 151467672 2 0.00880954024881524 151456352 151471642 15290
5 2433 rs6594619 111915524 2 -0.00868142650255306 111913764 111915524 1760
5 2424 rs13361927 111605951 1 -0.0086396754452463 111590916 111607509 16593
5 1400 rs16890998 62033116 3 0.00863826317778285 62007687 62037885 30198
5 589 rs4597970 18971937 2 0.00850828538798669 18954716 18971937 17221
5 3418 rs17637310 153774496 2 0.00846290918916425 153774496 153777453 2957
5 3586 rs2176297 160388599 1 0.00841141649959869 160384176 160390969 6793
5 2397 rs6875225 110568929 1 0.0083744878612208 110568929 110568929 0
5 3111 rs17208551 141226970 1 0.00833845292431754 141226970 141226970 0
5 864 rs6879213 32474264 2 -0.00832216901679736 32474006 32487636 13630
5 1655 rs12655684 75492702 1 0.00820862377799095 75492702 75492702 0
5 1448 rs1301451 65067041 1 -0.00816439465587213 65027463 65067041 39578
5 1405 rs6865447 62325295 1 0.00812514643511898 62262952 62363212 100260
5 859 rs2291114 32074392 2 0.00803074267642066 32074392 32074462 70
5 1425 rs10071371 63309892 2 -0.00800518235014815 63288619 63314425 25806
5 1703 rs6863296 76616738 2 0.00790161727153172 76607841 76621674 13833
5 3447 rs10515719 154803797 2 0.00781769535241753 154803797 154818499 14702
5 573 rs17661265 18215931 1 0.00776467125065137 18173795 18215931 42136
5 1381 rs10514916 60976083 3 -0.00775580248464358 60974357 60986143 11786
5 35 rs2963285 1550734 1 0.00771304432320436 1548764 1550734 1970
5 1664 rs246797 75647630 1 0.00765089453856603 75647630 75647630 0
5 137 rs402272 3411611 1 0.00761566195905872 3411611 3437548 25937
5 255 rs12188231 6761511 1 0.00750746055122178 6761511 6761511 0
5 1851 rs924619 81953043 2 0.00744678739552313 81953043 81955591 2548
5 411 rs10474912 11239180 1 -0.00744088880015101 11239180 11239180 0
5 3286 rs11750184 148846518 2 -0.00734431950649979 148846426 148853121 6695
5 3355 rs17112022 150861701 3 -0.00732920743489903 150853893 150886882 32989
5 3143 rs6898510 142372435 1 0.00730252089682849 142357116 142372435 15319
5 2379 rs10035983 109833727 1 0.00721881401694561 109804977 109833727 28750
5 3278 rs1438692 148659664 1 -0.00720491606422772 148659664 148659664 0
5 3462 rs10077764 155717149 1 0.00710920929970897 155694257 155717149 22892
5 3767 rs7722031 167543205 4 0.00709017823035633 167529727 167552605 22878
5 4103 rs2973720 177802161 1 -0.00706381090213546 177798295 177802161 3866
5 2076 rs6866194 94919966 2 0.00703799221991671 94796041 94939193 143152
5 1327 rs1010757 58076467 2 -0.00694843309457527 58070983 58077903 6920
5 2712 rs2287696 122460332 1 -0.00694318319050289 122453145 122461778 8633
5 1571 rs2914544 72809831 2 -0.00682032811321444 72768166 72809831 41665
5 4067 rs34767982 176004680 2 0.00676714628451408 176001975 176006611 4636
5 3248 rs7700964 147363251 2 -0.0067374395715051 147363251 147388388 25137
5 1295 rs108609 56901907 2 -0.00662615756272071 56901907 56926094 24187
5 444 rs6554760 13238542 3 0.0065816695499332 13236478 13246979 10501
5 3523 rs10515765 157947537 2 0.00656024781963135 157947537 157969475 21938
5 1388 rs4699986 61150440 2 0.00653324009284957 61137914 61161048 23134
5 1435 rs725127 64099769 4 -0.0065062447907146 64096170 64124087 27917
5 3181 rs10491258 144132727 2 0.00649443806678641 144132727 144193857 61130
5 2775 rs930413 124493324 2 -0.00644426901376688 124491958 124493324 1366
5 2691 rs2560301 121429808 1 -0.00634527877262955 121429808 121452158 22350
5 2749 rs257706 123740639 4 0.00632510900187413 123740639 123746171 5532
5 842 rs7707027 31761519 1 0.0061946897155139204 31761519 31761519 0
5 3265 rs10070291 148232677 2 0.00615114915044091 148232677 148232677 0
5 2447 rs7732695 112495421 1 0.00609557709132674 112495421 112495421 0
5 1964 rs6865693 87715239 1 -0.00606168555024661 87663610 87756918 93308
5 2309 rs6887589 107011559 2 -0.00598290321196237 107010201 107020854 10653
5 1165 rs1450952 52034098 5 0.00595368207480569 51991603 52051514 59911
5 2745 rs7713532 123587452 2 0.00594398730352078 123587152 123587452 300
5 449 rs983830 13459048 1 -0.00586047514986067 13453436 13459048 5612
5 3083 rs1030667 139658794 1 0.00583851589025088 139565028 139658794 93766
5 2148 rs7737402 98333129 2 0.00564198812873798 98333129 98333129 0
5 1755 rs7719464 78641327 2 0.00563620937489413 78641327 78661854 20527
5 1225 rs1991498 54170032 2 0.00558354112949028 54170032 54170032 0
5 3936 rs7715908 172243695 3 0.00556676754001468 172243695 172246457 2762
5 1717 rs354616 77122240 5 0.00551251468742771 77114598 77122856 8258
5 146 rs6892937 3684777 1 0.00549709365532796 3684777 3684777 0
5 2853 rs1520246 127266725 1 0.00545053380990087 127266725 127294777 28052
5 293 rs7722615 7989257 1 -0.00533489353433206 7984374 7989257 4883
5 4039 rs2471015 174756703 1 0.00531352984528276 174749051 174756703 7652
5 2205 rs6883528 101836140 4 -0.0052719023217818 101775394 101850042 74648
5 296 rs1377490 8036594 3 -0.0052666493593248 8021515 8047543 26028
5 2410 rs17842608 111056781 2 0.00526632172195091 111040812 111066697 25885
5 304 rs10512951 8303911 1 0.0052622880300418 8295533 8328783 33250
5 1959 rs9293489 87139133 1 -0.00523897776362379 87139133 87244902 105769
5 3092 rs2907320 140606802 3 -0.00522496414551959 140590766 140614830 24064
5 1263 rs458036 55816081 2 -0.0052074661553315 55810027 55816888 6861
5 795 rs6878545 30407686 1 0.00518802949506407 30407686 30407686 0
5 3838 rs6863396 169463466 2 -0.00511233923463001 169463466 169465861 2395
5 688 rs1389221 24884260 1 0.00510418748338677 24884260 24884260 0
5 161 rs10866562 4110205 2 0.00509864062604064 4105915 4110205 4290
5 1549 rs13153166 71494931 1 0.00499086599661084 71490962 71494931 3969
5 1838 rs11747149 81198579 1 0.00497573546916698 81198579 81220187 21608
5 2485 rs3891371 113834663 1 0.00487883403955603 113834663 113834663 0
5 3825 rs371856 169146825 1 0.00484737438185551 169146825 169146825 0
5 218 rs257073 5834614 2 -0.00482664404644307 5829115 5836626 7511
5 4141 rs456909 178659691 1 0.00482477300593788 178659691 178665185 5494
5 3096 rs72790032 140773111 2 0.00482092148818946 140773111 140820846 47735
5 1215 rs2059217 53912105 1 -0.00480860970854556 53897218 53919942 22724
5 2109 rs27524 96101944 2 0.00479243042841284 96082401 96104835 22434
5 2125 rs7704593 97153609 4 -0.00479211113568268 97137056 97165802 28746
5 3451 rs17118094 154989490 2 0.00477376594494013 154989490 155001507 12017
5 3100 rs456998 141025162 3 -0.0047647485713722 141021096 141027399 6303
5 1962 rs13357105 87457198 3 0.00471581412685564 87445490 87510854 65364
5 1849 rs905219 81882182 1 0.0047148444125419 81856537 81882182 25645
5 2248 rs10069629 104212940 6 0.00468501800058134 104178282 104212940 34658
5 2058 rs13359541 94147866 3 0.00466965723244054 94147866 94176617 28751
5 32 rs36979 1503610 4 0.00464681523861071 1499175 1503610 4435
5 2860 rs56168072 127666298 2 -0.00461025077779656 127653022 127685135 32113
5 116 rs13187652 3095939 1 0.00460436724785913 3095124 3095939 815
5 1922 rs6863727 85099581 4 -0.00459161773749103 85058382 85102498 44116
5 2452 rs10519348 112601878 4 0.00454157711677203 112577696 112608343 30647
5 121 rs468828 3152858 3 0.00454005306087395 3152802 3153253 451
5 3995 rs1863954 173782172 1 -0.00452855276103585 173772593 173782331 9738
5 3391 rs6881504 152498173 3 0.00452146649716926 152488891 152498173 9282
5 692 rs10065343 25120430 1 -0.00450868878222901 25092432 25135494 43062
5 265 rs13161773 7118462 3 0.00448369949564749 7111255 7138170 26915
5 1905 rs10051998 84018132 3 0.00442158061376158 84018132 84033417 15285
5 3718 rs2133726 165763260 1 0.0044145740275997 165762233 165767694 5461
5 3771 rs3756603 167645010 3 -0.0043715439164442 167622914 167645010 22096
5 1521 rs13175238 68058660 1 0.0043702272279996 68054574 68060559 5985
5 2382 rs27591 110095938 2 -0.00435862583971438 110095938 110095938 0
5 1990 rs10059737 89517833 1 0.0043581410879289 89517833 89520881 3048
5 4011 rs6878215 174060774 1 0.00433921187094366 174060774 174060774 0
5 3240 rs994025 147152885 1 -0.00424215054025842 147131749 147152885 21136
5 2247 rs9327914 104174305 1 -0.00424089278641391 104125475 104174305 48830
5 2041 rs4541642 92588936 1 -0.00410225824288005 92588936 92588936 0
5 426 rs7713093 11593348 2 0.00409972717256414 11593348 11593348 0
5 2765 rs6595551 124139895 1 0.00408089219436809 124139895 124139895 0
5 158 rs680810 3993746 1 0.00405709620562393 3992147 4007030 14883
5 58 rs1872775 1999840 1 0.00401007688665689 1985845 1999840 13995
5 1199 rs172139 53457867 1 -0.0040090689794962 53457867 53469763 11896
5 2709 rs34341374 122364538 1 0.00399416930534605 122348548 122367347 18799
5 758 rs4266409 28489325 6 0.0039805505880651 28489162 28515328 26166
5 3458 rs2310879 155400562 2 -0.00396720294858238 155400562 155415607 15045
5 2796 rs13165374 125149358 1 0.00395050056943538 125149358 125149358 0
5 1277 rs10051671 56009384 2 -0.00394232953823648 56009256 56041064 31808
5 4038 rs3955072 174708042 2 0.00393452232491284 174708042 174727366 19324
5 3664 rs6556742 163681411 2 0.00391274015445101 163681411 163731007 49596
5 1786 rs10805934 79603708 1 0.00390714178695984 79603708 79617357 13649
5 4104 rs7722612 177826469 1 0.00389967636765038 177820134 177826469 6335
5 1292 rs12658182 56794319 2 0.00387249203251783 56794319 56797293 2974
5 1119 rs35201656 43613046 4 0.00381363966836064 43613046 43653243 40197
5 1827 rs11740719 80723458 1 0.00377874061629793 80719125 80723458 4333
5 3508 rs3095996 157370372 2 -0.00374608975567562 157369504 157371960 2456
5 652 rs12518494 22938343 2 -0.00373378892871892 22893819 22985333 91514
5 2368 rs11959815 109399630 1 0.00373338919095364 109398784 109401411 2627
5 2378 rs17132048 109732649 1 0.00372476825379799 109732649 109758964 26315
5 1172 rs988574 52240810 1 -0.00371486647199298 52237991 52257301 19310
5 742 rs4585457 27699870 1 0.00370860424691849 27699870 27719260 19390
5 1443 rs1389319 64626453 2 -0.00369785018723832 64625512 64673915 48403
5 1175 rs1363192 52338083 3 0.0036946230177472 52323568 52344610 21042
5 182 rs16874171 4875420 2 0.00368507486395501 4872511 4876172 3661
5 1722 rs4484406 77245012 1 -0.0036783523012985 77239920 77249424 9504
5 400 rs860434 10954186 2 0.00362370938371579 10951133 10955988 4855
5 1084 rs324058 40961894 4 0.00361173285370826 40961164 40977760 16596
5 3244 rs1368408 147258162 1 -0.00360537672317899 147258162 147271465 13303
5 1362 rs4302546 59522505 3 0.00358245476180112 59507973 59544653 36680
5 4145 rs368080 178796142 1 -0.00357530503055145 178796142 178807114 10972
5 2818 rs730870 125874993 1 -0.00357066126068498 125874334 125874993 659
5 178 rs7711434 4724332 2 0.00356546303201291 4700587 4724332 23745
5 3674 rs10064772 164368235 3 0.00355900796641427 164334870 164370690 35820
5 483 rs6895973 14621711 2 -0.00355802488731214 14606973 14621711 14738
5 2296 rs7711379 106674243 4 -0.0035244062096988 106674243 106683271 9028
5 3927 rs6556035 172079889 1 0.00351376632138312 172073780 172079889 6109
5 3643 rs12654614 162985655 3 -0.00351073598863822 162978283 162986384 8101
5 2861 rs1561006 127712056 2 -0.00348474136657214 127691546 127712056 20510
5 1355 rs10514888 59152509 1 -0.00348085961491117 59152509 59152509 0
5 3402 rs1422884 153009489 1 0.00346061100805542 153009489 153009489 0
5 1506 rs3815701 67575642 1 -0.00345897233837814 67575642 67575642 0
5 3665 rs7701370 163841892 1 -0.00343745953102732 163815143 163850395 35252
5 49 rs7703762 1797548 1 -0.00343276947982017 1797548 1818127 20579
5 1142 rs7446150 50332780 1 0.00342722801511243 50332780 50372657 39877
5 3088 rs56003 140298532 3 0.00341750160288657 140255119 140332812 77693
5 1574 rs17633441 72928247 3 0.00341691665360106 72928247 72933055 4808
5 3845 rs7729440 169568872 3 0.00339989308722065 169551236 169572933 21697
5 2145 rs727637 98213991 2 0.0033765726466169 98139720 98249613 109893
5 3736 rs2161425 166309007 2 0.00336169880192771 166309007 166325332 16325
5 3865 rs11957313 169950394 1 0.00335754506878001 169950394 169950394 0
5 840 rs6450855 31711429 1 0.00334354456603405 31711429 31713446 2017
5 4018 rs7728861 174180561 1 0.00332856689570637 174180561 174180561 0
5 1240 rs3761772 55034088 5 -0.0033268153606026 55034088 55135283 101195
5 1768 rs410079 79105021 1 -0.00330084077773433 79105021 79108476 3455
5 2926 rs743562 131872383 2 0.00328196623205772 131862977 131872865 9888
5 1708 rs10514104 76808135 3 0.00327996668654935 76733379 76808135 74756
5 4036 rs4868495 174611803 2 -0.00327080581362148 174611803 174619797 7994
5 2740 rs17151176 123384579 1 0.00326831489801304 123374257 123384579 10322
5 383 rs9790911 10585287 1 0.00326096933318435 10583537 10594061 10524
5 2114 rs6861666 96205801 2 0.00321464029401523 96204254 96205801 1547
5 1822 rs7713774 80660945 1 -0.003213237406756 80660945 80660945 0
5 1630 rs7721887 74301852 2 -0.00321184700036234 74300599 74324902 24303
5 2268 rs10447296 105218146 1 -0.00320856389690331 105200594 105232877 32283
5 1525 rs10044075 68231686 1 0.00320583276571985 68231686 68231686 0
5 2730 rs2194046 123024195 4 0.00318270666203855 123009413 123050342 40929
5 562 rs1399486 17767272 1 0.00318055028135272 17761671 17767272 5601
5 3684 rs9790890 164786295 2 0.00317718796666493 164786295 164792081 5786
5 2456 rs11953478 112769659 1 -0.00315848289619167 112758471 112774425 15954
5 881 rs1428216 33056345 1 -0.00313668188378033 33054143 33067875 13732
5 3836 rs6555879 169391322 2 0.00313578864124956 169391322 169398287 6965
5 1254 rs1990977 55601387 2 -0.00313490892345353 55593724 55611710 17986
5 3881 rs7707008 170801952 1 0.00311452382005128 170801952 170801952 0
5 4079 rs9313758 176773091 4 -0.0030999812475739 176773091 176784512 11421
5 873 rs6866384 32752599 1 -0.00308649369723275 32746547 32772043 25496
5 3343 rs891899 150553419 1 -0.00306420933295232 150548231 150553419 5188
5 3430 rs4958756 154045825 1 0.00304811864489703 154045825 154050914 5089
5 1956 rs13158939 86946130 2 0.00303779348821247 86913066 86951508 38442
5 2428 rs7702830 111770880 1 -0.00303753505340211 111765962 111770880 4918
5 4075 rs365132 176378574 4 0.00300702941286454 176328336 176434440 106104
5 563 rs11958964 17791030 1 -0.00300430123881345 17776869 17794814 17945
5 2697 rs3811873 121793477 1 0.00297769416153599 121788166 121808701 20535
5 1530 rs12651858 68577467 3 0.00295735855670843 68455166 68577467 122301
5 73 rs462498 2339273 1 0.00288971999820696 2338908 2339273 365
5 1162 rs1600175 51872258 1 0.00286860173740284 51861275 51912216 50941
5 624 rs432786 21148212 3 -0.00286192328682865 21120491 21194735 74244
5 4063 rs17607568 175571579 1 -0.00285962193055011 175571579 175571579 0
5 1238 rs2897834 54938579 1 0.00282430296236702 54906367 55003944 97577
5 3998 rs1427958 173819523 1 0.00282240212053574 173815831 173823541 7710
5 3524 rs1650506 158030482 4 0.00281831629557666 157995803 158030482 34679
5 3969 rs703724 173120513 2 0.00281079879536593 173120513 173120513 0
5 994 rs16903304 36731225 1 0.0028005595949473 36731004 36735284 4280
5 2986 rs139800400 134343662 2 0.0027987394051299 134332143 134352534 20391
5 3754 rs7723247 167115062 1 0.00279851818399888 167115062 167120619 5557
5 2077 rs34297786 94994467 1 -0.00279206404612688 94975592 94994467 18875
5 1176 rs3212692 52369664 1 -0.00278941236060084 52348821 52387323 38502
5 215 rs28165 5792720 3 0.00278076988352003 5792507 5792720 213
5 2486 rs1364939 113857863 1 0.00277429760172795 113857863 113864076 6213
5 943 rs37383 35092969 2 -0.00276832748085532 35089300 35092969 3669
5 1727 rs10039112 77493085 2 0.00276359886061949 77461566 77546796 85230
5 3545 rs4334868 158984287 1 -0.00275521619943151 158972473 158984287 11814
5 1949 rs4339389 86357945 1 -0.00274922246105279 86319195 86357945 38750
5 242 rs6869437 6428642 1 -0.00273894948872484 6428242 6428642 400
5 771 rs1025282 29351886 3 0.00273309749335647 29351886 29361880 9994
5 2562 rs6594987 116228312 1 0.00272855634754081 116228312 116233236 4924
5 1924 rs12523369 85132877 2 0.00271493105870537 85132635 85139966 7331
5 4044 rs2471007 174816228 1 -0.00270848834572433 174800946 174817026 16080
5 1485 rs1428478 66537711 3 0.00269096587774101 66526209 66540687 14478
5 1826 rs1013009 80704269 1 -0.00268102866724101 80704269 80704269 0
5 2631 rs330206 119011525 3 0.00267401858570854 118995809 119029069 33260
5 2390 rs10051830 110452845 1 0.00264311339236227 110447853 110467237 19384
5 2120 rs7703556 96529990 2 0.00264131484252591 96523921 96529990 6069
5 2806 rs3849066 125390294 2 0.0026405161025577 125390294 125430870 40576
5 4020 rs1507805 174193309 2 -0.00261708841866052 174193309 174195202 1893
5 1009 rs7713266 37913527 4 -0.0025954426815038 37913527 37915720 2193
5 3594 rs2010725 160684920 1 0.00259163123387221 160684920 160684920 0
5 3608 rs998754 161325934 2 0.00256835027101545 161305071 161349821 44750
5 4024 rs4263513 174261760 2 -0.00253970238517399 174261760 174261760 0
5 4148 rs11743487 178887382 1 0.00252063834263125 178886964 178887382 418
5 820 rs10461695 31273134 1 -0.00251067671087576 31273134 31284709 11575
5 3962 rs7716959 172933842 3 -0.00250619526521806 172933842 172953095 19253
5 2582 rs10085098 117017440 1 0.00249596818039189 117017440 117037025 19585
5 746 rs10062061 27837594 1 -0.00249553634187297 27837594 27837594 0
5 2279 rs1120322 106024211 1 -0.00248903522639405 106024211 106039310 15099
5 3299 rs888895 149239093 2 0.00247802560095124 149239093 149239850 757
5 540 rs29448 16907538 1 0.00244661012201171 16907538 16907538 0
5 3420 rs3776996 153797049 1 0.002442200475218 153796875 153797049 174
5 394 rs6554614 10905445 1 -0.00242300242341878 10905445 10905445 0
5 745 rs6862995 27824645 1 0.00242082537879049 27817189 27824645 7456
5 969 rs586382 36052919 1 0.0024194995347137 36052919 36052919 0
5 3417 rs6889241 153765462 1 0.00241367297778095 153765239 153765462 223
5 1569 rs6863278 72691388 1 0.00240976158334725 72690460 72709904 19444
5 2045 rs2119449 93115673 2 -0.00240148776786016 93032427 93222034 189607
5 3039 rs6878269 136526751 4 0.00240089651287475 136518169 136556016 37847
5 1155 rs10064799 51431680 1 -0.00239581706787957 51431680 51431680 0
5 2044 rs17370695 92906685 1 -0.00237402237157068 92754902 92987801 232899
5 551 rs298528 17235998 1 0.00235590756089692 17235998 17249420 13422
5 3520 rs4704936 157816045 2 -0.0023422290644006 157811415 157826253 14838
5 3730 rs1422859 166089387 1 -0.00232745383362495 166080461 166099753 19292
5 388 rs267949 10743929 2 0.0023269657795879 10724854 10753399 28545
5 1900 rs305661 83681037 1 0.00232641238207169 83681037 83681037 0
5 1591 rs194274 73308343 1 0.00230897759197764 73282251 73308343 26092
5 2832 rs6860581 126377240 1 -0.00228387298942158 126376954 126419094 42140
5 1067 rs6865476 40025084 1 0.00227904833025151 40025084 40042245 17161
5 1345 rs27184 58575323 3 -0.00224663673209703 58572727 58583213 10486
5 2318 rs12522548 107195824 1 -0.00223466240531429 107191287 107202929 11642
5 3652 rs446288 163265421 1 -0.00223288620038707 163265421 163276790 11369
5 581 rs7701168 18581767 2 0.00222414209764597 18561967 18581767 19800
5 2791 rs902596 125007623 1 0.00221950209350296 125007623 125015129 7506
5 3257 rs10075211 147839537 1 0.00220834680006733 147839537 147845815 6278
5 676 rs12518573 24261955 2 0.00220288477474695 24259694 24274495 14801
5 134 rs7711995 3337491 1 -0.00219157308358752 3333760 3338013 4253
5 2846 rs11241937 127006007 2 0.00217426816766218 126993282 127048511 55229
5 227 rs7735511 6050134 1 -0.00215806589482175 6050134 6050134 0
5 632 rs13162954 21743174 3 0.00214509155072817 21743174 21758500 15326
5 3120 rs249660 141577451 1 -0.00213538326833592 141576973 141584972 7999
5 3303 rs4705403 149380493 2 -0.00210470009948761 149380493 149420698 40205
5 48 rs12514619 1783655 1 -0.00208810345193781 1783655 1791180 7525
5 1657 rs1532696 75524235 1 -0.00208623526999416 75521980 75524778 2798
5 2902 rs12516966 129684909 2 -0.00207673731271141 129669944 129693875 23931
5 351 rs3094348 9770335 2 0.00207017293851403 9763915 9786277 22362
5 231 rs9313144 6132166 1 -0.00206358052732511 6132166 6156845 24679
5 3165 rs6580305 143223748 3 -0.0020596730490187 143223748 143225966 2218
5 2498 rs6866580 114466145 3 0.00204577047861581 114462355 114469724 7369
5 2829 rs36105360 126161690 1 -0.00204289401402438 126129243 126166191 36948
5 167 rs12716158 4391653 2 -0.00204014966819728 4391653 4396924 5271
5 670 rs10473668 23960001 1 -0.00202753001228296 23884440 24005118 120678
5 2999 rs1478355 134756836 4 -0.00202209966322429 134692112 134759783 67671
5 2432 rs3934641 111891417 1 0.00201783065816711 111891417 111891417 0
5 1015 rs10055239 38068116 4 -0.00201415838430938 38049522 38091354 41832
5 2731 rs9327305 123083753 1 -0.00200890431864782 123055659 123092028 36369
5 3401 rs12522802 152942223 1 -0.00199768709048257 152942223 152942223 0
5 3639 rs2069352 162868905 1 0.00199709319110886 162866548 162909716 43168
5 3777 rs10475878 167790204 1 0.00196439095621918 167790204 167790204 0
5 1985 rs819351 89071734 2 0.00196003987974458 89071734 89103155 31421
5 3989 rs4868367 173675031 1 -0.00195793899797457 173675031 173684581 9550
5 2160 rs2602958 99226983 1 0.00195055240302781 99226724 99235642 8918
5 3119 rs2915866 141544204 1 -0.00194793529409528 141543351 141564645 21294
5 2874 rs9327490 128136519 3 0.00192467232320441 128129794 128150215 20421
5 1331 rs9292179 58128623 1 0.00191416109882695 58115106 58140538 25432
5 2914 rs247011 131359614 2 0.00191279504542368 131359614 131396478 36864
5 104 rs2974657 2901649 1 -0.0019076519329169 2897116 2901649 4533
5 1348 rs1445918 58681857 5 0.00190565846643297 58679020 58698524 19504
5 2261 rs1423388 104950655 4 -0.00190226917033468 104898706 104957493 58787
5 2757 rs4302582 123954834 1 -0.00189061208016278 123951944 123958110 6166
5 2000 rs2438361 90090437 3 -0.00188738886322151 90090437 90121507 31070
5 1126 rs16901816 44381698 2 -0.00184558662364909 44377060 44381698 4638
5 2952 rs17642974 132941794 2 -0.00184474295742581 132941617 132959138 17521
5 3338 rs3762999 150469426 1 0.00184047741550303 150469426 150478318 8892
5 313 rs12653550 8554971 1 0.00183147381201347 8547779 8554971 7192
5 47 rs2172532 1772615 1 -0.00182337177266618 1772615 1777840 5225
5 370 rs2292264 10235490 1 -0.00182207559873805 10222014 10239278 17264
5 1503 rs7701498 67514509 1 -0.00181364704943474 67514509 67516306 1797
5 3746 rs4869044 166882756 4 0.00180650142918455 166881177 166882756 1579
5 3102 rs3749759 141041435 2 -0.00178947280816365 141041435 141041435 0
5 1555 rs3112482 71750900 3 0.00178446915672155 71741094 71750904 9810
5 1583 rs2931423 73163831 2 0.00176491121872005 73159098 73164888 5790
5 3593 rs1511607 160666416 1 0.00175314771433863 160658223 160674476 16253
5 1883 rs10063526 83145042 1 0.00174316487585309 83113909 83145042 31133
5 140 rs710992 3518216 2 -0.00174064753230474 3518216 3533532 15316
5 2595 rs10519544 117561189 1 0.00173387587997127 117551523 117561189 9666
5 3733 rs10516026 166224576 1 -0.0017310331322885 166224576 166245766 21190
5 1695 rs1479561 76467984 1 -0.00172457488138089 76467984 76467984 0
5 2131 rs257223 97421946 1 -0.00171051110873174 97402967 97423476 20509
5 2182 rs1380391 100618922 1 0.00170996318359779 100611918 100637267 25349
5 1524 rs11951039 68221587 1 -0.00170695091738301 68214816 68221587 6771
5 1031 rs13190535 38650637 1 0.00170096451699034 38649445 38650637 1192
5 801 rs1553238 30805404 3 0.00168618951487952 30794238 30805404 11166
5 863 rs818600 32466436 1 0.00168553500700437 32466436 32466436 0
5 1125 rs1011814 44335820 1 0.00168497566083371 44313151 44335820 22669
5 1358 rs1876671 59311463 2 -0.00168106121630947 59309162 59336110 26948
5 2196 rs4703196 101240273 2 0.00168008470549571 101210703 101263051 52348
5 3390 rs965561 152417867 1 0.00167701932107956 152373633 152420241 46608
5 612 rs7734222 20369746 1 -0.00166625439926473 20364007 20382657 18650
5 2673 rs17147676 120721018 2 0.00166079967937448 120703882 120727051 23169
5 3177 rs358673 143881073 1 -0.00165328902230696 143860437 143881073 20636
5 335 rs28263 9373641 1 0.0016421300254391 9373641 9373641 0
5 714 rs10072518 26064803 2 -0.00161694458960109 26057117 26091605 34488
5 1966 rs17421627 87847586 1 0.00160675329489041 87847586 87847586 0
5 544 rs4129967 17000364 1 0.00160368815286789 16991693 17000364 8671
5 1092 rs10071904 41219940 1 0.00159570192850414 41218940 41251295 32355
5 977 rs12659453 36354241 1 -0.00158886828938342 36354241 36354241 0
5 830 rs7712436 31485230 1 -0.00157667758732387 31452934 31504251 51317
5 305 rs2940556 8349784 1 0.00157388918576556 8349784 8349784 0
5 1473 rs7721030 65933932 2 0.00157125259819158 65932156 65942548 10392
5 759 rs9292273 28573939 1 -0.00155812150165811 28560977 28573939 12962
5 1832 rs10035917 81022494 1 0.00155569587561949 81022494 81053445 30951
5 627 rs6896002 21588931 1 -0.00155501679973611 21575563 21589313 13750
5 3939 rs10074697 172298073 1 -0.00155262951426912 172298073 172298073 0
5 710 rs7704909 25898921 2 0.00155048109450953 25898921 25912113 13192
5 958 rs16902391 35675616 1 0.00154528380064929 35639107 35675616 36509
5 3125 rs1198965 141737196 1 -0.00154287449432372 141722865 141744512 21647
5 2784 rs1444649 124639468 2 0.00154209535918558 124639468 124660883 21415
5 2790 rs1490996 124946532 1 0.00149886747445121 124946532 124958205 11673
5 501 rs4146556 15735956 1 -0.00149207071213996 15711765 15750505 38740
5 890 rs77581578 33549374 1 0.00148148356100056 33549374 33549374 0
5 3716 rs1392279 165720606 1 -0.0014789427636893 165720606 165728353 7747
5 1154 rs16879348 51292487 1 0.00147566420692925 51277529 51375513 97984
5 3833 rs261007 169338485 1 -0.00147283461498037 169335129 169348810 13681
5 4070 rs4867842 176082381 1 -0.00147164258386671 176080142 176082381 2239
5 1886 rs4703974 83215930 1 -0.00145663221311597 83202929 83220837 17908
5 425 rs9312777 11556754 1 -0.00144850096267094 11548050 11564995 16945
5 932 rs462492 34800987 1 0.00144560211931241 34800987 34801172 185
5 138 rs28235 3451196 1 -0.0014434128261434 3449132 3451196 2064
5 3114 rs10078983 141398031 1 0.00143637464619226 141398031 141398031 0
5 579 rs10063237 18467699 4 0.00143595626309203 18453812 18467699 13887
5 1963 rs357513 87513775 2 -0.00143574619767489 87513775 87540210 26435
5 4078 rs7732626 176737309 3 -0.00142735613781094 176637240 176740996 103756
5 2239 rs1118054 103633555 1 -0.00142658634708691 103612677 103634138 21461
5 1913 rs6452630 84339722 1 -0.00142433812854514 84326295 84342625 16330
5 390 rs1866387 10798221 1 -0.00142082923879139 10798221 10802543 4322
5 224 rs159982 5989066 1 -0.00142062592207508 5977222 5994196 16974
5 1034 rs4869605 38754050 1 0.0014159774609784 38741672 38754050 12378
5 3340 rs17659044 150504416 1 -0.00140387576519098 150503337 150506086 2749
5 2821 rs34241005 125923632 2 -0.00139941890741686 125908090 125928395 20305
5 2029 rs10075131 92047795 1 0.00139860990998126 92047795 92048984 1189
5 3505 rs3097836 157235372 4 0.00139247755157428 157201700 157260015 58315
5 1763 rs16877151 79030346 7 0.00138630859567997 79024779 79033391 8612
5 992 rs1025288 36702864 1 0.00138374924210989 36702864 36702864 0
5 2958 rs7703486 133029003 1 -0.00136869749427885 133028493 133052776 24283
5 3932 rs34471628 172196752 1 -0.00136307236088459 172196752 172196752 0
5 3186 rs10491316 144500457 1 -0.00135952003205455 144495395 144500457 5062
5 8 rs2672734 455696 3 -0.0013569466332932 438102 456915 18813
5 648 rs400155 22551757 1 -0.00134668102268673 22492196 22565804 73608
5 1184 rs12153556 52735868 2 -0.0013312666582335 52720556 52735868 15312
5 3795 rs10071604 168231793 3 -0.00132308853386214 168231793 168234517 2724
5 1347 rs1823068 58676049 2 -0.00131722848481869 58655740 58677499 21759
5 3965 rs889014 172984114 1 -0.00131456956697645 172984114 172988569 4455
5 3789 rs1864952 168139239 1 -0.00129146808638821 168103440 168139239 35799
5 2808 rs3849076 125474036 1 0.00129009834008373 125471402 125520876 49474
5 2515 rs1058600 115166713 1 0.00128916328315943 115166713 115177207 10494
5 3479 rs7706174 156475398 1 -0.00128522008833798 156475398 156479509 4111
5 2528 rs2662468 115382097 2 0.00128480486214995 115382097 115384346 2249
5 3178 rs165441 143927288 2 -0.00128029786703631 143909677 143966681 57004
5 105 rs2934555 2910083 1 -0.00126244736844956 2910083 2910083 0
5 3506 rs2430586 157329451 1 0.00125408283534907 157329451 157336293 6842
5 329 rs886511 9155728 1 -0.00125326999229098 9155420 9158742 3322
5 3253 rs10463397 147522547 1 0.00124421173945875 147522547 147557190 34643
5 505 rs250488 15973231 2 0.00124377284173263 15960831 16000639 39808
5 2966 rs12515157 133202612 1 0.00123667858007987 133199252 133202612 3360
5 3682 rs10515893 164759496 2 -0.0012355602197571 164747878 164760466 12588
5 1145 rs6449600 50675297 1 -0.00123204848688495 50622582 50704234 81652
5 569 rs691027 18009498 1 -0.00123013637525926 18009498 18035736 26238
5 44 rs1392468 1744753 1 0.0012297251679756 1744484 1761089 16605
5 3154 rs7714402 142852148 1 -0.00121547437018808 142827239 142857581 30342
5 2310 rs4957709 107033906 3 0.00121365040927781 107032061 107046588 14527
5 1837 rs7717239 81167030 1 0.00120868843220822 81167030 81172913 5883
5 99 rs4866679 2811135 1 -0.00120842293078873 2811135 2818295 7160
5 492 rs10037304 14973914 1 -0.00120593761379848 14960920 14973914 12994
5 792 rs4867261 30257748 1 0.00120144326130287 30242594 30317487 74893
5 1748 rs28326 78295854 2 0.00119740088235899 78295854 78295854 0
5 1455 rs251288 65191876 1 0.00119691157346517 65185421 65194123 8702
5 2057 rs6888297 94137963 1 0.00119669059682226 94135819 94138997 3178
5 3584 rs938541 160356606 1 0.00119642246794868 160356255 160360749 4494
5 3250 rs1423007 147442868 1 -0.00119325274275686 147442868 147471811 28943
5 1231 rs4865908 54316028 1 0.00119268577204806 54314853 54324622 9769
5 893 rs7703871 33620887 1 -0.0011818938331041 33620887 33622158 1271
5 463 rs983649 13933125 2 -0.00117024837131943 13931340 13944512 13172
5 1864 rs40213 82319583 1 -0.00116191224807105 82299073 82319583 20510
5 2863 rs331078 127777463 2 -0.00116057482247168 127740036 127777463 37427
5 3947 rs166122 172548709 2 0.0011545121576092 172485431 172562142 76711
5 4052 rs870258 175029274 1 0.00115012310331135 175025995 175029274 3279
5 3562 rs4921273 159699709 1 -0.00113702831303369 159686503 159702834 16331
5 179 rs1393117 4745848 1 -0.00113566209316005 4738222 4745979 7757
5 2881 rs17839625 128417940 1 0.00112985253707333 128409695 128442644 32949
5 2760 rs13162151 124004404 1 -0.00112494527746843 124001206 124004404 3198
5 166 rs261133 4316307 2 0.00112215687746392 4316307 4316307 0
5 3360 rs1368371 151004568 2 0.00111762139325666 150999990 151004915 4925
5 3185 rs9324976 144464260 2 -0.00111608742517223 144460435 144475794 15359
5 3902 rs4867660 171402128 1 0.00111579923163795 171386091 171402128 16037
5 1386 rs6449559 61107460 2 0.0011129893645764 61101470 61107460 5990
5 1223 rs10077228 54035625 1 0.00111035228500732 54035625 54038676 3051
5 917 rs7444875 34485144 1 -0.00110801737135037 34479200 34489548 10348
5 3237 rs6580495 147068464 1 0.00110607001101636 147059645 147068464 8819
5 1995 rs6877613 89786043 1 -0.00110053872875055 89780945 89800961 20016
5 3704 rs2591578 165407709 2 0.00109627539682819 165390686 165407709 17023
5 2457 rs367943 112809728 1 -0.00109242255200171 112790404 112815295 24891
5 1262 rs12187346 55782130 2 -0.0010883806061446 55780101 55788355 8254
5 2451 rs7717906 112563686 2 -0.00108297296166435 112563686 112566758 3072
5 1352 rs294482 58845915 1 -0.00107887003023711 58842774 58886873 44099
5 1582 rs2973566 73148481 1 -0.00107308903146995 73142296 73151033 8737
5 2440 rs10478101 112317417 2 0.00106642722518429 112317417 112328377 10960
5 997 rs12153359 37029885 2 -0.00106064366657768 36926756 37029885 103129
5 3689 rs17423436 164912247 1 -0.0010583840603245 164912247 164917641 5394
5 698 rs7731208 25482123 1 -0.00105238808572429 25468315 25482123 13808
5 1505 rs6876003 67571413 1 0.00104155512701905 67560716 67571771 11055
5 901 rs2032878 33799699 1 0.00103915771424897 33794627 33800941 6314
5 1349 rs2547917 58713680 1 0.00103703099786 58704650 58713680 9030
5 1561 rs636926 72419617 1 -0.00102289046932749 72419267 72422018 2751
5 3330 rs13158099 150372984 2 -0.00102027794329717 150372984 150376966 3982
5 2904 rs7356549 129723516 1 -0.00102012956188114 129723516 129863694 140178
5 3611 rs211030 161530735 1 0.00101990633019846 161530735 161543711 12976
5 1772 rs10514162 79186809 1 -0.00101382782070016 79181467 79191702 10235
5 3801 rs6879973 168363190 1 -0.00100806454837976 168363190 168363190 0
5 29 rs10075239 1370300 1 -0.00100648372281765 1370300 1376161 5861
5 1280 rs185220 56205357 1 -0.0010058798097652801 56195790 56205357 9567
5 3470 rs253604 155960089 1 0.00100583499792526 155957439 155967030 9591
5 1203 rs35952 53592163 1 0.00100500247935323 53592163 53592163 0
5 1598 rs13169946 73489192 3 0.0010049934311592 73483215 73490564 7349
5 2789 rs330356 124939017 3 0.00100324877908448 124900197 124939017 38820
5 2741 rs7733161 123402920 2 -0.0010029273536582 123390923 123402920 11997
5 1363 rs6865762 59637451 1 -0.00100149768106859 59602340 59639537 37197
5 3132 rs33962 141929551 2 9.982643311888066e-4 141927311 141929551 2240
5 2909 rs6595989 130359215 1 -9.970786471841856e-4 130215911 130359215 143304
5 2737 rs4835814 123298624 1 9.904561957653846e-4 123297332 123298624 1292
5 2429 rs462412 111836278 2 -9.823091523398326e-4 111829149 111848890 19741
5 90 rs6859765 2652947 1 -9.753079333854988e-4 2652947 2652947 0
5 764 rs2548005 28806256 1 -9.717840896528082e-4 28786844 28806256 19412
5 703 rs9293175 25678072 2 9.701102331096176e-4 25678072 25678072 0
5 3082 rs185123 139517197 3 -9.697504843949552e-4 139515394 139522328 6934
5 4140 rs461898 178645310 1 -9.666023230290784e-4 178645310 178645310 0
5 1675 rs1038920 75957624 1 -9.66024774320148e-4 75954096 75957624 3528
5 713 rs7700465 26003284 1 -9.594651477217804e-4 26000553 26008899 8346
5 256 rs4702392 6796405 2 -9.576775514947924e-4 6792839 6796405 3566
5 2705 rs10042243 122036899 2 -9.529004233798788e-4 122029790 122036899 7109
5 2990 rs11242232 134406317 2 9.526030878732732e-4 134405161 134406317 1156
5 1789 rs12515731 79666489 1 -9.487932274623338e-4 79666031 79666489 458
5 254 rs1651071 6676931 1 -9.445276746630832e-4 6676931 6694692 17761
5 3284 rs9325142 148820897 1 -9.430227786912044e-4 148820897 148825669 4772
5 2901 rs17713413 129651668 2 -9.38588538494498e-4 129591296 129659651 68355
5 1469 rs4699877 65880241 1 -9.343191087832204e-4 65880241 65890467 10226
5 1025 rs2367214 38286606 1 9.32729518590107e-4 38286606 38286606 0
5 3196 rs443033 145210041 1 9.32243053672142e-4 145204975 145212518 7543
5 1989 rs1133384 89456355 3 9.31388605087698e-4 89455539 89462944 7405
5 451 rs1992711 13510918 1 9.272864388385032e-4 13510918 13531250 20332
5 113 rs7728601 3064862 2 -9.204358047576312e-4 3064150 3065101 951
5 107 rs2974686 2939706 2 9.17909711065811e-4 2929714 2948632 18918
5 500 rs4702100 15694620 1 9.107993204971132e-4 15688448 15694620 6172
5 3200 rs758037 145393364 1 -9.052233951136416e-4 145322071 145393364 71293
5 1080 rs10065570 40835627 1 8.915211750697295e-4 40810426 40841741 31315
5 3935 rs1010482 172223045 1 8.904868680363524e-4 172223045 172223045 0
5 1647 rs13180297 75297146 1 8.903673670243575e-4 75294346 75297146 2800
5 1304 rs10940593 57343495 1 8.898325044501652e-4 57343495 57361321 17826
5 1190 rs4865789 53130488 1 -8.897289188225663e-4 53127645 53156777 29132
5 3679 rs13362411 164601399 1 8.86833552888124e-4 164600485 164650294 49809
5 3153 rs258813 142674690 2 -8.835360812935403e-4 142661490 142780339 118849
5 2342 rs13177718 108113344 1 -8.780701327660564e-4 108107752 108139943 32191
5 1258 rs286002 55706469 1 8.679773598629353e-4 55702460 55720796 18336
5 4074 rs2278493 176314434 1 -8.667239001522865e-4 176314206 176316559 2353
5 185 rs30451 4992163 3 8.65814933370774e-4 4968029 4995298 27269
5 1867 rs11949301 82505153 2 8.560352263446296e-4 82433781 82505153 71372
5 2314 rs249981 107110109 1 8.491867676694232e-4 107108477 107110446 1969
5 3450 rs725883 154944885 1 -8.46638706078343e-4 154911215 154944885 33670
5 567 rs10941929 17981553 1 8.406517563869121e-4 17953026 17981553 28527
5 2761 rs4616890 124022189 1 8.381431552658567e-4 124015270 124022833 7563
5 3211 rs609412 146225244 1 8.375437172561042e-4 146225178 146225244 66
5 1944 rs2112457 86087631 1 -8.3749218024659e-4 86059399 86087631 28232
5 466 rs2102443 13995605 2 -8.325807637533822e-4 13991125 13995605 4480
5 3497 rs11749965 156997414 1 8.298016253828905e-4 156981913 157007001 25088
5 420 rs31899 11429782 1 8.278537001524469e-4 11429782 11429782 0
5 3455 rs1432723 155302582 1 -8.275714215539205e-4 155302582 155316740 14158
5 3356 rs6896503 150899147 1 -8.226470090882896e-4 150891733 150906198 14465
5 2568 rs6595015 116525334 1 8.199738579543552e-4 116517515 116525334 7819
5 2441 rs6892784 112349297 2 8.198131265467454e-4 112349070 112358890 9820
5 2810 rs6595687 125588937 1 -8.175074990801759e-4 125580205 125609263 29058
5 2495 rs2416380 114140694 1 -8.167598979674185e-4 114138605 114145524 6919
5 1477 rs257699 66134711 2 8.143960432500553e-4 66104174 66139238 35064
5 2742 rs6871469 123416065 2 8.12740697856845e-4 123416065 123416065 0
5 1961 rs1429605 87318551 2 8.127177299752644e-4 87311560 87355444 43884
5 1610 rs294986 73683039 1 -8.075228703354077e-4 73676124 73685103 8979
5 3239 rs12656141 147116733 1 7.997133199555395e-4 147101920 147116733 14813
5 289 rs16879258 7865891 1 -7.967972108216439e-4 7859434 7874847 15413
5 2932 rs61755724 132408967 1 7.963379444052992e-4 132335165 132408967 73802
5 1545 rs2337390 71408867 1 -7.960164270325344e-4 71394115 71411718 17603
5 2996 rs4976285 134609822 1 7.897564144586924e-4 134609822 134612693 2871
5 1200 rs675674 53481781 1 -7.887952365136256e-4 53474256 53481781 7525
5 3202 rs6580418 145776488 1 7.866543835973842e-4 145753001 145776488 23487
5 983 rs2937550 36473237 1 -7.839513238898085e-4 36473237 36473237 0
5 3933 rs4868204 172204629 1 -7.828128142101974e-4 172201093 172204629 3536
5 609 rs3112489 20016599 1 7.786280723159347e-4 20016599 20030652 14053
5 3481 rs442773 156579780 2 -7.746804513884786e-4 156564882 156585154 20272
5 2383 rs151809 110120915 1 -7.739168531174171e-4 110117283 110120915 3632
5 530 rs12520877 16778415 1 7.718927316590418e-4 16778415 16778598 183
5 3751 rs888974 166988967 2 -7.692731617082413e-4 166987674 166992760 5086
5 3098 rs11952292 140871249 1 7.663606445772493e-4 140870516 140881474 10958
5 2036 rs11953766 92267794 1 7.616306916257811e-4 92267794 92316380 48586
5 4144 rs7736370 178770100 2 -7.575668483724885e-4 178770100 178770718 618
5 3625 rs6556633 162211967 1 7.568568398291901e-4 162195284 162221666 26382
5 2843 rs61736664 126860223 1 7.533524882078559e-4 126860223 126899205 38982
5 3054 rs10039139 137164863 1 -7.524890965776682e-4 137164863 137210651 45788
5 4166 rs7737438 179619222 2 7.407940245752201e-4 179618961 179619222 261
5 2933 rs7717377 132491562 1 7.358829248230782e-4 132487330 132491562 4232
5 63 rs4975819 2103617 1 -7.346015429472242e-4 2103617 2103617 0
5 3018 rs2190622 135414280 1 7.322002133608085e-4 135409014 135431313 22299
5 2110 rs10515248 96112005 1 -7.302410030787606e-4 96109244 96115193 5949
5 2280 rs12109609 106058868 1 -7.280620447062085e-4 106049034 106084494 35460
5 259 rs275503 6867559 3 -7.251921056839082e-4 6865801 6869021 3220
5 117 rs16871117 3121728 1 7.223729853380378e-4 3121728 3121728 0
5 361 rs10057739 9990381 1 7.15997224134255e-4 9990381 9990381 0
5 808 rs7721407 30961137 2 -7.076301748570098e-4 30959804 30975237 15433
5 1110 rs4409101 42856126 1 7.069688618244718e-4 42823799 42856350 32551
5 1892 rs2269287 83360520 1 -7.044431422499259e-4 83360520 83360520 0
5 3559 rs4921110 159608980 2 7.006126368712815e-4 159596509 159608980 12471
5 3875 rs4867634 170258216 1 7.005883781852146e-4 170238904 170263657 24753
5 4032 rs6893566 174577496 1 -7.003221340017451e-4 174550294 174577496 27202
5 2875 rs1833549 128189653 3 -6.998256583925788e-4 128172808 128205828 33020
5 3307 rs3756309 149505624 1 6.988818272307279e-4 149498821 149505624 6803
5 989 rs3776566 36631733 1 6.988346122011994e-4 36616406 36631733 15327
5 1820 rs2291940 80597767 1 6.949588165927916e-4 80552871 80619046 66175
5 1946 rs16902429 86151620 1 6.944742188072677e-4 86151620 86151620 0
5 3600 rs4566829 160762673 1 6.909995107175087e-4 160762673 160802427 39754
5 2785 rs1822758 124672949 1 -6.86678765917891e-4 124672949 124676830 3881
5 1338 rs12109774 58388213 1 6.864628995415113e-4 58388213 58388213 0
5 600 rs770301 19537726 3 6.842637026293419e-4 19498390 19537726 39336
5 931 rs12658204 34771848 1 6.810293280926468e-4 34771848 34772786 938
5 2438 rs34083474 112222787 2 6.80794040036455e-4 112218700 112252066 33366
5 3913 rs17074452 171639152 1 -6.791931770821077e-4 171639152 171687711 48559
5 4160 rs6873317 179436278 1 -6.782880638902633e-4 179407229 179471201 63972
5 1372 rs13187930 60384171 1 -6.694777508402551e-4 60374912 60481408 106496
5 1434 rs1363953 64064943 1 -6.679630868736875e-4 64064943 64064943 0
5 369 rs13185499 10175162 1 -6.675564013702611e-4 10175162 10175162 0
5 2201 rs1469104 101569545 1 6.655448582935354e-4 101558083 101572156 14073
5 987 rs7715271 36569753 2 6.629170525652935e-4 36569753 36585689 15936
5 2847 rs73345017 127069487 1 6.618931037062623e-4 127062190 127120041 57851
5 1876 rs12653308 82858828 1 -6.610158600469823e-4 82858828 82861400 2572
5 898 rs966855 33699777 1 6.60978451455692e-4 33687640 33712442 24802
5 1761 rs7712162 78945171 1 -6.606715390327561e-4 78909324 78945835 36511
5 3764 rs7714553 167466119 2 6.574101737980929e-4 167465018 167466119 1101
5 467 rs408130 14006289 2 6.563543006487416e-4 14004657 14024415 19758
5 2005 rs2950849 90394625 2 -6.542105114913362e-4 90374713 90413351 38638
5 3091 rs35620136 140530718 1 6.535204373639832e-4 140529711 140579834 50123
5 1633 rs10474435 74657280 3 -6.530480374667242e-4 74620912 74657280 36368
5 3991 rs10064200 173710328 2 6.490176920165153e-4 173710328 173720675 10347
5 3474 rs282466 156153399 1 -6.479985804495491e-4 156153399 156153399 0
5 3012 rs17169129 135144329 1 6.427923090917862e-4 135144329 135178142 33813
5 3821 rs11958514 169026982 1 6.389518331029326e-4 168990341 169031218 40877
5 718 rs4475229 26270049 1 -6.332097622404494e-4 26264625 26282637 18012
5 3938 rs751988 172268003 3 -6.28382238563402e-4 172268003 172271007 3004
5 2089 rs7717348 95407894 1 6.282648126101776e-4 95357625 95407894 50269
5 1653 rs34064105 75446839 2 6.262352613486757e-4 75441876 75458401 16525
5 1910 rs1500619 84160853 1 6.255991199674129e-4 84160703 84166908 6205
5 290 rs162031 7880287 1 6.236452711842339e-4 7877178 7897191 20013
5 2088 rs10035477 95227507 2 -6.209817288086218e-4 95222156 95308048 85892
5 1759 rs12520582 78823934 1 6.173000793767857e-4 78823934 78831995 8061
5 328 rs7731508 9107887 1 -6.171426551304534e-4 9091164 9140514 49350
5 3324 rs10463300 149971345 1 6.146141789688173e-4 149971345 149972167 822
5 2879 rs1181983 128330093 2 -6.112739222238605e-4 128312492 128330093 17601
5 1357 rs1369285 59280611 1 6.106866635727438e-4 59259372 59280611 21239
5 3743 rs918501 166691259 1 6.0483695727483e-4 166684879 166693842 8963
5 2596 rs17368151 117591619 1 6.025901834086258e-4 117570899 117592453 21554
5 1590 rs403936 73273395 1 5.995831788992626e-4 73266489 73276903 10414
5 3804 rs11954861 168445489 1 -5.979577960425525e-4 168445489 168445489 0
5 424 rs6871714 11538361 1 -5.959382275677197e-4 11538361 11538379 18
5 1078 rs12651829 40647216 2 5.932984313367976e-4 40646560 40669184 22624
5 3762 rs7724997 167372668 1 -5.860467882194359e-4 167366815 167372668 5853
5 2282 rs13156926 106116276 2 -5.830737360932056e-4 106103975 106116276 12301
5 4091 rs4976741 177591495 1 5.779663925225967e-4 177562815 177591495 28680
5 2112 rs34753 96150911 2 5.688489288893364e-4 96150911 96170222 19311
5 338 rs418446 9483209 1 -5.680129018026855e-4 9471319 9495607 24288
5 1891 rs393110 83318042 5 -5.674721423990785e-4 83318042 83329010 10968
5 1806 rs565476 80307193 3 5.65365746567711e-4 80300491 80316686 16195
5 3294 rs4705079 149096383 1 5.649984116437979e-4 149090629 149123155 32526
5 775 rs16899039 29503058 2 5.623539637386342e-4 29480180 29505241 25061
5 903 rs1374020 33822482 1 -5.616621306657142e-4 33817339 33822482 5143
5 3325 rs33409 150038265 1 5.608747751406887e-4 150038265 150038265 0
5 2169 rs2617326 99588701 2 -5.542635053553535e-4 99583461 99608856 25395
5 217 rs40516 5825953 1 5.538844672755387e-4 5818164 5825953 7789
5 2283 rs6878348 106140245 2 -5.534587307830239e-4 106138146 106163296 25150
5 3824 rs2306560 169129284 1 5.531478034453695e-4 169129284 169130272 988
5 2272 rs7731914 105461753 1 -5.512201567744822e-4 105453357 105527995 74638
5 2674 rs17147802 120767312 1 5.437467846196566e-4 120757262 120767312 10050
5 3779 rs7737462 167816521 1 -5.393344186926634e-4 167816521 167822652 6131
5 2143 rs2302981 98107141 1 5.354617680735008e-4 98067832 98107141 39309
5 3290 rs1135093 149008521 1 -5.323678517007858e-4 148998847 149013587 14740
5 1101 rs10076886 41988481 2 5.318619317297309e-4 41916688 41988481 71793
5 2365 rs2416227 109343856 1 5.287139922606293e-4 109343856 109343856 0
5 2793 rs1490989 125039981 2 -5.270841213417176e-4 125039094 125056418 17324
5 1211 rs10066174 53775596 1 5.267635664378356e-4 53770217 53793487 23270
5 6 rs17562461 411361 1 -5.19554988065019e-4 407230 411361 4131
5 1631 rs59620469 74491956 1 -5.189565557877849e-4 74353702 74537751 184049
5 2557 rs2133759 116133051 1 -5.188945412674898e-4 116131757 116133051 1294
5 37 rs1968011 1624351 1 5.180442313482893e-4 1624351 1624351 0
5 3761 rs39950 167351652 2 -5.179400808514297e-4 167351652 167351652 0
5 2706 rs17149587 122060284 1 -5.175804221359771e-4 122045488 122076870 31382
5 3806 rs188433 168502329 1 -5.148061063436093e-4 168496090 168502329 6239
5 1191 rs271205 53192812 1 5.140387780360569e-4 53192812 53205703 12891
5 1656 rs12522470 75509233 1 5.129910210871574e-4 75509233 75509233 0
5 1464 rs13360861 65724966 1 -5.117965559554887e-4 65724966 65726784 1818
5 1658 rs12654150 75550325 1 5.107466491839834e-4 75525786 75550325 24539
5 3708 rs2861667 165511601 1 -5.038502886599987e-4 165511601 165511601 0
5 3432 rs4958760 154065758 1 5.0364514454786e-4 154065758 154066205 447
5 3818 rs6555860 168828290 1 -5.022473137922076e-4 168828290 168828290 0
5 671 rs1501938 24059579 1 5.019554365673498e-4 24034550 24072617 38067
5 2400 rs3797746 110759089 2 5.00818932728328e-4 110756932 110759537 2605
5 626 rs10059041 21428775 2 -4.9471277153499e-4 21396544 21428775 32231
5 295 rs12520611 8015429 1 -4.933074592768042e-4 8013445 8015429 1984
5 2427 rs379440 111693371 1 4.928537668609441e-4 111691461 111699317 7856
5 770 rs13362367 29329716 1 4.915657820583032e-4 29320222 29339392 19170
5 3839 rs1316638 169477011 3 4.914811630506173e-4 169477011 169479360 2349
5 3583 rs867358 160331497 1 -4.884545626172899e-4 160331497 160343115 11618
5 631 rs6877795 21723745 1 4.881199302429501e-4 21723745 21723745 0
5 2030 rs1422168 92085529 1 -4.869757501281964e-4 92082627 92092604 9977
5 678 rs10044803 24320108 1 -4.823146627947468e-4 24320108 24354179 34071
5 2521 rs10519434 115315701 1 -4.816992128520408e-4 115314121 115315701 1580
5 3827 rs155341 169185557 1 -4.8018043599387455e-4 169185557 169199323 13766
5 3737 rs6863941 166355313 1 4.79000358747578e-4 166355313 166355313 0
5 3182 rs1549896 144262743 1 -4.7817439387835153e-4 144248440 144275245 26805
5 1373 rs159542 60485778 5 -4.778753369753538e-4 60485778 60550041 64263
5 473 rs164351 14170382 1 -4.745785111546121e-4 14170382 14173943 3561
5 310 rs415234 8522021 1 4.7415448466677624e-4 8521119 8527086 5967
5 3094 rs61749056 140719224 2 -4.731630698939745e-4 140689760 140719224 29464
5 2799 rs10045999 125287868 1 -4.73120887570645e-4 125274491 125287868 13377
5 3445 rs31697 154674959 1 -4.729825528493583e-4 154648174 154678693 30519
5 3051 rs2074344 136961400 2 4.718527205769434e-4 136953007 136962286 9279
5 1859 rs4383715 82177857 1 -4.682764206951318e-4 82169620 82192191 22571
5 4189 rs416574 180626927 2 4.6826714213130696e-4 180626927 180626927 0
5 2116 rs41276279 96322360 2 -4.644700570229497e-4 96307612 96350710 43098
5 2776 rs6892878 124525027 1 4.627085042669396e-4 124507341 124525027 17686
5 3361 rs4958476 151020581 1 -4.626817180750965e-4 151020581 151027147 6566
5 1474 rs9687339 65968172 2 -4.591932570987841e-4 65961205 65998140 36935
5 2152 rs10039243 98583720 1 4.5685384477653704e-4 98583720 98593453 9733
5 3783 rs12515835 167892338 1 4.561030277045579e-4 167885622 167895953 10331
5 3598 rs9313879 160726954 1 -4.553894907331329e-4 160722863 160739843 16980
5 3002 rs744247 134781400 1 4.540216932582395e-4 134779417 134798723 19306
5 2936 rs6871976 132550830 1 -4.5207535180184186e-4 132550830 132550830 0
5 3894 rs26413 171098125 2 4.5120499230483343e-4 171098125 171101726 3601
5 3478 rs2277025 156460095 1 -4.4843885789377073e-4 156432215 156469808 37593
5 419 rs31888 11423628 1 4.477825768346726e-4 11423525 11423628 103
5 1828 rs16898954 80761967 1 4.424445794196467e-4 80735161 80761967 26806
5 2266 rs10464022 105100680 1 -4.4025647374615817e-4 105070480 105100680 30200
5 2752 rs949973 123853534 2 -4.391936972401771e-4 123853534 123853534 0
5 1915 rs10068805 84480308 1 4.37888786090732e-4 84480308 84480308 0
5 2703 rs13156690 121987792 1 4.352380617337708e-4 121987792 121996522 8730
5 3327 rs10059011 150226722 2 4.330863057876536e-4 150223387 150277111 53724
5 1072 rs353365 40228613 1 4.325219861088848e-4 40223183 40228613 5430
5 966 rs10472267 35940365 3 4.3211837562582016e-4 35931966 35954588 22622
5 332 rs40665 9228283 1 4.316763876278912e-4 9228283 9228283 0
5 86 rs403500 2578373 1 4.30521320516742e-4 2574247 2579350 5103
5 845 rs11738489 31798252 2 -4.2783569605797374e-4 31798252 31798252 0
5 349 rs1501958 9721328 1 4.2329500518905103e-4 9721328 9731900 10572
5 1945 rs11746597 86128792 3 4.231328691505448e-4 86125940 86129665 3725
5 2812 rs7733611 125663367 1 4.2298928199036576e-4 125663367 125670036 6669
5 173 rs3943533 4542749 1 4.2143042373413847e-4 4542749 4542749 0
5 2040 rs4869419 92567539 1 4.1787414457877673e-4 92567539 92586991 19452
5 3535 rs6897374 158541200 1 -4.15220618138934e-4 158541200 158543969 2769
5 1314 rs185425 57630221 2 4.147982362184198e-4 57611865 57630221 18356
5 2922 rs10071051 131752620 1 4.1307996552567065e-4 131743465 131770805 27340
5 4183 rs3806869 180485353 1 4.127758406992078e-4 180485353 180485353 0
5 2937 rs1017307 132578203 1 4.098771999020185e-4 132578203 132580990 2787
5 2564 rs4920944 116319808 1 4.077855382869619e-4 116300347 116329875 29528
5 3309 rs4358508 149531832 1 -4.067945564804288e-4 149531832 149535255 3423
5 3168 rs312588 143386014 1 -4.060893195684753e-4 143364448 143386014 21566
5 3223 rs11167971 146632594 1 4.032045834819948e-4 146620082 146632594 12512
5 3020 rs3734124 135561058 1 -4.0299911481705974e-4 135544695 135574111 29416
5 1416 rs669245 62820508 2 -4.02550161362874e-4 62788275 62825112 36837
5 2079 rs11959859 95094812 1 4.0097031105041265e-4 95084131 95094812 10681
5 3115 rs153149 141439358 1 -3.990345950731065e-4 141439358 141441170 1812
5 774 rs905858 29470422 1 -3.98177595774911e-4 29470422 29470422 0
5 1209 rs4865829 53739403 1 3.9790862824718874e-4 53735108 53739530 4422
5 1507 rs3730089 67588148 1 -3.976962482302707e-4 67588148 67596088 7940
5 1158 rs16879721 51708099 1 -3.9691644245034565e-4 51708099 51743427 35328
5 2520 rs6896619 115302066 1 -3.965368445333407e-4 115302066 115312671 10605
5 2762 rs11241764 124044428 1 3.923673159002298e-4 124044428 124044428 0
5 291 rs1532267 7935012 1 -3.914595546956956e-4 7930866 7952536 21670
5 2063 rs7708977 94351572 1 3.912895984814021e-4 94351572 94371947 20375
5 2284 rs6596707 106182573 1 -3.911059477149389e-4 106182573 106198367 15794
5 3443 rs1422834 154578318 1 3.898406078520819e-4 154578318 154578318 0
5 471 rs153191 14123507 1 3.8857353038575134e-4 14123507 14138248 14741
5 1042 rs35117676 38904082 1 3.874677715097651e-4 38900046 38921864 21818
5 818 rs16900783 31245334 1 3.846494490805305e-4 31245334 31245334 0
5 3725 rs2122554 165957086 2 3.843981586862725e-4 165956290 165973383 17093
5 3546 rs2421059 159022275 1 3.841379573609623e-4 159013571 159057330 43759
5 31 rs6554859 1493608 1 -3.8295230238549424e-4 1493608 1493608 0
5 3951 rs10475590 172686386 1 3.820102706813158e-4 172686386 172686386 0
5 1083 rs16870537 40943218 1 3.8147905477950406e-4 40943218 40943442 224
5 545 rs12519524 17078227 2 3.777208719912973e-4 17078227 17086303 8076
5 489 rs2441022 14902038 1 -3.7681998646018944e-4 14902038 14902038 0
5 2522 rs10044122 115330927 1 -3.752243481623048e-4 115318303 115330927 12624
5 3522 rs4563609 157917275 1 -3.7507047253587374e-4 157889391 157917275 27884
5 3282 rs3733846 148804622 1 -3.748053955099395e-4 148804622 148805005 383
5 220 rs2652484 5856524 1 -3.727625489940749e-4 5856524 5865100 8576
5 709 rs13164425 25874921 2 3.721917434056349e-4 25874921 25874921 0
5 3258 rs7725785 147902703 1 3.7142076727839774e-4 147877724 147908345 30621
5 1244 rs6861772 55271621 1 3.691112881172716e-4 55248135 55274604 26469
5 4163 rs12516993 179570737 1 -3.6685893750706494e-4 179570737 179570737 0
5 590 rs4263496 18994108 2 -3.653286628556479e-4 18976961 18994108 17147
5 927 rs7702104 34691121 1 3.6498623608858974e-4 34691121 34691121 0
5 777 rs10061669 29569175 1 -3.6471843187557663e-4 29567773 29574775 7002
5 2048 rs5004465 93578247 1 -3.5961903130421024e-4 93578247 93589410 11163
5 2220 rs34229 102855162 1 3.5829568069396334e-4 102855162 102887795 32633
5 319 rs999428 8769738 1 3.5823668819177766e-4 8769738 8770185 447
5 475 rs154150 14275499 2 -3.5684320853399674e-4 14245046 14275499 30453
5 677 rs9654386 24287790 1 -3.561634165316067e-4 24287790 24296704 8914
5 838 rs418410 31687028 1 3.5590191972266076e-4 31687028 31687028 0
5 2584 rs4526141 117185136 1 3.5509654047516837e-4 117168998 117186295 17297
5 163 rs7706780 4227497 1 3.531385606438782e-4 4227497 4227497 0
5 1911 rs11958924 84177643 2 -3.521195455146341e-4 84167325 84178732 11407
5 3791 rs2304035 168176517 1 3.503249325476745e-4 168176517 168180670 4153
5 899 rs9784618 33739306 1 3.477062169961955e-4 33739306 33749812 10506
5 2430 rs189296 111869675 1 -3.47204697789553e-4 111869430 111871096 1666
5 4005 rs10475601 173945466 1 -3.4637958041751864e-4 173944166 173956047 11881
5 2819 rs1038378 125885214 1 -3.4560983917665924e-4 125885214 125887856 2642
5 1059 rs3947262 39581163 1 -3.4514722486633494e-4 39578660 39582834 4174
5 3677 rs4535473 164561899 3 3.3846728646423114e-4 164541466 164564797 23331
5 28 rs33955038 1318491 1 -3.336910298205586e-4 1317949 1338078 20129
5 3291 rs10065705 149025737 1 3.3141017172888933e-4 149023879 149025737 1858
5 3231 rs4705165 146729164 1 -3.2557950220344034e-4 146704598 146729164 24566
5 2141 rs316507 98011096 1 3.2519305415728666e-4 97995034 98043763 48729
5 135 rs4521479 3356538 1 -3.238165303232868e-4 3349583 3356538 6955
5 1085 rs4957361 40985604 1 3.2380755017495845e-4 40980102 40985604 5502
5 209 rs13154779 5578527 1 -3.2372151467030254e-4 5578527 5579270 743
5 3089 rs3756325 140368859 1 3.235733763711758e-4 140368859 140372222 3363
5 13 rs4956954 607388 1 3.231092559327481e-4 594083 639231 45148
5 3335 rs6862024 150428871 1 3.231079792484177e-4 150428871 150428871 0
5 412 rs441973 11277256 1 3.2011306988881106e-4 11277256 11286825 9569
5 3579 rs7715536 160198426 1 -3.196419853529383e-4 160196659 160198826 2167
5 3898 rs26401 171202017 1 -3.184038553599417e-4 171188178 171204055 15877
5 477 rs154159 14354827 1 -3.183616558335596e-4 14332325 14354827 22502
5 1316 rs10472060 57700852 1 -3.182288743310211e-4 57656962 57713579 56617
5 2929 rs2243290 132018169 1 -3.181102832944375e-4 132014109 132018169 4060
5 520 rs1991471 16556601 1 -3.144403903960563e-4 16533624 16559581 25957
5 1830 rs10514220 80898725 1 -3.1312628827484946e-4 80898725 80909132 10407
5 3375 rs918460 151742696 2 3.129794523744798e-4 151715667 151751433 35766
5 1715 rs7701420 76982066 1 3.124527460241381e-4 76982066 76999353 17287
5 2873 rs10067711 128113882 1 3.117293865178213e-4 128107742 128123652 15910
5 1436 rs2968208 64312446 1 3.1058547154970135e-4 64273394 64322549 49155
5 3543 rs12657996 158904313 1 3.0827738359264124e-4 158904313 158904313 0
5 1111 rs2253157 42906572 1 3.0673659766255904e-4 42896083 42914006 17923
5 3785 rs7709842 167941990 1 3.066019881315893e-4 167913510 167949290 35780
5 3739 rs2163784 166488639 1 -3.0594438257993144e-4 166479086 166499878 20792
5 4167 rs3099065 179649862 1 -3.057355075738314e-4 179649862 179649862 0
5 582 rs7730186 18605940 1 3.0548841158479503e-4 18605940 18665502 59562
5 3476 rs10070224 156345735 1 3.0521018944699665e-4 156345735 156345735 0
5 2444 rs35269015 112403779 1 -3.0480012240205457e-4 112403779 112435864 32085
5 3095 rs62378414 140730384 2 -3.047035288785045e-4 140723174 140763665 40491
5 3052 rs11242395 136996852 3 -3.0314646303349416e-4 136965249 136998182 32933
5 2580 rs1553557 116916674 1 -3.0050645844786216e-4 116905052 116948591 43539
5 651 rs1661975 22826121 2 -2.988215036011705e-4 22826121 22866518 40397
5 3558 rs6861719 159490247 2 2.965910788073282e-4 159437466 159525663 88197
5 2235 rs7725285 103447183 1 -2.932534477873176e-4 103425505 103447183 21678
5 1117 rs10037706 43338388 1 -2.9055644079174883e-4 43337534 43338388 854
5 1563 rs4235665 72473814 1 2.8935880494447433e-4 72470715 72473899 3184
5 2754 rs6873640 123909500 1 2.892165351245381e-4 123909500 123909500 0
5 1011 rs13187126 37947775 1 -2.882555714397458e-4 37947775 37964851 17076
5 2042 rs7443364 92655132 1 -2.8645066446082224e-4 92655132 92665721 10589
5 1869 rs7706470 82624287 1 2.8592477924484845e-4 82624287 82633951 9664
5 347 rs960567 9698490 1 -2.805651636400138e-4 9698490 9699758 1268
5 2713 rs4836465 122474938 1 -2.804587491546752e-4 122468227 122485955 17728
5 1268 rs10070898 55863265 1 -2.794703720520952e-4 55861359 55863265 1906
5 277 rs13166360 7520881 2 2.791762792816731e-4 7520881 7539712 18831
5 528 rs250340 16758569 1 -2.768174291704399e-4 16758569 16758569 0
5 3486 rs1030270 156703572 1 -2.739374548091151e-4 156699305 156703572 4267
5 3134 rs249917 142008525 1 -2.719200496334163e-4 142008525 142008525 0
5 3386 rs4524565 152261044 2 -2.7159242446648466e-4 152236125 152261044 24919
5 2769 rs723187 124290967 1 2.69042872881907e-4 124290967 124302354 11387
5 2944 rs17696621 132751172 1 2.6679339676418306e-4 132746820 132754003 7183
5 615 rs1703052 20538115 1 2.6549466807771746e-4 20518529 20559438 40909
5 2586 rs4546421 117239454 1 2.6470933448838124e-4 117239454 117241490 2036
5 769 rs7712253 29269294 1 2.642913260220112e-4 29214777 29269294 54517
5 3049 rs10056463 136882334 1 2.632455742557797e-4 136858359 136897592 39233
5 4028 rs6897655 174402211 2 -2.6264470466367217e-4 174402211 174402211 0
5 728 rs10056950 26762292 1 2.620950127916879e-4 26737458 26770247 32789
5 2925 rs2070727 131820275 1 -2.615668868561362e-4 131819921 131820275 354
5 457 rs1354185 13761068 1 -2.5836309655069485e-4 13760548 13761068 520
5 2015 rs331403 91037528 1 -2.581654796178962e-4 91006464 91053616 47152
5 2219 rs291873 102840482 1 2.581171986563629e-4 102840482 102847822 7340
5 1239 rs7707639 55010963 1 2.5567749959044e-4 55010963 55016916 5953
5 4048 rs1508763 174893557 1 2.554375247222771e-4 174893557 174893557 0
5 7 rs12188164 428236 1 -2.5195313701704324e-4 423698 429989 6291
5 385 rs11749155 10620642 1 2.5134620806278104e-4 10620642 10621173 531
5 1449 rs6896574 65088175 1 -2.501749832139194e-4 65086850 65098712 11862
5 717 rs4701532 26231699 1 2.501587539016718e-4 26224170 26231934 7764
5 1947 rs2452759 86186490 2 2.4938380210437765e-4 86186490 86195649 9159
5 326 rs2290735 9044411 1 -2.482207333177001e-4 9009675 9059996 50321
5 875 rs1173718 32837489 1 2.4752649913625926e-4 32810791 32837647 26856
5 2529 rs17138784 115402958 1 2.4509830583945355e-4 115393090 115402958 9868
5 1279 rs702689 56177443 5 2.4272712137358033e-4 56064133 56177743 113610
5 506 rs7701823 16054101 1 2.4234445150872987e-4 16044383 16054101 9718
5 190 rs6555331 5154458 2 -2.391888855108318e-4 5145406 5154458 9052
5 1024 rs2561143 38271451 2 2.3794634547187393e-4 38270162 38278416 8254
5 4076 rs6556301 176527577 1 2.3763531037891304e-4 176517797 176527577 9780
5 2593 rs10519551 117512698 1 -2.3727557419634263e-4 117504469 117521059 16590
5 809 rs1995266 31001691 4 2.36833027200346e-4 30986203 31012808 26605
5 93 rs4866662 2696580 1 2.3621513172741455e-4 2694637 2696644 2007
5 3919 rs10059733 171908794 1 2.3617321554903593e-4 171908794 171911313 2519
5 1714 rs441492 76973352 1 2.343367942871143e-4 76967446 76976842 9396
5 201 rs16875244 5287739 2 -2.3327128750274065e-4 5282051 5290195 8144
5 1500 rs13354232 67302176 1 2.321398405916084e-4 67301383 67302928 1545
5 1926 rs893554 85232203 3 -2.306255165277801e-4 85220954 85251746 30792
5 641 rs6884173 22114514 2 2.2934424507922913e-4 22101322 22114849 13527
5 2530 rs1129495 115428381 1 -2.2877656109070995e-4 115415436 115429757 14321
5 1097 rs318082 41459817 1 -2.287341332691339e-4 41458237 41474732 16495
5 3670 rs165070 164001035 1 2.2678948859428905e-4 163993043 164001035 7992
5 832 rs11746324 31560626 1 2.2572775296224716e-4 31538692 31560626 21934
5 1646 rs6414964 75283032 1 -2.2552190471926097e-4 75283032 75283032 0
5 3170 rs9285658 143474131 3 -2.2506241246647796e-4 143464943 143479040 14097
5 2436 rs10477483 112023120 1 -2.2483743772922223e-4 112004034 112032575 28541
5 1318 rs1042994 57751443 1 -2.2474713428013185e-4 57751443 57763091 11648
5 2421 rs17266567 111504782 1 -2.237463364361207e-4 111503308 111519740 16432
5 154 rs2134403 3815679 1 -2.2229445456449097e-4 3815015 3833240 18225
5 667 rs6875157 23710644 2 -2.218415652073233e-4 23709748 23716350 6602
5 4040 rs966775 174763322 1 -2.2012853289110536e-4 174761977 174763833 1856
5 3362 rs2304052 151054227 1 -2.174514983612571e-4 151045061 151054227 9166
5 1222 rs4367252 54033356 1 2.1665510215161172e-4 54031705 54033356 1651
5 1127 rs9292907 44428516 1 2.1638366073115637e-4 44403117 44432885 29768
5 1729 rs7727630 77616951 1 2.1229481679338e-4 77616951 77617159 208
5 2334 rs7720580 107923624 1 2.1051462095298583e-4 107923624 107932100 8476
5 1312 rs11742503 57530181 1 2.1040624990310567e-4 57530181 57533603 3422
5 1073 rs13353952 40233464 1 2.077528488201615e-4 40233464 40278849 45385
5 360 rs38061 9985893 2 2.0365141554422076e-4 9984618 9987380 2762
5 2980 rs258514 133809801 2 2.0292495886163955e-4 133809801 133823078 13277
5 3883 rs2043278 170882607 1 -1.966382643101159e-4 170882607 170886468 3861
5 4062 rs2114968 175313487 1 1.954548114872941e-4 175313487 175313487 0
5 645 rs1261397 22397625 1 -1.9530704914346383e-4 22365310 22403473 38163
5 664 rs6868206 23605043 1 -1.9494916198001835e-4 23605043 23623138 18095
5 1368 rs12517174 59969015 2 -1.9491520272270056e-4 59877538 59977058 99520
5 429 rs7379525 11855867 1 1.9479308738009837e-4 11855867 11867393 11526
5 499 rs6878966 15647084 1 1.933559494353427e-4 15629061 15655056 25995
5 2920 rs273909 131667353 1 1.930483780411716e-4 131644718 131721204 76486
5 3105 rs248616 141091311 1 -1.9221757704332112e-4 141091311 141091311 0
5 1241 rs16884632 55189983 2 1.919732869418348e-4 55168132 55189983 21851
5 2654 rs10042938 119953529 2 1.916188255391696e-4 119932276 119953529 21253
5 3534 rs10515789 158506415 1 1.9052674376644204e-4 158504140 158507676 3536
5 959 rs6894157 35686341 1 1.9014914403637367e-4 35682295 35705333 23038
5 2610 rs17144556 118094406 1 1.898900817964926e-4 118082030 118094406 12376
5 2319 rs12518124 107243126 1 1.887165336294796e-4 107243126 107248608 5482
5 3928 rs4867685 172104628 1 1.851187145030656e-4 172096366 172104628 8262
5 447 rs7721512 13399475 1 -1.8216988712896955e-4 13392571 13405946 13375
5 3379 rs12654017 151900203 1 1.804857754008592e-4 151893373 151907086 13713
5 2621 rs6888116 118659579 2 -1.8021379656232113e-4 118658731 118659579 848
5 1255 rs1423115 55641683 1 1.7911281821181795e-4 55641683 55641683 0
5 1256 rs16885269 55651822 2 1.7412854756640634e-4 55647984 55660690 12706
5 1426 rs6449702 63466256 1 1.737992143428458e-4 63394447 63565395 170948
5 1309 rs1981838 57474848 1 1.73270506163674e-4 57474848 57495341 20493
5 3802 rs752498 168380180 2 1.7314822280070814e-4 168379843 168386194 6351
5 3388 rs1010100 152354943 1 1.731068537458791e-4 152347463 152354943 7480
5 2095 rs269853 95806979 1 -1.67712782040939e-4 95790016 95806979 16963
5 2783 rs1371370 124626392 1 1.672849813044107e-4 124626392 124626392 0
5 1079 rs10737963 40716153 1 1.6426056262008437e-4 40691893 40799540 107647
5 350 rs17274475 9738382 1 1.632158185973715e-4 9738382 9738382 0
5 3940 rs472959 172324558 1 -1.6308266943551234e-4 172322142 172324558 2416
5 596 rs2942296 19385274 1 -1.6286881207872107e-4 19328003 19385395 57392
5 2739 rs4836058 123347900 2 1.624630859495855e-4 123347900 123363515 15615
5 3555 rs17455628 159348898 1 -1.6025999307482525e-4 159341032 159348898 7866
5 264 rs7736268 7071229 1 -1.5940246431322115e-4 7071229 7093653 22424
5 1589 rs453036 73263957 1 1.5883517463804585e-4 73258210 73265385 7175
5 3770 rs903851 167618989 1 1.5658747520340478e-4 167609373 167618989 9616
5 1554 rs16878312 71705384 4 -1.5649552540664537e-4 71697977 71705384 7407
5 100 rs1353631 2834856 1 1.5506624977430783e-4 2828738 2834856 6118
5 1861 rs256805 82251838 1 -1.5333925532157728e-4 82248664 82251838 3174
5 3326 rs2112637 150182434 1 1.5032806450136234e-4 150176331 150187805 11474
5 1661 rs246813 75599605 2 -1.5010395410341797e-4 75572032 75599605 27573
5 3331 rs17111637 150381243 1 -1.4954402601912998e-4 150381243 150383403 2160
5 879 rs6881818 33024072 1 -1.4656983785442244e-4 33010844 33024072 13228
5 3000 rs7710100 134768329 1 1.4579408673498067e-4 134765762 134768329 2567
5 3112 rs3855086 141298977 1 -1.4532303706928155e-4 141298977 141299444 467
5 2477 rs1037719 113623738 1 -1.416108940548169e-4 113616993 113633321 16328
5 3332 rs707141 150386198 1 -1.413697371708685e-4 150386198 150387141 943
5 4059 rs1544923 175268492 2 -1.4004213873032914e-4 175268492 175268492 0
5 1311 rs10513135 57520193 1 -1.398067514271799e-4 57520193 57525196 5003
5 3870 rs11960314 170059227 1 1.3942514369670334e-4 170059227 170090619 31392
5 1584 rs7732677 73181250 1 1.3825897657207165e-4 73179672 73185504 5832
5 2934 rs13178251 132495185 1 -1.3715914548914708e-4 132495185 132495185 0
5 1010 rs10040845 37927454 1 -1.3673216908522567e-4 37925239 37927454 2215
5 1038 rs6862959 38870079 1 -1.339487208526898e-4 38867732 38879218 11486
5 3162 rs1422873 143062716 1 -1.3361574420000196e-4 143058402 143069627 11225
5 3075 rs1422188 139276664 1 -1.28802260314636e-4 139276664 139276664 0
5 1974 rs214134 88253916 1 1.2863664328985656e-4 88233654 88253916 20262
5 2085 rs6883552 95190176 1 1.2484324701059728e-4 95190176 95190176 0
5 2558 rs10478312 116174466 1 1.240728905011859e-4 116165532 116183712 18180
5 2908 rs10900798 130195812 2 -1.237748164827753e-4 130152348 130195812 43464
5 430 rs4701924 11870554 1 -1.2351109669925465e-4 11870554 11874565 4011
5 2494 rs542263 114128978 1 1.232793230241266e-4 114127793 114133545 5752
5 3399 rs540375 152878727 2 1.2326438241146547e-4 152874549 152893433 18884
5 3541 rs4921227 158849837 1 -1.231874656241771e-4 158848492 158849837 1345
5 1063 rs12658486 39806217 1 -1.2228469890631423e-4 39753535 39808150 54615
5 2763 rs4623140 124055918 1 -1.21296379365782e-4 124055918 124073861 17943
5 362 rs314734 10032216 1 1.2033543974593311e-4 10032216 10032216 0
5 1100 rs1027348 41786266 1 1.1948669741993006e-4 41648335 41854877 206542
5 2240 rs12655672 103659607 1 1.1800456153969894e-4 103659607 103659607 0
5 3297 rs741580 149201670 1 -1.1317422732717116e-4 149201670 149201670 0
5 1323 rs10078211 57964018 1 -1.1204609124812688e-4 57937600 57981160 43560
5 4068 rs752139 176011264 2 -1.1154802956622856e-4 176011264 176021956 10692
5 3304 rs3828609 149432863 1 -1.108840690461162e-4 149432863 149432863 0
5 995 rs245670 36759602 1 1.1086903184724004e-4 36739499 36781359 41860
5 2592 rs6891446 117489644 1 1.106774239896522e-4 117451628 117499480 47852
5 357 rs16883882 9947938 1 -1.0885690734104328e-4 9947938 9948723 785
5 4057 rs17065524 175245365 1 1.0840683204433e-4 175239440 175245365 5925
5 1467 rs10055880 65864189 2 1.0630004144324404e-4 65855856 65866903 11047
5 2037 rs7734991 92333217 1 1.0592699811576592e-4 92320089 92351107 31018
5 3656 rs2059098 163407815 1 1.0440101741475016e-4 163381044 163407815 26771
5 3574 rs1363197 160069545 1 1.0208610712435334e-4 160061565 160069545 7980
5 1109 rs11739840 42678345 1 -1.0169206699267176e-4 42678345 42678345 0
5 409 rs6886717 11157382 1 -1.0086902615292882e-4 11156272 11161625 5353
5 1684 rs2460508 76156381 1 9.971809706308889e-5 76147234 76156381 9147
5 2938 rs2864680 132637766 1 9.904236016445312e-5 132633880 132637766 3886
5 1823 rs10078088 80661696 1 -9.870309122790558e-5 80661696 80661696 0
5 2566 rs11241414 116436198 1 9.806732853041084e-5 116436198 116436198 0
5 912 rs890949 34043893 1 9.53416690152814e-5 34036236 34043893 7657
5 3626 rs7731154 162246174 1 9.47316379968048e-5 162246174 162265024 18850
5 2493 rs289026 114108659 2 9.049325823097996e-5 114104210 114121898 17688
5 2343 rs4616948 108168024 1 -9.041233560768936e-5 108145817 108229760 83943
5 3015 rs17701996 135267337 1 8.909539947009772e-5 135267337 135267337 0
5 2984 rs254709 134111769 1 8.868535608476445e-5 134111769 134111769 0
5 2658 rs10075522 120043003 1 8.834991825096191e-5 120042929 120043003 74
5 3041 rs6596370 136603181 3 8.444716543242403e-5 136591170 136603181 12011
5 1575 rs4703608 72950536 1 8.432830633023159e-5 72950536 72980837 30301
5 2862 rs331089 127716424 1 8.403388064312913e-5 127716424 127725467 9043
5 1940 rs10805837 85911654 1 8.360049734150355e-5 85911654 85911654 0
5 3103 rs77275946 141059360 1 -8.282371703495161e-5 141059360 141059360 0
5 3225 rs2400289 146643485 1 8.001065748718445e-5 146641783 146643572 1789
5 2167 rs9327041 99501287 1 -7.943680842614667e-5 99451233 99501287 50054
5 2197 rs7356754 101328984 1 7.876118921237958e-5 101308396 101328984 20588
5 2510 rs1820631 114989990 1 -7.874284658791936e-5 114989990 114993056 3066
5 139 rs698147 3513485 1 -7.778835082860757e-5 3463708 3513485 49777
5 3706 rs41012 165487589 1 7.574866251061223e-5 165465607 165487589 21982
5 782 rs2330241 29773087 1 -7.488721404481872e-5 29748193 29773087 24894
5 1228 rs1579319 54258180 1 7.310348977760413e-5 54253615 54258180 4565
5 1744 rs1071598 78181423 1 7.067312372367974e-5 78179604 78186558 6954
5 2307 rs154191 106957027 1 -6.899262097407539e-5 106957027 106982560 25533
5 4088 rs7708103 177410416 1 -6.883585862059307e-5 177410416 177419967 9551
5 3507 rs899541 157342764 1 6.857071787304912e-5 157340772 157343390 2618
5 1264 rs157521 55821031 1 6.708746476011279e-5 55821031 55821031 0
5 1183 rs4865544 52684170 1 -6.648762161560222e-5 52675782 52684170 8388
5 2401 rs759947 110773100 1 6.630913956937562e-5 110773100 110773100 0
5 418 rs154753 11392036 1 -6.611819980112209e-5 11392036 11392036 0
5 2178 rs2544911 100164220 1 -6.466129990860211e-5 100145388 100194593 49205
5 2047 rs1371285 93496811 1 6.461445850095129e-5 93496811 93557702 60891
5 4159 rs61739270 179302921 2 6.375337774616133e-5 179302921 179321657 18736
5 1089 rs587412 41061871 1 6.317259806749776e-5 41042284 41061871 19587
5 9 rs2251843 457955 1 -6.179216213099707e-5 457955 457955 0
5 1508 rs184886 67611486 1 5.968287151735367e-5 67611486 67615731 4245
5 3531 rs6420100 158387921 1 5.698121575294967e-5 158345923 158387921 41998
5 1141 rs250219 50285812 1 -5.6022893688824346e-5 50263788 50289496 25708
5 3609 rs7713655 161447161 1 -5.5905969689499806e-5 161447161 161464255 17094
5 1616 rs212925 73810478 1 -5.4709524911008046e-5 73805765 73832203 26438
5 2578 rs407266 116857366 1 5.4468339720252425e-5 116843574 116857366 13792
5 1813 rs34193571 80409526 1 -5.368010157765133e-5 80409526 80409526 0
5 416 rs42687 11342293 2 -5.300150495156152e-5 11335373 11344903 9530
5 3734 rs6882813 166281216 1 5.253335314980317e-5 166281216 166281216 0
5 1457 rs36921 65464936 1 -5.06672833427607e-5 65447087 65504927 57840
5 2267 rs1482900 105144834 1 -4.898296359660733e-5 105144834 105163858 19024
5 865 rs7725679 32500158 1 -4.6100698241277726e-5 32500158 32500158 0
5 1365 rs6449471 59746920 1 -4.5777341569431585e-5 59732614 59777561 44947
5 1593 rs208118 73420538 1 4.404621876381047e-5 73420066 73420538 472
5 3847 rs4634366 169590807 1 -4.396491258726536e-5 169590807 169590905 98
5 1012 rs10805632 37992218 1 4.35178010643344e-5 37986493 37992218 5725
5 3433 rs6868098 154080958 1 4.298913322968501e-5 154080958 154090511 9553
5 1429 rs272620 63815993 1 -4.215984173352203e-5 63805283 63818732 13449
5 208 rs504750 5514031 1 -4.1240856952572304e-5 5504842 5536047 31205
5 2460 rs17333442 112947050 2 -4.088165023568202e-5 112933202 112947050 13848
5 535 rs7711618 16878237 1 -4.012150324588346e-5 16875690 16878237 2547
5 1037 rs393398 38833866 1 3.9573349864793944e-5 38827572 38842959 15387
5 3027 rs10050402 135990317 1 -3.65175628515543e-5 135990317 135995691 5374
5 4099 rs7713983 177690978 1 3.493779719037942e-5 177690978 177690978 0
5 3048 rs1104978 136832279 1 3.368306199521364e-5 136832279 136839964 7685
5 1710 rs10063453 76862566 1 3.322348888342198e-5 76857870 76871345 13475
5 1588 rs283596 73242711 2 3.2745236615651605e-5 73240970 73250492 9522
5 3275 rs10077985 148540904 1 -3.228929922618555e-5 148539100 148545567 6467
5 552 rs2937754 17255803 1 -3.171142210785215e-5 17255515 17255803 288
5 1216 rs16883196 53931756 1 -3.078624097538107e-5 53931756 53931756 0
5 3302 rs3756307 149356486 1 -2.8860259719173568e-5 149345975 149356486 10511
5 3398 rs13190209 152806220 1 2.3257556792001625e-5 152806220 152857519 51299
5 1663 rs16873320 75627989 2 -2.313795401792402e-5 75627989 75627989 0
5 1971 rs700591 88105614 1 2.1586571146559263e-5 88079010 88105614 26604
5 611 rs6884961 20325180 1 1.969251216569284e-5 20325180 20325180 0
5 2781 rs1439564 124559651 1 -1.905992886549456e-5 124555847 124559651 3804
5 1028 rs1114175 38352938 2 -1.900103316709997e-5 38350643 38361483 10840
5 389 rs2964798 10788833 1 1.8458534197303375e-5 10771228 10789570 18342
5 1793 rs2443549 79833821 1 1.7401032533920058e-5 79815658 79833821 18163
5 1898 rs13166899 83516148 1 1.5902083906845835e-5 83516148 83524163 8015
5 547 rs587977 17148236 1 -1.5694200200211832e-5 17137175 17148236 11061
5 1624 rs820889 73985534 1 1.540080905241503e-5 73985534 73986648 1114
5 3846 rs1035425 169584169 1 1.4775885545826252e-5 169584169 169584169 0
5 1397 rs152184 61738245 1 1.320860055945248e-5 61717764 61876773 159009
5 2238 rs2591431 103600994 1 -1.2320685024795266e-5 103600994 103600994 0
5 4033 rs6864341 174585025 1 -1.117961622218246e-5 174585025 174585025 0
5 967 rs745300 35988950 1 -1.0609979078292308e-5 35965970 35988950 22980
5 1850 rs4703905 81938017 1 1.0549418323635696e-5 81920484 81939318 18834
5 761 rs12659954 28653504 1 9.689231887280892e-6 28653504 28682246 28742
5 479 rs706282 14472040 1 9.651522561752777e-6 14472040 14472040 0
5 3753 rs4546405 167095559 1 -9.514052078020238e-6 167084107 167095559 11452
5 230 rs409978 6104208 1 9.443911236562868e-6 6103743 6104208 465
5 453 rs389953 13619926 1 -9.096040888209933e-6 13619926 13628062 8136
5 2065 rs1974960 94407021 1 -8.096045937754213e-6 94404179 94418818 14639
5 1195 rs6884003 53342469 1 -6.7337706356873665e-6 53336820 53353001 16181
5 2516 rs3733902 115242142 1 -5.68249340333012e-6 115206937 115242142 35205
5 3715 rs17066554 165680168 1 5.594097399720318e-6 165680168 165699441 19273
5 1115 rs4866808 43180535 2 5.125246829603959e-6 43120938 43192453 71515
5 1259 rs168666 55734556 1 -5.104936797934706e-6 55734556 55741171 6615
5 3057 rs1042124 137667345 1 4.620670273140882e-6 137641466 137682714 41248
5 341 rs17329702 9551091 1 4.4453695085558295e-6 9547129 9551091 3962
5 1662 rs2937746 75602703 1 -4.105898945106217e-6 75602703 75602703 0
5 3277 rs10073851 148623217 1 3.5547924501361883e-6 148615987 148631433 15446
5 1151 rs12659291 51116418 1 1.2711306776970374e-6 51116418 51135688 19270
5 1466 rs1937740 65758455 1 9.924531151935245e-7 65758455 65798492 40037
