CHR Group SNP.lead BP.lead Size W BP.min BP.max BP.width
2 234 rs10931468 191538562 16 0.18765268969579488 191504064 192197929 693865
2 233 rs4638823 191312906 6 0.08742384629034795 189882685 191469731 1587046
2 52 rs7583409 25491056 8 0.07521447161281347 25491056 26873672 1382616
2 244 rs3181113 204601910 24 0.07198393836885951 202835148 205054059 2218911
2 178 rs842362 135341120 16 0.0682507439239838 135162755 136590558 1427803
2 70 rs17493321 38772507 7 0.06552986276346137 38659657 39814690 1155033
2 280 rs2048054 228652347 5 0.06136297349042922 228577809 228776938 199129
2 21 rs10174949 8442248 11 0.05675955649968771 8438959 8605103 166144
2 166 rs6725404 128972833 7 0.05188033187098932 128465547 129118215 652668
2 98 rs1186706 61673394 21 0.0515156416158513 60972786 62666178 1693392
2 150 rs11694541 114509074 11 0.050445734671364983 114432293 115280624 848331
2 88 rs968972 51171962 13 0.0417318700459238 50865495 51753361 887866
2 35 rs721173 13907633 9 0.04092946872926203 13641538 14591055 949517
2 53 rs1260326 27730940 14 0.03997268080063465 26928811 28587069 1658258
2 184 rs10496859 141668678 9 0.03977305929631055 140922911 141782073 859162
2 92 rs10165485 54481636 32 0.0388117052486763 53851844 55658147 1806303
2 57 rs17321999 30479857 5 0.03562259644987066 30273535 30526780 253245
2 189 rs1012272 144993201 7 0.03442592267608364 144689662 145892427 1202765
2 284 rs1365776 231072709 7 0.03428753644374911 230545356 231316105 770749
2 147 rs1398030 111972005 10 0.03387159796152543 110886142 112000058 1113916
2 204 rs1990760 163124051 5 0.03207936240004685 163110536 164193154 1082618
2 312 rs41342147 242407588 9 0.03196578740704308 241922182 242511083 588901
2 138 rs12475055 102878891 10 0.03189794387904571 102707179 103602505 895326
2 94 rs6761469 58581018 17 0.03074898861388438 56552703 58834185 2281482
2 203 rs4420712 162952349 15 0.02966420392020111 161085348 162983749 1898401
2 286 rs7561687 231606083 3 0.02922321765694914 231544263 231825834 281571
2 67 rs6708310 37600427 3 0.02855783258530238 37010574 37814827 804253
2 33 rs4669855 12655145 7 0.02644990552334577 12627522 13052225 424703
2 153 rs1019590 118688162 20 0.02638945575508231 117772652 118978890 1206238
2 141 rs12465089 106386630 12 0.02633760217839902 106078289 106541229 462940
2 61 rs6751050 31993081 17 0.02551133676416117 31553987 33614187 2060200
2 291 rs17862875 234649302 16 0.02413600776454099 234143244 234876037 732793
2 126 rs13395022 79882260 4 0.0237430378376678 79641996 80035372 393376
2 121 rs1997450 76696261 11 0.02305631521922655 76187099 76894380 707281
2 146 rs10178717 110452645 2 0.02276964529285443 110256233 110452645 196412
2 301 rs719933 237812750 4 0.02267029773528525 237683005 238192670 509665
2 209 rs7579964 168826850 8 0.02181357526738291 168461161 169174367 713206
2 292 rs11563204 234917377 12 0.02118588858094827 234890391 235034610 144219
2 124 rs13021149 78292330 12 0.01999337547410898 78093107 79178130 1085023
2 257 rs3738920 214031987 12 0.01997045316874762 214031987 215565107 1533120
