CHR Group SNP.lead BP.lead Size W BP.min BP.max BP.width
4 235 rs7665090 103551603 4 0.11644499787227226 103448582 104340317 891735
4 136 rs4695248 47555196 15 0.05087905306936687 47421325 48222818 801493
4 379 rs11733331 175076940 4 0.0451106938061246 174873969 175076940 202971
4 230 rs6849832 101120472 8 0.039385144175158 100740709 101179982 439273
4 1 rs3755963 894255 10 0.0391949027537619 712222 941290 229068
4 238 rs7679673 106061534 12 0.03611019840096214 105872720 106472577 599857
4 234 rs10049581 103192893 9 0.03254733572165243 102714886 103374154 659268
4 173 rs4600889 72337490 3 0.0298295232540053 71629537 72412029 782492
4 187 rs147332320 79176444 7 0.02836606547983241 79118533 79846570 728037
4 169 rs1371863 68192816 10 0.02356483005503647 68088235 68689874 601639
4 116 rs630428 38121363 8 0.02267780539377229 37903382 38193772 290390
4 361 rs4147034 166453722 4 0.02237585333583016 166453722 166679175 225453
4 61 rs2697707 17427573 7 0.02236300605604995 17385551 17550349 164798
4 47 rs2903351 12707180 5 0.02197539157717652 12361202 13002341 641139
4 180 rs10008757 76903036 9 0.02173047480346488 76769442 77128026 358584
4 24 rs16838780 6417785 6 0.02086604969368883 6401102 6507841 106739
4 93 rs13110484 27757391 7 0.02080085931134964 27715503 27948005 232502
4 40 rs4697909 9896760 5 0.02064649826164622 9371116 10388610 1017494
4 295 rs1589127 137885582 8 0.02002770609970965 137650213 137964269 314056
4 344 rs6849580 159950990 4 0.01963076157503926 159206103 160350425 1144322
4 29 rs6836687 7151812 4 0.0190015064616338 7146033 7183984 37951
4 53 rs10155296 15175539 4 0.01858758658561133 14872639 15223639 351000
4 272 rs6836610 123601697 3 0.01858088443612961 123578850 124242996 664146
4 145 rs2593086 56835114 7 -0.01852655783376142 56551185 56874517 323332
4 96 rs16881823 29430546 4 -0.01829793572144395 29135608 29726094 590486
4 89 rs12505133 26883909 4 0.01826967199125371 26831827 27045049 213222
4 284 rs186444 129825629 10 -0.01820567433743492 129737089 130364383 627294
4 331 rs6535930 154540056 2 0.01820455705448025 154513627 154726634 213007
4 205 rs447990 88033352 15 0.01787858838382983 86935890 88148812 1212922
4 271 rs13151961 123115502 10 0.0178172684944893 122659704 123563078 903374
4 5 rs4690055 2748663 4 0.01778024611621868 2332705 2826400 493695
4 421 rs6812958 185325242 7 0.01760286878430295 185278885 185353799 74914
4 266 rs1587734 120809455 7 0.01744715786287633 120704766 121371794 667028
4 371 rs10213032 171009360 4 0.01740684902511835 170754412 171244684 490272
4 243 rs852269 109236454 5 -0.01705692930086973 109163035 109517946 354911
4 55 rs2286455 16020162 7 0.01693786328421213 15930961 16034634 103673
4 206 rs11935592 88177037 9 0.01691747158794268 88159940 88468852 308912
4 191 rs7664124 81227964 9 -0.01658983906063255 81225455 81829660 604205
4 330 rs3864176 154466939 8 -0.01509615221111231 154138086 154469214 331128
4 137 rs7699960 53735661 4 -0.01470967312930471 48229886 53778384 5548498
4 423 rs12650715 185776850 1 0.01426257685689363 185491838 185791901 300063
4 150 rs12642622 57902276 3 0.01409441527760164 57686657 57948187 261530
4 256 rs17592440 114472402 7 -0.01384851036046291 114332705 114594271 261566
4 110 rs1368621 35929368 7 -0.01370068739641772 35410631 36015133 604502
4 280 rs17011836 127827145 7 0.01369364679848418 127283300 128167093 883793
4 200 rs2091745 84961080 1 0.01369091188686882 84831724 85056551 224827
4 382 rs13130150 175876473 8 0.012997655415547 175667606 176110924 443318
4 315 rs6537382 146867376 2 0.01288924511522392 146685889 146870683 184794
4 196 rs953534 83617849 4 0.01271174566496573 83527733 83697854 170121
4 172 rs10007509 71171720 9 -0.01252322885784143 70588741 71426541 837800
4 259 rs6820993 115897055 4 -0.01238643473193774 115368816 116029548 660732
4 140 rs17747127 55241063 3 0.01220681447004868 55049751 55424655 374904
4 119 rs4833095 38799710 10 -0.01205539084649234 38570708 38893843 323135
4 381 rs7685956 175422196 4 0.01167443699394812 175246203 175617314 371111
4 380 rs12651020 175121923 2 0.01136067455145981 175103590 175126378 22788
4 398 rs1546680 180411508 3 0.01124805622855184 180313511 180542333 228822
4 340 rs1521703 157449624 7 0.01119955559892164 157166746 157574035 407289
4 76 rs10517029 23961394 7 -0.01097326000080706 23957254 24264901 307647
4 141 rs17230634 55480024 3 0.01090246603571517 55434828 55643116 208288
4 144 rs11729403 56267182 6 0.01072237802752185 55997340 56527767 530427
4 48 rs10008923 13213672 5 0.01042679688746647 13023307 13526386 503079
4 62 rs740672 17782264 7 0.01037510224182111 17643848 18203435 559587
4 174 rs1352844 72647749 3 0.01009704372676815 72425863 73146274 720411
4 322 rs10019047 150459436 1 0.01008753214810305 149742690 150576943 834253
4 237 rs972583 105442302 11 0.01007296394289437 104944893 105716540 771647
4 433 rs2637777 187525020 1 -0.01006520909055791 187394590 187580706 186116
4 394 rs5012200 179539753 3 -0.00977098354938323 179399523 179541387 141864
4 391 rs17749802 178520166 5 0.00948264147456574 178317692 178598308 280616
4 194 rs6819863 82667620 5 0.0093339002511216 82659400 83045736 386336
4 35 rs12641498 7917574 7 0.00921831451299248 7714212 7992749 278537
4 135 rs957858 45737256 6 0.00898281540665291 45737256 47406635 1669379
4 151 rs2691394 58218170 5 -0.00874164962426377 58015899 58289649 273750
4 293 rs2897153 137105336 4 0.00872145303756737 136570132 137359917 789785
4 58 rs283029 16698184 3 0.00865611677708553 16698184 16786858 88674
4 10 rs2980164 4297389 7 0.00826432263065594 4207366 4360381 153015
4 328 rs7664303 153829996 3 0.00821878527210591 153629791 153958198 328407
4 207 rs11097166 88611344 11 0.00805048439115467 88502642 88856733 354091
4 279 rs11938961 127255447 6 0.00803289672595544 127201582 127265065 63483
4 90 rs1352374 27157547 5 -0.0080163085358016 27060775 27254091 193316
4 370 rs6553418 170019039 4 0.00796151762713418 169979856 170676328 696472
4 211 rs1903003 89886297 8 -0.00794725532569652 89751858 90116432 364574
4 400 rs6832008 180774423 5 -0.00789484640672411 180696728 181108510 411782
4 373 rs12505546 172228547 4 0.00786406428516647 171788150 172540259 752109
4 375 rs2661805 173231379 5 -0.00775757818010112 172929844 173356104 426260
4 118 rs6531631 38396739 6 0.00765251208022833 38308761 38548187 239426
4 133 rs4326040 44870506 8 0.00757867743824401 43968054 44935266 967212
4 178 rs4345250 75667920 5 -0.00757219660714283 75659256 75980925 321669
4 181 rs10025494 77189380 14 0.00737602477831182 77139510 77701909 562399
4 269 rs6842940 122401640 10 0.00733734727155531 122156142 122450475 294333
4 365 rs13136714 168353430 6 -0.00730753625982135 168256989 168390470 133481
4 0 rs6817633 181832 3 0.00706136691539111 85422 658089 572667
4 285 rs6836368 130751286 3 0.00705942476812137 130373727 131062875 689148
4 246 rs61745483 110773048 5 0.00702471252743695 110663642 111055435 391793
4 261 rs10024264 117468423 3 0.00693106100356402 117245430 117475813 230383
4 171 rs4148301 70462042 2 -0.00689826918058052 69646009 70516520 870511
4 189 rs9991949 80634958 5 0.00681968536273576 80272792 80959926 687134
4 112 rs9995922 36317970 7 0.00673960091532415 36310049 36656080 346031
4 432 rs9999651 187366649 7 0.00672866597265066 187247089 187388958 141869
4 103 rs12509554 32201551 3 -0.0066353517008438 31784698 32315731 531033
4 325 rs361191 152761633 8 0.00662200401127895 152172980 152991825 818845
4 114 rs17604934 37542764 10 0.0065889258341039 37390658 37648845 258187
4 88 rs17644283 26308792 3 -0.00649405032738996 26308792 26522786 213994
4 369 rs1392750 169745078 4 0.00643177467979035 169689516 169928842 239326
4 254 rs10022885 114038963 3 0.00630736640338086 114038963 114224764 185801
4 431 rs1511802 187150806 4 -0.00624356585067969 186994039 187223583 229544
4 270 rs6534309 122609929 6 0.00623700988146891 122473563 122653300 179737
4 214 rs3775442 90715231 6 0.00621574105552759 90516679 91289294 772615
4 303 rs1350038 140744599 4 0.0061839084527165 140724600 140985905 261305
4 138 rs728587 54574680 3 0.00615596745092673 53893156 54638662 745506
4 357 rs12513081 165490671 3 0.00595034497024223 165490671 165516166 25495
4 201 rs1442164 85274948 4 0.00594963089093847 85090749 85430800 340051
4 42 rs10516217 10973261 6 0.00592160623915926 10706422 11050420 343998
4 336 rs1155097 156414715 4 0.00586315423827948 156051299 156517289 465990
4 56 rs16893404 16365531 11 0.00584309396228906 16063055 16513748 450693
4 430 rs6852642 186917039 3 0.00583383850953273 186893350 186972741 79391
4 4 rs2236998 2256716 4 0.00582867178721411 1996670 2275835 279165
4 277 rs1355164 126262415 8 -0.00578884958117719 126239986 126696308 456322
4 362 rs904246 167044948 3 0.00572320164603878 166705990 167083575 377585
4 263 rs10025675 118796265 8 -0.00564965597371067 118244984 118870933 625949
4 71 rs6448103 21952545 2 -0.00564844376566905 21707905 22451781 743876
4 75 rs2932965 23805486 4 0.00564641873196059 23805486 23921453 115967
4 74 rs13118539 23631863 3 0.00559937998552577 23346349 23759757 413408
4 320 rs12650033 148987187 8 0.00552750169480827 148884189 149131264 247075
4 408 rs17072678 182964412 3 -0.00551571469942086 182964412 183111871 147459
4 188 rs1484140 80234648 3 -0.00530536439869362 79914407 80234648 320241
4 305 rs3104107 141449275 3 0.0051808135062477 141181146 141537771 356625
4 300 rs11099746 139692069 2 0.00515532542992603 139567815 139717020 149205
4 312 rs11939984 145812728 4 -0.00514864067055037 145210834 145986668 775834
4 227 rs4493540 99674593 8 -0.00513499831929028 99541283 99703142 161859
4 86 rs11728123 25983887 2 -0.00512710336837792 25874058 25983887 109829
4 324 rs6839352 151887280 6 0.00492889904753328 150955500 152147441 1191941
4 349 rs12512822 162461996 8 0.00478283173956406 162220823 162607930 387107
4 419 rs61730738 184930646 2 -0.00477807723262912 184875120 185062880 187760
4 219 rs17311887 95313228 6 0.00476985090979422 94793323 95589337 796014
4 63 rs4140904 18315992 5 -0.00471422699470943 18277716 18803502 525786
4 236 rs7657942 104540960 4 -0.0045744567668256 104414511 104882439 467928
4 223 rs6848902 96816411 2 -0.0045457026747399 96508701 96816411 307710
4 41 rs6835433 10484987 3 0.00431176023926662 10419465 10693222 273757
4 342 rs4234914 158468178 2 0.00427353993100419 158131579 158669702 538123
4 16 rs7678335 5452895 1 0.00421817249579069 5413525 5629298 215773
4 70 rs11730849 21438786 6 0.00418879238947648 21425057 21689430 264373
4 386 rs11736872 177100644 3 -0.00418627656407734 176850196 177263983 413787
4 166 rs6847427 66786055 3 0.00413887620547033 66610307 67029494 419187
4 131 rs923309 42376356 4 0.00411897473381576 42368901 42975329 606428
4 215 rs6849961 91974658 5 -0.00402578161868536 91315436 91974658 659222
4 265 rs6828669 119947135 3 -0.00401779656310764 119947135 120695322 748187
4 350 rs11100385 162678311 3 -0.00399330665120998 162651017 163149785 498768
4 318 rs17612742 148414651 9 0.00386342188717271 147941013 148491480 550467
4 435 rs7687629 187946831 1 -0.00385653002869628 187860363 187946831 86468
4 311 rs1808991 144792959 1 0.00382997971382229 144451912 145141405 689493
4 208 rs2725264 89026109 5 -0.00382289103957011 88889605 89228455 338850
4 287 rs4133013 132242896 2 0.00378686793005688 131629960 132794301 1164341
4 395 rs6816550 179790822 2 0.00371113641561744 179563805 179930635 366830
4 186 rs6845871 79048490 5 0.00367397172217531 78655778 79048490 392712
4 224 rs1506302 97263153 5 0.00346351721213004 96916758 97779789 863031
4 410 rs6552568 183449806 5 0.00339362773838385 183272312 183504017 231705
4 111 rs13152028 36060318 2 0.00335069478410188 36046629 36293143 246514
4 441 rs6826087 189475684 6 0.00334426661063377 189365509 189522110 156601
4 179 rs1391010 76081553 8 0.00333968880533266 75992533 76730195 737662
4 154 rs17089110 58974923 6 -0.00329667310020568 58967480 59953116 985636
4 267 rs4833652 121474572 1 -0.00326737156902193 121396721 121538689 141968
4 113 rs3910363 37264831 6 0.00319278370999561 36684936 37335699 650763
4 364 rs10517920 167932509 5 -0.00318355097733631 167652786 168150023 497237
4 264 rs6534114 119830296 5 -0.00313109875370762 118941387 119902065 960678
4 13 rs1010776 4942150 4 -0.00308361685478294 4888990 4984192 95202
4 95 rs1402492 28923633 1 0.00308070034485783 28901589 29095909 194320
4 297 rs4478233 138498854 5 -0.00301590036646368 138238306 138520936 282630
4 307 rs2059499 141942359 2 -0.00300308289504518 141890683 141996416 105733
4 54 rs4303974 15375984 5 0.00298431658088244 15369280 15896341 527061
4 100 rs13115999 30641018 2 0.00293682001122885 30455150 31017642 562492
4 51 rs12499480 14167488 4 0.00292722156274384 14037934 14370747 332813
4 339 rs17034165 157100740 6 -0.00292568511707819 156787340 157152021 364681
4 283 rs11098986 129700043 1 -0.00290333272854078 129646870 129700043 53173
4 251 rs1544383 113244470 6 -0.00289787105700089 112524778 113244470 719692
4 147 rs11732236 57132047 3 0.00283206195217606 57116323 57162619 46296
4 165 rs4364313 66289167 14 -0.00280859571524165 65613269 66576310 963041
4 228 rs729147 100333267 1 0.00280236324747673 99719961 100335586 615625
4 309 rs17015594 143075715 6 0.00279921198842084 142848136 143406773 558637
4 132 rs4441790 43210415 5 -0.00278650473271097 43019669 43951981 932312
4 308 rs3098027 142204581 3 0.00277375982949895 142117424 142797440 680016
4 11 rs12512085 4372439 3 0.00270952897277071 4372439 4562916 190477
4 183 rs4252845 77984155 2 -0.00269025057394324 77771345 77984155 212810
4 402 rs3101265 181699644 5 -0.00260385781045099 181382631 181720229 337598
4 157 rs1486492 61830190 5 0.00257098143885472 61395456 61836190 440734
4 109 rs10000487 35299287 3 -0.00256091589947921 35164369 35401416 237047
4 268 rs3817171 122063735 10 0.00255989916588213 121645012 122143664 498652
4 52 rs905043 14539140 2 0.00255308071932055 14397827 14813651 415824
4 148 rs7667406 57503077 1 0.00252788403047838 57176832 57503077 326245
4 317 rs1347655 147905897 6 0.00250286933931079 147180527 147935557 755030
4 149 rs12642085 57549528 2 0.00245422985217746 57516896 57629710 112814
4 241 rs2672470 108464074 5 0.00244231309148838 108167905 108587771 419866
4 240 rs17549820 108118301 6 0.00234102547190749 107517238 108120955 603717
4 164 rs9918005 65423635 4 0.00231759578430799 64625606 65549349 923743
4 401 rs12509071 181342591 5 -0.00230833553532795 181153885 181350463 196578
4 152 rs11725660 58328884 6 0.00228388401758997 58296826 58670994 374168
4 163 rs11131464 64360700 3 -0.00224871699212409 64174876 64473271 298395
4 440 rs952719 189271272 2 0.002230575551664 189166087 189344863 178776
4 87 rs1567649 26026002 3 0.00216750155959567 26016156 26175955 159799
4 146 rs998064 56997350 1 -0.00215551512984103 56916879 57097742 180863
4 108 rs10023150 34595824 4 0.00212901409421931 34370370 35128162 757792
4 175 rs1481108 73609026 4 -0.00211561902504502 73311640 74528627 1216987
4 225 rs7659471 97915370 6 0.00210706337670339 97889973 98432390 542417
4 332 rs6835823 154972357 1 0.00210655836072014 154787090 155008496 221406
4 65 rs7671224 19150192 4 -0.00209340870949891 19092157 20064263 972106
4 220 rs6812065 95626444 3 0.00208672627526232 95618987 95892128 273141
4 185 rs920666 78511203 2 -0.00208270559471706 78335569 78562040 226471
4 222 rs6532555 96307840 3 -0.00207897594524815 96255088 96434992 179904
4 442 rs2377458 189756940 5 0.00201786393683556 189584353 189885883 301530
4 337 rs7680331 156540258 1 -0.0019708236669672 156540258 156586949 46691
4 134 rs7659184 45133240 1 0.00192985626881829 45030609 45548380 517771
4 292 rs4146972 136503631 3 0.0019146912428742301 135831516 136549624 718108
4 333 rs2404903 155071496 6 -0.00189661430625711 155062069 155542248 480179
4 250 rs17042997 112145870 6 -0.00189548476662651 111966090 112497952 531862
4 45 rs6842740 11619288 3 0.00188610773560289 11547681 11956720 409039
4 289 rs12501689 133786573 2 0.00185899104624056 133772334 134335871 563537
4 34 rs2079169 7685529 2 -0.00184733543984756 7666180 7689152 22972
4 80 rs4697076 24908601 1 -0.00183065397626351 24836416 25009491 173075
4 122 rs16995300 39478264 8 0.0018145209533005 39452290 40139719 687429
4 202 rs7685784 86074453 1 0.00179138542170135 85449323 86338233 888910
4 78 rs12507254 24673420 2 0.00178104929168515 24528048 24736258 208210
4 302 rs61747885 140640703 8 -0.00177303450897339 140537671 140693870 156199
4 377 rs7658148 174235624 1 0.00173183764115658 173962425 174471671 509246
4 50 rs17811685 13860927 4 0.00172631043996786 13824647 14026708 202061
4 195 rs13116695 83094251 2 0.00170773384416881 83094251 83457572 363321
4 436 rs6831858 188166889 2 -0.00170451035257182 188004538 188191306 186768
4 338 rs10517620 156676558 1 0.00168901494973802 156622727 156727377 104650
4 15 rs989707 5210283 3 0.00166007751800875 5154673 5367985 213312
4 69 rs17446667 21151856 3 -0.00154366170717889 20908415 21407759 499344
4 413 rs11941467 184190233 3 0.00153649928164092 183809272 184281811 472539
4 281 rs7441245 129436625 9 0.00151965838155866 128367991 129471494 1103503
4 233 rs13142024 102089849 2 0.00148470369544586 102084331 102679337 595006
4 85 rs959903 25810096 2 0.00148418434471775 25758940 25863375 104435
4 248 rs939213 111420577 3 0.00146550312766391 111144049 111463277 319228
4 414 rs6821104 184292528 6 0.00146458513644014 184292528 184415338 122810
4 102 rs16885723 31715825 7 0.00145944985546164 31319406 31758426 439020
4 217 rs17262792 93918873 10 -0.00145303518773753 92651110 94159658 1508548
4 276 rs9998852 126170152 2 -0.00144560172846786 125892629 126216963 324334
4 260 rs12508013 116375611 1 -0.00142443516447941 116074054 117042009 967955
4 323 rs12504006 150746787 2 0.00140185184690287 150678416 150924437 246021
4 190 rs1379707 81180379 2 -0.00137249295456707 80993133 81200645 207512
4 299 rs298466 139262188 5 -0.00134953593731915 139243656 139541397 297741
4 66 rs10027583 20176829 1 -0.00133422867418477 20088468 20380257 291789
4 94 rs292031 28442176 5 -0.00133094020807582 27975847 28863159 887312
4 3 rs34205238 1729556 4 0.00129925611764236 1566164 1737262 171098
4 158 rs2034448 61984568 4 -0.00129496950808571 61903366 62140177 236811
4 160 rs778554 63322306 2 -0.00129435704159451 62845490 63323188 477698
4 231 rs1396286 101642607 2 0.00128422863535532 101238386 101811324 572938
4 197 rs2868729 84147407 7 0.00125408830989029 84013509 84216941 203432
4 159 rs1350246 62276356 2 0.00124361326386223 62258836 62739674 480838
4 39 rs3115378 8557865 2 -0.00122992524438435 8557865 8647233 89368
4 274 rs7691579 125332916 7 -0.00119347408427559 124395024 125465163 1070139
4 247 rs6813255 111072985 2 -0.00116997490537484 111072985 111129756 56771
4 127 rs11735648 41319962 1 0.00113854339079741 41222917 41526749 303832
4 125 rs2437346 40831652 2 0.00113013949726018 40598634 40843288 244654
4 161 rs11131413 63667799 2 -0.00107922089650146 63341773 63704039 362266
4 126 rs7665863 41080894 5 0.00106777780553226 40881353 41212997 331644
4 32 rs60816800 7435058 1 -0.00102322202207815 7399054 7441746 42692
4 278 rs4834082 126949007 3 -0.00100884014371141 126742571 127134711 392140
4 347 rs1532391 161240911 3 0.00100807616306094 161116677 161699005 582328
4 18 rs12331393 5759347 4 9.98212073833351e-4 5746620 5843328 96708
4 388 rs1545089 177854130 1 9.916571836094692e-4 177650866 177964148 313282
4 81 rs13124493 25048536 2 -9.795499813875365e-4 25040676 25107115 66439
4 232 rs2645373 101904475 4 -9.65304828201152e-4 101904205 102074134 169929
4 107 rs6847997 33700983 2 -9.492661125391396e-4 33653757 34333276 679519
4 258 rs2646653 115163958 3 -9.211845182504456e-4 114938478 115271601 333123
4 390 rs13112358 178274750 2 9.20969139077666e-4 178236402 178290368 53966
4 257 rs7662446 114702819 8 -9.087263094388926e-4 114626620 114898691 272071
4 128 rs1061597 41691601 2 8.954601035295176e-4 41639999 41805686 165687
4 105 rs6855223 32626298 4 8.639788818442773e-4 32609134 33055785 446651
4 363 rs875441 167448941 5 -8.63578909436787e-4 167104872 167540460 435588
4 244 rs2881015 109870169 1 -8.580428250748552e-4 109672194 109870169 197975
4 399 rs12500438 180613345 3 8.571250438526897e-4 180564205 180687498 123293
4 198 rs6535458 84233449 1 -8.56822825053695e-4 84230619 84260521 29902
4 439 rs4862860 189022420 3 8.442740550050904e-4 188971489 189101773 130284
4 44 rs11725667 11513562 2 8.17132612486528e-4 11424898 11524263 99365
4 427 rs2047499 186642206 1 -8.013698630442854e-4 186593672 186674804 81132
4 286 rs1968821 131499397 2 7.76543696826939e-4 131127633 131596752 469119
4 341 rs9307949 157626640 1 -7.72403405216853e-4 157626640 158051385 424745
4 6 rs3129317 3287655 4 -7.539217697968935e-4 2906285 3526645 620360
4 304 rs1464435 141048606 1 -7.530017740206899e-4 141048606 141053848 5242
4 345 rs4690958 160766276 2 7.252244334376692e-4 160364016 160766276 402260
4 392 rs11131820 178683325 2 7.207363275694869e-4 178646542 178979494 332952
4 378 rs11941310 174705265 1 7.18620538020685e-4 174530927 174824576 293649
4 353 rs11723207 163749607 1 -7.179012966017761e-4 163749607 163990008 240401
4 167 rs17087338 67451328 2 -7.075308649817468e-4 67069599 67525255 455656
4 397 rs6826259 180257370 1 6.877886996774288e-4 180131863 180298293 166430
4 393 rs1458717 179114110 1 6.861283058917998e-4 179009622 179380467 370845
4 14 rs12651470 5128511 1 6.670147202885679e-4 5055774 5128511 72737
4 288 rs11099208 133649012 3 -6.549281765014194e-4 132914907 133707298 792391
4 296 rs1517950 138008216 5 -6.488211594115757e-4 137984231 138227898 243667
4 99 rs1369184 30180666 2 -6.293395519817978e-4 30173651 30439397 265746
4 98 rs2613180 30132119 1 6.291860518654295e-4 30132119 30161847 29728
4 212 rs11733183 90170094 2 6.268912853247846e-4 90137336 90211918 74582
4 67 rs490478 20498484 2 -6.252263008546573e-4 20467767 20585883 118116
4 354 rs4234960 164389550 5 6.249830710459295e-4 164007992 164471823 463831
4 242 rs2522426 108621483 3 5.977906885129343e-4 108611941 109111726 499785
4 346 rs17329555 161105967 2 5.849501366920841e-4 160889694 161109431 219737
4 356 rs6536815 165346531 6 -5.744335597825973e-4 164797386 165404456 607070
4 314 rs11100883 146450970 5 5.65743635315522e-4 146309232 146644389 335157
4 57 rs10805350 16531401 2 5.629923549925249e-4 16531401 16648246 116845
4 407 rs10001447 182756765 1 5.577640955278163e-4 182740613 182942414 201801
4 424 rs10001154 185849906 1 5.546988353988464e-4 185810760 185977226 166466
4 294 rs12509396 137534902 2 -5.39900341621288e-4 137413277 137597423 184146
4 329 rs10001638 154055176 2 5.118568318842746e-4 154000968 154087520 86552
4 38 rs4696812 8321709 5 -4.8360182987384256e-4 8320126 8554894 234768
4 301 rs6853235 140253202 1 4.588885376736878e-4 139753601 140370149 616548
4 383 rs10021387 176378939 1 -4.5052665688408665e-4 176200230 176391372 191142
4 367 rs590272 169181074 5 4.452338391527549e-4 168985670 169401199 415529
4 84 rs6448388 25654566 1 4.317281282113248e-4 25638736 25674194 35458
4 156 rs10517498 61210768 3 -4.3080923454634577e-4 60751868 61370159 618291
4 193 rs4401444 82620131 2 4.232667624674182e-4 82347502 82624148 276646
4 384 rs2333251 176566551 2 -4.194013775056525e-4 176538654 176662797 124143
4 385 rs2291761 176730094 1 -4.124405015085037e-4 176677770 176832899 155129
4 372 rs1522571 171616095 1 3.9164928625091446e-4 171288473 171762217 473744
4 162 rs7693548 63901897 1 -3.876581748862385e-4 63779473 64103715 324242
4 358 rs12507345 165585563 3 -3.7977326076548177e-4 165576740 165800154 223414
4 403 rs1357353 181935405 2 3.6360655153009464e-4 181784244 182065498 281254
4 72 rs1120044 22531986 2 -3.517095415906911e-4 22530016 22812879 282863
4 360 rs12330937 166168419 1 -3.5109851319375474e-4 166089111 166390220 301109
4 115 rs2995977 37752668 2 -3.508135840773303e-4 37690582 37862522 171940
4 298 rs12511738 138801711 7 -3.452548156819605e-4 138577151 139183123 605972
4 368 rs17707379 169509103 2 3.3874116971983e-4 169422705 169669891 247186
4 405 rs1002977 182432361 6 3.3631054913541903e-4 182292227 182514392 222165
4 83 rs10013819 25577184 2 3.3499912347472225e-4 25475192 25587743 112551
4 33 rs4689773 7522239 1 3.2943714344247255e-4 7466980 7632223 165243
4 192 rs1452373 82284055 2 3.2618190318476817e-4 81897005 82315470 418465
4 262 rs12649613 117946646 2 3.058747302302682e-4 117569522 118218045 648523
4 77 rs7656078 24489441 1 -3.0516232642319044e-4 24310076 24489441 179365
4 321 rs12644824 149525713 2 2.945426925801992e-4 149170058 149713872 543814
4 184 rs17643945 78194110 2 2.850817193828536e-4 78069066 78330433 261367
4 216 rs10516896 92356118 2 2.781836176473574e-4 92142940 92544404 401464
4 12 rs1039905 4763850 1 2.718389076416287e-4 4579042 4852354 273312
4 170 rs1872581 68718486 1 -2.6045606190945115e-4 68718486 69597175 878689
4 97 rs4407457 30022650 1 2.56978114024472e-4 29740429 30068213 327784
4 253 rs17045555 114014365 2 -2.4281772107940063e-4 113916575 114019871 103296
4 316 rs10012073 147015936 2 -2.4061385254804503e-4 146883385 147137951 254566
4 252 rs13148353 113352628 4 2.221684519891729e-4 113248536 113779891 531355
4 199 rs2046731 84703011 1 -2.1019667175804625e-4 84374480 84793814 419334
4 420 rs11724229 185128641 5 1.990130569137085e-4 185086713 185249147 162434
4 177 rs11099492 75575898 1 1.944201045187472e-4 75199609 75619533 419924
4 229 rs6849369 100682937 4 -1.880667024071668e-4 100341861 100705602 363741
4 43 rs10031075 11216471 4 -1.8175885888301808e-4 11069265 11401087 331822
4 389 rs2246360 178100729 1 1.8091942734767996e-4 178001276 178201257 199981
4 412 rs2309777 183722743 1 1.739402936236158e-4 183709536 183791706 82170
4 444 rs1551137 190438606 1 1.7260182235991973e-4 190106915 190467123 360208
4 79 rs7435399 24765819 2 -1.7040465897571832e-4 24765819 24802412 36593
4 387 rs2167095 177373302 3 -1.6748678836027344e-4 177328296 177607731 279435
4 366 rs10002325 168705038 1 1.509400976149341e-4 168515495 168898057 382562
4 210 rs11736472 89458051 2 1.3941894755943392e-4 89389640 89742764 353124
4 60 rs16894953 17361114 1 1.3059591276309902e-4 17255650 17361114 105464
4 348 rs4128879 161878992 2 1.2841860356959525e-4 161763818 162105557 341739
4 92 rs7697958 27614790 1 -1.2672866712234735e-4 27584802 27680483 95681
4 213 rs1495556 90458283 2 -1.2313647290313238e-4 90241029 90492766 251737
4 19 rs6840908 5931208 1 1.181070522131758e-4 5847493 5966801 119308
4 22 rs10002743 6276581 1 1.0821184846919388e-4 6236514 6342213 105699
4 426 rs13123635 186504441 1 1.02445378122911e-4 186423637 186559109 135472
4 153 rs17088788 58708318 2 9.88315666740118e-5 58706462 58900069 193607
4 204 rs343853 86661171 1 9.46917159036492e-5 86615391 86847640 232249
4 168 rs6830822 67674435 1 9.192628901351996e-5 67607007 68064440 457433
4 239 rs115723993 107181616 1 -9.122458540505968e-5 106516028 107499928 983900
4 27 rs13115900 6876569 1 8.980516901988926e-5 6854060 6890937 36877
4 155 rs2341561 60358044 5 -8.969031387485516e-5 59988095 60681208 693113
4 124 rs2307046 40438576 2 8.70083434094908e-5 40420437 40565469 145032
4 319 rs11557361 148560193 1 7.983686492177878e-5 148554421 148828922 274501
4 226 rs10516428 99237439 1 6.698527089861749e-5 98652689 99510279 857590
4 443 rs10004274 189952149 1 -5.548704823841247e-5 189942126 190044666 102540
4 28 rs7675524 6951583 1 5.200873256097096e-5 6918679 7112676 193997
4 31 rs17755381 7282506 1 4.798357343051396e-5 7280033 7352477 72444
4 411 rs6552603 183663175 1 4.038152405340462e-5 183553276 183664522 111246
4 59 rs16894315 17092275 2 3.7364419878088424e-5 16823900 17224345 400445
4 428 rs11132350 186725449 1 -3.486561183398013e-5 186710312 186758065 47753
4 82 rs2667295 25327288 8 -3.280248891828494e-5 25168417 25465970 297553
4 73 rs7664442 23018704 1 -2.057428868663956e-5 22859573 23320940 461367
4 310 rs4690772 144051108 2 -2.04286183667884e-5 143450575 144406061 955486
4 417 rs17075108 184789877 2 -9.523999288063343e-6 184728682 184792187 63505
4 404 rs1563213 182199391 1 -8.51607038431304e-6 182089409 182286222 196813
4 313 rs10006257 146205494 1 7.641879469847729e-6 146184565 146249655 65090
4 245 rs13103963 110577363 3 -5.815669174650151e-6 109999116 110659067 659951
4 290 rs17537322 134641442 1 -2.2732881164892234e-6 134409421 135440831 1031410
