CHR Group SNP.lead BP.lead Size W BP.min BP.max BP.width
6 319 rs12529318 32434314 5 0.24013459551829003 32383108 32578052 194944
6 327 rs2281389 33059796 18 0.21806480152057103 33025493 33098276 72783
6 320 rs7774434 32657578 10 0.12636240100824675 32590722 32672082 81360
6 315 rs915653 31657047 14 0.08883774505109113 31572927 31947460 374533
6 311 rs2523544 31333562 5 0.08809638520274198 31289640 31341379 51739
6 328 rs2229784 33136310 7 0.07324718368560612 33098569 33195604 97035
6 760 rs535490 106564434 8 0.06680073827987429 106564434 106613091 48657
6 970 rs6920220 138006504 5 0.05586443436666693 137940936 138022540 81604
6 288 rs806794 26200677 4 0.04913781876673331 26184617 26322985 138368
6 1258 rs3093024 167532793 4 0.04684024661679083 167360389 167537594 177205
6 323 rs2071473 32782605 21 0.04592619636726546 32740895 32804070 63175
6 314 rs4413654 31441349 6 0.0370346697070521 31436273 31568469 132196
6 450 rs3777594 45933157 3 0.03533881670218002 45933157 45992333 59176
6 326 rs423639 32987774 7 0.03484566275891191 32968276 33016728 48452
6 357 rs9357239 37060809 1 0.03454324874758726 36999682 37060809 61127
6 282 rs6940230 25247120 8 0.03395818626457989 25200842 25328567 127725
6 212 rs9297068 18353562 4 0.03289431206901085 18256625 18353562 96937
6 317 rs1475961 32194609 6 0.03198831382499292 32191339 32286761 95422
6 193 rs6933491 16268408 5 0.03178780938784464 16203561 16289328 85767
6 1098 rs687508 153406657 7 0.03153776383515857 153353459 153488244 134785
6 1156 rs6924755 159264974 5 0.030982388184103 159145196 159299216 154020
6 961 rs6912539 137108757 2 0.03052918934501693 137108757 137268106 159349
6 396 rs10807248 40844002 4 0.03003721242013671 40801731 40863535 61804
