CHR Group SNP.lead BP.lead Size W BP.min BP.max BP.width
5 209 rs6897932 35874575 9 0.12765123927853764 35806960 36028494 221534
5 682 rs2546890 158759900 7 0.09221842174682214 158504140 158814533 310393
5 596 rs4912622 141490587 5 0.04995111034518516 141439358 141637058 197700
5 647 rs10036748 150458146 11 0.04775834427878012 150399210 150478318 79108
5 436 rs26232 102596720 2 0.04193602535776166 102280302 102694112 413810
5 431 rs1428439 100238801 1 0.03362305112988836 99952114 100580114 628000
5 466 rs7709420 110544623 4 0.03111031536036037 110491097 110620861 129764
5 505 rs6595174 118440675 6 0.02634336534902913 118164075 118532034 367959
5 112 rs149391 14745268 3 0.02495941082851575 14583006 14745268 162262
5 339 rs17748322 75875629 6 -0.02463180142529212 75839165 75957624 118459
5 207 rs2962101 35135741 3 0.02412796058961135 35084647 35369453 284806
5 810 rs4075958 176784512 6 0.02401391962117468 176517797 176825069 307272
5 606 rs6580285 142889168 4 0.02379068038672861 142827239 142974644 147405
5 7 rs36979 1503610 3 0.02346281084461439 1493608 1550734 57126
5 423 rs30187 96124330 11 0.0233381870620495 96082401 96467756 385355
5 113 rs9790982 14776585 2 0.02315823681187619 14764934 14835061 70127
5 567 rs10059571 133410192 1 0.02260797301329422 133266198 133416258 150060
5 517 rs2116427 121182996 2 0.02187302130674362 121182996 121314168 131172
5 410 rs13165943 92139632 8 0.02158388834339549 92082627 92588936 506309
5 675 rs3846684 156649132 4 0.0215592514577571 156637347 156966595 329248
5 460 rs2301010 109132461 6 0.02138173277823015 108644218 109224099 579881
5 249 rs3776694 53360174 8 0.02121334439894548 53226422 53509186 282764
5 774 rs255313 172611648 3 0.02041917629955662 172390693 172656107 265414
5 243 rs889294 52110676 14 0.02017984151603682 51708099 52114611 406512
5 110 rs149123 14222340 7 0.01980048601800125 14087633 14472040 384407
5 550 rs1422450 128040308 3 -0.01944711254119257 127873094 128042790 169696
5 406 rs6452953 90723034 4 0.01891216468620646 90521117 91053616 532499
5 728 rs7723247 167115062 4 -0.01861363505959543 167070414 167258672 188258
5 373 rs224961 81698717 3 -0.01835403998510636 81198579 81698717 500138
5 232 rs971075 40980585 12 -0.01814250409706662 40961164 41271357 310193
5 642 rs887344 149549022 3 0.01789591997302418 149548823 149650925 102102
5 836 rs307814 180074248 1 0.01771671656087833 180074248 180074248 0
5 383 rs6897010 83163554 5 0.01755749745352623 83113909 83284724 170815
5 681 rs10515785 158443352 2 0.01735507730628752 158183996 158476891 292895
5 245 rs1421941 52297951 7 0.01715229471027006 52184613 52409245 224632
5 465 rs3806932 110405675 3 0.01676187960590587 110399033 110485574 86541
5 65 rs1353502 6902045 2 0.01648716009654926 6865801 6902045 36244
5 551 rs2577559 128378225 15 -0.01631820509865498 128072198 128504564 432366
5 391 rs13190391 85251746 5 -0.01596178844498866 85058382 85314047 255665
5 531 rs4835839 123939264 8 0.01587750878108655 123939264 124073861 134597
5 206 rs40200 35045745 6 -0.01547434975483355 34863220 35045745 182525
5 464 rs10035983 109833727 6 0.01543694620392594 109630328 110307883 677555
5 397 rs13357105 87457198 10 0.01542742834052939 87139133 87847586 708453
5 295 rs4235460 65689041 1 0.01512922209271214 65642855 65726784 83929
5 217 rs4574573 37915720 3 0.01495450636678936 37901408 37915720 14312
5 700 rs312305 162095410 2 0.01484805083769301 161893436 162096682 203246
5 591 rs72790032 140773111 11 0.01442337660645398 140663663 141059360 395697
5 691 rs1582418 159882797 2 0.01380350135533239 159879978 159938903 58925
5 414 rs13359541 94147866 4 0.01373406282742459 94096010 94230358 134348
5 76 rs341893 8467900 1 -0.01364867960226846 8467900 8484044 16144
5 374 rs924619 81953043 4 0.01357606891272164 81717176 81955591 238415
5 448 rs4382152 106379106 4 -0.01347387952172704 106223536 106379106 155570
5 428 rs7737402 98333129 3 0.01345264343779737 98124933 98524496 399563
5 679 rs10515765 157947537 6 0.01340878333590977 157588271 158045955 457684
5 312 rs1911923 71155607 1 0.01327326833810593 71155607 71230022 74415
5 380 rs1805377 82648943 5 0.01320267385382171 82299073 82648943 349870
5 573 rs2652080 134612693 8 -0.01294230207467688 134609822 134773951 164129
5 314 rs4704553 71430895 4 0.01271158983650333 71430895 71454175 23280
5 199 rs1374017 33835353 1 0.01270574974758762 33835353 33941356 106003
5 741 rs978902 168650196 4 -0.01250147067564706 168563018 168660989 97971
5 742 rs11134564 168688650 3 -0.01238130005230886 168688650 168828290 139640
5 284 rs4699986 61150440 3 0.01237321438906341 61101470 61366182 264712
5 279 rs4302546 59522505 4 0.01210921601254577 59230059 59544653 314594
5 337 rs246797 75647630 2 0.01190896581735189 75572032 75659679 87647
5 443 rs10069629 104212940 4 0.01172861705238774 104125475 104524071 398596
5 254 rs4282276 54011945 7 0.01171900083041696 53941552 54038676 97124
5 189 rs2291114 32074392 4 0.01153227601827459 32067398 32431375 363977
5 175 rs4867261 30257748 5 -0.01107784928072158 30164476 30513919 349443
5 693 rs2176297 160388599 4 0.01100259656288073 160196659 160390969 194310
5 486 rs6895571 115307292 12 -0.01090341633254918 115166713 115351241 184528
5 427 rs154201 97939616 4 0.01087633544645401 97666860 98107141 440281
5 662 rs17637310 153774496 4 0.01087220471457474 153765239 153788339 23100
5 799 rs2471015 174756703 3 0.01082168682435277 174708042 174763833 55791
5 241 rs4865518 50984183 1 0.01080136390615927 50451964 51182660 730696
5 676 rs6882516 157182897 3 0.01078657113520453 156981913 157182897 200984
5 555 rs2108428 129646108 5 -0.01062918912868092 129524949 130980027 1455078
5 231 rs9292780 40573745 16 -0.01062410110758174 40288878 40943442 654564
5 29 rs4866550 3308312 2 0.01046186539420256 3308312 3356538 48226
5 308 rs13175238 68058660 3 0.01034419298780913 68010984 68231686 220702
5 506 rs1876736 118665393 4 -0.01019712820363118 118611118 118675246 64128
5 23 rs1389589 2948632 6 -0.01017595301973493 2856417 2948632 92215
5 582 rs4835662 137298890 6 -0.0100538577818239 136953007 137442353 489346
5 586 rs749125 139166808 1 0.01003449846457535 139145049 139201064 56015
5 610 rs11167846 143530915 4 -0.01003340558639392 143406683 143589949 183266
5 600 rs7736417 142142015 3 -0.00999917676240878 142047909 142142015 94106
5 287 rs6865447 62325295 1 0.00988790258553905 62193486 62510356 316870
5 136 rs4597970 18971937 3 0.0097592993009567 18885615 19007222 121607
5 544 rs6884533 126041754 3 0.00954944763041084 125908090 126041754 133664
5 171 rs1025282 29351886 5 0.00949300745037804 29052337 29466930 414593
5 557 rs743562 131872383 2 0.00942235040209111 131644718 131995964 351246
5 426 rs6890789 97469921 1 0.00931399947502652 97333442 97557817 224375
5 502 rs17143751 117531638 9 -0.00929683086904233 117354366 117649329 294963
5 286 rs16890998 62033116 2 0.00920095486373726 61977629 62166774 189145
5 669 rs10515719 154803797 7 0.00893676502459306 154803797 155060775 256978
5 44 rs7711434 4724332 5 0.00890631356234685 4700587 4876172 175585
5 658 rs6877008 152777855 4 -0.00889315952802074 152535502 152857519 322017
5 371 rs11740719 80723458 5 -0.00861740252841205 80719125 81053445 334320
5 381 rs173686 82811500 4 -0.00848749160813862 82720112 82929501 209389
5 200 rs10941110 33999079 3 -0.00847686115690488 33971037 34123933 152896
5 602 rs6898510 142372435 1 0.0084674093408929 142264406 142438222 173816
5 335 rs12655684 75492702 5 0.00846577133503158 75304492 75509233 204741
5 672 rs10077764 155717149 1 0.00843593524296148 155471714 155717149 245435
5 61 rs10072359 6417325 5 -0.00837821586543171 6353815 6461429 107614
5 513 rs7735853 120394954 2 -0.00832731336220896 120042929 120474531 431602
5 698 rs7716847 161662347 6 -0.00829561935683193 161517570 161681172 163602
5 527 rs7713532 123587452 1 0.00825877933547663 123449266 123587452 138186
5 770 rs7715908 172243695 7 0.00822817786240107 172145370 172246457 101087
5 267 rs7731700 56111927 7 0.00816051030105701 55955224 56238597 283373
5 434 rs4703196 101240273 5 0.00815262444486621 101210703 101572156 361453
5 96 rs6554614 10905445 2 -0.00809224330715238 10905445 10955988 50543
5 747 rs4449553 169511458 5 -0.00798472982009098 169511458 169622208 110750
5 575 rs6861738 135050175 5 -0.00793108194281649 134977833 135211466 233633
5 64 rs12188231 6761511 3 0.00792233374204187 6676931 6834167 157236
5 589 rs1030667 139658794 4 0.00791937389734348 139437110 140216042 778932
5 818 rs7722612 177826469 1 0.00779941733550901 177798295 177830769 32474
5 664 rs11749542 153919809 3 -0.00761842274579942 153902050 153986044 83994
5 569 rs258514 133809801 2 0.00756146538399323 133781587 133900974 119387
5 169 rs4266409 28489325 4 0.00754614129005714 28340173 28573939 233766
5 319 rs2914544 72809831 3 0.00750776112007777 72618120 72809831 191711
5 216 rs4343860 37681646 10 0.00742423943241297 36786516 37882093 1095577
5 401 rs876470 89127815 4 0.00733624681957192 89071734 89419677 347943
5 72 rs1377490 8036594 6 0.00733563485848927 7859434 8062748 203314
5 36 rs505800 3927833 3 -0.00728766185596764 3888310 4080229 191919
5 315 rs13153166 71494931 6 0.00727472344631334 71490962 71809247 318285
5 25 rs11747122 3086951 9 0.00722243879893168 3044895 3095939 51044
5 793 rs7728861 174180561 4 0.0071720438378378 174180561 174261760 81199
5 184 rs7707027 31761519 1 0.00712871731560515 31761519 31761519 0
5 75 rs10512951 8303911 2 0.0070212959514613 8231744 8440728 208984
5 587 rs1422188 139276664 2 -0.00697402035469706 139257603 139290054 32451
5 340 rs153311 76027823 3 -0.00692308956595709 75964507 76166018 201511
5 347 rs354616 77122240 7 0.00687608470956397 76963674 77122856 159182
5 631 rs10070291 148232677 1 0.00682170309435233 148221473 148310151 88678
5 144 rs6896002 21588931 3 -0.00675320687421621 21396544 21690586 294042
5 710 rs10064772 164368235 2 0.00666811581620255 164211185 164458245 247060
5 541 rs12513492 125685898 1 -0.00659558594519082 125685374 125740942 55568
5 469 rs17842608 111056781 4 0.00648759744628995 110939390 111125467 186077
5 95 rs2083232 10812811 8 -0.00648354577202075 10675766 10883440 207674
5 590 rs2907312 140611099 15 0.0064778137154983 140255119 140614830 359711
5 417 rs17084869 94858574 5 -0.00647133870884252 94796041 95094812 298771
5 30 rs402272 3411611 4 0.00645785935376235 3363968 3451196 87228
5 106 rs1445678 13643405 2 -0.00644490010595783 13619926 13727212 107286
5 290 rs6449702 63466256 3 0.00637372280975084 63221842 63954744 732902
5 190 rs6879213 32474264 4 0.00632790123758246 32466436 32631975 165539
5 659 rs540375 152878727 1 -0.00632237011859177 152874549 152942223 67674
5 255 rs1991498 54170032 1 0.00631406316775857 54104560 54170032 65472
5 583 rs4457069 137619591 8 0.00630043985485553 137486426 137967937 481511
5 346 rs10514104 76808135 5 0.00629107419944091 76733379 76903692 170313
5 708 rs6556742 163681411 2 0.00625483309359726 163681411 163731007 49596
5 345 rs6863296 76616738 5 0.00625097107809752 76518442 76718187 199745
5 727 rs4869044 166882756 4 0.00618130094259317 166881177 166992760 111583
5 228 rs261747 39245521 1 -0.0061618935563777 39245521 39428050 182529
5 33 rs6892937 3684777 1 0.00605774723195068 3684777 3684777 0
5 273 rs10514853 57847893 4 -0.00602243145330563 57724792 58043722 318930
5 752 rs4867981 169999591 4 -0.00600998439488253 169933055 170004035 70980
5 823 rs11746863 178572268 5 0.00596807315758115 178415937 178579914 163977
5 807 rs4867842 176082381 2 -0.00594753772365189 176050715 176096188 45473
5 806 rs1545976 176006611 4 0.00590995166128336 175912994 176021956 108962
5 444 rs249557 104682427 4 0.00587276798529932 104582841 104845257 262416
5 294 rs1864037 65590269 1 -0.00584817660006966 65247893 65590269 342376
5 479 rs13190004 113435957 3 -0.00584270385532982 113404933 113596392 191459
5 750 rs703505 169809402 3 -0.00581274002078272 169767523 169813844 46321
5 731 rs7722031 167543205 7 -0.00579476506884439 167529727 167645010 115283
5 74 rs2658156 8147584 1 -0.00574680010094849 8143945 8189392 45447
5 145 rs13162954 21743174 5 0.00571135264106682 21723745 22114849 391104
5 388 rs10051998 84018132 3 0.0056958787156385 83981802 84062058 80256
5 654 rs159822 151467672 5 0.00566959573297659 151376310 151576474 200164
5 402 rs10059737 89517833 5 0.00562472006737961 89455539 89546109 90570
5 711 rs9790890 164786295 7 0.00559649206576472 164541466 164792081 250615
5 716 rs17065819 165172613 2 -0.00554839317762305 165102648 165247018 144370
5 483 rs2925180 114676772 1 -0.00553783541643853 114580652 114743497 162845
5 120 rs332807 16500790 4 -0.00550336749428295 16451188 16590355 139167
5 481 rs289026 114108659 8 -0.0054703381695549 113798016 114381312 583296
5 98 rs441973 11277256 1 0.0053899046941418 11239180 11298223 59043
5 230 rs6865476 40025084 5 0.00537418671978351 39753535 40278849 525314
5 280 rs11740327 59899413 10 -0.00527787943266368 59602340 60065941 463601
5 522 rs34341374 122364538 4 0.00521711680818813 121987792 122409434 421642
5 539 rs17153713 125284770 2 -0.00519520352554551 125130065 125340731 210666
5 306 rs7726943 67818581 2 -0.00519510875240453 67755091 67845698 90607
5 37 rs10866562 4110205 1 0.00517818738392068 4105915 4136154 30239
5 253 rs6866215 53906687 7 -0.00516060705671461 53750530 53931756 181226
5 364 rs10805934 79603708 2 0.00514913551313493 79497156 79666489 169333
5 532 rs6595551 124139895 2 0.00512979115123829 124132647 124147560 14913
5 11 rs12656386 1965996 3 -0.00504483247337643 1937407 2014366 76959
5 281 rs9291710 60541910 4 -0.00492534094496275 60080374 60604261 523887
5 809 rs7718874 176358065 2 0.0049022369910048 176314206 176434440 120234
5 540 rs3849076 125474036 5 0.00485048563516743 125359766 125670036 310270
5 277 rs1445918 58681857 6 0.0048167771519165 58543332 58713680 170348
5 26 rs468828 3152858 3 0.00477877563341725 3121728 3168780 47052
5 320 rs17633441 72928247 3 0.00476952734400175 72830030 73037073 207043
5 689 rs888919 159628008 6 -0.00475090858873204 159437466 159633484 196018
5 801 rs11746641 174866091 6 -0.00470622971410634 174858052 174893557 35505
5 474 rs7732695 112495421 7 0.00469513704072494 112317417 112530417 213000
5 293 rs251288 65191876 5 0.00464789859692835 64829258 65194123 364865
5 159 rs7704909 25898921 3 0.00462982550711026 25774428 26091605 317177
5 503 rs12109441 117825449 4 -0.00462146413658876 117730127 117914813 184686
5 791 rs6878215 174060774 1 0.00460752010141471 174050806 174076982 26176
5 535 rs6892878 124525027 3 0.00458676890506627 124491958 124559651 67693
5 657 rs6881504 152498173 7 0.00458364378571056 152219802 152498173 278371
5 769 rs6556035 172079889 3 0.00458338745664657 172061532 172127304 65772
5 157 rs1389221 24884260 2 0.0045697975104809 24884260 25482123 597863
5 285 rs1995782 61563586 4 -0.00455566944018273 61404673 61951416 546743
5 745 rs6555879 169391322 2 0.00448025204438648 169356966 169398287 41321
5 384 rs2269287 83360520 7 -0.00442028054768763 83306127 83360520 54393
5 109 rs2102443 13995605 3 0.00438694281329543 13964588 14061184 96596
5 130 rs1399486 17767272 3 0.00438592921543213 17697797 17802524 104727
5 488 rs3733725 115791669 1 -0.004378389106923 115415436 115814106 398670
5 186 rs1973532 31898172 2 -0.00437749994149266 31871346 31907887 36541
5 143 rs6878853 20981688 5 -0.00433821215280148 20953429 21235554 282125
5 476 rs13160538 112965930 8 -0.00432507883515908 112681830 113102185 420355
5 101 rs7713093 11593348 4 -0.00427218029116359 11538361 11593348 54987
5 432 rs17137209 100898414 6 -0.00426185677111064 100611918 100948178 336260
5 55 rs28165 5792720 2 0.00422977239818531 5737475 5792720 55245
5 780 rs703724 173120513 1 0.00418989827519615 173076223 173120513 44290
5 147 rs12518494 22938343 3 0.00410304817388489 22793334 23100596 307262
5 357 rs7719464 78641327 4 0.00408567080385762 78421780 78763345 341565
5 89 rs4409061 10142175 1 -0.00406556140442361 10081435 10159036 77601
5 77 rs12653550 8554971 3 0.0040615566514812 8521119 8584086 62967
5 512 rs6891778 119992297 4 -0.00405647659101332 119885302 120023393 138091
5 445 rs1482914 105232877 7 -0.00397482937615775 104864551 105419534 554983
5 462 rs11959815 109399630 1 0.00393908385646354 109369796 109419718 49922
5 744 rs371856 169146825 4 0.00392986286302081 169129284 169348810 219526
5 772 rs472959 172324558 1 -0.00389837048106835 172298073 172324558 26485
5 94 rs9790911 10585287 2 0.00387386406014753 10583537 10621173 37636
5 358 rs7712162 78945171 2 -0.0038586318119156 78823934 79003360 179426
5 116 rs2121183 15082673 1 -0.00384536044058618 15022112 15364484 342372
5 394 rs11746597 86128792 6 0.00383744999697502 86059399 86432617 373218
5 826 rs456909 178659691 1 0.0038271561601981 178659691 178686332 26641
5 471 rs379440 111693371 3 0.00370166818550121 111503308 111770880 267572
5 617 rs71594518 145252239 4 -0.00365807047279718 145252239 145393364 141125
5 167 rs6862995 27824645 2 0.00363449741426481 27817189 27913746 96557
5 580 rs6878269 136526751 12 0.00358885697556782 136402958 136708619 305661
5 166 rs4585457 27699870 4 0.00358603850442183 27373862 27804605 430743
5 504 rs6881807 117950885 4 -0.00352963392366439 117931730 118134414 202684
5 139 rs6882679 19555266 2 -0.00352769615644109 19545296 19892934 347638
5 329 rs2173671 73847044 2 -0.00352533197185766 73805765 73944444 138679
5 730 rs7714553 167466119 3 -0.00350044096113934 167435974 167499832 63858
5 828 rs11743487 178887382 1 0.00349441537019645 178886964 178921964 35000
5 215 rs16903304 36731225 2 0.00348947073323535 36676161 36781359 105198
5 475 rs10519348 112601878 5 0.00344889988945182 112542527 112655413 112886
5 529 rs949973 123853534 3 0.00339718184822786 123811602 123889581 77979
5 525 rs2194046 123024195 6 0.00339239267745818 122680189 123179990 499801
5 556 rs247011 131359614 2 0.00337749046410131 131325888 131615966 290078
5 788 rs1427958 173819523 3 0.0033435282907365 173772593 173854937 82344
5 198 rs2032878 33799699 3 0.00330827850056622 33679999 33822482 142483
5 520 rs3811873 121793477 1 0.00327306715525939 121753782 121808701 54919
5 526 rs330454 123287402 9 -0.00327269282850257 123246694 123416065 169371
5 240 rs7446150 50332780 1 0.00326809753387162 50205230 50372657 167427
5 650 rs165359 150861036 2 0.00326269644871215 150789051 150906198 117147
5 132 rs17661265 18215931 3 0.00325788146213625 18052634 18288995 236361
5 652 rs1368371 151004568 2 0.00325541356910327 150975571 151054227 78656
5 272 rs9292159 57641372 11 -0.0032510306695269 57343495 57713579 370084
5 605 rs258813 142674690 1 0.00319547243786055 142606971 142780339 173368
5 264 rs458036 55816081 4 0.00318797878549822 55766005 55821031 55026
5 85 rs3094348 9770335 3 0.00317380244193168 9721328 9869692 148364
5 395 rs13158939 86946130 4 0.00315907393120518 86483920 86951508 467588
5 66 rs7736268 7071229 2 -0.00315135862075036 6944267 7093653 149386
5 151 rs6868206 23605043 2 -0.00313566504316929 23584544 23716350 131806
5 16 rs898060 2330992 4 -0.00312056940056568 2319964 2355587 35623
5 668 rs12187859 154668311 2 -0.0030508709143645 154609902 154749572 139670
5 262 rs158640 55611694 4 0.00301592659954039 55593724 55671741 78017
5 500 rs10085098 117017440 1 0.00297025322029982 116828752 117037025 208273
5 775 rs12519191 172722050 3 -0.00296955463448121 172686386 172726432 40046
5 593 rs17208551 141226970 2 0.00294291251934455 141198969 141226970 28001
5 242 rs16879348 51292487 1 0.00293000344919523 51233085 51688602 455517
5 723 rs2161425 166309007 4 0.0029221883630581 166224576 166325332 100756
5 673 rs253604 155960089 8 -0.00290793531204534 155742820 156243136 500316
5 523 rs335182 122450824 7 -0.00289001921839305 122448244 122552265 104021
5 764 rs3776759 171557137 1 -0.00285617494604694 171542877 171581724 38847
5 612 rs10491258 144132727 4 0.00283056670677632 144055534 144500457 444923
5 738 rs752498 168380180 1 0.00282303073663677 168363190 168398541 35351
5 429 rs2602958 99226983 3 0.00280288852573877 98583720 99253302 669582
5 309 rs12651858 68577467 4 0.00280066224427989 68245459 68715310 469851
5 627 rs6882483 147382111 6 -0.00278599469831036 147309468 147605857 296389
5 350 rs10039112 77493085 3 0.00275745466450641 77291940 77617159 325219
5 274 rs9292179 58128623 3 0.00275495679240194 58061888 58172462 110574
5 103 rs4379193 11867393 3 -0.00273442462754667 11855867 11924237 68370
5 638 rs888895 149239093 2 0.00272319451107422 149239093 149239850 757
5 128 rs298528 17235998 1 0.00268401622224792 17235998 17374898 138900
5 640 rs3828609 149432863 4 -0.00266249514590606 149345975 149480879 134904
5 304 rs184886 67611486 4 0.00265049205367909 67514509 67615731 101222
5 0 rs4956987 174106 4 -0.0026055494966549 38139 374748 336609
5 97 rs10055024 11149808 3 -0.00257697510844187 10970915 11170145 199230
5 720 rs2133726 165763260 4 0.00257596210645416 165654235 165847422 193187
5 660 rs1422884 153009489 3 0.00257325474354124 153009489 153435497 426008
5 185 rs11738489 31798252 2 0.00253969289250614 31770733 31845117 74384
5 697 rs998754 161325934 3 0.00253700360139582 161198811 161464255 265444
5 292 rs11739829 64654109 2 0.00253427961443024 64447777 64726440 278663
5 134 rs7701168 18581767 3 0.00251808209031841 18561967 18777746 215779
5 695 rs2010725 160684920 7 0.00251512500311134 160537025 160705005 167980
5 40 rs7718259 4405918 1 -0.00247327114846691 4405918 4420716 14798
5 404 rs2438374 90107108 7 0.0024210847702174 89780945 90413351 632406
5 58 rs9313144 6132166 5 0.00238746928758685 5977222 6156845 179623
5 126 rs4129967 17000364 3 0.00235290696702824 16991693 17086303 94610
5 176 rs1553238 30805404 7 0.00234221079539743 30594775 30913797 319022
5 258 rs2897834 54938579 7 0.00234159483293954 54378192 55212379 834187
5 482 rs6866580 114466145 2 0.00233528311967972 114462355 114497972 35617
5 386 rs305661 83681037 4 0.00232249962108027 83469915 83681037 211122
5 299 rs1428478 66537711 4 0.00229421859206417 66406143 66540687 134544
5 663 rs3776996 153797049 1 0.00227111745388777 153796875 153877690 80815
5 514 rs17147676 120721018 1 0.00226396315835119 120508561 120727051 218490
5 9 rs10512644 1850563 2 -0.00225493479622927 1764750 1850563 85813
5 372 rs7717239 81167030 1 0.00225432897397946 81087534 81172913 85379
5 706 rs446288 163265421 4 0.0022505851324536 163152855 163497306 344451
5 756 rs7707008 170801952 2 0.00224021169595995 170757560 170886468 128908
5 238 rs1011814 44335820 4 0.00222487063662317 44066093 44490799 424706
5 704 rs17061883 162978283 3 -0.00221979820169357 162750871 162986384 235513
5 677 rs2430586 157329451 5 0.00220280521366335 157194402 157343390 148988
5 225 rs4869605 38754050 1 0.00219535113519297 38741672 38792486 50814
5 494 rs6594987 116228312 3 -0.00219380616494754 116197865 116233236 35371
5 648 rs891899 150553419 4 -0.00218213131580244 150490751 150553419 62668
5 359 rs16877151 79030346 6 0.00217410660305824 79024779 79068089 43310
5 722 rs1422859 166089387 4 -0.00214628305712318 165956290 166153356 197066
5 746 rs6866324 169450290 5 -0.00214552876345125 169444363 169491247 46884
5 528 rs257706 123740639 3 0.00214498482932213 123633249 123793306 160057
5 709 rs10515877 163849800 2 -0.00213769129661772 163815143 164056594 241451
5 440 rs246383 103272650 4 -0.00212916259176549 103183907 103293719 109812
5 362 rs11749003 79261984 1 -0.00210223490315625 79237487 79363860 126373
5 127 rs638191 17183851 1 -0.00210046456491155 17114626 17211649 97023
5 221 rs1114175 38352938 6 -0.00208600196071625 38220774 38361483 140709
5 564 rs17642974 132941794 3 0.00208322953244499 132892497 133017882 125385
5 633 rs10073851 148623217 1 0.0020775215495092 148554730 148659664 104934
5 635 rs3733846 148804622 1 -0.00207449394693653 148783767 148805005 21238
5 152 rs12518573 24261955 4 0.00203509890956658 23739798 24354179 614381
5 566 rs258071 133100553 3 -0.00202002209085874 133100553 133240927 140374
5 193 rs6881818 33024072 4 -0.00193515050069095 33010844 33067875 57031
5 41 rs12517115 4520220 1 -0.00193422522886946 4488245 4542749 54504
5 721 rs1405911 165904364 1 -0.00192248335124093 165886820 165941091 54271
5 300 rs160978 66716144 2 -0.00191905686858539 66610910 66780590 169680
5 415 rs11135419 94380392 2 -0.0018858326647526 94268466 94449704 181238
5 804 rs1544923 175268492 3 0.00183553302815887 175206596 175313487 106891
5 133 rs10063237 18467699 2 0.00181571025462233 18324937 18495883 170946
5 433 rs1038287 100980342 2 -0.00177314832020691 100971002 101206369 235367
5 248 rs271205 53192812 3 0.00175595632690982 53080847 53205703 124856
5 608 rs12519988 143211589 3 0.00174040387179697 143058402 143225966 167564
5 595 rs10078983 141398031 1 0.00171765336185292 141398031 141398031 0
5 616 rs443033 145210041 1 0.00171736424530928 145204975 145235481 30506
5 755 rs3805458 170238904 3 -0.00171521203115362 170209095 170640827 431732
5 8 rs1392468 1744753 2 0.00170829145488859 1557636 1761089 203453
5 827 rs12513486 178770485 1 -0.00169519186661185 178770100 178851394 81294
5 283 rs10514916 60976083 5 0.00168617153330128 60941930 61085552 143622
5 803 rs870258 175029274 1 0.00168342732146507 175025995 175083754 57759
5 296 rs10940066 65855856 6 -0.00167529606807642 65739439 65910316 170877
5 218 rs10473079 38036280 2 -0.00167440916395367 37925239 38041550 116311
5 760 rs26413 171098125 1 0.00167368880866763 171081906 171103318 21412
5 163 rs7709788 26604991 5 -0.00166872433114859 26430825 26770247 339422
5 331 rs12233980 73975094 2 -0.00164073441952612 73970597 74212755 242158
5 138 rs770301 19537726 3 0.00163266494677313 19463410 19537726 74316
5 771 rs751988 172268003 2 0.0016265481546629 172256024 172271007 14983
5 536 rs1444649 124639468 3 0.00161577310112796 124585022 124743267 158245
5 538 rs902596 125007623 1 0.00161451045058846 125007623 125103347 95724
5 338 rs6859984 75769568 2 -0.00159805781050792 75741242 75779471 38229
5 356 rs28326 78295854 1 0.00158745099229572 78278229 78410564 132335
5 515 rs7709711 120826561 4 -0.00156813251463308 120757262 120952456 195194
5 467 rs10052530 110759537 3 0.00156362491855937 110694204 110799106 104902
5 409 rs10075131 92047795 1 0.0015605492912947 91970189 92048984 78795
5 321 rs17732825 73149165 8 -0.00150427918189694 73072354 73196640 124286
5 453 rs6887589 107011559 6 0.00148801023395643 106914027 107051942 137915
5 546 rs17164935 126791282 5 -0.00148497534111657 126250812 126930433 679621
5 334 rs13180297 75297146 1 0.00148296814086878 75247677 75297146 49469
5 734 rs6869359 168124999 5 -0.0014680165558025 167885622 168164744 279122
5 250 rs35952 53592163 1 0.00146231728574587 53566211 53592163 25952
5 570 rs139800400 134343662 4 0.00145063661083359 134111769 134406317 294548
5 560 rs7717377 132491562 3 0.00144602054428535 132487330 132580990 93660
5 762 rs4867660 171402128 1 0.00144126880799434 171260919 171402128 141209
5 223 rs13190535 38650637 1 0.00143916072022642 38486065 38650637 164572
5 205 rs462492 34800987 1 0.00143411939373966 34800987 34859409 58422
5 195 rs77581578 33549374 1 0.00142292697728183 33549374 33588146 38772
5 117 rs4702100 15694620 4 0.00139904394823388 15550687 15925524 374837
5 841 rs416574 180626927 1 0.00139172881574295 180563838 180671189 107351
5 790 rs7725112 173996604 1 -0.00138945632116072 173970989 174025065 54076
5 537 rs1490996 124946532 6 -0.00138478599651726 124813667 124958205 144538
5 78 rs1501340 8595305 2 -0.00137792051486516 8595305 8849583 254278
5 367 rs527506 80309150 3 0.00136683422549875 80282584 80425860 143276
5 712 rs17423436 164912247 1 -0.00136121903261276 164816370 164917641 101271
5 678 rs9313764 157387156 2 -0.00134263442796717 157369504 157571219 201715
5 628 rs10075211 147839537 3 0.00133938757753065 147696018 147845815 149797
5 208 rs10053766 35471886 6 -0.0013384517317053 35395245 35776239 380994
5 603 rs246595 142505844 2 -0.00133122492896935 142463668 142508981 45313
5 598 rs33962 141929551 1 0.00132208598312251 141854163 141929551 75388
5 278 rs10514888 59152509 3 -0.00130634225969422 58801291 59152509 351218
5 446 rs12659384 105702335 3 -0.00130240871852556 105453357 105846299 392942
5 276 rs13176475 58428799 2 -0.00130098601327106 58428033 58515481 87448
5 90 rs2578624 10245114 4 -0.00128672457334724 10175162 10307022 131860
5 484 rs365818 115017389 1 -0.00126552408206321 114759195 115068238 309043
5 684 rs974807 159102814 5 -0.00126017821000945 158972473 159128719 156246
5 22 rs1353631 2834856 2 0.00125887116153835 2767183 2843763 76580
5 497 rs6595015 116525334 2 0.0012486455389198 116436198 116525334 89136
5 758 rs11134706 171010042 3 -0.00124554474472545 170970488 171036839 66351
5 100 rs31899 11429782 2 0.00124374924433683 11423525 11523516 99991
5 125 rs29448 16907538 2 0.00124219550781647 16875690 16952807 77117
5 270 rs7724301 57114080 3 -0.00124169884301154 56901907 57179504 277597
5 35 rs7726612 3820646 3 -0.0012363891830325 3795195 3846180 50985
5 420 rs6556923 95782351 1 -0.00123575419353078 95782351 95821532 39181
5 487 rs2662468 115382097 2 0.00122100820429242 115358663 115402958 44295
5 389 rs1500619 84160853 3 0.00120009117152512 84098894 84342625 243731
5 690 rs17057594 159702834 1 -0.0011975120496953 159686503 159842673 156170
5 317 rs71542 72451721 3 -0.00119513443741269 72451721 72551337 99616
5 548 rs2569152 127069197 5 0.00119163984375868 126993282 127317581 324299
5 455 rs12522548 107195824 4 0.001187792933504 107165073 107248608 83535
5 763 rs4075705 171480733 1 -0.00118059579387667 171480733 171513499 32766
5 611 rs165445 143966681 3 0.00117836062114564 143644780 144028395 383615
5 259 rs34417936 55248135 2 0.00117606747669505 55220819 55381015 160196
5 183 rs6450855 31711429 3 0.00114644994212849 31678198 31729863 51665
5 336 rs12654150 75550325 2 0.00113083075829681 75521980 75566506 44526
5 210 rs586382 36052919 4 0.00109998991040455 36052919 36354241 301322
5 816 rs7719352 177661902 2 -0.00109822466829646 177661902 177682664 20762
5 1 rs2672734 455696 9 0.00108200898814454 407230 665148 257918
5 733 rs4976608 167859364 3 -0.00107963092908838 167768114 167861846 93732
5 82 rs28263 9373641 2 0.00105333440098298 9373641 9447501 73860
5 701 rs10079545 162304737 3 -0.00105043635600246 162124220 162373515 249295
5 87 rs10057739 9990381 4 0.00104867417358512 9979240 10032216 52976
5 815 rs4976741 177591495 1 0.00103631434569838 177562815 177651980 89165
5 437 rs34229 102855162 3 0.00103430492410214 102739759 102887795 148036
5 180 rs12657313 31284709 1 0.00102857353278382 31259129 31386997 127868
5 545 rs36105360 126161690 1 -0.00102487296167472 126055067 126188989 133922
5 398 rs214134 88253916 3 0.00101965255781713 87963761 88416354 452593
5 534 rs4076185 124451280 1 -0.00100960513058918 124407926 124452279 44353
5 680 rs11135045 158130954 1 -9.974889769215143e-4 158068381 158134520 66139
5 837 rs11960429 180166677 2 -9.817122632667272e-4 180119918 180226673 106755
5 748 rs315717 169685163 1 -9.73785318345968e-4 169644032 169696181 52149
5 636 rs9325142 148820897 7 -9.69684289848664e-4 148815204 149025737 210533
5 501 rs4546421 117239454 3 9.58926363073228e-4 117096806 117336746 239940
5 838 rs3806869 180485353 1 9.575248081542544e-4 180458813 180485353 26540
5 39 rs7731506 4297423 2 -9.305724033649015e-4 4288545 4396924 108379
5 768 rs714715 172013286 1 -9.268259699324518e-4 172012595 172051979 39384
5 718 rs41012 165487589 4 9.224226232398776e-4 165390686 165522270 131584
5 219 rs7705239 38049522 2 9.168172680602028e-4 38045448 38100854 55406
5 821 rs6859031 178125974 1 -9.028800171548924e-4 178096908 178180299 83391
5 786 rs10064200 173710328 4 9.016760424700336e-4 173648438 173728190 79752
5 246 rs1500367 52464757 2 -8.876830745420249e-4 52427646 52654459 226813
5 46 rs30449 4992930 3 8.810808493952446e-4 4968029 5078313 110284
5 518 rs2560301 121429808 1 -8.768185194621027e-4 121417687 121452158 34471
5 56 rs40516 5825953 1 8.700289207405183e-4 5811074 5825953 14879
5 493 rs10478312 116174466 1 8.605842502603179e-4 116098004 116183712 85708
5 707 rs1895139 163530578 1 -8.598576544450193e-4 163530578 163634891 104313
5 158 rs10069367 25686495 3 -8.5839881440651e-4 25518458 25698030 179572
5 140 rs3112489 20016599 2 8.570248878051103e-4 19975567 20382657 407090
5 226 rs35117676 38904082 2 8.530318335111342e-4 38827572 38921864 94292
5 743 rs11958514 169026982 1 8.458612969382171e-4 168864634 169099398 234764
5 204 rs12658204 34771848 3 8.376622174116876e-4 34691121 34772786 81665
5 601 rs35301 142203207 3 -8.34572365498699e-4 142176206 142246574 70368
5 618 rs6580418 145776488 1 8.340583991443178e-4 145742435 145789406 46971
5 549 rs331089 127716424 3 8.254669875615153e-4 127350549 127856494 505945
5 310 rs2242372 70948654 1 -8.206830693730157e-4 70762935 70948654 185719
5 473 rs34083474 112222787 1 8.199873670501963e-4 111983052 112294630 311578
5 726 rs11749309 166824102 2 -8.195484936690166e-4 166672257 166831694 159437
5 269 rs12658182 56794319 5 7.982809730495322e-4 56738129 56887318 149189
5 172 rs16899039 29503058 2 7.958071608711523e-4 29470422 29584827 114405
5 131 rs10941929 17981553 2 7.946335890203816e-4 17809984 18035736 225752
5 399 rs10072268 88506369 1 -7.943023888749278e-4 88472849 88853071 380222
5 584 rs1549203 138468344 1 -7.833073643929553e-4 138061341 138861078 799737
5 123 rs12520877 16778415 1 7.798089735471336e-4 16758569 16820769 62200
5 263 rs286002 55706469 1 7.789660397034715e-4 55702460 55750914 48454
5 577 rs2190622 135414280 2 7.689937892219557e-4 135409014 135757183 348169
5 235 rs4409101 42856126 2 7.579290152139912e-4 42678345 42856350 178005
5 118 rs1823075 16044383 6 7.527189415819542e-4 15960831 16103046 142215
5 833 rs7737438 179619222 4 -7.521448382753295e-4 179618961 179794208 175247
5 324 rs13169946 73489192 4 7.423704577114345e-4 73364042 73490564 126522
5 369 rs2291940 80597767 1 7.404121996738065e-4 80501981 80619046 117065
5 435 rs10515329 101850019 1 7.386264308972582e-4 101584499 102172751 588252
5 361 rs12656872 79189682 1 -7.379740806849422e-4 79135217 79191702 56485
5 332 rs4704166 74324902 2 -7.379207711910106e-4 74262650 75034387 771737
5 568 rs2292283 133563318 1 -7.356204606405247e-4 133422816 133571856 149040
5 229 rs6451452 39722109 3 -7.142263284280684e-4 39442222 39735991 293769
5 349 rs4484406 77245012 1 7.141846602465367e-4 77219131 77266289 47158
5 784 rs6556111 173570463 2 -7.074199358699885e-4 173553760 173587641 33881
5 645 rs10463300 149971345 2 7.061740146216231e-4 149859235 149972167 112932
5 105 rs4463179 13505432 7 7.049569151180452e-4 13207953 13603883 395930
5 641 rs3756309 149505624 1 7.024908380652742e-4 149498821 149535255 36434
5 779 rs6891752 172939755 5 -6.995837252584966e-4 172896796 173006447 109651
5 619 rs2014944 145949061 1 -6.98190141114205e-4 145815773 146062112 246339
5 646 rs707141 150386198 11 -6.895495614806773e-4 150038265 150387141 348876
5 188 rs16901746 32031477 1 -6.688054815772077e-4 32031477 32035855 4378
5 298 rs462483 66348322 1 -6.685702828036033e-4 66327180 66348322 21142
5 735 rs2304035 168176517 1 6.586003831036856e-4 168176517 168194176 17659
5 692 rs1363197 160069545 1 6.584337136341122e-4 159984054 160187458 203404
5 667 rs1422834 154578318 1 6.554828679946681e-4 154457905 154578318 120413
5 177 rs10052382 31024586 5 6.337509696937161e-4 30941222 31025013 83791
5 822 rs17078877 178410213 1 -6.297783698368412e-4 178213713 178410213 196500
5 370 rs1013009 80704269 2 -6.217461854216171e-4 80629372 80704269 74897
5 390 rs12521624 84407859 2 -6.215136527177977e-4 84407859 84995031 587172
5 237 rs35201656 43613046 4 -6.159170781843424e-4 43337534 44003444 665910
5 179 rs12697253 31169770 2 -6.157041809600835e-4 31102396 31245334 142938
5 800 rs2471007 174816228 1 6.104443686418765e-4 174768731 174836280 67549
5 99 rs42687 11342293 2 6.069456871986692e-4 11312832 11392036 79204
5 702 rs2963198 162492185 1 -5.977613770182075e-4 162386484 162600918 214434
5 623 rs11167971 146632594 5 5.918895241472904e-4 146620082 146678112 58030
5 38 rs7706780 4227497 1 5.873537650726123e-4 4227497 4278385 50888
5 252 rs4865829 53739403 1 5.840722856647158e-4 53698535 53739530 40995
5 783 rs2594841 173266547 1 -5.784678070486417e-4 173242579 173504716 262137
5 620 rs609412 146225244 2 5.650623569004418e-4 146117992 146434146 316154
5 13 rs4975819 2103617 1 -5.629185511382106e-4 2103617 2117402 13785
5 683 rs12657996 158904313 3 -5.580715380696649e-4 158848492 158943044 94552
5 405 rs13176728 90447216 1 -5.564726671967078e-4 90424279 90449154 24875
5 20 rs6859765 2652947 2 5.561864441994242e-4 2635891 2667858 31967
5 419 rs7717348 95407894 1 5.55447754246332e-4 95209557 95737362 527805
5 234 rs10076886 41988481 2 5.45011355218914e-4 41560079 42555931 995852
5 656 rs4958556 151907086 2 -5.295867627832766e-4 151893373 152142182 248809
5 170 rs1160444 28763652 2 -5.284726283531343e-4 28621293 28927036 305743
5 495 rs4920944 116319808 1 5.156660847770525e-4 116275461 116329875 54414
5 313 rs1217760 71329286 2 -5.084597386946305e-4 71249440 71411718 162278
5 70 rs13166360 7520881 1 5.078505525779802e-4 7506433 7659279 152846
5 174 rs4147400 30089045 2 -5.045472038612789e-4 29923458 30108377 184919
5 665 rs13186731 154056002 4 -4.984983662378283e-4 153998704 154090511 91807
5 559 rs803223 132208363 3 -4.938914098874992e-4 132196383 132408967 212584
5 275 rs12109774 58388213 2 4.905752895687621e-4 58194892 58388213 193321
5 393 rs10805837 85911654 1 4.892553071046606e-4 85824066 86044633 220567
5 461 rs2416227 109343856 1 4.857980602180867e-4 109250630 109343856 93226
5 796 rs6864341 174585025 3 -4.850290643997768e-4 174489788 174585025 95237
5 161 rs4701532 26231699 1 4.776789121185428e-4 26224170 26357027 132857
5 104 rs9312811 12778499 2 -4.734988653896572e-4 12035993 12784265 748272
5 302 rs13354232 67302176 2 4.6831829431152097e-4 67127316 67308629 181313
5 626 rs4705204 147215120 1 4.662311312313288e-4 147188475 147286458 97983
5 181 rs11746324 31560626 1 4.65876077623356e-4 31401447 31580251 178804
5 5 rs1801075 1317949 1 -4.653479042554516e-4 1288547 1376161 87614
5 794 rs6897655 174402211 1 4.634269137289924e-4 174320627 174402211 81584
5 449 rs7711379 106674243 1 4.617908377503699e-4 106415368 106701494 286126
5 81 rs40665 9228283 1 4.224900908832172e-4 9228283 9299338 71055
5 724 rs6863941 166355313 1 4.167847766068113e-4 166355313 166424076 68763
5 637 rs4705079 149096383 1 4.148295114337422e-4 149045703 149212510 166807
5 424 rs7703556 96529990 3 -4.097386085324317e-4 96503378 96856849 353471
5 507 rs2546210 118827601 5 3.892024081634175e-4 118682789 118962192 279403
5 574 rs744247 134781400 1 3.8744893358366847e-4 134779417 134957413 177996
5 392 rs1363274 85353226 1 -3.8349917396552984e-4 85330526 85727108 396582
5 71 rs2914310 7686874 1 -3.819469228382182e-4 7663078 7838085 175007
5 629 rs7725785 147902703 2 3.8056960270085e-4 147877724 148104167 226443
5 59 rs2124935 6249440 1 -3.766021389747465e-4 6197044 6286005 88961
5 411 rs7443364 92655132 4 -3.7416119836412767e-4 92655132 93589410 934278
5 297 rs7721030 65933932 4 3.6670167710772545e-4 65913576 66208840 295264
5 581 rs1104978 136832279 2 3.637032368899373e-4 136774006 136935176 161170
5 438 rs10463996 102961829 1 -3.6339569818638086e-4 102913746 103025458 111712
5 543 rs1038378 125885214 2 3.48542481323066e-4 125874334 125897411 23077
5 563 rs17696621 132751172 1 3.376083048645624e-4 132746820 132839137 92317
5 19 rs403500 2578373 1 3.350637680533453e-4 2564243 2618844 54601
5 378 rs4383715 82177857 1 -3.247956741623643e-4 82169620 82207556 37936
5 192 rs1173718 32837489 1 3.2295352620771115e-4 32740361 32975490 235129
5 653 rs10044368 151193637 1 -3.161971361570836e-4 151110223 151344558 234335
5 141 rs1703052 20538115 1 3.130986638058473e-4 20429332 20559438 130106
5 430 rs1833841 99620958 3 3.1162456752394205e-4 99268130 99934829 666699
5 379 rs256805 82251838 1 -3.06573668050171e-4 82248664 82281043 32379
5 696 rs4566829 160762673 2 2.9536003135869314e-4 160711978 161179799 467821
5 524 rs675443 122644698 1 2.947904550122637e-4 122559002 122644698 85696
5 830 rs6895902 179201847 2 -2.916688533584062e-4 179153797 179321657 167860
5 57 rs2673846 5922663 3 2.889561969006561e-4 5829115 5951796 122681
5 236 rs186322 42984638 2 2.87820482742763e-4 42896083 43237188 341105
5 67 rs2047313 7116244 3 -2.852225528147158e-4 7111255 7149071 37816
5 625 rs7735403 147027930 5 -2.839266599077893e-4 146961115 147152885 191770
5 817 rs7713983 177690978 1 2.8082589870011634e-4 177690978 177762425 71447
5 49 rs10036107 5249101 1 2.8014951539227036e-4 5222336 5268673 46337
5 327 rs294986 73683039 1 2.791820828271662e-4 73581167 73744566 163399
5 54 rs9313114 5605051 1 -2.7405262771307493e-4 5602530 5686448 83918
5 530 rs6873640 123909500 1 2.7383138266037636e-4 123909500 123909500 0
5 323 rs194274 73308343 7 -2.7280657329638953e-4 73225890 73308343 82453
5 457 rs7720580 107923624 1 2.709387194928394e-4 107769095 107932100 163005
5 819 rs4618447 177867175 1 -2.704716684546357e-4 177841886 177963524 121638
5 102 rs1896703 11712057 1 -2.6615858267711436e-4 11710193 11737875 27682
5 311 rs4583865 71048614 1 -2.5966047883858656e-4 71001066 71054304 53238
5 508 rs12188729 119235327 8 -2.5492021980849395e-4 118986107 119379252 393145
5 831 rs7734329 179484838 1 2.5417247850371516e-4 179407229 179570737 163508
5 114 rs2441022 14902038 1 -2.451284729832393e-4 14860723 14902038 41315
5 31 rs710987 3525440 2 2.3596003460697203e-4 3463708 3599320 135612
5 576 rs17701996 135267337 2 2.3444295023879096e-4 135220829 135335229 114400
5 561 rs2864680 132637766 1 2.3087675051171097e-4 132633880 132655625 21745
5 146 rs17333711 22474601 4 -2.0593576324395477e-4 22193967 22652137 458170
5 365 rs2443549 79833821 1 1.908355964951532e-4 79679474 79833821 154347
5 597 rs6872619 141686067 1 -1.85356889284883e-4 141676257 141805088 128831
5 554 rs30642 129018092 1 -1.8421211926504603e-4 128883145 129486905 603760
5 291 rs439327 64356942 4 -1.841541118583667e-4 64064943 64389333 324390
5 767 rs10059733 171908794 2 1.813760850506587e-4 171908794 171960073 51279
5 579 rs12188192 136352840 1 1.7587479991072792e-4 136038199 136358263 320064
5 150 rs2973606 23449712 1 1.698844284486378e-4 23446583 23532643 86060
5 80 rs13436248 9184632 2 1.683945886085945e-4 9091164 9198489 107325
5 247 rs4865544 52684170 2 1.5325803155763e-4 52675782 53020039 344257
5 480 rs337683 113759435 1 -1.516256685856197e-4 113616993 113762810 145817
5 239 rs6869608 44727706 1 -1.505514017321058e-4 44727706 50151965 5424259
5 418 rs6883552 95190176 2 1.4612270711272983e-4 95115959 95198252 82293
5 48 rs61748184 5182286 1 -1.4539730130590985e-4 5145406 5198567 53161
5 83 rs465991 9529244 2 1.3984854177028603e-4 9471319 9607318 135999
5 802 rs12658801 174910619 2 1.3889202133883375e-4 174910619 174974576 63957
5 674 rs10070224 156345735 2 1.35639473380615e-4 156345735 156623904 278169
5 719 rs830672 165591821 1 -1.2306561957634222e-4 165534701 165591821 57120
5 753 rs11960314 170059227 1 1.1772981736661292e-4 170034226 170090619 56393
5 441 rs12655672 103659607 1 1.177174834389116e-4 103387880 103659607 271727
5 213 rs3776566 36631733 5 1.1601358786226526e-4 36473237 36631733 158496
5 729 rs32402 167346289 3 -1.1344598808117827e-4 167270009 167372668 102659
5 194 rs6894272 33114638 1 -0.00011220890875724453 33078406 33458636 380230
5 21 rs4866662 2696580 1 1.0728899734333428e-4 2676993 2737700 60707
5 655 rs918460 151742696 1 1.0174626176561374e-4 151682559 151880020 197461
5 661 rs10057248 153669038 1 -1.0160713153867472e-4 153497048 153702252 205204
5 447 rs1120322 106024211 2 -9.996695155219656e-5 105910000 106211190 301190
5 122 rs27431 16670618 1 -9.086316375489284e-5 16670618 16746784 76166
5 305 rs256499 67660888 1 -8.392645116847722e-5 67651015 67721951 70936
5 533 rs723187 124290967 1 8.115132037319065e-5 124224634 124376698 152064
5 454 rs249981 107110109 3 -7.81810461523212e-5 107066305 107131544 65239
5 717 rs10515910 165279809 2 -7.478605846446635e-5 165264288 165309208 44920
5 52 rs2591699 5533625 1 6.816249952280578e-5 5419547 5536047 116500
5 107 rs4701984 13782801 1 -6.72450862219471e-5 13740976 13829140 88164
5 201 rs10043548 34537056 1 6.199416552980186e-5 34453581 34552389 98808
5 160 rs10062689 26181001 1 -5.232475549952225e-5 26156304 26181001 24697
5 289 rs10038179 63004339 1 -5.231053174623392e-5 62983524 63207016 223492
5 91 rs2640707 10400113 1 5.206849649607077e-5 10318455 10464107 145652
5 412 rs72771666 93722036 1 5.1143294052562256e-5 93722036 93751943 29907
5 458 rs12652136 107951067 1 -5.105777677321424e-5 107951067 108229760 278693
5 355 rs1071598 78181423 1 4.595715636598685e-5 78123484 78250133 126649
5 498 rs6595018 116549781 1 -4.410587307906431e-5 116549781 116657759 107978
5 472 rs6594619 111915524 6 -4.371298272869096e-5 111829149 111933873 104724
5 27 rs251830 3187567 1 4.248297100457395e-5 3187567 3212963 25396
5 214 rs930072 36666071 1 -3.4637190170470856e-5 36666071 36666071 0
5 288 rs40647 62825112 1 2.9125887347048412e-5 62582619 62941330 358711
5 736 rs884787 168234517 1 2.318038431276875e-5 168207696 168280389 72693
5 671 rs2310879 155400562 1 -2.1367608923323325e-5 155400562 155455954 55392
5 509 rs35850 119591129 1 2.0964239693042532e-5 119413039 119640500 227461
5 812 rs337365 177003616 2 -1.2083972326200857e-5 177003616 177057437 53821
5 257 rs4865908 54316028 4 6.073773201505962e-6 54253615 54324622 71007
5 316 rs638333 72419267 1 4.515443323844345e-6 71999107 72422018 422911
