CHR Group SNP.lead BP.lead Size W BP.min BP.max BP.width
7 281 rs10488631 128594183 8 0.2420544721222172 128568960 129148058 579098
7 71 rs17365098 20408459 6 0.08461268930387073 20326797 20468718 141921
7 123 rs11984075 37436854 7 0.08056187651593844 37360358 37473071 112713
7 116 rs10237930 34681220 19 0.05194118058301781 34448659 35326018 877359
7 208 rs11976258 84595806 12 0.04747192630790626 83986207 85148963 1162756
7 181 rs17145817 73046779 10 0.04456344263576669 72885810 73313856 428046
7 80 rs6461662 22757089 6 0.04030846629332432 22512880 22807473 294593
7 184 rs13238568 74076493 5 0.03827336691290467 74076493 74115258 38765
7 338 rs10229125 149015443 7 0.03639368170686731 148680989 149072406 391417
7 310 rs10273974 138735512 6 0.03618596608128689 138550994 138735734 184740
7 262 rs1799999 113518434 5 0.03269269411126396 113377065 114254407 877342
7 10 rs6961561 3910657 11 0.03061571516080749 3295229 4116699 821470
7 213 rs2263064 88208465 10 0.02752770141941692 88191618 88686705 495087
7 167 rs11763777 64075291 9 0.02710228459689078 63383123 64895354 1512231
7 110 rs3807626 31834751 7 -0.02686984651012399 31834751 32220641 385890
7 128 rs2043260 38657224 5 0.02686559096903716 38646891 38933942 287051
7 221 rs2078032 93334446 2 0.02499428044145096 93050980 93339775 288795
7 234 rs9297145 98759117 2 0.0244102106846164 98759117 99355975 596858
7 79 rs11974052 22347876 8 -0.0237764513101736 22169078 22482415 313337
7 276 rs2107093 125481946 9 -0.02285742849585246 125434707 126513625 1078918
7 41 rs7801347 11960047 17 -0.02202709244917843 11677840 12074909 397069
7 58 rs7794591 16568529 10 0.02143557788449832 16486969 16666454 179485
7 251 rs10487840 107771288 2 0.02108667941770021 107622150 107771288 149138
7 72 rs17143056 20596929 3 0.02103923730190154 20497113 20703948 206835
7 67 rs2074633 19035920 4 0.02050614559818853 18979516 19067252 87736
7 162 rs6952793 54820186 8 -0.02020597725225371 54165227 54893417 728190
7 321 rs916011 141947082 10 0.02014660704489963 141896059 142954903 1058844
7 154 rs1396277 50010988 6 0.01991968655255307 49826804 50361683 534879
7 156 rs930363 51428616 19 -0.01961984987956628 50903714 51660226 756512
7 274 rs1860577 123911882 13 0.01899784821077886 123037157 124144999 1107842
7 355 rs4410821 153350882 4 0.01865605336999398 153248772 153402084 153312
7 264 rs11983531 115169187 9 0.01849892893703418 114946569 115490279 543710
7 13 rs10276022 4560681 10 0.01833845509225353 4530940 4667201 136261
7 186 rs7799638 76040527 7 0.01830371466709209 75452584 76432653 980069
7 219 rs1004051 92328956 5 0.01779993574148342 92132493 92670860 538367
7 164 rs12536061 55292883 9 -0.01777776368732313 55202598 55603625 401027
7 237 rs7810922 101597464 8 0.01776454818474888 101200595 101724053 523458
7 136 rs1019043 42250418 6 -0.01747060853362492 42198560 42489711 291151
7 68 rs13221528 19368402 12 0.01716415183325484 19193072 19477609 284537
7 359 rs902743 154248268 5 -0.01689389901583546 154172823 154406965 234142
7 152 rs12718168 49312703 7 0.01624751536096495 49145008 49621833 476825
7 280 rs731770 128366485 9 0.0161254450913856 127999459 128548954 549495
7 228 rs7781370 96133531 6 -0.01592964566549701 96076927 96554285 477358
7 260 rs7781871 112469673 2 0.01591260144691422 112135207 112697690 562483
7 273 rs4727942 122185149 20 -0.01570676154058872 121967298 122986940 1019642
7 94 rs3779472 27823243 2 0.01553703119457798 27516318 28032942 516624
7 341 rs1104881 150141809 2 0.015432607972898 150017408 150200185 182777
7 166 rs2894771 57417569 3 0.01542209095484875 57256128 63249780 5993652
7 25 rs2058519 8214574 2 0.01540776440652966 8007509 8214574 207065
7 182 rs6948963 73425238 3 0.01533490070568345 73410408 73579794 169386
7 240 rs3914132 103527369 6 0.01478934408500973 103207234 103562551 355317
7 232 rs16869462 97758335 4 0.01475477492921977 97635841 98136310 500469
7 294 rs10279531 132920710 5 -0.01457919984932365 132379644 133665939 1286295
7 114 rs10486625 34022301 5 0.01402101608162227 33824673 34180326 355653
7 139 rs2908290 44216137 8 0.01386761593064581 43495098 44243953 748855
7 57 rs1942645 15906295 5 -0.01385518591696774 15889830 16471712 581882
7 315 rs35456446 139734069 5 0.01330639164541412 139696248 139839774 143526
7 347 rs9640300 151558997 6 0.01324385085315458 151503301 151558997 55696
7 252 rs40843 108132412 5 -0.01278485574134274 107782200 108258793 476593
7 40 rs10280808 11595832 1 0.01243694834767633 11555918 11653904 97986
7 247 rs41805 106234010 1 0.01237093434847948 106064558 106257186 192628
7 83 rs16210 24267358 6 0.01218417792641618 23980327 24385049 404722
7 20 rs724254 7186554 9 0.01202500777845938 7054045 7349495 295450
7 324 rs12703545 143645824 2 0.01189328075682309 143572286 144220783 648497
7 121 rs3807162 36908551 6 0.01185799565047538 36682895 36972188 289293
7 39 rs10950342 11285157 5 0.01129834155730419 11246692 11544610 297918
7 178 rs11561753 70946807 6 0.01127699010528139 70755998 71196604 440606
7 211 rs10238607 87775157 20 0.01109959225598026 86678967 87820419 1141452
7 268 rs11981239 117869066 7 0.01107363580716294 117496144 118345178 849034
7 214 rs1013540 88974907 5 0.01100096344792571 88747694 89103561 355867
7 368 rs1458806 155768061 1 -0.01093583772837245 155690938 155768061 77123
7 117 rs7805453 35394424 6 -0.01075637650751133 35366205 35896296 530091
7 189 rs3807734 77740625 5 -0.01070517371642126 77668741 77836723 167982
7 325 rs1406716 144588780 7 0.01058275929450343 144368758 144955976 587218
7 272 rs2402586 121333348 20 0.01049324468203694 121132213 121897109 764896
7 269 rs2402437 118580301 4 -0.01041252755804892 118355075 119579473 1224398
7 31 rs9886212 9045876 3 0.0102768348126301 9022706 9105028 82322
7 73 rs6947953 20930177 1 0.00987292749501254 20739465 21066684 327219
7 144 rs1085924 46155974 2 0.00978839202471268 45963114 46242583 279469
7 77 rs7807695 21869525 3 -0.00967108883463331 21868744 22046072 177328
7 44 rs10488260 13325060 18 0.00957773664034142 12972685 13520443 547758
7 174 rs12667664 68790622 5 -0.00955236460191298 68785411 70051715 1266304
7 18 rs6962026 6246523 2 0.00953353350782598 6035507 6370194 334687
7 295 rs1646667 134035080 4 0.00926248984647974 133740264 134298890 558626
7 76 rs2072220 21775387 4 0.00919289310864293 21747947 21856151 108204
7 11 rs10951446 4191811 8 0.00911343649781859 4152089 4328870 176781
7 4 rs6967286 2212758 4 0.00906963268673731 1806723 2414825 608102
7 91 rs7776941 26519717 7 0.00882851613772186 26462580 26654077 191497
7 75 rs7803642 21641629 12 0.00867043143190279 21406569 21716567 309998
7 311 rs140343844 138946363 1 0.00840764962684652 138771905 139127083 355178
7 115 rs11768179 34208711 2 -0.00828967188975565 34208711 34416608 207897
7 307 rs1874326 138157390 1 0.00826076778243259 138157390 138314465 157075
7 157 rs965277 51798888 5 0.00818284404020639 51692766 51935434 242668
7 367 rs1151790 155629975 2 0.00817376965487595 155619980 155655522 35542
7 102 rs740142 29894775 3 0.00816026476857862 29772138 30129125 356987
7 125 rs1464717 38052205 7 -0.007976077959917 37988589 38153390 164801
7 169 rs10279927 67261526 4 0.00786098860158993 67258286 67456507 198221
7 270 rs6944490 120339674 6 0.0078091388637239 119695355 120852193 1156838
7 74 rs2159851 21103691 7 0.00770709399646981 21072954 21378687 305733
7 9 rs6967398 3146983 7 -0.00769180020742626 3109177 3257986 148809
7 283 rs34752500 129668746 1 0.00763559184580741 129634289 129863730 229441
7 33 rs1581686 9212941 5 0.00763245796416448 9212941 9368357 155416
7 375 rs6944306 157700614 2 0.00757036395705766 157644152 157754482 110330
7 327 rs2692359 145807447 7 0.00752606966661508 145492986 146354025 861039
7 378 rs3763412 158525086 14 0.00751636522772555 158194935 158914795 719860
7 316 rs6948262 139976963 6 0.0073638933868834 139969051 140155296 186245
7 132 rs273209 41469325 6 0.00734102847455601 41337044 41506114 169070
7 195 rs6945349 79723943 3 0.00732596084001951 79168005 79750012 582007
7 249 rs10264687 106900341 11 0.0070890883182817 106480649 107244545 763896
7 92 rs10486474 26784880 6 0.00705221555670276 26663492 27202289 538797
7 292 rs2198051 131886839 3 0.00697955023982616 131867842 132023921 156079
7 343 rs2288649 150888788 8 -0.00681523992563653 150512100 150888788 376688
7 34 rs2709064 9541999 5 -0.00677426943416788 9448142 9644762 196620
7 29 rs17154637 8764246 1 0.00673236935937793 8729206 8772150 42944
7 331 rs17170584 147236757 2 -0.00672445876132108 147226891 147405082 178191
7 95 rs4722771 28279243 4 0.00669939951916113 28054740 28319962 265222
7 161 rs2193606 53713444 17 -0.00666432807251089 53186040 54135851 949811
7 215 rs17686509 89468118 5 -0.0066196204280016 89137422 89724772 587350
7 210 rs1860781 85871095 5 -0.00657734168044636 85593562 86633357 1039795
7 202 rs10231240 81663428 9 -0.0065691932938478 81308396 81697666 389270
7 19 rs10951991 6721661 3 0.00646861352312422 6383524 6870635 487111
7 12 rs10216277 4401148 1 0.00644619686450257 4352417 4503136 150719
7 288 rs10155893 131281224 3 0.00624212757326719 130973720 131295088 321368
7 335 rs6464907 148188533 6 0.00617647127026537 148000692 148245573 244881
7 89 rs4719826 25814109 6 0.00614267724947155 25687574 26120798 433224
7 190 rs17417090 78047073 3 -0.00611409695036268 77840632 78057840 217208
7 301 rs10252342 136111305 12 0.0059244328370456 136038492 136549033 510541
7 241 rs2073791 104122989 7 0.00590129345133291 103584701 104151867 567166
7 227 rs35974282 95900270 11 0.00588414854224531 95563391 96065364 501973
7 329 rs6946957 146599374 3 0.0058682359510874 146586456 146759900 173444
7 256 rs1396176 110097308 6 -0.00581344224194511 109900921 110475186 574265
7 284 rs5011386 130017309 4 0.0056550819316775 129950740 130438214 487474
7 143 rs950971 45575915 7 0.00561129891414329 45553681 45920582 366901
7 370 rs9638077 156048322 3 0.00560955299655448 155980396 156142454 162058
7 120 rs17170619 36556593 1 0.00553964164886835 36556478 36650296 93818
7 176 rs3923606 70171159 8 0.00544537760397382 70171159 70577001 405842
7 198 rs1058425 80387766 4 0.00538029497610511 80351673 80418689 67016
7 130 rs4723936 40271224 5 0.00537069233012684 39849482 40918070 1068588
7 235 rs1734907 100315517 5 0.00535690946164109 99419226 100512119 1092893
7 38 rs757819 10660424 1 -0.00532905089636244 10554750 11220846 666096
7 179 rs844669 71504260 9 -0.00531361087469606 71248676 71908651 659975
7 376 rs11772608 157819325 6 -0.00524716126737546 157769055 158020147 251092
7 64 rs4486086 17743719 6 0.0052401972156371 17605070 18110113 505043
7 151 rs6946623 48918669 7 -0.00513680491475792 48459410 49103406 643996
7 148 rs4724556 47305969 6 0.00504100898032617 47305969 47531634 225665
7 99 rs740250 28996944 3 -0.00499331431912281 28961321 29141558 180237
7 229 rs7794886 96749012 8 0.00483478886270427 96598826 97044705 445879
7 193 rs10224582 78659092 5 0.00482780416871436 78249193 78678354 429161
7 60 rs10232481 16878113 3 -0.00471874382084252 16740554 16895475 154921
7 242 rs7781331 104275367 6 0.00466212774077895 104170560 105076977 906417
7 54 rs4721415 15236132 5 -0.00462647842150482 15073547 15402966 329419
7 100 rs3793300 29339788 5 -0.00461371537298107 29160604 29413879 253275
7 30 rs4725148 8997725 8 0.00456577289300673 8797321 9009281 211960
7 339 rs11982494 149365696 1 0.00450939214584434 149145139 149445585 300446
7 326 rs850388 145135064 4 0.00446951097387188 144971709 145363652 391943
7 180 rs6460021 71967583 2 0.00445180345315603 71918506 72761178 842672
7 328 rs10952662 146497318 3 0.00443166039261938 146360917 146571183 210266
7 304 rs6963146 137571931 3 -0.00441703846901048 137356651 137647262 290611
7 1 rs6959783 1192018 2 -0.0043910234705579 833878 1216013 382135
7 177 rs17592881 70673908 3 -0.00437808614539375 70649545 70738729 89184
7 207 rs594533 83936564 4 0.00437439587392633 83424108 83936564 512456
7 297 rs1377297 134546119 8 0.00434161391422978 134476237 134923406 447169
7 314 rs2214757 139550679 4 -0.00427449975155111 139372966 139675510 302544
7 129 rs1229016 39038790 8 -0.00417971876054478 38990205 39796229 806024
7 14 rs2137502 4975010 4 0.00393430356253688 4825314 5146319 321005
7 155 rs10499694 50614173 14 -0.00385811156821911 50417522 50894054 476532
7 165 rs712825 56266452 6 -0.00382650268127798 55655081 56755583 1100502
7 112 rs17724206 33423761 5 0.00370195145941192 32461015 33554216 1093201
7 93 rs11765116 27363415 8 0.00366238504376593 27236958 27499198 262240
7 28 rs2189461 8594363 3 -0.00365797216609636 8532844 8635885 103041
7 246 rs2106303 105970988 2 -0.00360916385540405 105658451 105971434 312983
7 275 rs10259429 125001250 9 -0.00356903180158272 124164127 125321117 1156990
7 23 rs2348763 7897715 6 0.00356784143734924 7842281 7918642 76361
7 16 rs4357206 5402606 1 0.00355855445832321 5303440 5427128 123688
7 160 rs1880617 53138072 5 -0.00354983988925755 52793270 53174688 381418
7 363 rs2951012 154975445 3 0.00349608461165749 154925087 155050159 125072
7 81 rs6973118 22883518 7 0.00344478946103509 22813879 23389751 575872
7 138 rs11763488 43299455 9 -0.0034134061440068 43162622 43433030 270408
7 216 rs2286696 90546764 8 0.00339934904321134 89848991 90726315 877324
7 85 rs2285690 24902762 4 0.00337848104692205 24540490 24969081 428591
7 82 rs12540730 23483815 5 0.00334862479173762 23483815 23962975 479160
7 287 rs1863011 130890470 2 0.00331580799295256 130824877 130924955 100078
7 70 rs38152 20047575 3 0.00330973881089167 20047011 20228202 181191
7 332 rs2708240 147577537 11 0.00326675659061853 147425466 147735399 309933
7 220 rs4729080 92969716 7 0.00325185132603497 92695002 93013606 318604
7 236 rs2898568 100810983 8 0.00323783550438459 100627938 101185166 557228
7 201 rs11531619 81000965 2 0.00316450652257001 80857196 81276415 419219
7 97 rs41304 28672354 2 -0.00309268270515698 28573565 28707099 133534
7 104 rs2267716 30716643 3 0.00308042206055373 30492237 30737133 244896
7 88 rs12668343 25545837 2 -0.00307844165256685 25474384 25662742 188358
7 118 rs7783753 36147815 2 -0.00303076720227665 36027179 36211147 183968
7 309 rs381821 138436480 4 -0.0028600212298231 138436480 138525605 89125
7 377 rs7803342 158170316 1 0.00285407250483972 158038989 158170316 131327
7 17 rs308080 5888663 3 0.00284734791996728 5516293 5888663 372370
7 206 rs6966242 83211117 13 0.00280408453213679 82785304 83406694 621390
7 135 rs846288 42066881 4 -0.00275630189762945 42032565 42179377 146812
7 265 rs1728723 116018179 15 0.00273640565263793 115566788 116218086 651298
7 32 rs6463875 9128241 2 0.00265602955878028 9128241 9189486 61245
7 261 rs2272260 112757862 5 0.0026040701352638 112734225 113322649 588424
7 305 rs3805362 137794388 4 0.00254612066904428 137678762 137902633 223871
7 360 rs7787632 154444461 7 -0.00250509539462571 154414361 154482777 68416
7 187 rs3108418 76854725 2 0.00241205390395817 76557212 77086107 528895
7 124 rs6978014 37612345 3 0.00236626726178174 37509747 37958289 448542
7 340 rs2074699 149547703 1 0.00234536673559402 149456359 149565489 109130
7 296 rs17168029 134456444 2 0.00233068735848341 134328370 134456444 128074
7 131 rs756439 41242812 5 0.00232540246516998 40954481 41294684 340203
7 141 rs1294906 45235862 5 0.00230030690692758 45023302 45237407 214105
7 108 rs218092 31504969 7 0.00229656486065914 31468306 31692270 223964
7 231 rs2136704 97446702 6 0.00223532200703828 97193864 97595184 401320
7 361 rs729269 154512110 2 -0.00222840562583952 154512110 154566409 54299
7 63 rs10263424 17562902 2 0.00217710720975827 17528130 17588072 59942
7 209 rs12670014 85433391 5 -0.0021639565672122 85216272 85560522 344250
7 140 rs1050331 44808091 4 0.00213236617267578 44301371 44966771 665400
7 196 rs304768 79997202 3 -0.00208518924994263 79792606 80055910 263304
7 168 rs12698621 67205472 8 0.00208451976112666 65202326 67237875 2035549
7 277 rs1204579 126602285 7 -0.00205333410221895 126551079 126932944 381865
7 172 rs7805438 68448569 3 0.00204374343036569 68235087 68448569 213482
7 204 rs13438136 82177900 6 -0.0020200891973436 82103053 82371376 268323
7 358 rs7783212 154142551 4 -0.00201244643019973 153987075 154156519 169444
7 303 rs12707359 137132243 2 -0.00190554041433223 136979849 137229997 250148
7 354 rs960840 153061413 1 0.00190443323021764 153022374 153240425 218051
7 212 rs2373452 88098737 2 0.00185159289151661 87908388 88161734 253346
7 170 rs6977786 67590626 1 -0.00180187925286532 67523020 67625408 102388
7 185 rs6978786 75370368 3 0.00179711314643858 75163169 75370368 207199
7 192 rs17438461 78192343 2 -0.00174008084575829 78096656 78217826 121170
7 298 rs12540688 135329690 11 0.0017105740838419 134946179 135466740 520561
7 48 rs17167907 14170925 2 -0.00165357935194353 13978809 14170925 192116
7 318 rs1569085 141241540 4 0.00164295403733809 141117639 141672705 555066
7 106 rs10236961 31074214 2 -0.0016081460781374 30958786 31074214 115428
7 243 rs672416 105376750 4 0.0016077486010666 105110990 105386461 275471
7 266 rs183642 116433630 2 -0.00156669176790297 116259096 116718958 459862
7 21 rs1557997 7703960 3 -0.00156237661246744 7427535 7792702 365167
7 199 rs17154583 80522906 2 0.00152499698639473 80474046 80599142 125096
7 26 rs9472 8302284 3 0.00151490437669339 8253685 8302284 48599
7 147 rs6966942 47042254 2 -0.00150642601533763 47005740 47248297 242557
7 278 rs10260037 127507991 10 0.00149870191314767 126958628 127814357 855729
7 289 rs4078096 131358281 3 -0.0014582060173699 131317195 131455563 138368
7 87 rs1015497 25419069 2 -0.00142408083598501 25343429 25466521 123092
7 107 rs7793414 31149283 14 0.00141737971846815 31121501 31434405 312904
7 322 rs4327779 143025152 1 -0.00137271812848032 143025152 143066020 40868
7 150 rs2708909 48051679 7 -0.00133181830071663 47927744 48455084 527340
7 134 rs988329 41907182 2 0.00127409858924545 41866396 42017972 151576
7 333 rs10235838 147798729 1 -0.00126339153887737 147791788 147902886 111098
7 183 rs37620 73889810 3 -0.00122951534514069 73697327 73944185 246858
7 86 rs916893 25295346 6 0.00122816805216818 25012699 25304791 292092
7 133 rs900365 41535537 5 -0.00122068145603956 41518076 41839311 321235
7 348 rs12540735 151580648 2 0.00119139500973819 151580648 151694438 113790
7 344 rs7786151 150912786 4 0.00119079167330997 150912786 151016648 103862
7 299 rs7798858 135710436 11 0.00117293510843073 135480428 135715070 234642
7 42 rs10247762 12096768 10 -0.00116722498813454 12091807 12682919 591112
7 345 rs4726070 151328218 7 0.00116687137206878 151042447 151387531 345084
7 109 rs10247756 31772384 1 -0.00116361020868196 31732084 31821769 89685
7 336 rs4263667 148308179 1 -0.00113190203775588 148270503 148355456 84953
7 291 rs4731841 131761018 6 0.00111032827386209 131647414 131855165 207751
7 159 rs12671939 52698527 16 -0.00109098151349724 52326551 52790428 463877
7 330 rs826822 147054250 12 0.00109054898950515 146800106 147203767 403661
7 53 rs9639217 15045529 2 -0.00105772578558012 14976097 15064984 88887
7 50 rs7778972 14265179 2 0.00105103109712372 14265179 14379251 114072
7 8 rs10951010 3076053 1 0.00101383765907655 3031192 3094100 62908
7 356 rs10155813 153623251 3 0.00100043471542424 153522368 153652188 129820
7 369 rs4294053 155851624 1 9.608639333498596e-4 155819301 155870431 51130
7 171 rs4717437 67633440 2 9.56169341064491e-4 67633440 68229868 596428
7 43 rs10488228 12714577 3 -9.539538091950918e-4 12697797 12958992 261195
7 96 rs6462079 28415827 4 -9.014978150608016e-4 28366100 28551960 185860
7 194 rs4730806 79030922 2 8.984690986709764e-4 78742376 79136577 394201
7 218 rs39744 92043016 3 -8.235070123973919e-4 91181705 92055272 873567
7 286 rs1588769 130696720 2 -8.097083993057571e-4 130622295 130784051 161756
7 353 rs594243 152805455 3 -8.094286118979149e-4 152800787 152954907 154120
7 62 rs563315 17485218 2 -8.018812230778712e-4 17163262 17520523 357261
7 66 rs17350355 18928503 2 7.991339323564128e-4 18635277 18928503 293226
7 146 rs1404727 46728937 2 -7.894620299899907e-4 46717899 46976865 258966
7 69 rs10239147 19787459 4 -7.635585678729929e-4 19496496 20006793 510297
7 203 rs40634 81892962 5 7.178417403810456e-4 81723112 81972795 249683
7 37 rs10271818 10137638 5 7.070142513944074e-4 10137638 10476040 338402
7 371 rs7778219 156250444 1 6.984191118835763e-4 156172079 156325320 153241
7 119 rs3801305 36480876 2 -6.937435753131122e-4 36229407 36530276 300869
7 205 rs9656532 82414933 4 -6.75727352830405e-4 82385732 82736474 350742
7 225 rs3801916 95121019 2 6.735264554329658e-4 94951966 95131967 180001
7 36 rs12702978 10124331 7 -6.699230577092868e-4 9903357 10125808 222451
7 293 rs2241733 132130033 3 6.606103877768319e-4 132063153 132351489 288336
7 105 rs255152 30761852 5 6.461290157196709e-4 30754949 30937178 182229
7 163 rs7811499 54966019 4 6.250790095219593e-4 54926166 55160538 234372
7 302 rs10954570 136752785 4 -5.965364255965081e-4 136584075 136940800 356725
7 200 rs853051 80619575 3 -5.732293026312105e-4 80619055 80831501 212446
7 111 rs7780609 32341916 1 -5.659176666764231e-4 32248744 32455882 207138
7 263 rs2709517 114640826 3 -5.42974349505264e-4 114338312 114905432 567120
7 337 rs243538 148404379 2 5.427002771227211e-4 148368954 148620581 251627
7 224 rs885573 94256651 11 -5.214787939406395e-4 93995008 94948626 953618
7 352 rs1525041 152736800 1 5.071109945499919e-4 152682512 152758166 75654
7 373 rs6979947 157005863 4 4.705916057709397e-4 156847704 157253133 405429
7 254 rs11765085 109115461 2 -4.612089768252223e-4 108762225 109275509 513284
7 98 rs4719946 28716154 1 4.4794874589341543e-4 28715056 28891257 176201
7 6 rs1182206 2811543 1 4.463169980520125e-4 2609309 2911972 302663
7 145 rs17172727 46640168 4 -4.457490994059781e-4 46259925 46699079 439154
7 250 rs10248785 107438305 3 4.07695451817568e-4 107317175 107580839 263664
7 255 rs1723563 109790867 7 3.912435834269531e-4 109333611 109809055 475444
7 127 rs1861239 38515584 7 3.7554174980026296e-4 38424039 38640752 216713
7 282 rs13233824 129232720 6 3.6697673666133456e-4 129165838 129586354 420516
7 191 rs2885552 78071641 1 -3.6024830465880537e-4 78069787 78092652 22865
7 217 rs6465323 91149325 1 -3.5046229143241103e-4 90800787 91149325 348538
7 61 rs847408 16965115 5 3.489061091088122e-4 16903052 17116201 213149
7 351 rs6950216 152607732 1 -3.27195705507405e-4 152440382 152607732 167350
7 65 rs625733 18328568 7 3.1309904090651326e-4 18150005 18628779 478774
7 113 rs921413 33738345 1 -3.0970490817607867e-4 33586725 33816709 229984
7 248 rs41836 106266554 2 3.023066069558855e-4 106266554 106454351 187797
7 158 rs6592964 52126953 6 2.7737088194622567e-4 51954436 52250879 296443
7 257 rs6979050 111392415 1 2.684626508493202e-4 110516563 111395987 879424
7 173 rs11983901 68571255 5 -2.581822813335147e-4 68464812 68724055 259243
7 149 rs4724619 47782640 8 -2.4301388152736696e-4 47577952 47917087 339135
7 323 rs11768549 143095153 1 2.2929513269369476e-4 143086010 143217190 131180
7 258 rs6466401 111782891 1 2.218548261294716e-4 111473040 111782891 309851
7 52 rs975689 14891202 6 2.1394819455076552e-4 14639749 14915289 275540
7 226 rs7777424 95259612 4 1.811824299652121e-4 95213702 95552114 338412
7 137 rs10254637 43125193 2 1.7466782421793965e-4 42498852 43147965 649113
7 350 rs6948868 152318718 2 1.6902142202395874e-4 152272282 152406533 134251
7 374 rs6459804 157510195 2 1.3646916038401332e-4 157289534 157543338 253804
7 142 rs11976218 45386995 4 -1.2491132128844692e-4 45246984 45498400 251416
7 334 rs10225169 147990737 1 1.183753894248226e-4 147908658 147990737 82079
7 56 rs7458065 15644223 8 1.153364110625301e-4 15613225 15868471 255246
7 300 rs834760 135840461 1 1.1175620440975756e-4 135768477 135950203 181726
7 24 rs12670535 7988091 1 1.0634748585126156e-4 7938344 7996590 58246
7 244 rs10244533 105562881 2 1.0151343325869688e-4 105431876 105575202 143326
7 45 rs2692464 13557623 2 -8.845267434074859e-5 13557623 13659764 102141
7 317 rs528957 140769459 2 8.659414479244518e-5 140227293 141091477 864184
7 238 rs1725600 101909005 1 -3.855046704541546e-5 101736364 102076562 340198
7 101 rs1990594 29539278 2 -3.4833677266512576e-5 29438109 29692001 253892
7 342 rs7803700 150464171 8 -3.3419472396649386e-5 150208112 150491084 282972
7 46 rs9655107 13725443 1 2.9613213250057735e-5 13693060 13876668 183608
7 267 rs916725 116920970 2 1.7714875111125902e-5 116799466 117471549 672083
7 306 rs11762037 138077393 1 1.676720076686945e-5 137934757 138079079 144322
7 90 rs6975395 26342980 4 4.693247366743473e-6 26182214 26403801 221587
7 15 rs13247861 5279887 1 4.629624495151981e-6 5177152 5279887 102735
7 372 rs7790357 156464214 1 2.179141249958234e-6 156359656 156772542 412886
