CHR Group SNP.lead BP.lead Size W BP.min BP.max BP.width
12 162 rs10774625 111910219 16 0.1371924631704943 111618332 113238728 1620396
12 21 rs1800693 6440009 4 0.11198301429210158 6440009 6836051 396042
12 81 rs2640518 51561056 14 0.07194026898337147 50341465 51755293 1413828
12 90 rs1701704 56412487 15 0.06751016414179385 56379298 57539082 1159784
12 186 rs838878 125260645 6 0.06449237079326765 125201015 125446436 245421
12 2 rs2075032 717138 13 0.05529296381987395 677756 1493559 815803
12 182 rs585522 123550813 12 0.05510429256169943 122062722 123822711 1759989
12 171 rs11068090 117013350 8 0.04378302375462635 116891156 117082846 191690
12 72 rs3747562 42854205 19 0.04375007233723348 41698342 43071393 1373051
12 91 rs10877013 58165085 10 0.04346160279144352 57578673 58521091 942418
12 73 rs275605 43946204 7 0.0430972024282838 43094326 43973953 879627
12 53 rs1487648 24887648 10 0.04304695006467782 24471815 24925239 453424
12 28 ss1388110319 9811832 19 0.04288695316725187 8808006 9813867 1005861
12 55 rs1115093 25586533 13 0.04268537100063636 25213582 25590600 377018
12 41 rs726206 16650668 12 0.04243924639425723 16322907 16695762 372855
12 121 rs7138951 81475633 26 0.04196809797297692 81007139 82570636 1563497
12 34 rs1797659 12186453 9 0.03959496261848007 12106881 12256375 149494
12 144 rs3815997 99071023 12 0.03849097409997018 98219791 99286617 1066826
12 37 rs10744020 13479485 9 0.03773225714432881 13054234 13537838 483604
12 1 rs4980814 443795 12 0.03658514141155273 349298 662873 313575
12 39 rs11055989 14622002 18 0.03493469383657079 14288015 15205821 917806
12 215 rs2306546 133358870 9 0.03404781693364071 133008773 133754245 745472
12 109 rs1705221 71575611 10 0.03241620572558477 70973596 71666552 692956
12 38 rs17820480 13638977 14 0.03145395924127086 13560255 14214636 654381
12 14 rs873613 4232802 7 0.03089832867992869 4118317 4402817 284500
12 180 rs482522 121194862 23 0.03021164540143213 120021728 121489377 1467649
12 105 rs10878764 68564677 4 0.02717657537515055 68530956 68829232 298276
12 86 rs12309572 54074686 12 0.02653913640791363 53393964 54187582 793618
12 111 rs7970417 72734174 4 0.02461724032230926 72636635 73078427 441792
12 104 rs7304878 68485984 18 0.02460923175973927 67928224 68504592 576368
12 140 rs11610816 96275860 10 0.02441212946423343 96051177 96483815 432638
12 47 rs10437776 21583242 19 0.0234511911801136 20869434 21728260 858826
12 22 rs870849 6887020 2 0.02314438323600281 6887020 7053149 166129
12 83 rs7299647 52544099 8 0.02297520895438444 52282748 52632573 349825
