CHR Group SNP.lead BP.lead Size W BP.min BP.max BP.width
7 903 rs10488631 128594183 4 0.23452233174082643 128568960 128746301 177341
7 210 rs17365098 20408459 5 0.06876019642914544 20376018 20468718 92700
7 378 rs11984075 37436854 9 0.04147409152484579 37369189 37436975 67786
7 240 rs6461662 22757089 6 0.03971556394994254 22716524 22807473 90949
7 585 rs13238568 74076493 5 0.03657775133505991 74076493 74115258 38765
7 839 rs1799999 113518434 1 0.03352320419026049 113377065 113534005 156940
7 1070 rs10229125 149015443 3 0.03175533888841624 148933942 149015443 81501
7 987 rs10273974 138735512 5 0.02812378397567609 138692417 138735734 43317
7 528 rs11763777 64075291 5 0.02467673751685682 63704031 64077521 373490
7 701 rs2078032 93334446 2 0.02407161524728856 93143761 93339775 196014
7 1191 rs3763412 158525086 7 0.02279182923676613 158412279 158626029 213750
7 390 rs2043260 38657224 2 0.02253539163010466 38646891 38678273 31382
7 673 rs2263064 88208465 2 0.02211340936364598 88191618 88209768 18150
7 352 rs10237930 34681220 3 0.02156695789514285 34543087 34697140 154053
7 658 rs11976258 84595806 10 0.02120825108239641 83986207 84699387 713180
7 807 rs10487840 107771288 1 0.02013953685540234 107720162 107771288 51126
7 593 rs7799638 76040527 1 0.01975874276698049 75879334 76111938 232604
7 211 rs17143056 20596929 4 0.0186647434502823 20497113 20620316 123203
7 1017 rs916011 141947082 9 0.0183495208213807 141942895 142515811 572916
7 744 rs9297145 98759117 1 0.01834534386002156 98759117 98836916 77799
7 347 rs10486625 34022301 2 0.01792506769563949 34012829 34107393 94564
