CHR Group SNP.lead BP.lead Size W BP.min BP.max BP.width
19 92 rs3745516 50926742 8 0.21071319984990547 50699504 51040416 340912
19 32 rs2304256 10475652 22 0.0962796265075557 10219076 10608064 388988
19 48 rs885683 18244690 14 0.07895646070842907 18038782 18454825 416043
19 45 rs8109466 17207011 9 0.06967121534880141 17108127 17469382 361255
19 41 rs8110002 15963695 18 0.05283663711001706 15235879 16072037 836158
19 68 rs11084813 35923858 15 0.04964622830624606 35868773 36324324 455551
19 33 rs1122608 11163601 21 0.04247956985450148 10668452 11417200 748748
19 85 rs12461639 48172671 9 0.03846430329920766 47549791 48198675 648884
19 14 rs243335 4402017 7 0.03742321681434892 4353174 4735663 382489
19 70 rs8102476 38735613 17 0.03737880466722315 38478465 38983180 504715
19 12 rs45465594 3813906 4 0.03347146871612815 3813906 4147445 333539
19 98 rs273634 51718837 12 0.0323736778318074 51676299 51894738 218439
19 99 rs7260152 52160305 18 0.03027284335811662 51907788 52204942 297154
19 36 rs16015 13418707 14 -0.02992850793392787 13374913 13563952 189039
19 74 rs61750953 41306650 14 0.02980506155643197 41012190 41675162 662972
19 80 rs4803766 45371168 11 0.0287862139747087 45296806 45604163 307357
19 25 rs72558007 7762440 10 0.02664348417916431 7758339 8106521 348182
19 101 rs3745101 53085813 9 0.02639900333294173 52928039 53233273 305234
19 79 rs8108277 45205877 3 0.02627411903266988 45048323 45205877 157554
19 109 rs17305311 54705641 5 0.02596133920436822 54545531 54797848 252317
19 65 rs8191371 34868776 5 0.02517134812821946 34833079 35298961 465882
19 73 rs4490099 40731491 15 0.02502602194661376 40188968 40952148 763180
19 53 rs811020 28393499 18 0.02432440643550338 23556852 28903629 5346777
19 88 rs16982241 49202859 7 0.02287834953163467 48715269 49252989 537720
19 6 rs10417628 2251817 4 0.02173104891453725 2113518 2438884 325366
19 8 rs61754927 2917509 7 0.02062070897643061 2833431 2977638 144207
19 72 rs10407035 39913634 6 0.02021674212274148 39761790 40169328 407538
19 122 rs1051500 58944402 12 0.01957468646337714 58547449 59069353 521904
19 18 rs778805 5832209 7 0.01950395829967396 5822490 6187800 365310
19 38 rs11670064 14447600 6 0.01899425105303152 13993457 14450812 457355
19 77 rs4803630 43951083 5 -0.01885301657709617 43815568 44156472 340904
19 50 rs892035 19758190 14 0.01863497620033175 19136541 20488698 1352157
19 24 rs612862 7593589 7 -0.01815790038685588 7448832 7624391 175559
19 87 rs251688 48600816 14 -0.01690205056211944 48518417 48678148 159731
19 64 rs7256463 34366393 9 0.0162733049176752 34231542 34610341 378799
19 35 rs286300 11797308 19 0.01608721878411574 11687195 13059147 1371952
19 19 rs2075755 6422888 6 -0.01548086141415525 6205825 6468907 263082
19 22 rs2967646 7074561 5 -0.01485259528650064 6833777 7114213 280436
19 51 rs11085403 21107489 20 0.01465992053507146 20731545 22036167 1304622
19 95 rs2659122 51363026 9 0.01429178323846514 51361315 51446530 85215
19 31 rs889125 10120571 5 -0.01416440268314194 10050184 10160578 110394
19 75 rs1800472 41847860 5 0.0140519820719251 41767987 42091163 323176
19 67 rs2853332 35746706 4 0.01400214633985874 35615995 35794775 178780
19 78 rs16976937 44470147 17 0.01399109073338003 44172188 45029208 857020
19 27 rs2913968 8467235 9 -0.01361613470020306 8271721 8579011 307290
19 40 rs116923487 15133803 14 0.01316251229638087 14910321 15174953 264632
19 69 rs172786 37712984 29 -0.01285026411664812 36442117 38411090 1968973
19 117 rs4801699 56785231 7 0.01226378530747791 56765460 57126728 361268
19 83 rs2311223 46952221 7 -0.01173938839445409 46797830 47104226 306396
19 17 rs1129046 5654449 5 0.01129427689039855 5393748 5663920 270172
19 86 rs12979616 48350011 5 0.01123307853292012 48263635 48472474 208839
19 94 rs919276 51231068 12 0.01118808539317812 51231068 51323676 92608
19 28 rs7249094 8672000 3 0.01059532765145102 8633943 8808942 174999
19 58 rs17628152 31339621 11 -0.0104700922908999 31099589 31370794 271205
19 47 rs8108865 17872069 4 -0.01014930754638351 17768818 17927041 158223
19 7 rs4334421 2580057 3 0.01005321192729327 2514565 2668611 154046
19 34 rs624899 11612498 2 0.00988338015624933 11502291 11651810 149519
19 108 rs10420331 54469068 3 0.00965764634316706 54390121 54486773 96652
19 11 rs1985358 3729042 2 0.0096161001510622 3592730 3806837 214107
19 110 rs35336528 54968038 13 -0.00951765748038926 54849481 55159164 309683
19 20 rs422981 6556778 2 0.00942126114546455 6520490 6588267 67777
19 120 rs10403926 57588298 16 0.00830394132311892 57524031 57909872 385841
19 57 rs8112788 30698693 10 0.0080855974097237791 30625513 31057349 431836
19 113 rs897799 55872191 10 -0.00805195630376342 55739515 56058737 319222
19 66 rs2305744 35556123 7 -0.00798079523667645 35357338 35570307 212969
19 26 rs8103218 8143114 5 0.00779847483530915 8136398 8242511 106113
19 23 rs7254060 7283414 6 0.00767295335098667 7167715 7298095 130380
19 111 rs16986050 55401170 6 -0.00755345217832038 55216162 55447595 231433
19 5 rs2395891 2032148 1 -0.00727476964410007 1926027 2039727 113700
19 91 rs12609870 50229644 9 0.00699146561531659 49948612 50563899 615287
19 71 rs879689 39650830 18 -0.0068413014696218 38996990 39743165 746175
19 112 rs890871 55672055 11 0.00678621853009823 55497843 55710074 212231
19 62 rs3848599 33635887 9 -0.00671267377310033 33532300 33760339 228039
19 59 rs10418485 31500379 16 -0.00669821779367578 31401756 32053745 651989
19 1 rs8108922 691025 2 0.00609209948595932 682010 765568 83558
19 54 rs2191018 29011648 18 -0.005732834048167 28948389 29762562 814173
19 30 rs2303100 9968434 11 0.0057054306676102 9289039 10017135 728096
19 82 rs1422626 46431372 15 -0.00541167415498823 46149886 46743245 593359
19 100 rs324125 52887282 24 0.00502627794099198 52246157 52887603 641446
19 102 rs7252166 53293834 1 0.00483200051058347 53278953 53293834 14881
19 63 rs16967952 33795241 15 0.00478483152397252 33791127 34177770 386643
19 118 rs10425564 57312980 11 0.00463294975065234 57162288 57419586 257298
19 93 rs11665738 51148581 3 -0.00457139626427219 51073579 51159571 85992
19 84 rs12609920 47210859 8 -0.00428610600597306 47207654 47455315 247661
19 9 rs3786947 3114229 7 0.00393765594439775 3030118 3256521 226403
19 37 rs7255203 13772030 4 -0.00387051177012131 13581369 13951830 370461
19 43 rs2005051 16344647 13 0.00384421151480924 16282131 16797415 515284
19 42 rs8110325 16176940 3 0.0034861958151277 16116583 16245267 128684
19 49 rs10038 18892728 5 -0.00345163855844752 18707048 19017862 310814
19 104 rs1045764 53611473 7 0.00336425462105242 53554075 53793574 239499
19 97 rs2691273 51596136 5 -0.00331069457088574 51561023 51628529 67506
19 15 rs12979279 4764306 8 -0.00312118256402328 4742465 4900684 158219
19 39 rs8109493 14603932 8 0.00291331169932985 14494473 14854338 359865
19 76 rs4499340 43152051 6 -0.00286595555141085 42147477 43198035 1050558
19 16 rs2074983 5285570 4 0.00285866640068503 4929473 5359211 429738
19 60 rs1865055 32368991 5 -0.0025112529494268 32183171 32501502 318331
19 52 rs16999232 22797775 9 0.00243278851875491 22062158 23408129 1345971
19 46 rs4808652 17595700 4 -0.00242881098475361 17487620 17667970 180350
19 105 rs8104523 53829121 3 0.00234350377538275 53818436 54075317 256881
19 61 rs892024 33399344 29 0.00222547278036872 32595038 33468067 873029
19 0 rs4897946 319822 1 -0.00167708445923249 301619 508626 207007
19 29 rs10412487 8973217 17 -0.00157424560355368 8921033 9237542 316509
19 55 rs10411539 29972230 7 0.00142817364671224 29847162 30137035 289873
19 121 rs10424571 58496890 20 0.00129474217659214 57955244 58518534 563290
19 4 rs4426464 1765297 2 0.00127126979702258 1744203 1773999 29796
19 89 rs8110220 49339098 6 -0.00125952869901271 49294862 49447713 152851
19 115 rs61740015 56485077 13 0.00113853834758079 56369189 56571547 202358
19 21 rs7258236 6760974 4 -0.00106162667441612 6617161 6788907 171746
19 119 rs1433105 57461103 1 0.00105123556522627 57433407 57485951 52544
19 13 rs10411394 4325327 2 -8.342997914525253e-4 4182060 4342847 160787
19 90 rs4802552 49590938 9 -8.156431304216271e-4 49571957 49899076 327119
19 96 rs16988799 51503285 2 -8.153094118453076e-4 51455389 51546642 91253
19 3 rs1875960 1537467 2 6.085810618534693e-4 1370526 1630341 259815
19 56 rs3746314 30197155 6 6.070406123121644e-4 30164574 30566056 401482
19 116 rs16987032 56689214 4 5.814337652409272e-4 56583306 56745520 162214
19 10 rs4806934 3432252 1 -5.336680031585991e-4 3309021 3511709 202688
19 114 rs310436 56178559 3 4.771850660262243e-4 56134038 56332628 198590
19 107 rs7259148 54332061 2 -4.542855449025502e-4 54276241 54332061 55820
19 106 rs7254177 54206688 1 4.325156290779241e-4 54107677 54222824 115147
19 44 rs11086039 17026448 1 -4.179990862340791e-4 16860558 17054492 193934
19 2 rs2072283 1116117 2 1.9792375155331377e-4 844020 1116117 272097
