CHR Group SNP.lead BP.lead Size W BP.min BP.max BP.width
10 98 rs10821948 63809624 20 0.07846644735056067 63785089 64745589 960500
10 71 rs593992 34536049 21 0.069502912425243 34266223 36000671 1734448
10 151 rs118161359 103906612 27 0.06404187757201982 103894939 106101986 2207047
10 15 rs61839660 6094697 11 0.0604077028422969 6000259 6233955 233696
10 79 rs10857650 50030023 20 0.05379760234039058 49406469 50122181 715712
10 66 rs4301703 30813618 11 0.04310037524738473 30658147 30896831 238684
10 104 rs5030937 70975897 12 0.04186333698564134 69905300 71051643 1146343
10 112 rs7893748 73483976 4 0.0375480603640977 73290319 73506514 216195
10 24 rs10795685 9017944 12 0.03570709470807486 8775730 9617015 841285
10 11 rs10795187 4609790 5 -0.03012784231859862 4458818 4802160 343342
10 74 rs2252783 43907495 13 0.02979324586680244 43262261 44104513 842252
10 148 rs3818411 101960966 17 0.02744863808563309 101166544 102085327 918783
10 157 rs10884919 111757791 10 0.02493875562249637 110938966 112164194 1225228
10 138 rs1329650 93348120 16 -0.02388544571553702 93004839 94481995 1477156
10 16 rs602756 6466280 11 0.02372606556822094 6277661 6615454 337793
10 60 rs7076276 28296076 13 0.02366378664703762 27674288 28995563 1321275
10 29 rs10752230 11803185 7 0.0235160358991099 11492868 11848189 355321
10 142 rs7069574 97315349 18 0.02333726688201379 97070115 97984311 914196
10 194 rs10765017 129168894 4 0.02280723623587066 128820544 129186924 366380
10 197 rs2152143 129906980 8 0.02269348817424812 129686579 130048165 361586
10 190 rs6597754 127948238 9 0.0225123088725995 127868584 128117100 248516
10 12 rs6601900 5123136 7 -0.02166498644712968 4814682 5349871 535189
10 68 rs2769202 32524898 10 0.02154504629162556 31957790 33557046 1599256
10 113 rs9664184 75409967 27 0.02006500792139285 73516463 75669319 2152856
10 198 rs9804335 130247173 5 0.01988597868722687 130084909 130328926 244017
10 97 rs10509142 62773645 16 0.01983495062426752 62664755 63752159 1087404
10 59 rs651134 27549961 11 0.0186464752182216 26900228 27586972 686744
10 109 rs10823600 72468097 14 0.01822318465962855 72252825 72719407 466582
10 206 rs4750827 132547184 10 0.01815161553637038 132205196 132578847 373651
10 51 rs5011832 21782842 8 0.01814290078341691 21599726 22538174 938448
10 159 rs9703807 112741551 20 0.01787635810838748 112584451 113783588 1199137
10 32 rs2482069 12889696 13 0.01744080407380259 12826886 13031971 205085
10 6 rs2306301 3154339 8 0.01725379856341357 3123433 3202065 78632
10 80 rs7091448 50985245 8 -0.01718336383835422 50155130 51056858 901728
10 214 rs6537607 135284115 6 0.01689776387230251 134915832 135434303 518471
10 179 rs2935695 123481200 4 0.01683959152970104 123268889 123569487 300598
10 122 rs2784774 81921553 12 0.01682159551991953 81194219 82355408 1161189
10 160 rs2255141 113933886 4 0.01622092377711951 113926224 114236865 310641
10 8 rs12245875 3856293 5 0.01615048073724646 3505030 3860167 355137
10 174 rs2065657 121784062 13 -0.01571677948223834 121095400 121860349 764949
10 168 rs363294 119043554 8 0.01496898191886001 118434045 119102636 668591
10 211 rs9419406 133811201 1 0.01428237295737809 133811201 133933380 122179
10 135 rs10444056 91861413 8 -0.01418925368830439 91041098 91970601 929503
10 131 rs2217223 88111630 8 0.01374177923515683 87861382 88947473 1086091
10 0 rs10904173 462885 21 0.01337166616398845 236452 1325411 1088959
10 91 rs1113253 57630800 3 -0.01293243939272625 57059483 58326495 1267012
10 143 rs3827867 98416324 8 0.01278943520727623 97993942 98504184 510242
10 207 rs1655127 132693122 14 0.01259807579429632 132602033 132908210 306177
10 189 rs3740179 127483573 9 0.01251768872806465 127394788 127852395 457607
10 118 rs3851040 79318685 11 -0.01211837382400351 79200117 79955120 755003
10 103 rs4256882 68907816 8 -0.01202231567141434 68375667 69879669 1504002
10 144 rs2817708 98889713 7 0.01185066971968258 98604466 98937908 333442
10 45 rs4561106 17456574 14 0.0116379381146896 17081153 17757296 676143
10 96 rs2153522 62278812 10 -0.01159796759705395 61907907 62650428 742521
10 14 rs907686 5900693 10 0.01156527710055647 5607759 5982577 374818
10 116 rs1040936 78084407 5 0.01154201966661719 78005230 78696377 691147
10 127 rs7099749 84576414 13 0.01128820648541812 84389603 85422854 1033251
10 90 rs11004759 56916347 7 0.01114423220306665 56423968 57029123 605155
10 9 rs4881260 4000708 9 -0.01111903029763624 3888845 4212277 323432
10 57 rs2442843 26056683 11 0.01101485836515061 25643525 26148710 505185
10 86 rs12220324 54386443 6 -0.01078981334001853 54344288 54656071 311783
10 128 rs4615965 85798580 11 0.0107238389762778 85482501 85893487 410986
10 78 rs786772 48601573 9 -0.01064469962614206 48354336 48655350 301014
10 188 rs12415476 127205251 5 -0.01016524388972031 126793086 127372751 579665
10 125 rs11191331 83557187 11 0.00997743446391024 82909302 83865764 956462
10 44 rs4747288 16988844 6 0.00971793838450154 16721496 17064992 343496
10 120 rs17557872 80873608 7 0.00956956250877101 80475897 80874092 398195
10 156 rs928408 110374860 12 -0.00949628995728984 109609300 110918774 1309474
10 92 rs7907512 58593295 11 -0.00932717531106737 58342829 59768050 1425221
10 154 rs822094 108718383 8 0.00931840286406225 108355843 108859804 503961
10 22 rs7081521 8398914 3 0.00915322178324815 8388512 8442757 54245
10 37 rs7077526 14374370 4 0.00911506784360714 14008445 14396207 387762
10 82 rs10082515 52201167 8 0.00904847610315823 52002204 52881906 879702
10 200 rs561020 130566749 4 0.00883339178575075 130518039 130627887 109848
10 25 rs871158 9988716 5 0.00854780543297479 9655895 10228684 572789
10 106 rs10823416 71417394 3 0.00848841461877032 71312023 71451440 139417
10 136 rs11544145 92631778 5 0.00843288976942973 92022480 92637833 615353
10 75 rs268289 44598146 15 0.0083754695078678 44133991 45210690 1076699
10 130 rs7897266 87680908 14 -0.00821203903467751 86953013 87816757 863744
10 88 rs12246200 55507187 9 -0.00809473683404325 55371601 56204291 832690
10 36 rs7096973 13900071 5 -0.00807955223874005 13801269 14002143 200874
10 18 rs4748675 7141150 1 0.00776327079349456 7083369 7411558 328189
10 152 rs17185757 106529451 22 -0.00760351666688534 106147824 107824423 1676599
10 26 rs1324317 10594364 4 0.00758642709483962 10256332 10626134 369802
10 195 rs4750892 129352866 6 0.00742833312789815 129208021 129418956 210935
10 132 rs4934359 89457851 9 -0.00721325019896276 89175636 89965473 789837
10 65 rs4749552 30610365 6 -0.00695871381658311 30296648 30643872 347224
10 147 rs2801405 100583915 6 0.00686958430788797 100268520 101138526 870006
10 172 rs10787852 120432995 7 -0.00685519462431169 120014511 120706575 692064
10 111 rs7902794 73220557 8 -0.00684175901748377 72991385 73274886 283501
10 67 rs7097542 31042981 13 0.00681846636396798 30936214 31901584 965370
10 171 rs853576 119820073 2 0.00678755541293021 119632192 119943660 311468
10 205 rs766532 131991689 3 0.00677198791908281 131753010 132194040 441030
10 83 rs1444400 53234155 4 -0.00672843228222766 52905494 53346871 441377
10 169 rs2768335 119195756 5 -0.00664636410289874 119193153 119418104 224951
10 165 rs11196791 116333974 8 0.00650332830249537 116152354 117682532 1530178
10 187 rs3781458 126343931 9 0.00649820195876575 126150148 126743195 593047
10 42 rs4748282 16400072 7 0.006445839718269 15996876 16438524 441648
10 73 rs590937 43149991 20 -0.0064392450355238 36502489 43186821 6684332
10 33 rs604772 13056587 6 -0.00622459635201955 13054479 13193189 138710
10 99 rs10733788 64917865 16 -0.00622348443301847 64765654 65769290 1003636
10 145 rs531676 99637578 10 0.00619844948923456 98955599 99647665 692066
10 13 rs10795273 5441973 6 -0.00566728423050379 5382676 5594362 211686
10 50 rs591652 21406933 4 0.00566072412400787 20919981 21544357 624376
10 175 rs11199206 121950989 4 0.0056171831699954 121905620 122346065 440445
10 119 rs1369752 80248755 7 0.00560402133435372 79975194 80458157 482963
10 61 rs1761984 29093958 9 -0.00551797014882367 29005087 29265375 260288
10 167 rs10047377 118392545 6 -0.0054234594481659 117961273 118412310 451037
10 30 rs3740025 11979002 10 -0.00536482934077348 11873528 12347641 474113
10 58 rs33947968 26434455 13 0.00529371944697031 26173695 26836009 662314
10 163 rs7077843 115275327 11 -0.00526539166109188 114980817 115565998 585181
10 20 rs719748 7731885 10 0.00523624561764565 7631098 8074437 443339
10 181 rs12571363 124230612 8 -0.00519512342345526 123950002 124259062 309060
10 191 rs7917910 128244955 5 -0.00516392753699651 128153623 128373707 220084
10 114 rs1652713 77112300 12 -0.00516247205364738 75741457 77284374 1542917
10 173 rs2275111 120917445 5 0.00500699272304342 120753787 121050018 296231
10 141 rs695217 96977553 12 -0.00495465254632309 95579110 97047200 1468090
10 63 rs9971350 29483846 5 0.00492586023023057 29466058 29989182 523124
10 124 rs9988765 82715797 4 0.00478563772642313 82445987 82815909 369922
10 105 rs3829185 71149319 3 0.00476119893376719 71056150 71275363 219213
10 201 rs7900076 130782526 4 0.00462323885892781 130696681 130839557 142876
10 21 rs10905311 8224786 8 -0.00458834804918587 8092186 8350343 258157
10 2 rs4880539 1891815 6 -0.0044541374083723 1753115 2104415 351300
10 133 rs10788589 90026566 9 -0.00442624949637818 90020220 90727334 707114
10 150 rs140202357 102891390 7 0.00441684600080973 102813354 103721697 908343
10 95 rs10994094 61728196 8 0.00440593367770154 61339147 61882414 543267
10 210 rs9419646 133555393 6 -0.00419341580669506 133360968 133647554 286586
10 49 rs11818220 20720920 10 0.00414396270994752 20288812 20842031 553219
10 28 rs4114417 11395889 4 -0.00413806637233952 11296839 11456926 160087
10 102 rs10996742 67624255 18 -0.00409351782226183 67560490 68353739 793249
10 17 rs2439903 6831860 20 0.00406699922379401 6650426 7039552 389126
10 1 rs2813352 1590256 6 -0.00402708175412698 1341691 1729026 387335
10 46 rs2497772 18312786 16 -0.00402099134907101 18229566 18996761 767195
10 134 rs2211595 90843886 5 0.00376448505738514 90745130 91008873 263743
10 89 rs11004362 56302374 3 -0.0037616249167051 56218932 56389870 170938
10 4 rs11251392 2635863 2 0.00372142527337599 2422803 2739606 316803
10 186 rs7907696 125932457 9 -0.00365367272163149 125924595 126128552 203957
10 39 rs7921961 14778352 6 0.00363382439474482 14704727 15012535 307808
10 72 rs708424 36191613 2 0.00359802779053084 36035048 36467648 432600
10 139 rs2488083 94535940 16 0.00351034816043462 94516468 95352983 836515
10 176 rs11815121 122719834 5 0.00350344837850021 122374787 122721684 346897
10 183 rs705133 125210522 4 0.00342001856704602 124931515 125266207 334692
10 87 rs10825038 55268006 7 -0.00322744395876623 54716416 55301663 585247
10 19 rs2255576 7514583 1 0.00315563484157393 7474760 7617810 143050
10 54 rs11814429 24430388 4 0.00299841396142814 24326623 24622926 296303
10 170 rs11198112 119564143 3 0.00284536514726787 119427941 119587425 159484
10 121 rs4980038 80920370 8 0.00280345491441292 80913782 81166079 252297
10 93 rs7073090 59943234 12 0.00271326974088545 59836753 60620540 783787
10 110 rs11592244 72854725 5 -0.00264776274932068 72731151 72948577 217426
10 164 rs151591 115713566 3 0.00257067167054974 115610004 116139029 529025
10 178 rs755698 123165700 3 -0.00253168875924193 123130495 123228660 98165
10 196 rs2154178 129452789 2 0.00247158335919945 129443941 129677797 233856
10 129 rs17104125 86547284 11 -0.00233645477157628 85939031 86921913 982882
10 115 rs2057435 77674635 3 0.00215675698519983 77448435 77983649 535214
10 202 rs476628 131041657 4 0.00215645484530539 130851955 131160866 308911
10 34 rs11814554 13255513 5 -0.00208459375602232 13212884 13529789 316905
10 27 rs592033 11198255 6 0.00202717094975721 10650389 11277613 627224
10 155 rs607523 108880521 6 0.0020015832772764 108880455 109599439 718984
10 161 rs11196152 114686805 7 0.0019963996509778 114280702 114687884 407182
10 199 rs2767290 130470565 3 0.00196686664594122 130353231 130477824 124593
10 5 rs3829910 3095281 4 0.00193807502517571 2749491 3095281 345790
10 100 rs10995927 66371941 5 -0.00189921106455935 65817857 66468127 650270
10 158 rs1107442 112303595 4 0.00188669281705588 112179167 112557773 378606
10 213 rs74460040 134748281 2 -0.00187416402464008 134616641 134872169 255528
10 192 rs7902474 128405292 2 0.00184108059579518 128378598 128449111 70513
10 56 rs10741067 25120376 7 0.00173598964912084 24823076 25470573 647497
10 108 rs2394724 72121606 4 0.00170865421613444 71696832 72204961 508129
10 137 rs7908053 92934593 2 0.00168612799556985 92721319 92972619 251300
10 64 rs1539536 30014723 8 0.00165525882257043 30005534 30250420 244886
10 203 rs12266768 131324278 2 -0.00158315319038832 131212448 131626650 414202
10 182 rs10902929 124460069 2 0.00143766771158281 124456033 124887825 431792
10 3 rs7093387 2355384 11 -0.00143559525057218 2131912 2377838 245926
10 70 rs7073701 34028762 2 -0.00141382688273973 33925036 34230325 305289
10 40 rs17156239 15079699 3 0.00128032595801112 15020847 15203275 182428
10 38 rs10906682 14500774 1 0.00126026083551407 14413667 14686790 273123
10 35 rs7098174 13666931 8 0.00113336502218668 13531381 13765950 234569
10 162 rs12243326 114788815 3 0.00113250188997311 114732882 114888608 155726
10 69 rs11009395 33746909 1 -0.0011093009794015 33579890 33885828 305938
10 140 rs616522 95395247 3 -0.001093682500117 95378547 95548443 169896
10 85 rs1194501 54002021 5 -0.00104015069655889 53929791 54301740 371949
10 62 rs2783434 29347220 8 -0.00101661219586076 29278939 29428123 149184
10 126 rs7078253 84136681 6 0.00100689878142334 83908249 84383277 475028
10 43 rs7097885 16506501 4 9.681127827041064e-4 16479186 16715194 236008
10 84 rs16927026 53887029 6 -9.526819679813124e-4 53382116 53910521 528405
10 146 rs4919210 100088262 6 -8.990387454818759e-4 99754973 100234276 479303
10 180 rs6585776 123770094 6 8.605425917582368e-4 123624510 123897130 272620
10 47 rs2495832 19074461 2 -8.562083265571713e-4 19013396 19696007 682611
10 53 rs12260319 23863296 3 8.431941797847313e-4 23400393 24322509 922116
10 177 rs7913694 123095186 3 -7.865048814630223e-4 122754609 123095366 340757
10 52 rs7092729 23038083 6 -7.608856453903776e-4 22822524 23364720 542196
10 31 rs2768343 12598255 6 -7.536972985186545e-4 12450495 12797007 346512
10 81 rs3123078 51524971 1 6.918646073222879e-4 51524971 51593354 68383
10 123 rs7908544 82424161 3 -6.794375111183974e-4 82372300 82424293 51993
10 23 rs2454062 8464847 7 5.849906968790114e-4 8449327 8767434 318107
10 149 rs10883547 102627228 6 -5.220433010154129e-4 102104521 102749069 644548
10 94 rs3844160 60733464 2 -4.702850766845347e-4 60727887 61303047 575160
10 193 rs6597823 128546740 1 4.3564835504515426e-4 128470148 128788311 318163
10 153 rs17120734 108170803 6 3.945349795595812e-4 107912176 108272675 360499
10 204 rs944963 131688008 1 -3.5051057568387704e-4 131675252 131727813 52561
10 101 rs2800210 67193355 2 3.407371051692453e-4 66523544 67539130 1015586
10 41 rs7910208 15322317 2 -3.3502397165929577e-4 15240466 15895956 655490
10 76 rs2487504 45254830 2 -3.0192256653199323e-4 45249394 46109533 860139
10 208 rs2918142 132992902 1 2.0375896931986863e-4 132943161 133036574 93413
10 48 rs7080901 20144397 1 1.6963205261930658e-4 19719401 20267705 548304
10 55 rs11014053 24647899 2 8.047210161448272e-5 24636556 24814503 177947
10 107 rs2763335 71577422 4 6.84606870882524e-5 71466578 71650837 184259
10 184 rs7909042 125522409 4 5.903564775247691e-5 125285875 125530746 244871
10 166 rs180627 117773116 4 -5.102781908615278e-5 117713221 117949460 236239
10 7 rs7090790 3416737 3 -4.02898246465907e-5 3245862 3482498 236636
10 117 rs10824534 79137838 8 3.915879686840467e-5 78715622 79187957 472335
10 212 rs10870311 134290526 7 -2.1515238879741237e-5 134069351 134459388 390037
