CHR Group SNP.lead BP.lead Size W BP.min BP.max BP.width
22 326 rs12627970 39721745 7 0.15033171146471064 39659773 39721745 61972
22 54 rs7291930 20876509 2 0.05403800972304617 20778066 20903410 125344
22 194 rs1002189 30771458 8 0.05124911550727913 30679387 30796422 117035
22 338 rs4822024 41757647 10 0.04306188883663765 41648502 41799106 150604
22 64 rs1210606 21452237 3 0.03905788216103862 21438417 21452237 13820
22 328 rs2294360 39897792 2 0.03704586996676015 39897792 39941154 43362
22 96 rs1041749 24846391 5 0.0357477350270305 24755025 24946924 191899
22 339 rs9607852 42258272 8 0.03541522853902722 41961831 42282012 320181
22 341 rs5996130 42612297 6 0.03441119290295443 42379813 42685537 305724
22 294 rs2284033 37534034 3 0.03422352794082223 37524619 37535471 10852
22 518 rs73172277 51061827 9 -0.03173530624745838 51040546 51072161 31615
22 48 rs2531708 20017445 8 0.02840965053620529 19956781 20020229 63448
22 514 rs11555194 50876662 8 0.02657530463849805 50814075 50876662 62587
22 329 rs132575 39982721 2 0.02555393422142694 39947068 39989216 42148
22 125 rs8139900 26394724 3 0.02407972047012194 26394724 26415475 20751
22 208 rs5994466 32518130 5 0.02273549133880165 32355455 32533584 178129
22 335 rs6001931 40877514 7 0.02231214109931336 40729614 41075543 345929
22 428 rs13057352 47095235 3 0.02224501528514466 47091321 47103512 12191
22 367 rs2267597 44427612 3 0.02171554152860244 44424108 44435552 11444
22 310 rs143910997 38321806 5 -0.02118376043630014 38093169 38447444 354275
22 407 rs6006753 45846472 2 -0.02054931560133954 45813687 45846472 32785
22 249 rs204276 34744069 4 0.02050794398266336 34646980 34799261 152281
22 469 rs6007873 48906295 5 -0.02030377115673082 48906295 48918829 12534
22 337 rs139480 41626663 2 0.01988697853704371 41418154 41626663 208509
22 37 rs5748167 19370586 5 0.0197223647268924 19310812 19505531 194719
22 90 rs7287310 24047092 8 0.0188656374402414 23971028 24048368 77340
22 381 rs135938 44812036 1 -0.018698949270734 44812036 44812036 0
22 266 rs4820201 35970204 5 0.01863900495704317 35970204 35982672 12468
22 49 rs9606241 20075858 5 0.01841534120538403 20037315 20100596 63281
22 83 rs5759742 23700907 1 0.01841513438552768 23700907 23700907 0
22 184 rs4823003 29410232 5 0.01791789355715922 29378708 29454477 75769
22 408 rs6006756 45884487 2 0.01779696594435298 45864459 45892433 27974
22 23 rs439231 18319179 4 0.01775634352787353 18299197 18319179 19982
22 84 rs2330452 23754578 1 0.01772364970864952 23752398 23754578 2180
22 482 rs12158344 49214032 3 0.01716407780537574 49212730 49228507 15777
22 327 rs5757670 39829736 2 0.01674638740228419 39781585 39829736 48151
22 206 rs2236033 32001050 3 0.01665640679473613 31838085 32027449 189364
22 120 rs739281 26277148 1 0.0165741843813473 26266939 26278427 11488
22 165 rs7511351 27748742 2 -0.01633486621804026 27747270 27756300 9030
22 512 rs5771086 50595842 2 -0.01627105415631962 50515270 50599466 84196
22 38 rs2157727 19565395 4 0.01610378487111737 19534856 19567149 32293
22 516 rs140522 50971266 3 0.01597830594069679 50937445 50971752 34307
22 233 rs16992276 33801983 3 0.01512272074170335 33771672 33801983 30311
22 200 rs738372 31228584 4 -0.01497352911400323 31160539 31249333 88794
22 145 rs13054025 27222059 2 0.01427596903923766 27222059 27222286 227
22 34 rs2285858 19120959 3 -0.01421867770047128 19037734 19120959 83225
22 232 rs5998876 33729763 5 0.0129251006115489 33728035 33743341 15306
22 287 rs4821540 37241788 1 0.01286361008488196 37241788 37241788 0
22 207 rs737084 32268400 6 -0.01278634957019688 32054026 32324140 270114
22 219 rs743762 32959350 3 -0.01277708834777544 32959350 32971900 12550
22 75 rs10483109 22537581 4 0.01261189217151629 22504946 22548831 43885
22 79 rs3788339 23417677 3 -0.01252748373920998 23407301 23417677 10376
22 359 rs695288 43757691 2 -0.01250863867500076 43755827 43757691 1864
22 170 rs8136304 27917070 2 0.01239637433156996 27905428 27917070 11642
22 478 rs13056461 49155087 4 0.01217496502108676 49154931 49175009 20078
22 67 rs4821112 21964761 3 0.01214749028676699 21917190 21982892 65702
22 166 rs136923 27785809 1 0.01204091455581245 27779122 27785809 6687
22 188 rs2267135 29767034 2 -0.01186204873654134 29710360 29791234 80874
22 434 rs4476 47440669 2 0.01157724921970982 47385342 47440669 55327
22 465 rs130823 48808912 3 -0.01155916963979288 48766791 48809362 42571
22 24 rs1072405 18406068 6 0.01152268255732772 18350514 18444657 94143
22 76 rs8141482 22584809 1 -0.01138879849179544 22584809 22584809 0
22 317 rs5757166 38995385 3 0.0112378344652826 38995385 39138332 142947
22 124 rs9306419 26369358 2 -0.01122343237867732 26369358 26369358 0
22 172 rs723184 27962517 2 0.01111341573271237 27962517 27968208 5691
22 431 rs974226 47230348 2 0.01096679097299484 47171456 47230348 58892
22 216 rs11703151 32849712 3 0.01047680025884161 32847116 32849712 2596
22 517 rs131749 51024624 2 0.010437481052237369 50990669 51024624 33955
22 158 rs9620665 27557030 3 0.01042379329883975 27557030 27561500 4470
22 301 rs2284051 37710569 2 0.01020568752398958 37699377 37710569 11192
22 383 rs8135880 44834292 1 -0.010116254406423 44834292 44881837 47545
22 307 rs8140025 37910395 1 0.01011490317694808 37910395 37929759 19364
22 292 rs2413450 37470224 3 -0.00999590633747209 37424848 37470224 45376
22 462 rs4499 48646288 2 0.00994737700629997 48603295 48646288 42993
22 136 rs5752327 26844070 9 0.00991454437352601 26794102 26909750 115648
22 435 rs86559 47454664 2 0.00987833821437209 47454664 47489470 34806
22 320 rs5757387 39333340 4 -0.00986928156027824 39320828 39355109 34281
22 343 rs733278 42811919 5 -0.00981146749689176 42776276 42822283 46007
22 347 rs12166331 43121426 4 -0.00958291662607287 43110919 43122720 11801
22 213 rs5753991 32738182 1 0.0095492283583556 32729530 32771017 41487
22 290 rs1801114 37333804 2 -0.00937674492533763 37333804 37333804 0
22 363 rs2017461 44285765 4 0.00888114304376448 44220673 44286950 66277
22 190 rs2857651 30075052 4 0.00883426975517814 29886043 30079213 193170
22 262 rs743811 35792974 2 0.00877502918420706 35792974 35818398 25424
22 123 rs9613049 26345603 2 0.00871608412854571 26330370 26346108 15738
22 303 rs4821653 37771985 1 0.00853495414907505 37761813 37771985 10172
22 507 rs5770650 50077362 3 -0.00853132447690031 50077362 50092148 14786
22 164 rs507070 27700919 3 -0.0084828537045918 27700318 27729548 29230
22 199 rs4820897 31117495 1 0.00838716932185453 31070493 31141239 70746
22 302 rs5750423 37734452 1 0.00821262973552183 37728491 37734452 5961
22 298 rs5995396 37586000 3 0.00795059648180126 37575977 37611807 35830
22 348 rs738533 43172308 3 0.00786773280578411 43162952 43179166 16214
22 95 rs17854874 24468386 7 0.00764487151053002 24460593 24639069 178476
22 484 rs4824047 49351767 3 -0.00759420498198753 49338361 49351767 13406
22 225 rs242076 33229830 7 -0.00758290939203601 33159636 33234931 75295
22 218 rs762909 32930568 3 -0.00749226864671813 32925170 32939719 14549
22 494 rs11703376 49678713 2 -0.00728993889128373 49671776 49679043 7267
22 86 rs4822422 23852494 1 -0.00724756234861139 23852494 23854860 2366
22 313 rs6001064 38638071 1 0.00720575842301317 38628306 38638071 9765
22 14 rs5746366 17890558 1 -0.00712420110079324 17890558 17890558 0
22 289 rs5756379 37275904 6 -0.00710135334597176 37268555 37310046 41491
22 107 rs139762 25307571 5 0.00699345636177594 25307571 25320371 12800
22 155 rs760529 27485345 3 0.00689575300991515 27485111 27485959 848
22 415 rs910923 46487902 1 0.00672768316853204 46487902 46487902 0
22 300 rs8139798 37660255 1 0.00668829237463444 37660255 37673781 13526
22 183 rs738722 29130012 5 -0.00668391482108692 29100711 29300306 199595
22 110 rs4820621 25608548 1 -0.00667029120874799 25608548 25608548 0
22 398 rs132011 45421536 3 0.00654805731884747 45421242 45435202 13960
22 237 rs240590 34021876 2 -0.00642628491483634 33984394 34024097 39703
22 369 rs6006486 44503633 1 -0.0061621460277384 44503633 44522312 18679
22 177 rs4820773 28102627 2 -0.00608513630859498 28071675 28103259 31584
22 427 rs875559 47034838 1 0.00603647439270746 47021203 47034838 13635
22 217 rs7292178 32859619 3 0.00596228761446337 32859619 32882121 22502
22 66 rs460106 21806401 2 0.00592778806766513 21806401 21809185 2784
22 128 rs134755 26565156 3 -0.00589336819262883 26565156 26597805 32649
22 488 rs6009424 49473747 3 0.00586732580768925 49450131 49486490 36359
22 499 rs5770391 49790713 2 0.00581231454836261 49784591 49796800 12209
22 342 rs9620039 42738766 2 0.00580265788962952 42698800 42742451 43651
22 260 rs2103642 35631590 1 0.00577701651809418 35544775 35631590 86815
22 493 rs8140508 49610259 7 0.00575778092273599 49593847 49623181 29334
22 127 rs134709 26503944 5 -0.00565056673079945 26485668 26507645 21977
22 433 rs136068 47344209 1 0.00563833477760768 47343997 47363413 19416
22 135 rs2226691 26789849 3 0.00560762112285186 26758375 26789849 31474
22 279 rs139933 36845207 1 0.00551571120283556 36770038 36857291 87253
22 240 rs240073 34086494 2 0.00544930121767604 34083987 34098342 14355
22 411 rs739215 45967526 1 -0.00537330177762441 45967526 45967526 0
22 18 rs174330 18009909 2 0.00535717325434958 17990852 18021760 30908
22 186 rs132372 29604561 3 0.0053531342779937 29596502 29604561 8059
22 308 rs2235336 37958268 3 0.00509866611853323 37943299 37958268 14969
22 349 rs738535 43203137 6 -0.00507083014591055 43193641 43390319 196678
22 258 rs2017543 35474222 1 -0.00496269961693295 35414017 35481493 67476
22 151 rs6005266 27410749 1 0.00488797215797216 27410749 27413509 2760
22 506 rs135796 49947789 2 -0.00483107962065346 49932138 50062427 130289
22 412 rs3788673 45994189 1 0.00479853653449159 45988571 45997852 9281
22 209 rs9606916 32567306 1 0.00463367122263523 32554997 32592390 37393
22 181 rs7292859 28368266 5 -0.00462243588411501 28288136 28368266 80130
22 141 rs6005150 27122480 2 0.00449386730544414 27122480 27141605 19125
22 100 rs7287595 25208398 1 0.00447600960249609 25158445 25208398 49953
22 268 rs5755868 36074596 1 -0.00441486568254839 36074596 36074596 0
22 261 rs11704301 35711543 1 0.00436590611581687 35660875 35733654 72779
22 160 rs498789 27627416 2 0.00435157326123547 27622907 27627416 4509
22 425 rs5767244 46924254 1 0.00433081288455999 46919541 46924254 4713
22 387 rs6007211 45007348 3 -0.00419385951433252 45003748 45012097 8349
22 156 rs4822859 27508858 4 -0.00418607373275784 27497704 27508858 11154
22 489 rs135230 49513663 4 -0.00418556122311226 49505948 49514337 8389
22 149 rs5761863 27348456 1 0.00418524644007858 27331206 27348456 17250
22 2 rs8136206 17399211 1 -0.00415677606298939 17399211 17399211 0
22 31 rs5992185 18633978 1 0.00411197653217738 18633978 18640300 6322
22 422 rs760991 46854398 1 -0.00406919801888403 46854398 46854398 0
22 5 rs738033 17599844 3 0.00402374413687251 17589209 17599844 10635
22 62 rs2072550 21386019 2 0.00401900711998375 21381646 21386019 4373
22 452 rs9627183 48284514 1 -0.00401432852885243 48284514 48284514 0
22 94 rs7293178 24248370 3 0.0039699447425368 24226890 24270777 43887
22 78 rs6003484 23379985 2 0.00393668926855736 23299769 23379985 80216
22 477 rs13057875 49115231 1 -0.00387915472894401 49112879 49128427 15548
22 354 rs148458324 43618695 1 0.00377459362802019 43618695 43624305 5610
22 57 rs2072517 21115244 2 0.00367516497837389 21004805 21115244 110439
22 353 rs138981 43597815 2 -0.00355775416342832 43577048 43615005 37957
22 439 rs9626702 47609914 1 -0.0035413248098423 47604571 47627231 22660
22 491 rs12170052 49571596 1 0.00351054789840595 49559242 49574991 15749
22 486 rs5769373 49411595 3 0.00347554292989354 49405594 49416063 10469
22 400 rs9306489 45525484 4 0.00347197653244752 45518890 45525484 6594
22 248 rs5754910 34636072 4 -0.00346157816943124 34537450 34640618 103168
22 47 rs165631 19951816 2 0.00342432324357651 19928022 19951816 23794
22 252 rs738968 34889097 2 0.00340589418266116 34880370 34940942 60572
22 272 rs80584 36555794 3 0.00334084647543455 36539754 36557550 17796
22 288 rs10854693 37252010 1 -0.00332486896444926 37251377 37252010 633
22 168 rs5762167 27863694 2 -0.00330835868085256 27852183 27876939 24756
22 180 rs3819658 28160074 2 -0.00322520788614851 28160074 28160972 898
22 358 rs11704418 43705678 3 -0.00322265376725961 43685657 43705678 20021
22 362 rs1476036 44158490 7 0.00317445902970057 43950853 44198015 247162
22 243 rs13057617 34247064 2 0.00304814994180785 34226660 34260738 34078
22 36 rs1060376 19196502 2 0.0030324811508839 19154522 19279641 125119
22 103 rs56123612 25251372 1 0.00294404127004347 25238729 25269518 30789
22 472 rs5771622 49027446 3 -0.00289698397503967 49027446 49033984 6538
22 380 rs135893 44775730 4 -0.00283039658106973 44769535 44788913 19378
22 222 rs13340089 33032041 2 0.00282488598745709 33003307 33033048 29741
22 242 rs2157088 34211435 7 -0.00282367248403212 34133758 34219939 86181
22 3 rs11703655 17450952 4 0.00271950245451481 17414640 17450952 36312
22 105 rs2877253 25290487 1 -0.00271527558400968 25290487 25290487 0
22 319 rs469987 39287355 2 -0.00269536922672902 39287355 39300936 13581
22 441 rs4823632 47735419 2 -0.00268761731306048 47711836 47736018 24182
22 130 rs16981638 26666611 1 -0.00259199259781786 26666611 26670085 3474
22 275 rs6000197 36603294 1 0.00258854204409126 36602779 36603294 515
22 377 rs5766627 44750243 1 -0.00255800155920743 44747100 44750621 3521
22 370 rs5764558 44544028 4 0.00253019900163125 44530420 44544028 13608
22 30 rs9618203 18607872 1 -0.00252503389369154 18607872 18607872 0
22 350 rs8141749 43483242 3 0.00252013436872572 43430077 43483242 53165
22 410 rs136753 45936121 2 0.00250109414603697 45926585 45937149 10564
22 500 rs5770418 49812076 3 -0.00246011445696652 49803587 49823224 19637
22 463 rs133588 48666450 1 0.00244396369043503 48666450 48672302 5852
22 152 rs134931 27425162 2 -0.00243887498347405 27425162 27425365 203
22 396 rs6007397 45339200 3 0.00243191479176755 45333182 45353413 20231
22 473 rs8135393 49050448 6 0.00242895121389907 49050435 49069776 19341
22 51 rs625704 20185457 2 -0.00242538621859345 20185119 20189202 4083
22 68 rs73166641 21998280 1 0.00241555527617107 21998280 21998280 0
22 140 rs5752378 27069835 4 0.00241375849104433 27054179 27110259 56080
22 336 rs61756762 41257393 5 0.00240586648974918 41081561 41291730 210169
22 132 rs3788378 26715923 1 0.00240179359207742 26702015 26716432 14417
22 409 rs136723 45916679 2 -0.00237402315256159 45908895 45916679 7784
22 215 rs2076051 32831809 2 0.00234402895446461 32831809 32832874 1065
22 39 rs9606090 19593854 2 0.00224975761619977 19580185 19594436 14251
22 231 rs2213457 33568560 4 -0.00219631090305746 33563617 33637087 73470
22 42 rs1985884 19643245 1 -0.00218949308153629 19643245 19643245 0
22 265 rs13054394 35950648 2 0.00211804908724721 35938381 35952603 14222
22 280 rs2011107 36890353 3 -0.00210672072334597 36870845 36900806 29961
22 81 rs5751614 23593051 2 0.00198949330306923 23593051 23614426 21375
22 392 rs3788630 45191504 1 0.00198866663269459 45191504 45192660 1156
22 214 rs9619261 32777364 3 -0.00196259154886391 32773266 32823071 49805
22 192 rs737906 30367857 8 -0.00195937223467694 30240575 30597810 357235
22 195 rs5753158 30855697 4 -0.00191548556423526 30850395 30891300 40905
22 321 rs2142833 39392296 3 0.00190930409947579 39392296 39407399 15103
22 104 rs139724 25284829 1 0.00190798925910675 25284829 25284829 0
22 357 rs5759250 43673800 1 0.00184755341688589 43670386 43673800 3414
22 291 rs5756471 37404249 3 0.00184544641660645 37367928 37407527 39599
22 119 rs5996988 26247456 1 -0.00182933511167745 26227767 26254248 26481
22 226 rs2071947 33246032 4 0.00180302598894394 33246032 33272699 26667
22 60 rs7292968 21335559 1 0.0017988050718909 21335559 21339751 4192
22 510 rs5771069 50435480 2 0.00179578867632652 50435480 50482126 46646
22 331 rs6001679 40169926 3 0.00179217540437517 40169926 40326174 156248
22 460 rs16994730 48514296 1 0.00178755620820547 48514296 48538763 24467
22 414 rs11090654 46160991 2 0.00173908182529294 46154366 46255004 100638
22 340 rs6002555 42343091 2 -0.00172782543021969 42338152 42344266 6114
22 323 rs139298 39497452 1 0.00169552565921661 39497452 39510995 13543
22 255 rs5755407 35298506 1 -0.00165766552666949 35272702 35337195 64493
22 250 rs4821257 34825788 2 0.00162483692513422 34811838 34828825 16987
22 330 rs136858 40065322 2 0.00159591013824217 40065322 40083730 18408
22 117 rs5996973 26185235 2 0.00159492334558949 26173661 26192077 18416
22 519 rs9616906 51104680 2 0.00158534612668328 51104680 51104680 0
22 138 rs9608498 26945288 2 0.00156233029655485 26942127 26960789 18662
22 418 rs55641018 46643023 3 -0.00155546093809147 46626506 46644177 17671
22 80 rs762601 23568858 2 -0.0015363769716643 23482483 23569063 86580
22 394 rs5766113 45251423 2 0.00153386447731093 45248283 45255043 6760
22 12 rs4819996 17790731 1 0.00149705643484369 17790731 17790731 0
22 203 rs10304 31500536 2 -0.00143204272960111 31487701 31526811 39110
22 251 rs17824280 34847299 2 -0.0014184692552176 34842677 34859793 17116
22 314 rs17753394 38678387 2 -0.00136531868832755 38675738 38678387 2649
22 459 rs5768350 48494758 2 0.00132110155998512 48494758 48501694 6936
22 318 rs5757279 39168987 1 -0.00132075816320251 39163856 39245618 81762
22 401 rs8135904 45568419 2 -0.00129837598085914 45535999 45568986 32987
22 316 rs2267389 38840221 1 -0.00126743637275276 38807144 38840221 33077
22 116 rs4822649 26163003 1 0.00121179276837465 26159289 26164413 5124
22 43 rs1015939 19678655 3 -0.00120599258334732 19659099 19678655 19556
22 139 rs5752351 26990807 3 0.0011864068463072 26981039 27038853 57814
22 352 rs6973 43559137 2 0.00117684608909855 43550149 43559137 8988
22 281 rs5756233 36935796 1 0.00116784439893439 36923499 36941065 17566
22 22 rs389496 18289204 2 -0.00116459032610983 18286672 18292466 5794
22 71 rs915726 22281902 5 -0.00112646421571678 22262369 22329747 67378
22 513 rs34163881 50655543 3 -0.00111115395129652 50655543 50660137 4594
22 267 rs5755790 36006732 4 -0.00108679591131203 36006322 36041650 35328
22 167 rs79556 27814314 1 0.00107902400426177 27802721 27818766 16045
22 502 rs8138283 49841479 1 0.00106387214640847 49841479 49841479 0
22 376 rs5765896 44744080 3 -0.00103188543628872 44737646 44744080 6434
22 63 rs383331 21424414 4 0.00103124197642362 21423908 21431181 7273
22 40 rs1476445 19621011 1 0.0010234089139351 19609943 19623386 13443
22 421 rs61737816 46829377 1 -9.977111597893138e-4 46829377 46829377 0
22 440 rs2187793 47688003 3 9.967989461505196e-4 47683805 47688003 4198
22 8 rs2231495 17669306 1 -9.853119235984458e-4 17669306 17669306 0
22 451 rs4823703 48222045 4 9.7477779462226e-4 48222045 48269511 47466
22 228 rs133945 33402843 3 -9.717663663075292e-4 33366051 33433761 67710
22 312 rs11570680 38528888 4 -9.654517113990012e-4 38509439 38569006 59567
22 56 rs7290923 20999208 2 9.647251394703434e-4 20999208 20999208 0
22 169 rs2092741 27888434 1 9.58877925242724e-4 27886736 27896011 9275
22 419 rs6008598 46704243 3 -9.139093952904712e-4 46678666 46731689 53023
22 143 rs713751 27189835 1 -8.949627084638178e-4 27189536 27191942 2406
22 159 rs550260 27575542 3 8.852560769936064e-4 27565958 27613318 47360
22 450 rs11703636 48173591 4 8.58762700895251e-4 48144783 48184882 40099
22 299 rs7288979 37649494 2 -8.539571386253547e-4 37618637 37650844 32207
22 476 rs130129 49096694 3 8.436010569886038e-4 49096694 49103660 6966
22 449 rs132125 48070614 2 -8.302448516448754e-4 48062251 48103376 41125
22 395 rs4823418 45315232 1 8.184853089667436e-4 45303255 45320631 17376
22 386 rs2349634 44973739 1 7.905497302397263e-4 44973739 44973739 0
22 351 rs4988394 43516133 3 7.905163285503638e-4 43514886 43518822 3936
22 311 rs3952 38456598 1 -7.860529351949065e-4 38456598 38500480 43882
22 277 rs136148 36652931 1 7.729901125475674e-4 36652931 36661842 8911
22 379 rs763041 44763752 2 -7.677829802312372e-4 44763651 44763752 101
22 254 rs5755319 35211173 1 7.613859178544869e-4 35157380 35226671 69291
22 461 rs5768412 48567467 2 7.606638733388609e-4 48546285 48569604 23319
22 234 rs713740 33832735 2 7.578898575492542e-4 33826566 33847286 20720
22 344 rs5996168 42862481 2 7.551751341360188e-4 42855099 42867898 12799
22 436 rs2009905 47503067 1 -7.055585383121857e-4 47497788 47503584 5796
22 322 rs2014881 39445380 3 6.742240503655457e-4 39413668 39445554 31886
22 205 rs11089495 31685129 7 6.670530672767947e-4 31543260 31696615 153355
22 13 rs2040692 17831813 1 -6.532529195792601e-4 17831813 17831813 0
22 259 rs7289467 35518987 3 -6.470037620360278e-4 35516556 35519850 3294
22 446 rs10460765 47944748 4 -6.4348736406098e-4 47940908 47944748 3840
22 70 rs5999264 22095920 2 6.418937475371896e-4 22082820 22204793 121973
22 332 rs2284078 40363778 1 -6.318616307695276e-4 40363778 40363778 0
22 77 rs737885 23263708 2 6.304675111356679e-4 23250737 23278593 27856
22 253 rs5999506 35096084 3 6.171680939654375e-4 35033249 35131487 98238
22 468 rs6008741 48897881 1 -6.166142035736995e-4 48896580 48897881 1301
22 157 rs9608581 27533998 1 5.943954420943884e-4 27533998 27548374 14376
22 270 rs5756028 36377043 3 -5.613617272699586e-4 36259560 36443705 184145
22 304 rs6000711 37792590 2 -5.600898952475125e-4 37792590 37807303 14713
22 1 rs2072466 17289118 5 -5.569245220779454e-4 17278762 17329601 50839
22 17 rs5747187 17946202 1 -5.406950685928182e-4 17946168 17946202 34
22 426 rs5767265 46964267 3 -5.322828799742824e-4 46964267 46980242 15975
22 334 rs9611280 40552119 1 -5.307016758903792e-4 40552119 40697581 145462
22 333 rs9623117 40452119 1 -5.12063782532569e-4 40403171 40495473 92302
22 131 rs137203 26688831 2 5.094356832266041e-4 26681640 26688831 7191
22 101 rs5760680 25211793 1 -5.076562581975509e-4 25209724 25217740 8016
22 467 rs9615893 48851078 1 5.059408509123931e-4 48838815 48851078 12263
22 115 rs133860 26144760 1 -5.036974133787005e-4 26144760 26144760 0
22 118 rs8143030 26222247 1 4.975044240206737e-4 26193824 26222454 28630
22 53 rs361640 20753615 1 4.924385405576225e-4 20753615 20753615 0
22 372 rs139135 44583246 4 4.835953439439664e-4 44583246 44597929 14683
22 366 rs8418 44379838 11 -4.832401436855264e-4 44324727 44395451 70724
22 175 rs9608633 28019060 3 -4.8197974765461785e-4 28013445 28033628 20183
22 224 rs5994617 33142908 1 -4.794150092095638e-4 33140654 33142908 2254
22 150 rs2157465 27381346 1 -4.6958582013125334e-4 27381346 27381346 0
22 447 rs131100 47989391 1 -4.662905908533795e-4 47989391 47989391 0
22 373 rs5764659 44646105 1 4.4430352418539274e-4 44599531 44646105 46574
22 46 rs11541479 19906511 1 -4.311770827069109e-4 19906511 19906511 0
22 121 rs739282 26283020 1 -4.231872352711054e-4 26283020 26283020 0
22 87 rs140174 23922983 2 -4.0625616700283194e-4 23922983 23922983 0
22 246 rs4820127 34395171 1 3.794633924704527e-4 34395171 34423169 27998
22 345 rs11703700 42877543 2 3.786080588364411e-4 42876604 42877543 939
22 221 rs16990808 32994093 2 -3.7834612985723927e-4 32994093 32995751 1658
22 187 rs3950176 29630337 1 3.735152609266186e-4 29630337 29636985 6648
22 111 rs9608379 25620142 2 -3.6775982188208696e-4 25620142 25620142 0
22 19 rs1080199 18120850 2 -3.642820382232669e-4 18115392 18222263 106871
22 97 rs4820599 24990213 1 3.629783183067005e-4 24990213 24991895 1682
22 109 rs5760834 25479479 2 -3.3514897894108906e-4 25473134 25572748 99614
22 174 rs9613477 27989890 3 -3.122557432127256e-4 27988228 27989890 1662
22 230 rs137326 33523109 2 -3.042993131026595e-4 33523109 33558767 35658
22 211 rs5994515 32655284 2 2.856115928601344e-4 32650200 32655284 5084
22 92 rs5760066 24187820 1 2.7445296680508744e-4 24121378 24187820 66442
22 429 rs9616101 47108189 2 2.680771533466338e-4 47108189 47115825 7636
22 247 rs2213325 34474560 1 -2.671760391256469e-4 34466882 34474560 7678
22 193 rs7289095 30658722 1 -2.5666393619363544e-4 30658722 30658722 0
22 113 rs760555 25872837 2 2.5545893907091057e-4 25872592 25924444 51852
22 173 rs762064 27974819 1 2.3787333030781684e-4 27974819 27974819 0
22 296 rs12167757 37567490 1 -2.1686329718626608e-4 37567490 37567490 0
22 282 rs9622424 36984307 1 2.1667219406610967e-4 36965284 36994063 28779
22 179 rs6005605 28141301 1 2.1145807499446743e-4 28135297 28141301 6004
22 142 rs4820706 27167348 1 1.9738758643156573e-4 27167348 27171638 4290
22 161 rs932299 27661009 2 1.8612420673805e-4 27657507 27662213 4706
22 4 rs917838 17492452 2 1.7483058434983583e-4 17492452 17492452 0
22 114 rs8142086 26046513 1 -1.7302089940802982e-4 25938025 26069727 131702
22 346 rs910303 43096042 1 1.666671744353101e-4 43061482 43097551 36069
22 82 rs9608102 23644794 1 1.6138860319224625e-4 23626896 23644794 17898
22 6 rs5747008 17623408 1 -1.6076041558619667e-4 17614011 17634050 20039
22 61 rs398577 21362849 1 1.5058577042430596e-4 21352181 21362849 10668
22 404 rs6006973 45665663 1 1.4415279150904373e-4 45665663 45665663 0
22 505 rs134458 49916533 1 -1.339522159408117e-4 49912406 49924929 12523
22 137 rs2283822 26924312 1 -1.3160371687241494e-4 26916722 26924336 7614
22 154 rs16983592 27473169 1 1.3147500235042992e-4 27438631 27473169 34538
22 453 rs738733 48295417 2 -8.800158147857177e-5 48295417 48321429 26012
22 163 rs768784 27690377 2 8.051505155143665e-5 27689956 27690377 421
22 122 rs5761308 26304988 1 7.100977927139399e-5 26304988 26316491 11503
22 402 rs9626655 45612551 2 6.61352243057395e-5 45589490 45612551 23061
22 485 rs5770661 49372831 1 -6.591246328129362e-5 49364780 49372831 8051
22 196 rs55674628 30953280 1 6.18126841350789e-5 30934885 30953295 18410
22 28 rs5992985 18545634 2 5.855388195030557e-5 18545634 18549740 4106
22 182 rs134545 28799080 1 -5.771652661297125e-5 28575543 28923317 347774
22 32 rs450046 18901004 3 4.819344155050122e-5 18901004 18912678 11674
22 41 rs5748371 19636858 1 -4.066559966324348e-5 19634330 19636858 2528
22 33 rs2023634 18972450 1 3.09899502179573e-5 18972450 18972450 0
22 378 rs8138173 44760039 1 3.037794713404417e-5 44760039 44760039 0
22 35 rs715544 19133605 1 1.519463979955103e-5 19133605 19135603 1998
22 413 rs2301449 46038908 1 1.2167862579288813e-5 46022046 46038908 16862
