CHR Group SNP.lead BP.lead Size W BP.min BP.max BP.width
14 471 rs8017161 103563195 8 0.18007697099784686 103404159 103584674 180515
14 257 rs3784099 68749927 12 0.08939043963323345 68749927 68963746 213819
14 384 rs17184313 93102251 5 0.0730609923151387 93064069 93118038 53969
14 396 rs11621961 94769476 4 0.05628303625192707 94769476 94847415 77939
14 125 rs696 35871093 5 0.04295726783288704 35871093 36304368 433275
14 383 rs737522 93014672 4 0.03975802657251285 93005721 93047936 42215
14 324 rs11623789 82450632 5 0.03913014360458723 82347524 82458472 110948
14 468 rs62000389 102912150 5 0.03206564830952599 102347792 102933347 585555
14 243 rs8005319 63822521 4 0.02950348170232129 63777253 63857808 80555
14 26 rs3748366 22204911 5 0.02900621996444675 22091105 22204911 113806
14 98 rs2300835 33207522 3 0.02870768730231928 33183958 33237374 53416
14 124 rs712314 35408548 17 0.02587741178158804 35390146 35853388 463242
14 376 rs2202955 92118160 2 0.02556188504972283 92104196 92126827 22631
14 354 rs1287662 89290630 8 0.02465498228878784 88798458 89393381 594923
14 295 rs17783366 76543004 5 0.02313916375449899 76372254 76581121 208867
14 287 rs2193596 75234101 7 0.02245461989397384 75022271 75558163 535892
14 304 rs17811635 77573757 4 0.02224558006788795 77497666 77620817 123151
14 278 rs2526896 73055107 5 0.02223078768311404 73052019 73164422 112403
14 71 rs1892555 28027925 9 0.02112590133977278 27925765 28446721 520956
14 157 rs1959379 44974966 8 0.0208830315705906 44903433 45129864 226431
14 144 rs8005565 41097075 5 0.02021401205079169 40572241 41103660 531419
14 253 rs1434903 66703569 5 0.0175084301556814 66485947 67886781 1400834
14 262 rs2185492 69765077 9 0.01728401357355858 69433208 69780678 347470
14 170 rs7146952 49773025 4 0.01653873136268724 49609056 49952834 343778
14 470 rs2403102 103306215 4 0.01645312193269958 103222398 103342049 119651
14 126 rs7147797 36449424 2 0.01634667836348037 36347986 36454851 106865
