CHR Group SNP.lead BP.lead Size W BP.min BP.max BP.width
3 1652 rs485789 159730148 6 0.25471811816792306 159710390 159732983 22593
3 1651 rs10513547 159672597 4 0.2218431466130495 159635428 159698945 63517
3 1254 rs2293370 119219934 6 0.13402186715778508 119118497 119261375 142878
3 398 rs4681018 25384461 5 0.06507471846715807 25359386 25409842 50456
3 300 rs6799397 16951768 13 0.06203378433529001 16900181 17083709 183528
3 1550 rs11919764 149187235 5 0.05026639738531468 149187235 149230137 42902
3 1271 rs2715267 121770858 2 0.04414059648078802 121744849 121800487 55638
3 1471 rs10935453 141747640 1 0.04031949078849876 141747640 141867638 119998
3 1311 rs867805 124909866 4 0.03621318513303043 124906162 124919384 13222
3 883 rs6790743 70957896 5 0.03471266571133678 70905581 71003125 97544
3 1951 rs6778044 187594092 1 -0.02959022164658766 187549526 187620527 71001
3 376 rs4131864 23985809 5 0.02529082918613798 23860415 24038687 178272
3 2010 rs16866197 190877111 2 -0.02437053229463367 190873984 190881904 7920
3 558 rs9842265 39337941 1 0.02405575432247356 39334720 39364602 29882
3 2013 rs9856076 190987344 2 0.0240352892975313 190978515 190987344 8829
3 1110 rs1438552 105062595 1 -0.02397470369378872 105004853 105169255 164402
3 290 rs538525 16376279 1 0.02348022267426521 16293151 16395668 102517
3 1945 rs11710146 187244953 1 -0.02342327537380522 187225416 187290228 64812
3 103 rs3804993 4750674 3 0.02331995423833769 4731593 4777434 45841
3 267 rs1865884 14411655 1 0.02328095866963212 14399756 14411655 11899
3 889 rs9647400 71322227 3 0.02313123177819416 71300567 71330949 30382
3 2004 rs7628250 190308527 3 -0.02306873216247804 190307448 190341439 33991
3 1654 rs9880646 159861147 3 0.02276519220289098 159861147 159899731 38584
3 1270 rs9829181 121663962 5 0.02253982478762547 121584999 121717577 132578
3 1511 rs3863994 145484110 1 -0.02253928692600131 145464550 145492901 28351
3 1028 rs6777020 88665467 4 -0.0222857649784883 88643544 88756407 112863
3 1226 rs9817566 116470835 1 -0.02205707376104074 116470835 116507763 36928
3 1427 rs10935263 137415813 3 0.02118339371976518 137401593 137441140 39547
3 502 rs9883177 33123354 3 -0.02056687933188853 33110383 33161898 51515
3 1827 rs6789946 177374031 1 0.0205533638516811 177346889 177423824 76935
3 891 rs9828629 71530346 3 0.02020363559083107 71496008 71530346 34338
3 337 rs341832 21424685 4 -0.01895831501866736 21331233 21460201 128968
3 1985 rs7610017 189343424 1 0.0188139672623158 189256981 189383430 126449
3 469 rs13081020 30687969 7 -0.01862280000531409 30677484 30699782 22298
3 387 rs9878606 24633038 6 0.01842682715508352 24573805 24633757 59952
3 1493 rs1349001 143482873 1 -0.01812707607212074 143482873 143482873 0
3 1555 rs2130319 149493646 1 0.01781390379391959 149488309 149737819 249510
3 1749 rs9825237 171599454 4 -0.01762956737006498 171599454 171653903 54449
3 452 rs3773108 29800913 3 0.01729712926119023 29766028 29809958 43930
3 511 rs1191624 34415876 7 0.0169190171628822 34415876 34610315 194439
3 1335 rs9828443 127421486 5 0.01690473733281846 127419578 127449008 29430
3 112 rs908072 5041215 1 -0.01664745183878013 5041215 5053815 12600
3 1447 rs1426033 139710090 1 0.01615935346258826 139700806 139727563 26757
3 446 rs9835541 29459473 4 0.01596658174762163 29431425 29476873 45448
3 862 rs7611476 69269236 1 0.01523410259444367 69246903 69269236 22333
3 1635 rs11925333 157386185 3 0.01521924244893796 157313589 157393770 80181
3 294 rs11128793 16551795 4 0.01518858465971448 16532132 16573140 41008
3 1096 rs1731649 103801180 2 0.01490471003649838 103760176 103801180 41004
3 626 rs2276852 48666923 6 0.01476527626984818 48628014 49600319 972305
3 1649 rs1675497 159582382 2 0.01464621285486205 159486818 159582382 95564
3 235 rs310766 12233482 9 0.01458467098740245 12027240 12233482 206242
3 614 rs7644870 45830886 1 -0.01449974911108188 45830886 45830886 0
3 775 rs6766569 63489319 3 0.01445511148877078 63468228 63498703 30475
3 1064 rs6440719 99328500 3 0.01429740325425326 99281436 99367869 86433
3 565 rs13326962 40087181 2 -0.0142013061880438 40086208 40195302 109094
3 1745 rs11916004 171196599 3 -0.01413294726101957 171188929 171270126 81197
3 1342 rs9831089 128242205 2 0.01409181220348716 128212526 128282697 70171
3 116 rs9311480 5332265 4 -0.0139497688409827 5310024 5346574 36550
3 730 rs17031618 60543675 2 0.01385133121078254 60513123 60548808 35685
3 1074 rs4683877 100921280 4 0.01384176739617211 100892054 101238259 346205
3 269 rs6763180 14506279 2 0.01373996693514625 14506279 14520164 13885
3 3 rs11707796 316417 3 0.0136891764298064 269338 320201 50863
3 1628 rs2874491 156649111 7 -0.01338519682587211 156468970 156697028 228058
3 227 rs17034817 11657278 3 0.01332182093283969 11627978 11677695 49717
3 2039 rs4455277 192614308 2 0.01319394758253108 192611340 192614483 3143
3 1554 rs2117754 149363508 9 0.01316051761504739 149363508 149479939 116431
3 1629 rs2128535 156789192 2 0.01294890332114479 156733218 156789192 55974
3 1489 rs10513210 143278231 7 0.01289902475173338 143254997 143335479 80482
3 1807 rs2046350 176014233 7 0.01286049719489654 175865817 176030096 164279
3 40 rs1868218 2309379 5 0.0127854477609977 2254736 2315400 60664
3 1646 rs10936176 158943008 4 -0.01271910841780232 158937870 159140638 202768
3 477 rs294282 31135969 3 0.01261006686825525 31070487 31144288 73801
3 143 rs12491369 6789265 3 -0.01241480880316342 6764063 6789265 25202
3 1665 rs1983208 161754109 2 -0.01226218730897764 161652269 161761231 108962
3 344 rs4858007 21753272 2 -0.01208706982875168 21751839 21771769 19930
3 1586 rs10513429 152368110 1 0.01208320763670708 152304617 152404607 99990
3 704 rs6803293 59452332 3 0.01201335064927474 59436205 59460320 24115
3 1333 rs1868240 127209361 1 0.01200806461303794 127209361 127247374 38013
3 389 rs4077423 24751005 2 0.01200622794232829 24726778 24751734 24956
3 459 rs1347287 30129784 2 0.01196188892600518 30129784 30189304 59520
3 1051 rs1497534 97935125 1 0.01188139358421313 97853159 97935125 81966
3 1969 rs1546736 188495948 1 0.01182571092930935 188495948 188495948 0
3 1171 rs4682068 111680469 3 -0.01163314006072035 111625374 111680599 55225
3 467 rs4955245 30632802 2 -0.01160653970951709 30607113 30650064 42951
3 177 rs10510392 8576401 2 -0.01159065222077444 8548827 8593038 44211
3 1842 rs7645550 178968634 3 0.01154458890133495 178779546 178968660 189114
3 1343 rs4857911 128314776 6 0.01148421703365197 128303373 128356852 53479
3 462 rs9866764 30404343 4 0.01134670482519499 30312764 30415612 102848
3 1738 rs11927009 170984600 1 0.01121675173673602 170984600 171027683 43083
3 1573 rs10755105 151079436 12 -0.01115531725765145 150984427 151132206 147779
3 1641 rs6792827 158545195 4 0.01103313552727808 158518963 158601646 82683
3 429 rs669607 28071444 3 -0.01102264093159419 28071444 28079085 7641
3 1786 rs565334 174413915 1 0.01098467813433279 174385622 174413915 28293
3 790 rs9874741 64341070 2 -0.01088356262010327 64335910 64341819 5909
3 1140 rs6779094 108081277 1 0.01084631057174873 108054691 108119071 64380
3 670 rs511843 55552815 1 -0.01070249269378687 55536802 55556129 19327
3 1670 rs1496737 162373246 4 -0.01054376099562077 162237495 162380954 143459
3 32 rs10510217 1839693 2 -0.01052549211281344 1819843 1841292 21449
3 819 rs704463 65753176 3 0.01049186638463021 65746365 65766233 19868
3 635 rs3617 52833805 1 -0.01047708657940768 52833219 52956918 123699
3 1061 rs2623384 99064220 2 -0.01020818297790515 99056994 99094790 37796
3 1045 rs1507383 96516039 2 -0.01005817338144544 96442435 96560537 118102
3 1822 rs12629106 177095072 3 0.00988363533072879 177082829 177113056 30227
3 487 rs4282098 31928640 1 0.00982908291634084 31922955 31928640 5685
3 349 rs2620535 21905595 2 0.00975943542697947 21903493 21951024 47531
3 1444 rs17394311 139517171 3 0.0097492652868573 139513560 139530894 17334
3 1047 rs12489864 97322741 2 -0.00969245589809258 97105552 97339649 234097
3 1056 rs7639655 98370840 3 0.00961974394576968 98304403 98391040 86637
3 905 rs4677092 72163948 3 0.0095681532154081 72121884 72163948 42064
3 358 rs6772631 22383444 1 0.00954789343180288 22376894 22416318 39424
3 203 rs697231 10346421 1 0.00950294871265279 10341082 10369180 28098
3 1314 rs9848399 125205106 5 -0.00947849573394777 125148476 125214402 65926
3 351 rs2008355 22055043 1 -0.00916503446365992 22037999 22063502 25503
3 1596 rs955013 153099036 4 0.0091286944747685 153068547 153132716 64169
3 1607 rs7626254 154291973 8 0.00909468874728086 154188165 154454529 266364
3 494 rs9682322 32395940 6 -0.00900914308372343 32378271 32401993 23722
3 324 rs6770526 20299302 3 -0.0088992744753189 20240219 20371453 131234
3 466 rs973404 30594586 5 0.00884645676437951 30570361 30594586 24225
3 559 rs6806372 39445780 8 0.00874027551097032 39445780 39565281 119501
3 616 rs6441929 45924791 2 -0.008701095062783 45924791 46011436 86645
3 1371 rs3914906 131867527 2 -0.00868231640482965 131838077 131867527 29450
3 367 rs6799137 23214269 4 -0.00863665106603742 23192695 23234618 41923
3 865 rs7635662 69421495 4 0.00861405966007362 69362706 69426612 63906
3 1431 rs6780412 137748979 2 -0.00858503575624009 137736469 137760156 23687
3 1605 rs16846891 153735619 2 -0.00852814148266838 153712602 153902784 190182
3 1989 rs7619556 189552371 2 0.0085014010404795 189548862 189552371 3509
3 804 rs2280587 64907334 3 0.00844704378461358 64902166 64917639 15473
3 563 rs11717034 39966748 2 -0.00830554274822006 39850446 39971250 120804
3 890 rs11712688 71379546 3 0.00830481558740043 71360708 71401928 41220
3 310 rs6550461 18468523 4 -0.00823024786559199 18465443 18585365 119922
3 75 rs7633914 3527685 2 0.00821764706209629 3515438 3530633 15195
3 422 rs7627710 27823887 3 -0.0081658412801508 27788780 27827733 38953
3 1578 rs1402740 151370083 5 -0.00815767820486544 151363844 151414394 50550
3 374 rs6767354 23784303 2 -0.00804834963983322 23784303 23784303 0
3 1968 rs4686492 188436575 1 0.00801621586339448 188403035 188442480 39445
3 1322 rs6791445 126142871 4 0.00794885737981403 126134636 126201096 66460
3 541 rs9877943 37914922 1 0.00790979789220991 37870175 37996477 126302
3 1551 rs10513353 149246213 3 -0.00785695835940083 149244786 149260786 16000
3 782 rs2292662 63897215 1 0.00784065579169136 63881549 64048297 166748
3 692 rs4681818 58184851 2 0.00782662935769804 58165233 58189680 24447
3 974 rs7610746 78055947 3 -0.00778688490467607 77801683 78069352 267669
3 1696 rs34465133 167035332 1 -0.00777602179187983 166872713 167082989 210276
3 1759 rs9859259 172223141 4 0.00776963296382563 172215637 172240999 25362
3 1114 rs1867189 105447746 6 0.00776665518914543 105394300 105587747 193447
3 1248 rs12486625 118588401 9 0.00773544976210085 118543021 118594133 51112
3 859 rs12714748 68955591 4 0.00758603485135862 68955591 69019978 64387
3 332 rs13093281 20934496 1 -0.00756408329849573 20934496 20934496 0
3 1936 rs257101 186778828 2 0.00756345823709408 186755882 186778828 22946
3 295 rs13081210 16595118 1 0.00752576308924389 16595118 16656331 61213
3 878 rs4638930 70528833 5 0.00749149485315961 70453579 70578385 124806
3 903 rs9829101 72037324 6 0.00743487808101819 72021775 72048692 26917
3 496 rs3888882 32497574 2 0.00742795826074546 32472280 32599218 126938
3 1720 rs6783972 169209897 2 0.00741850398044187 169198024 169209897 11873
3 1351 rs4688772 129432347 3 0.00739717182790511 129350751 129668516 317765
3 1145 rs4522770 108611057 4 0.0073462252217871 108590475 108633112 42637
3 369 rs7609845 23615762 3 0.00733650538324358 23545630 23642466 96836
3 1653 rs1075498 159756451 2 0.00733223235353745 159756451 159803697 47246
3 1848 rs2056596 179567416 3 -0.00733211952606614 179498965 179568940 69975
3 193 rs2600164 9312398 2 0.00728195229094691 9309199 9317758 8559
3 343 rs7619318 21673600 4 0.00723428045709259 21673600 21742025 68425
3 1020 rs11713655 87374853 1 0.00709429225477767 87371282 87403560 32278
3 585 rs17074351 42433305 1 -0.0070614293826374 42419738 42448471 28733
3 995 rs11922298 82042639 2 -0.00704467064669615 82034178 82441812 407634
3 1019 rs7639047 87173731 3 -0.00702211987081385 87173731 87301395 127664
3 2015 rs293861 191128441 3 0.00698324294717204 191081344 191139587 58243
3 621 rs142971127 46717175 2 0.0067899011024116 46688481 46734441 45960
3 728 rs2362892 60472815 5 -0.00675711088380744 60416547 60472815 56268
3 1421 rs10513028 136905916 2 -0.00673443249814097 136828838 136905916 77078
3 1565 rs12638863 150533002 2 0.00660120226752616 150531601 150580747 49146
3 1331 rs4247199 127103555 2 -0.0065360957227792 127080468 127105030 24562
3 366 rs4547724 23187727 3 -0.00650796366355245 23139179 23188043 48864
3 1666 rs7609974 161823150 2 -0.0064514204649818 161823150 161862628 39478
3 1852 rs1522122 179829075 5 0.00633871320398887 179829075 180103221 274146
3 1289 rs16834404 123253000 2 -0.00633057988635075 123232134 123378837 146703
3 1874 rs684174 182912282 1 -0.0063126189950462 182889001 182944282 55281
3 1843 rs6776229 179015775 2 0.00621120988382684 178982634 179015775 33141
3 1648 rs11915303 159461558 1 -0.00617135572994633 159402180 159462903 60723
3 2001 rs10212103 190239148 1 -0.00616689459137452 190239148 190260037 20889
3 1953 rs9843063 187719473 2 -0.00616614102287707 187687074 187727515 40441
3 2094 rs35430440 196807928 1 -0.00610437439523872 196792163 197034985 242822
3 1721 rs12630817 169232522 2 0.00606176247326867 169213004 169274648 61644
3 1484 rs16853457 143059497 1 -0.00603476790100015 143044440 143069304 24864
3 1581 rs17283297 151724954 2 0.00596458801651637 151724954 151763504 38550
3 1085 rs16845761 102602750 5 -0.00595093069082292 102424474 102605470 180996
3 1655 rs6797357 160327589 3 0.00593313942423324 160089896 160340896 251000
3 769 rs6770985 63006593 2 -0.00591651808525038 62986226 63022365 36139
3 768 rs9831668 62942458 1 0.0058413188974106 62941248 62942458 1210
3 938 rs6795429 73967610 1 0.00579054551217093 73967610 73967610 0
3 681 rs1392702 56833979 3 0.0057733062239884 56830459 56833979 3520
3 1887 rs2231224 183901281 1 0.00568460783067932 183844312 183908982 64670
3 764 rs6445293 62703006 5 0.00567363046591776 62675297 62714737 39440
3 328 rs1566479 20710994 2 -0.00566738052498831 20642753 20713455 70702
3 1057 rs844159 98443648 2 -0.00566110755916783 98433611 98445324 11713
3 1198 rs2683792 114097441 2 -0.00563316627651165 114097441 114112056 14615
3 1956 rs9867814 187877584 1 0.00558667763087015 187842721 187879004 36283
3 961 rs4855997 77014498 1 0.00556300041502599 76982025 77022269 40244
3 892 rs9828619 71626123 1 0.0055156347504448 71612149 71626123 13974
3 971 rs4684017 77677857 5 -0.00549891852277276 77582871 77684222 101351
3 493 rs9835916 32343840 4 0.00548197561737514 32304103 32348195 44092
3 1616 rs358733 155485302 5 -0.00541175713104736 155367330 155485302 117972
3 1185 rs3872610 112740145 4 -0.00531251916071849 112717319 112811428 94109
3 1896 rs7620519 184306559 1 0.00530307400751784 184263673 184307939 44266
3 1025 rs2061372 88336413 2 -0.00525815185579139 88316277 88354232 37955
3 1872 rs7640612 182743267 3 -0.00523413732191926 182731930 182859353 127423
3 176 rs7647092 8528431 2 0.00520773900738869 8509477 8528431 18954
3 1024 rs7432826 88190768 5 -0.00518460870152368 88188420 88206392 17972
3 573 rs10490823 41123735 3 0.00515804403581422 41085459 41177604 92145
3 2031 rs7653308 192163051 1 -0.00513223395386511 192163051 192163051 0
3 1058 rs9838238 98600385 5 -0.00509508022541684 98500511 98697389 196878
3 240 rs7643321 12663233 1 0.00502236649141354 12624321 12763841 139520
3 2077 rs2259661 195257170 1 -0.0050208785847782 195257170 195264241 7071
3 1952 rs2590453 187667808 2 0.00501497370102558 187639375 187679835 40460
3 1833 rs9851864 177763155 4 -0.00499859998141866 177763155 177865313 102158
3 1633 rs16827620 157138405 3 0.00499830199579985 157113276 157166123 52847
3 1775 rs3844523 173322248 1 0.00495383288786609 173322248 173379185 56937
3 1548 rs7623948 149058404 6 0.00494155782100308 149057323 149104849 47526
3 1707 rs9879751 168132678 7 -0.00493089213724882 168132678 168234218 101540
3 779 rs7646965 63598974 1 -0.00488654230807163 63590814 63615879 25065
3 1256 rs2247660 119334986 2 0.00488381140209083 119334986 119347611 12625
3 1613 rs16824794 155001447 3 0.00487693343668185 154920664 155034166 113502
3 194 rs17050225 9353007 1 -0.0048154798321414 9352319 9353007 688
3 1892 rs4912490 184161735 1 0.00481534113692506 184146786 184161735 14949
3 578 rs61745795 41759288 4 -0.00478568756370867 41714831 42057101 342270
3 1087 rs1515534 102856989 1 -0.00475831324752769 102842671 103016226 173555
3 1542 rs3772589 148574505 2 0.00475136641033281 148574505 148617875 43370
3 1755 rs6445047 171937014 2 0.00474937506648088 171937014 171995605 58591
3 1062 rs2670338 99162536 1 0.00470782976944064 99105577 99176840 71263
3 1187 rs11706932 112923015 1 0.00468934077269879 112905415 112924776 19361
3 576 rs13068880 41471642 1 0.0046668329286386 41433086 41494605 61519
3 1147 rs6807870 108950809 4 0.0046564509779381796 108884070 108971725 87655
3 682 rs11130549 56880444 1 0.00465642226058873 56849749 56880444 30695
3 51 rs9942085 2697187 1 -0.00465312712756117 2697187 2697187 0
3 163 rs4684558 7897821 3 0.00463157586354577 7883440 7905524 22084
3 1142 rs11922147 108311784 1 0.00461886075655555 108236829 108457149 220320
3 1205 rs664244 114585716 1 0.00460561977699568 114565949 114630641 64692
3 604 rs11916758 45131916 2 -0.00459182524579325 45130609 45134822 4213
3 1330 rs12495245 126992473 2 0.00459039485333074 126947703 127044373 96670
3 553 rs11129806 38782737 2 0.00454024024148894 38759716 38820774 61058
3 1131 rs17204920 107346018 1 -0.00447045019849108 107244359 107346018 101659
3 501 rs6780220 33087200 3 0.00445555843493166 33044642 33087200 42558
3 1049 rs832100 97708955 2 -0.00441172419417756 97697528 97708955 11427
3 1723 rs7644900 169372156 1 0.00438612783723118 169366536 169372156 5620
3 656 rs17054227 54651208 1 0.00438246562309013 54645869 54781631 135762
3 1780 rs9821957 173858380 2 0.00436671777855433 173769511 173858380 88869
3 195 rs13068999 9396030 1 -0.00435912067697275 9381122 9495119 113997
3 394 rs9872920 25054852 2 0.00434370269523849 25036930 25071449 34519
3 993 rs13082939 81612216 9 0.00433145872960016 81448115 81644911 196796
3 1879 rs7623174 183234142 3 0.00425678792591726 183210991 183260759 49768
3 1211 rs7638530 115441608 1 0.00424871634534592 115441608 115441608 0
3 1090 rs1511647 103345913 3 -0.00423139488275479 103209899 103354281 144382
3 47 rs11718965 2609657 1 -0.00422083951756293 2609657 2609657 0
3 1507 rs11721325 145295363 3 -0.00421186203086375 145217859 145295363 77504
3 128 rs6791121 5926673 3 0.00419116557328703 5899967 5944905 44938
3 618 rs4683211 46345413 4 0.00417788515406388 46294851 46352384 57533
3 1676 rs686697 163938800 3 -0.00417610432430423 163798169 164172830 374661
3 1040 rs9814870 95688843 2 -0.00416797285583534 95534825 95773241 238416
3 1810 rs2862481 176294153 1 0.00415390432906138 176289744 176294153 4409
3 1048 rs9864542 97455908 6 -0.0041475131841576 97455908 97677897 221989
3 1970 rs2378446 188568652 3 -0.00414306703206518 188507780 188574996 67216
3 856 rs1398072 68643676 2 0.00413052113502554 68603563 68793833 190270
3 514 rs6785948 35113640 3 -0.004103485226303 35038251 35179119 140868
3 693 rs6445975 58370177 4 0.00409816391202807 58211083 58426506 215423
3 311 rs12106877 18709522 1 0.00405593150484044 18621139 18712885 91746
3 1815 rs6784900 176647385 1 0.00402977291270027 176595334 176647385 52051
3 871 rs6796248 69728231 1 0.00402182547043955 69728231 69764792 36561
3 124 rs1836579 5789520 3 0.00402042745702193 5773145 5790348 17203
3 800 rs7638389 64729892 8 -0.00398783716292565 64701146 64729892 28746
3 2075 rs12495970 194928138 2 -0.0039784643417151 194928138 194979407 51269
3 74 rs12486658 3502091 3 -0.00393006864469077 3429642 3503771 74129
3 1638 rs9867453 157716366 1 0.00392047261923928 157594704 157723257 128553
3 2032 rs9843820 192238709 2 -0.0039134133586957 192234311 192238709 4398
3 463 rs7653262 30443869 2 0.00391124199693001 30443869 30478985 35116
3 1075 rs2554962 101445118 1 0.00388700988747448 101378476 101463895 85419
3 1794 rs6443300 174985106 1 -0.00387821507966928 174979751 174985106 5355
3 1224 rs6778912 116368195 1 -0.00387539294593792 116356191 116368195 12004
3 2086 rs2014220 196312124 2 0.00382281306877273 196245603 196312124 66521
3 1570 rs7634663 150778251 2 0.00381921180732805 150748151 150778251 30100
3 503 rs12632512 33225343 6 0.00379582010541917 33182052 33240314 58262
3 1691 rs526992 166028706 4 -0.0037930917971201 166012938 166202007 189069
3 1748 rs3843979 171533283 1 -0.00377848818727821 171498922 171558344 59422
3 1797 rs6769077 175061871 1 -0.00373978922910676 175061871 175061871 0
3 352 rs11914361 22076137 1 -0.00370670517779787 22076137 22085607 9470
3 1023 rs6809560 87983041 1 0.00360920707433357 87983041 88086902 103861
3 506 rs13080359 33956494 2 0.00360558492920874 33848798 33963571 114773
3 202 rs2075352 10311939 2 0.00358121669169782 10245029 10326169 81140
3 118 rs9311513 5432114 2 -0.00353523601180513 5430579 5432114 1535
3 1496 rs1910691 143656905 5 -0.00351456703511748 143620809 143819506 198697
3 1231 rs9289067 116803821 1 0.00349011036354618 116803821 116828165 24344
3 745 rs12715572 61586124 3 -0.00343942089877132 61577341 61620466 43125
3 1766 rs6799845 172591359 1 0.00338768447656249 172591359 172631461 40102
3 261 rs2227999 14199908 5 -0.0033868511435347 13929756 14222571 292815
3 1081 rs11720464 101968917 1 0.00331355632969726 101968917 102000567 31650
3 1889 rs1687230 184003194 1 0.00322353056123685 183951431 184045410 93979
3 1091 rs16846592 103388364 3 0.00321861831621192 103359218 103433922 74704
3 1512 rs10470458 145632299 2 -0.00321345721018714 145566063 145660362 94299
3 1618 rs819867 155723064 1 0.00318459913008053 155571275 155723064 151789
3 2024 rs9809505 191862675 1 -0.00316600437509177 191855182 191874692 19510
3 1293 rs9289225 123536043 2 0.00315190342921459 123534283 123587569 53286
3 690 rs9828717 57998986 1 -0.0031289611561219 57961370 58036792 75422
3 1430 rs4678382 137543708 2 -0.0030834026597226 137535110 137691793 156683
3 1173 rs13096825 111724401 1 0.00307815934390636 111716195 111724401 8206
3 426 rs11129307 28017377 6 0.00307095120696241 27987104 28020954 33850
3 1275 rs4491840 122080747 10 -0.00305054205260312 122080747 122259606 178859
3 999 rs11929458 82950402 2 -0.00303042565948451 82903854 83030152 126298
3 322 rs2929401 20096735 1 -0.00301529023427924 20096735 20109901 13166
3 1884 rs1378909 183545750 3 0.00299567861134373 183545750 183628585 82835
3 1801 rs6764422 175285857 2 0.00298904540447267 175278896 175285857 6961
3 1124 rs4895039 106523235 2 0.00298441924715058 106458422 106594233 135811
3 1675 rs4643712 163578711 3 -0.00297042042775156 163554331 163734551 180220
3 1994 rs9876409 189769654 3 -0.00296783347635668 189769654 189788068 18414
3 1259 rs4687887 119515585 2 0.00296289024058927 119515585 119521055 5470
3 189 rs382530 9156817 1 0.00296256672184293 9136060 9156817 20757
3 1138 rs13093976 107864963 2 -0.00292848804304582 107858443 107937942 79499
3 841 rs4279119 67453290 2 -0.00290602233569276 67453018 67453290 272
3 1376 rs55825559 132221139 3 0.00290234382490424 132211993 132409455 197462
3 622 rs2227294 46902129 1 0.00287515302765622 46744966 46902129 157163
3 770 rs4688376 63094473 1 0.00285700165209554 63035696 63109093 73397
3 1063 rs6805837 99199528 1 -0.00285606686400772 99192964 99266337 73373
3 70 rs3914769 3304982 2 0.0028526265051247 3298121 3312795 14674
3 555 rs35934336 39178437 4 -0.00282681087191147 38886413 39188182 301769
3 1249 rs6782002 118624631 4 0.00282402511091147 118618170 118747851 129681
3 1798 rs6771725 175075109 1 -0.00281007839323156 175075109 175116207 41098
3 734 rs1447927 60787599 1 0.00277831280371533 60753126 60807883 54757
3 1631 rs12487629 156852205 3 0.00277723957002054 156836517 156854742 18225
3 1410 rs11928139 135045517 2 0.00277208998924772 134977164 135047462 70298
3 1473 rs28910271 142269075 4 0.00277057232612249 141952543 142408606 456063
3 1029 rs4368505 88978059 3 0.00275506034583041 88853354 89018866 165512
3 2059 rs6763011 194066332 1 -0.00272048170053796 194066332 194066332 0
3 1793 rs6768672 174940266 1 0.00271446630155548 174936391 174968553 32162
3 695 rs4681875 58595823 2 0.00267164597776142 58590284 58595823 5539
3 537 rs2040145 37646219 3 -0.00266389746474832 37607725 37663435 55710
3 778 rs949553 63543254 3 0.00265435707365106 63543254 63574062 30808
3 792 rs6445401 64396762 1 0.00265093512664649 64381219 64405996 24777
3 1781 rs2861668 173927196 2 -0.00261576778228456 173889062 173976450 87388
3 1974 rs6765588 188916053 2 0.00260983386511829 188879064 188923369 44305
3 1935 rs11707680 186718462 6 -0.00260918144812648 186718462 186734188 15726
3 2006 rs6444462 190554485 2 0.00258634998500543 190514908 190554485 39577
3 867 rs6792118 69518013 1 -0.00258229338924988 69513028 69522162 9134
3 410 rs10510573 26410029 1 -0.00256980450203123 26408174 26522419 114245
3 342 rs6780177 21647818 2 0.00253936644830309 21647818 21658582 10764
3 279 rs6442494 15081352 1 0.0025273378061012 14981262 15158151 176889
3 647 rs2289204 53906334 1 -0.0025218962710918 53894412 53934171 39759
3 1632 rs9883822 157080331 5 0.00252027983653285 156901525 157085697 184172
3 307 rs7641175 18311412 1 0.00249320881433793 18211326 18312342 101016
3 1031 rs6551407 89270605 1 0.00248988005261513 89156519 89329632 173113
3 1942 rs35224605 187088923 2 0.00248626499655701 187060668 187092286 31618
3 325 rs9830371 20443549 2 -0.00246713464224688 20384627 20443549 58922
3 317 rs9846656 19420687 1 0.00246259873588932 19407103 19437414 30311
3 1960 rs16863233 188074777 1 0.00245329569285083 188074777 188124354 49577
3 912 rs9870697 72505316 1 0.00244987781308647 72437413 72516056 78643
3 544 rs2298419 38322626 2 -0.0024422284000647 38163900 38351294 187394
3 1841 rs6443597 178574670 2 -0.00243396122821695 178569465 178617251 47786
3 1724 rs16854335 169461571 3 0.00240262669127386 169461571 169559234 97663
3 631 rs11927897 51929183 2 0.00240037207696221 51863322 51929183 65861
3 727 rs6782631 60350709 4 -0.00238812438674902 60350709 60388900 38191
3 1533 rs6764882 147787204 1 0.00237863122138509 147724072 147787204 63132
3 2052 rs1472075 193706323 1 0.00236974819637287 193703873 193717118 13245
3 719 rs2630149 60066775 2 -0.00236845242396125 60051071 60076397 25326
3 836 rs9875436 67046187 1 -0.00233061937752679 67008841 67059553 50712
3 403 rs1435703 25560231 1 -0.00232979773980385 25550423 25600646 50223
3 489 rs11924760 31955806 1 -0.00232947991582268 31955806 31962771 6965
3 1218 rs2199349 115908480 1 -0.00232767464304487 115852764 115937485 84721
3 1587 rs6773552 152515862 2 0.00232151810896685 152439040 152562641 123601
3 627 rs9829155 49817450 1 -0.00232085253461351 49652148 50132131 479983
3 977 rs2872375 78295664 1 -0.00231651243035673 78295664 78307694 12030
3 752 rs7647357 62035492 4 -0.00230614030468484 61993536 62048657 55121
3 1276 rs6762418 122314874 2 -0.00229747931049801 122296647 122329160 32513
3 1477 rs6778966 142610610 1 -0.00229170370639561 142603110 142633319 30209
3 634 rs1042779 52821011 5 0.00228339449688175 52544470 52826846 282376
3 312 rs9824781 18800046 3 0.00226726902492244 18758419 18816847 58428
3 1544 rs17787392 148867126 3 0.00224484407390197 148757864 148896820 138956
3 327 rs4292253 20605302 3 0.0022260280975688 20518701 20621602 102901
3 500 rs9854470 33024773 1 -0.00220648049344274 33015469 33024773 9304
3 1915 rs3732940 185867637 4 -0.00220229664101209 185856797 185883562 26765
3 1298 rs555540 124166965 2 0.00218867056407716 124125522 124197610 72088
3 521 rs9311120 35926289 1 0.00218573180048056 35926289 35982130 55841
3 649 rs12629593 54104178 2 0.00218187851093653 54093664 54164974 71310
3 1442 rs16849220 139348518 1 0.00218155827468809 139280685 139357093 76408
3 915 rs17010036 72678769 2 0.00218033501735947 72650801 72678769 27968
3 108 rs9311419 4880671 1 0.00217694660880655 4880300 4880671 371
3 1361 rs11923992 131190769 2 -0.00217082033506953 131104016 131242502 138486
3 175 rs11718095 8495335 1 0.0021484906570005 8467511 8495335 27824
3 687 rs12496746 57192927 1 -0.00213701527952903 57187078 57200758 13680
3 1350 rs10934885 129298994 1 -0.00211429575075133 129262580 129327291 64711
3 1671 rs9290132 162400620 3 -0.00210428110049886 162389205 162486664 97459
3 339 rs11914832 21508433 3 -0.00209689442494875 21508309 21512235 3926
3 1574 rs2172248 151174010 1 0.00206863013720192 151151220 151174010 22790
3 1378 rs6779839 132494523 3 0.002067102571528 132476678 132579398 102720
3 1571 rs9823077 150878729 3 -0.00206227776423207 150792444 150917000 124556
3 1545 rs9827666 148962041 3 -0.00206179775540042 148941958 148962041 20083
3 257 rs9846232 13743132 1 -0.00206150055240258 13743132 13816690 73558
3 1886 rs6765267 183815439 3 -0.00206063509857301 183773771 183819155 45384
3 323 rs12636856 20136959 1 0.00202887024404804 20111608 20232197 120589
3 1214 rs6763869 115582838 1 0.00202044256480981 115582838 115603783 20945
3 1799 rs10460885 175180353 1 0.00201863456028288 175124340 175180353 56013
3 899 rs9845463 71906516 2 -0.00199979917423336 71895073 71934042 38969
3 1642 rs340260 158634689 2 0.00197136892785453 158614804 158674592 59788
3 1482 rs9857832 142980880 1 -0.00196929691647705 142980880 142980880 0
3 636 rs2581806 53063360 1 -0.00195398388643552 52960859 53147886 187027
3 1594 rs16822470 152987718 1 0.0019435752926289 152930576 152994772 64196
3 1200 rs9882269 114162723 1 -0.00193298036560353 114162723 114191863 29140
3 1530 rs10513320 147472375 1 -0.0019179876857144 147431755 147481380 49625
3 978 rs11920803 78399318 2 -0.00191293479374217 78353591 78435790 82199
3 1052 rs4857374 98049409 4 0.00191251434664533 98034526 98082519 47993
3 725 rs4679524 60292606 2 -0.00191058675210207 60277709 60299260 21551
3 942 rs143021649 74334560 2 -0.00190813840718563 74329839 74358189 28350
3 170 rs13318406 8212656 5 0.00189988582724188 8172893 8240382 67489
3 458 rs966357 30114021 1 0.0018978208326512 30086319 30114021 27702
3 1929 rs864265 186554292 2 0.00189072619168456 186519136 186566877 47741
3 155 rs1868616 7505487 1 0.00188289884731788 7428082 7505487 77405
3 1485 rs9849797 143129061 3 0.00187911914803937 143074965 143138382 63417
3 512 rs1402236 34650606 1 -0.00187507799517733 34622921 34750064 127143
3 263 rs6802240 14285238 2 0.00186771783596752 14272914 14306278 33364
3 475 rs7641301 30906417 3 0.00185486525619478 30903008 30943207 40199
3 368 rs7610906 23494496 1 0.00185469902758227 23277838 23530097 252259
3 562 rs6797988 39835211 3 0.00183823165991829 39809692 39835211 25519
3 1280 rs13094003 122680141 1 0.00183231108451135 122678507 122680141 1634
3 296 rs17272614 16670272 3 0.00182472152739564 16667968 16702160 34192
3 931 rs9858506 73713771 6 -0.00181603120278144 73690263 73727760 37497
3 943 rs589344 74392917 1 0.00181182360079021 74380566 74392917 12351
3 448 rs17023730 29535987 2 -0.00179893508143432 29520501 29545093 24592
3 1612 rs16824641 154876320 1 0.0017927515419249 154876320 154876320 0
3 1939 rs3864095 186937037 2 0.00177349367010727 186891908 186937037 45129
3 708 rs17358517 59685732 1 0.00177293711858839 59675336 59700603 25267
3 395 rs6772970 25113247 6 0.00177081195125268 25081857 25143427 61570
3 1111 rs16851279 105266274 1 0.00175564004966771 105234486 105304484 69998
3 421 rs3806624 27764623 1 -0.00175560217480404 27724852 27764623 39771
3 2084 rs11919443 196048895 1 0.0017555409595724 195955472 196050862 95390
3 1422 rs12107468 136992840 4 -0.00175366514346163 136915351 137071042 155691
3 2019 rs12629883 191400380 1 0.001749712959154 191351574 191400380 48806
3 513 rs4643650 34850303 2 -0.00173375781735319 34850303 35015022 164719
3 1715 rs16853318 168932906 4 -0.0017211922123035 168871394 168967606 96212
3 965 rs12185957 77165296 2 0.00171460904374971 77165296 77169971 4675
3 853 rs9823980 68337634 1 -0.00167112377462345 68337634 68338445 811
3 1107 rs12630126 104850687 2 -0.00166330628327896 104850687 104869523 18836
3 2014 rs6779253 191043229 2 -0.00165382263040175 190998437 191044796 46359
3 1223 rs9863866 116320333 1 0.00164263367088515 116316741 116337995 21254
3 275 rs4685211 14745383 2 0.00163646701439679 14676294 14755572 79278
3 1481 rs4839629 142927446 3 -0.00163324934569326 142916200 142949459 33259
3 948 rs6767471 74577921 1 0.00158783111374938 74577921 74607020 29099
3 1267 rs390950 120583633 4 0.0015852982594617 120583633 121228960 645327
3 1338 rs6439099 127631561 1 -0.0015810755778927 127627327 127703085 75758
3 1930 rs3821799 186571486 1 -0.00157342215936901 186571486 186571486 0
3 77 rs2060642 3581077 1 -0.00156491374625242 3581077 3581077 0
3 1117 rs7610198 105717770 2 -0.00156068010311063 105697533 105841011 143478
3 998 rs7632237 82720444 1 0.00153936877416723 82663150 82853590 190440
3 443 rs11129360 29371836 1 0.00153822522859461 29371836 29376271 4435
3 233 rs366436 11940847 2 -0.00153779896155611 11913188 11940847 27659
3 1106 rs9863924 104773065 1 0.00153739028069741 104754616 104825919 71303
3 588 rs146063264 42599171 1 0.0015245380793811 42599171 42716120 116949
3 910 rs7643143 72354511 4 0.00151925374442172 72347479 72357857 10378
3 679 rs10510787 56657257 4 0.00151314929606397 56535237 56740101 204864
3 1713 rs13089423 168726724 1 0.00150639229317663 168693089 168761670 68581
3 1758 rs493789 172131456 1 0.00147493172610314 172131456 172202999 71543
3 1302 rs1708320 124403275 4 -0.00147476592881844 124351316 124411690 60374
3 353 rs11717259 22106222 2 -0.00146198378899506 22105044 22106715 1671
3 85 rs1561801 3850233 2 0.00145931821143676 3850233 3850233 0
3 834 rs1001689 66843365 6 0.00145338962174658 66833592 66902287 68695
3 2049 rs533857 193527389 1 0.00144894206396167 193477063 193527389 50326
3 472 rs7617829 30769948 2 -0.00144686862759891 30740289 30788621 48332
3 898 rs6549411 71880648 2 0.00144648840439153 71879327 71883565 4238
3 1540 rs427832 148466363 3 -0.00143586374053222 148466363 148540154 73791
3 1514 rs9289713 145824025 1 0.00142714094988181 145808330 145849908 41578
3 958 rs155473 76739333 3 -0.00140053411837822 76730474 76782340 51866
3 231 rs7627219 11830536 1 -0.00139514009636889 11822616 11860657 38041
3 1733 rs475647 170465382 3 0.00137857701701251 170408158 170527300 119142
3 2037 rs2133865 192592587 2 0.0013673143085225 192555298 192592587 37289
3 1497 rs13078077 143853149 3 -0.00135789939671386 143853149 143961616 108467
3 1777 rs10513719 173510129 4 -0.00135229034473767 173487044 173556777 69733
3 438 rs11927581 29068750 6 0.00135179961184793 29022934 29134109 111175
3 603 rs1995641 44943389 1 -0.00135076668352528 44942121 45124169 182048
3 860 rs9809889 69087412 2 0.00134890152553354 69031963 69087412 55449
3 874 rs7430272 70258762 1 0.00134018815219784 70165358 70283132 117774
3 1741 rs2901705 171098888 1 -0.00133207298232717 171093738 171098888 5150
3 285 rs1454776 16009044 2 0.00132866499496879 15978955 16052206 73251
3 781 rs6785901 63672506 1 -0.00132477485520691 63672506 63762994 90488
3 1306 rs2981548 124742610 4 -0.00131974821079114 124693518 124746347 52829
3 1132 rs9875732 107461731 4 0.00130469705798169 107386894 107540714 153820
3 543 rs9866441 38096361 3 0.00128178326771641 38087123 38136401 49278
3 1516 rs7621072 146062910 2 -0.00127841191762215 146062910 146177923 115013
3 847 rs7642515 67908896 1 0.00127719453320321 67908896 67918792 9896
3 1597 rs7651209 153174119 3 0.0012709217267933 153174119 153221215 47096
3 1324 rs9637365 126370166 2 -0.00126860945518974 126304038 126395553 91515
3 1345 rs9810890 128652553 2 -0.00126346812254233 128446412 128695828 249416
3 1669 rs12488584 162159287 2 0.00126332261222061 162082683 162198135 115452
3 36 rs9878112 2074515 1 0.00125786130206068 2047418 2074515 27097
3 1982 rs9290890 189196565 2 -0.00125693872662785 189170348 189206601 36253
3 928 rs3213822 73540081 1 0.00124946951983129 73509913 73540081 30168
3 388 rs7613236 24669437 3 -0.00124936445615114 24646076 24708172 62096
3 79 rs4685669 3667994 3 0.00124679714258243 3657425 3681179 23754
3 304 rs4470554 17671037 3 -0.00123541269969762 17266023 17882668 616645
3 2070 rs711993 194680000 1 0.00123050017609738 194680000 194687004 7004
3 2048 rs34307082 193336676 1 -0.00121579075787747 193283519 193425749 142230
3 1734 rs6444952 170628770 5 0.0012150473678302 170547447 170732300 184853
3 8 rs1531913 565961 1 0.00121413492727492 543373 565961 22588
3 219 rs6442216 11004944 2 0.00120551221901646 11004257 11004944 687
3 1905 rs2269228 184930238 1 -0.00120086538604553 184886137 184980371 94234
3 1165 rs2634553 111050246 2 0.00119725215987202 111028725 111072574 43849
3 951 rs11926384 74917834 1 -0.00119703378185031 74917834 75322243 404409
3 1186 rs4528911 112851081 5 0.00119204153028958 112828502 112881539 53037
3 346 rs12633231 21807679 1 0.0011850911633905 21794174 21819469 25295
3 666 rs6772225 55276518 1 0.00118153559877525 55274426 55306395 31969
3 1479 rs3755740 142836966 1 0.00115699933825889 142730774 142852015 121241
3 619 rs883740 46538515 1 0.0011454331102199 46500978 46592987 92009
3 675 rs13061634 56054077 2 -0.00113542107733591 55952782 56105198 152416
3 1059 rs2177275 98798173 3 -0.00113093225829159 98798173 98899033 100860
3 623 rs1564760 47582724 1 -0.00113083634175491 46945000 47582724 637724
3 1250 rs10049288 118864912 3 -0.00111884260012238 118760722 118901832 141110
3 1360 rs885076 130923834 3 -0.00111639933444833 130588475 131082393 493918
3 805 rs11924641 64948958 3 0.00111120644123145 64941064 64948958 7894
3 1864 rs1982808 182002353 1 -0.00110334208585991 181938870 182049262 110392
3 624 rs1471217 48384895 4 -0.00107834654855699 47598663 48384895 786232
3 105 rs9831960 4802573 1 -0.00106870644597425 4802573 4802573 0
3 707 rs2219255 59578339 3 -0.00106677118179629 59570968 59649815 78847
3 1046 rs2221205 96874360 2 -0.00106562804864635 96710451 96879566 169115
3 1564 rs144597450 150398311 1 0.00104730299188033 150398311 150417238 18927
3 393 rs10510553 24966768 1 0.0010452958393337 24961167 25010046 48879
3 1290 rs2605419 123414429 1 -0.00104412453419489 123411589 123415514 3925
3 1859 rs9840545 181484270 1 0.0010414604213831 181484270 181484270 0
3 517 rs17693703 35334398 1 0.0010350313572721 35296967 35427135 130168
3 955 rs3849474 76406850 1 -0.00103238220339401 76400751 76474140 73389
3 1526 rs12630408 147175324 2 -0.00102750935815876 147121751 147276761 155010
3 248 rs11719364 13192364 1 0.00102045790941867 13182935 13207536 24601
3 1518 rs2738908 146246892 2 -0.00101562765733784 146243369 146265311 21942
3 498 rs4909018 32898205 1 -0.00101478454331021 32869922 32898205 28283
3 1912 rs9840713 185682129 4 -0.00101216985002236 185680124 185708275 28151
3 1093 rs12635765 103482015 2 -0.0010074652997509 103464814 103526835 62021
3 523 rs1449991 36154313 1 0.00100603906224006 36044211 36154313 110102
3 1202 rs7615798 114274333 2 -9.98931688488618e-4 114274333 114274333 0
3 1764 rs9881902 172389700 1 9.975106362363109e-4 172389700 172389700 0
3 1119 rs10511256 106091518 1 -9.963649760808197e-4 106009677 106091518 81841
3 160 rs17047886 7780116 2 9.862999447997314e-4 7741897 7817722 75825
3 1535 rs7612531 148037315 2 -9.81981495946285e-4 147978935 148150193 171258
3 481 rs1353327 31502960 2 9.765055766302868e-4 31486740 31536058 49318
3 1394 rs7615471 133784988 2 -9.763733621753574e-4 133784988 133989068 204080
3 989 rs925680 80457363 1 -9.704356186691384e-4 80399400 80721289 321889
3 1637 rs11721153 157573590 2 -9.658010940312096e-4 157567963 157574195 6232
3 418 rs3816926 27465180 3 -9.636488487053456e-4 27421427 27602032 180605
3 504 rs6800399 33281293 1 -9.631069770352257e-4 33258380 33295953 37573
3 2022 rs1014940 191748772 1 9.600442760087064e-4 191736737 191760451 23714
3 582 rs9813958 42331546 2 -9.55745506118632e-4 42308735 42331546 22811
3 739 rs12497257 61211945 2 -9.495085155002648e-4 61184321 61277745 93424
3 633 rs61734638 52394055 4 -9.494584441783884e-4 52236762 52532118 295356
3 1634 rs9855702 157240416 1 -9.433267775719572e-4 157182981 157272382 89401
3 25 rs6442449 1503929 1 -9.429967089514078e-4 1495993 1514935 18942
3 1032 rs72929638 89748809 1 -9.366997884606988e-4 89493167 89748809 255642
3 1519 rs342938 146350346 2 -9.289836618615988e-4 146294395 146373438 79043
3 288 rs10510446 16189021 2 9.271511373424808e-4 16176298 16215900 39602
3 1911 rs2551372 185643454 3 9.241331211920484e-4 185610274 185664946 54672
3 63 rs9837045 3069773 1 -9.206095441829758e-4 3069773 3069773 0
3 534 rs36068826 37151157 2 9.190925473457804e-4 37034946 37474256 439310
3 1826 rs4241484 177316085 1 9.166966612613244e-4 177292543 177326525 33982
3 340 rs10510513 21561725 1 9.15477567773025e-4 21528544 21582347 53803
3 286 rs897204 16096066 1 9.06830136116735e-4 16096066 16114461 18395
3 258 rs729639 13826854 1 9.059893203656836e-4 13826854 13826854 0
3 1591 rs1464593 152737318 2 -9.009446134144404e-4 152737318 152737318 0
3 1113 rs9857831 105370343 1 -8.996052545272564e-4 105353145 105372196 19051
3 334 rs12633333 21052737 4 -8.957461879642477e-4 21034919 21095956 61037
3 1543 rs9883066 148657780 6 8.937534305476615e-4 148657780 148694336 36556
3 1332 rs4637240 127150025 2 8.914985795984024e-4 127120924 127190795 69871
3 932 rs1949120 73756857 5 -8.902700101223798e-4 73735674 73803981 68307
3 1420 rs4678285 136781083 1 8.867303148304614e-4 136762937 136811406 48469
3 1429 rs17548687 137521204 1 8.852946482467046e-4 137512736 137526940 14204
3 797 rs4688489 64594603 1 -8.847410813643316e-4 64580169 64627274 47105
3 1278 rs1266994 122412755 3 8.749616821874038e-4 122412755 122493677 80922
3 391 rs7429669 24858630 1 -8.694530957295884e-4 24838818 24858630 19812
3 872 rs6777363 69843971 1 8.646209517788282e-4 69843971 69843971 0
3 1933 rs9290841 186666546 1 8.572483321046233e-4 186665645 186666546 901
3 1569 rs9840169 150721400 1 8.526628558091431e-4 150709018 150732589 23571
3 1086 rs708287 102649293 1 -8.51540031542076e-4 102621268 102833131 211863
3 954 rs4856011 76225482 1 8.510265310478646e-4 76222174 76225482 3308
3 1014 rs17027064 86314704 2 -8.482987388520105e-4 86289456 86500544 211088
3 1829 rs6443496 177470593 4 -8.439045829595516e-4 177455074 177474472 19398
3 2025 rs9848565 191901623 2 8.430536262523765e-4 191897218 191906419 9201
3 1013 rs6549077 86196341 2 8.426412761699224e-4 86171853 86278951 107098
3 50 rs1479544 2687527 3 8.350642696390716e-4 2675189 2688399 13210
3 1687 rs829508 165502724 1 -8.285399197210132e-4 165438286 165612909 174623
3 451 rs9310908 29745863 1 8.275112961418033e-4 29710221 29745863 35642
3 1252 rs7650193 119034756 3 8.250220800782282e-4 118982422 119067735 85313
3 291 rs4685330 16417485 1 8.244059313708765e-4 16408489 16420794 12305
3 1808 rs12489250 176048311 1 8.240087371062783e-4 176045736 176172315 126579
3 1071 rs9880062 100598675 2 8.24002124831963e-4 100594640 100699827 105187
3 1299 rs9859074 124222935 2 8.140478307706084e-4 124222935 124247149 24214
3 385 rs9310740 24422751 1 8.13681553173147e-4 24422751 24480540 57789
3 1055 rs1881672 98252220 4 -8.126935461212181e-4 98250986 98291866 40880
3 86 rs17037518 3885609 1 8.055907077566321e-4 3863319 3915943 52624
3 1981 rs6771859 189159352 1 8.049897743376668e-4 189133577 189159352 25775
3 1182 rs820553 112470586 1 8.025702244910249e-4 112470586 112505650 35064
3 474 rs1393749 30848365 3 8.020001661731631e-4 30848365 30889582 41217
3 1380 rs9876198 132685783 2 8.009879234036182e-4 132646256 132777314 131058
3 1509 rs9834043 145370402 1 8.003919866857858e-4 145370402 145409857 39455
3 1998 rs6781278 190044017 1 -7.943999672104168e-4 190044017 190055093 11076
3 1307 rs2948821 124792303 1 -7.929929333903279e-4 124788634 124803231 14597
3 1961 rs9851525 188152306 1 7.827796547478713e-4 188152306 188152306 0
3 868 rs6796079 69583130 1 -7.824388251308353e-4 69547173 69588295 41122
3 667 rs358783 55335095 2 -7.807453592538682e-4 55332449 55335095 2646
3 1146 rs9868354 108840227 1 7.796444365283839e-4 108639270 108874110 234840
3 284 rs1466072 15939311 5 7.778520437776732e-4 15537992 15940832 402840
3 187 rs1703127 9068858 2 7.775084060591164e-4 9041299 9069133 27834
3 1704 rs11926974 167902110 1 -7.763047381644881e-4 167799902 167902110 102208
3 1499 rs197825 144050897 1 -7.71809427836911e-4 144037960 144134473 96513
3 1875 rs3732595 183029331 4 7.673386815059695e-4 183005320 183029331 24011
3 1858 rs13086529 181340141 1 -7.596127367513277e-4 181340141 181340141 0
3 377 rs6769403 24148622 4 7.583026475131337e-4 24049520 24169361 119841
3 1027 rs2344953 88532215 2 7.553740493790802e-4 88484194 88636898 152704
3 1894 rs9878757 184189633 1 7.525796428564842e-4 184184235 184216130 31895
3 510 rs1464240 34320254 3 -7.510776887730902e-4 34243929 34320254 76325
3 1281 rs9816759 122688170 1 7.483911242471928e-4 122688170 122688170 0
3 2067 rs4677749 194526266 3 7.38572454131187e-4 194509192 194533470 24278
3 823 rs9823801 65952671 3 7.372406056384028e-4 65902838 65952671 49833
3 221 rs11128537 11092828 1 7.367429794358428e-4 11080169 11092828 12659
3 241 rs2305397 12857493 2 -7.3384786414984e-4 12797747 12857493 59746
3 508 rs3924979 34039268 1 7.247494521742228e-4 34001399 34110517 109118
3 879 rs6762974 70595849 2 -7.160335232971463e-4 70595849 70595849 0
3 1490 rs1530650 143389999 1 7.109056377048045e-4 143360568 143409272 48704
3 1245 rs2970125 118196632 2 -7.073568027844418e-4 118121335 118217387 96052
3 298 rs9842776 16791642 2 -7.058214392043952e-4 16770289 16812671 42382
3 381 rs7636335 24280948 2 7.056283861330214e-4 24280948 24327558 46610
3 1791 rs9836841 174814920 1 7.052260643977267e-4 174814738 174829687 14949
3 1007 rs4301023 85057281 1 -7.041928993673352e-4 84963982 85086403 122421
3 2089 rs7646247 196519209 3 -7.038054888161652e-4 196438744 196519209 80465
3 1831 rs13322501 177593124 2 6.969354492324348e-4 177591074 177614691 23617
3 1771 rs9290468 172986183 1 6.966540174288508e-4 172986183 173008491 22308
3 17 rs9823491 1218279 3 6.959201204424317e-4 1175575 1218279 42704
3 1164 rs13083225 111003863 2 6.957556606351215e-4 110965554 111020981 55427
3 478 rs9865612 31173942 1 6.908645220372813e-4 31173171 31251099 77928
3 1356 rs2645961 130229942 1 -6.897701194487584e-4 130141306 130231320 90014
3 1494 rs6808041 143506434 1 6.894830930561258e-4 143502226 143512737 10511
3 1244 rs1348969 118066099 1 -6.768688300652484e-4 118016233 118115968 99735
3 356 rs10513640 22231144 1 -6.730464340553155e-4 22207033 22231144 24111
3 144 rs12635360 6832712 1 -6.66053913888897e-4 6821304 6832712 11408
3 1189 rs1486894 113211513 1 -6.647157573616431e-4 113015660 113264994 249334
3 1576 rs7635131 151285303 2 -6.633164982423321e-4 151262987 151287356 24369
3 1352 rs2175849 129708970 2 -6.58723919516845e-4 129677673 129738910 61237
3 1920 rs1981783 186054149 1 6.586384560789163e-4 186054149 186054149 0
3 1498 rs6763060 143992630 1 -6.553748802318165e-4 143992630 144027934 35304
3 1160 rs1473828 110360918 2 6.545697267899513e-4 110349192 110487084 137892
3 488 rs4334676 31945442 1 6.541985505409248e-4 31945442 31946673 1231
3 1783 rs9812312 174152030 1 6.520496973512309e-4 174092758 174198101 105343
3 1261 rs9861883 119839546 1 6.516317336484528e-4 119828512 119855410 26898
3 1954 rs10937330 187738766 2 6.489450235650449e-4 187737376 187764218 26842
3 1221 rs1712999 116131936 1 6.48159400529421e-4 116047619 116185514 137895
3 806 rs938823 64992289 6 -6.444479069635553e-4 64984821 65021946 37125
3 530 rs4678545 36741335 1 -6.427972553535948e-4 36690671 36741335 50664
3 662 rs358067 55100492 1 -6.409413828887487e-4 55100492 55100492 0
3 536 rs2507941 37536056 2 6.339244770361683e-4 37536056 37593767 57711
3 1667 rs1387012 161925106 2 -6.317928549944962e-4 161913373 161949284 35911
3 433 rs970624 28682296 2 6.291732489854093e-4 28652496 28705764 53268
3 1411 rs1579819 135130301 2 -6.277303975650426e-4 135049624 135153284 103660
3 990 rs17018517 81148588 1 6.254168748714443e-4 81096365 81181268 84903
3 1265 rs373188 120511490 1 6.248536672166092e-4 120437310 120511490 74180
3 1796 rs4894713 175042776 2 -6.244109299869819e-4 175042776 175042776 0
3 2098 rs13099091 197121593 2 6.165772956421647e-4 197101909 197121593 19684
3 1681 rs3828419 164906806 1 6.145243893152703e-4 164863010 164906806 43796
3 1235 rs6800555 117045006 2 6.141637666396155e-4 117014065 117045006 30941
3 996 rs9831660 82492458 1 6.094489011076581e-4 82448567 82499607 51040
3 643 rs3774503 53677185 1 -6.059877607299876e-4 53662752 53737575 74823
3 1728 rs1684885 169958552 2 6.020367621466494e-4 169812115 170032677 220562
3 844 rs6806285 67708813 2 5.999708522791884e-4 67655676 67732386 76710
3 44 rs17194406 2488631 1 5.966858256983773e-4 2459320 2499708 40388
3 702 rs7372490 59367296 1 5.911012940539304e-4 59357436 59408242 50806
3 1194 rs7631540 113830519 1 -5.888980647669048e-4 113679589 113830519 150930
3 529 rs1879545 36596036 1 5.810445667052327e-4 36589040 36670483 81443
3 31 rs7630359 1754872 2 -5.802843997744257e-4 1754872 1807913 53041
3 746 rs1320232 61661311 1 5.703563478111047e-4 61660267 61661311 1044
3 973 rs11922844 77742421 1 5.679199760082756e-4 77720924 77749428 28504
3 2100 rs6788537 197161849 1 5.636659594846652e-4 197161849 197162976 1127
3 545 rs171248 38363393 1 5.627244312658769e-4 38357817 38363393 5576
3 412 rs17018481 26693662 1 5.622596088758436e-4 26693662 26734964 41302
3 598 rs4419358 43881519 1 -5.596367128175438e-4 43881519 43932045 50526
3 419 rs2643823 27646114 1 5.593693936845124e-4 27614316 27646114 31798
3 1580 rs9865108 151618335 1 -5.529217869125848e-4 151590670 151659774 69104
3 33 rs2727965 1894541 1 -5.477059980255644e-4 1856689 1903200 46511
3 788 rs853284 64290587 1 -5.469628514813569e-4 64267889 64294923 27034
3 923 rs9812344 73350997 4 -5.447399131827994e-4 73305809 73363208 57399
3 380 rs7619754 24271599 3 -5.382241486178432e-4 24271599 24272388 789
3 1710 rs16852525 168363205 1 5.342481291734087e-4 168363205 168538993 175788
3 122 rs9841751 5700132 1 -5.33499578180091e-4 5654382 5700132 45750
3 738 rs7617424 61177577 2 5.306392058765259e-4 61096082 61177577 81495
3 1926 rs16860974 186387299 1 5.28203567394748e-4 186358346 186396616 38270
3 2018 rs6444557 191275468 1 -5.187597098935185e-4 191266857 191312423 45566
3 228 rs3846114 11698214 1 -5.145498903623459e-4 11690639 11710471 19832
3 1105 rs17452316 104722931 4 -5.043275258825202e-4 104652489 104748323 95834
3 1383 rs517255 133118054 1 5.012623178957535e-4 133098806 133125713 26907
3 950 rs1527529 74841608 4 4.9435002773476e-4 74733670 74841608 107938
3 1562 rs9784335 150159767 2 4.921027875005256e-4 150115046 150238321 123275
3 361 rs9829894 22608912 1 -4.866324378670398e-4 22594055 22626907 32852
3 684 rs2054857 57042314 1 -4.8659978839019904e-4 57009097 57042314 33217
3 2027 rs4686604 192021075 2 -4.8555396482913543e-4 192020055 192045982 25927
3 994 rs9968070 82010368 1 -4.8072078216165155e-4 81698130 82010368 312238
3 1099 rs2399009 104060810 1 -4.7860227017129306e-4 104060810 104103488 42678
3 434 rs6549883 28771502 3 -4.780932015406216e-4 28718454 28771502 53048
3 1626 rs1983205 156300190 1 -4.748886061764282e-4 156294987 156336114 41127
3 123 rs17043292 5715340 1 -4.6742624528171937e-4 5715340 5733933 18593
3 937 rs1405392 73960394 1 -4.6701447788407137e-4 73923210 73960394 37184
3 2008 rs2063421 190801723 1 4.6471074230406583e-4 190752382 190812290 59908
3 1790 rs11928561 174791319 1 4.640057228764741e-4 174740389 174791319 50930
3 843 rs2634742 67611478 2 -4.5775219637915303e-4 67584363 67635506 51143
3 1159 rs16856946 110210285 1 -4.566599541126521e-4 110155824 110297878 142054
3 1264 rs3850569 120235017 2 -4.558784315796393e-4 120152222 120252105 99883
3 1873 rs580116 182872446 1 4.522683769132394e-4 182862976 182878897 15921
3 810 rs781300 65242182 2 -4.498303546136048e-4 65219621 65249142 29521
3 602 rs3804583 44884647 2 4.495358449487918e-4 44233507 44892033 658526
3 222 rs7625056 11157856 1 4.492472271774564e-4 11153613 11176867 23254
3 606 rs9856692 45211044 2 -4.46838385911127e-4 45196743 45218089 21346
3 638 rs11919522 53234994 1 -4.467961804190623e-4 53234994 53258424 23430
3 1094 rs9826326 103559931 1 4.445885058822558e-4 103558678 103629938 71260
3 461 rs1433994 30272520 1 -4.433588774985611e-4 30271708 30272520 812
3 140 rs9810593 6534200 2 -4.432520856045253e-4 6516544 6626287 109743
3 1073 rs1507437 100819755 1 4.423526453748362e-4 100818827 100844145 25318
3 1851 rs6806193 179778368 2 4.409703852103064e-4 179688604 179778368 89764
3 11 rs1403919 857458 2 4.400895260911554e-4 800606 915389 114783
3 1136 rs7622560 107744023 3 4.387445928918056e-4 107737386 107744023 6637
3 229 rs7621951 11767553 1 -4.3871961867912633e-4 11737145 11767553 30408
3 1004 rs6548950 84333614 1 -4.360005264938422e-4 84199075 84542267 343192
3 651 rs7432602 54246298 1 4.359554920899778e-4 54232741 54256559 23818
3 780 rs4583650 63666817 2 -4.3567432120557585e-4 63623896 63666817 42921
3 430 rs1156909 28126595 1 4.3541806427907433e-4 28126595 28126595 0
3 1384 rs7652889 133209377 2 -4.339832077637202e-4 133179580 133222283 42703
3 114 rs3864055 5135571 1 4.3340500666116493e-4 5129769 5140364 10595
3 1367 rs2035095 131639140 1 4.297713826481248e-4 131574485 131647348 72863
3 1623 rs6777084 156158932 1 4.292012382616856e-4 156156285 156170443 14158
3 305 rs11928474 17977785 2 4.284658668082648e-4 17941042 17987400 46358
3 253 rs2655222 13537240 1 -4.255424896887548e-4 13537240 13571802 34562
3 1647 rs7635938 159180395 3 -4.2334203612187226e-4 159173074 159259291 86217
3 1174 rs9828227 111739614 1 -4.22515715366014e-4 111734945 111744580 9635
3 1158 rs1606368 110112637 1 -4.1734971490163606e-4 110110033 110143891 33858
3 564 rs17067271 40003159 2 -4.162779723151605e-4 40003159 40081119 77960
3 1408 rs6805145 134842665 1 -4.161950924930562e-4 134816417 134859834 43417
3 1845 rs7428403 179180937 1 4.128806067003201e-4 179180937 179207592 26655
3 881 rs7633132 70791669 1 4.102520068407857e-4 70668698 70791669 122971
3 646 rs2289205 53878616 2 -4.006853046109595e-4 53876218 53883910 7692
3 1283 rs11709496 122809400 1 3.9944287136143886e-4 122788359 122825040 36681
3 1468 rs36009541 141535558 2 3.977143368901308e-4 141440993 141540962 99969
3 1277 rs796892 122385402 1 -3.964396446978827e-4 122349815 122397717 47902
3 595 rs3774791 43748755 2 -3.926884153279738e-4 43477118 43768018 290900
3 41 rs1720201 2338231 2 -3.926478032332139e-4 2335062 2354035 18973
3 953 rs3892905 76043296 1 3.914896823476712e-4 76043296 76077143 33847
3 139 rs421862 6499468 2 -3.886333993236483e-4 6475006 6499468 24462
3 1706 rs13100658 167925722 1 -3.8698307609152623e-4 167925722 167947516 21794
3 1846 rs6790272 179289429 2 -3.856053952425139e-4 179247616 179329015 81399
3 1398 rs9827878 134225969 1 3.812328142903644e-4 134225969 134372486 146517
3 2095 rs13078021 197054958 1 -3.796344186646295e-4 197050163 197060036 9873
3 1800 rs7619984 175209406 2 -3.794446072641957e-4 175182072 175209406 27334
3 876 rs1522335 70375780 1 -3.7899804080796906e-4 70330440 70375780 45340
3 169 rs9864388 8144521 1 3.785081761467725e-4 8141952 8152315 10363
3 1042 rs4857185 95912089 2 3.7848372598531254e-4 95871672 96045751 174079
3 1832 rs2160835 177735032 1 -3.784234948378391e-4 177706945 177735032 28087
3 1166 rs9865917 111167008 2 -3.741985338353103e-4 111119350 111267564 148214
3 153 rs7621313 7247989 1 -3.7367105573754686e-4 7222236 7247989 25753
3 0 rs9856879 148725 3 -3.712425973781601e-4 104972 149986 45014
3 255 rs7610284 13680861 1 -3.707769137262689e-4 13665410 13680861 15451
3 2076 rs13072883 194994754 1 -3.693019975860513e-4 194994754 195109866 115112
3 2028 rs1994855 192067566 1 -3.671946728875188e-4 192059244 192086091 26847
3 83 rs769795 3776669 2 -3.670832298350094e-4 3767186 3786517 19331
3 465 rs7641221 30547439 1 -3.666290382143955e-4 30540436 30559496 19060
3 924 rs3901920 73394611 1 -3.594173668134459e-4 73393147 73394611 1464
3 837 rs6765905 67163881 1 3.556164830607331e-4 67095246 67163881 68635
3 1459 rs7644202 140485038 1 -3.483284608780236e-4 140458433 140513550 55117
3 1269 rs2070180 121351338 1 3.470897111727498e-4 121340955 121465220 124265
3 979 rs11921317 78510592 2 3.457471253336572e-4 78473953 78551628 77675
3 1907 rs7646052 185148605 1 -3.4086929911119056e-4 185110520 185175570 65050
3 2043 rs73888252 193036783 1 3.408522739154855e-4 193008876 193052769 43893
3 24 rs17038909 1467145 1 -3.371469926136754e-4 1453696 1467675 13979
3 697 rs11130670 58658454 1 3.362518109457719e-4 58642452 58687200 44748
3 1446 rs6439886 139682495 1 -3.362307770991372e-4 139621524 139693440 71916
3 748 rs623808 61850134 1 3.3381054264444677e-4 61789749 61868242 78493
3 1180 rs13084615 112338027 2 3.338006534132358e-4 112338027 112353238 15211
3 855 rs6782797 68480290 1 -3.318497228191996e-4 68452616 68566475 113859
3 981 rs10865569 78673309 1 -3.316720958005647e-4 78663274 78678196 14922
3 1134 rs4855614 107661951 1 3.2910454044667736e-4 107611941 107661951 50010
3 830 rs9862866 66703685 1 -3.2468270819174474e-4 66703685 66713714 10029
3 2053 rs7628703 193801183 1 3.2291717777278416e-4 193792533 193806588 14055
3 21 rs1846485 1350134 2 -3.2244581761807625e-4 1350134 1376610 26476
3 1399 rs6781259 134395599 1 -3.1964963362119916e-4 134395599 134460368 64769
3 1903 rs10513799 184549539 1 3.193866106052811e-4 184533531 184806706 273175
3 842 rs9851908 67515392 1 3.183304834593308e-4 67468422 67537884 69462
3 751 rs9832665 61982734 1 -3.158407169399068e-4 61961005 61989945 28940
3 1590 rs13070843 152724407 1 3.137732668953104e-4 152652737 152724407 71670
3 1645 rs1566548 158839647 1 -3.116494596214304e-4 158831323 158839647 8324
3 166 rs3912448 8041502 1 3.101161266332577e-4 8028886 8043370 14484
3 1882 rs17621407 183393037 2 -3.091340114206207e-4 183337641 183397507 59866
3 672 rs815466 55671759 1 3.0606179312129726e-4 55653812 55704079 50267
3 1825 rs2863009 177254210 1 -3.049872779511383e-4 177228979 177266750 37771
3 482 rs7627284 31672157 1 3.038508653890117e-4 31540876 31712393 171517
3 1317 rs2364372 125873738 1 3.014651613445425e-4 125833260 125873738 40478
3 98 rs304003 4584044 1 -3.012004303078948e-4 4578306 4584044 5738
3 1871 rs12696498 182521143 1 3.0039595715957633e-4 182513714 182668445 154731
3 832 rs9819324 66794904 1 -2.995474577570709e-4 66768059 66794904 26845
3 831 rs17045018 66755179 1 2.953528106571428e-4 66747371 66755179 7808
3 242 rs906673 12898941 1 -2.936122858201766e-4 12898941 12898941 0
3 776 rs11708840 63504600 1 -2.8975107995620673e-4 63504600 63504600 0
3 1149 rs1163447 109056751 2 2.864858723463675e-4 109027157 109092384 65227
3 688 rs1553992 57280735 10 2.861280679889084e-4 57275145 57494915 219770
3 382 rs2167115 24339734 1 -2.8277461177490457e-4 24337914 24357082 19168
3 1183 rs16860075 112530890 4 2.808957865363465e-4 112515784 112536584 20800
3 1336 rs3773161 127500291 1 2.805491484518197e-4 127500291 127515984 15693
3 846 rs6789499 67861686 1 -2.786093110326123e-4 67859042 67866836 7794
3 1837 rs12497665 178311942 2 -2.758066844687825e-4 178195183 178319253 124070
3 1246 rs9814010 118281297 1 -2.748018116546214e-4 118229370 118364857 135487
3 753 rs168371 62052829 1 2.682613774458082e-4 62052829 62054596 1767
3 894 rs6782714 71684845 2 -2.6799100592678335e-4 71684845 71697761 12916
3 818 rs13065777 65645149 2 -2.652891697163069e-4 65636485 65674722 38237
3 1582 rs1025197 151878714 2 2.6357021455392e-4 151799506 151899724 100218
3 861 rs12714750 69139300 2 2.6280902834453307e-4 69113153 69171290 58137
3 1787 rs9850617 174467001 2 -2.61789953750005e-4 174420162 174528506 108344
3 1636 rs10513518 157531347 1 -2.61711664568513e-4 157419690 157536183 116493
3 827 rs3845895 66490125 5 -2.607137076176112e-4 66466807 66490125 23318
3 1934 rs6444191 186699610 1 -2.596631248192692e-4 186699610 186699610 0
3 1405 rs40524 134719138 1 -2.587517609346436e-4 134694729 134726281 31552
3 62 rs168165 3017397 1 2.580799830959991e-4 3017397 3029483 12086
3 691 rs2362904 58112488 1 2.5674360721609666e-4 58105995 58149417 43422
3 1769 rs7628883 172779865 2 -2.561606968308272e-4 172779865 172845803 65938
3 1719 rs16853722 169150632 1 2.556792990975424e-4 169128274 169188577 60303
3 278 rs17040514 14932502 4 2.5561455513299744e-4 14877535 14941447 63912
3 706 rs4679493 59527322 1 2.555819696255509e-4 59519764 59529885 10121
3 840 rs1490271 67345223 4 -2.5295813539614586e-4 67342414 67426281 83867
3 335 rs6792663 21227977 2 2.516375503770786e-4 21125033 21227977 102944
3 1274 rs1802757 122005131 2 2.491905388525e-4 121988355 122060404 72049
3 1432 rs774813 137899898 1 2.4677461016353846e-4 137776539 137900353 123814
3 1553 rs7638140 149347571 1 -2.4391898196036467e-4 149347571 149362405 14834
3 1100 rs9871458 104135554 1 2.4157759908874292e-4 104121004 104213388 92384
3 18 rs4684830 1260260 1 2.379458506551533e-4 1238287 1274590 36303
3 557 rs4676487 39303147 2 -2.354371687918331e-4 39280034 39307962 27928
3 577 rs1630957 41559534 1 2.305941402699516e-4 41537412 41670171 132759
3 491 rs11922351 32171920 1 -2.2605825900745983e-4 32154324 32223481 69157
3 1461 rs2871615 140642733 1 2.2301169212639435e-4 140636790 140766806 130016
3 549 rs1805124 38645420 1 -2.2148407672058497e-4 38641084 38654971 13887
3 897 rs4677048 71851723 1 -2.2081877541016128e-4 71847123 71851723 4600
3 1955 rs12633719 187770606 1 -2.2073975825593283e-4 187766215 187793410 27195
3 297 rs11711008 16744285 3 2.1953705077230984e-4 16711443 16761693 50250
3 673 rs1495360 55760165 2 2.1900606162200513e-4 55736867 55760165 23298
3 1435 rs12107422 138652077 1 2.173562196716031e-4 138652077 138653488 1411
3 593 rs13080126 43248393 1 -2.1728438009169015e-4 43226220 43248393 22173
3 191 rs986119 9211356 1 2.1567121611704236e-4 9211356 9232109 20753
3 566 rs1574138 40232469 2 -2.1371257181205313e-4 40231383 40342347 110964
3 1838 rs6443552 178356269 2 2.120104087718704e-4 178340684 178430105 89421
3 1377 rs747328 132443661 3 2.1124902811384865e-4 132437390 132443661 6271
3 1011 rs11713930 85851198 1 2.1013115066633055e-4 85797093 85906928 109835
3 678 rs1878269 56479466 1 -2.0994576019634496e-4 56434975 56517253 82278
3 1304 rs1007856 124604858 3 2.0929717976300068e-4 124562515 124647727 85212
3 211 rs1541957 10652299 1 2.0145248063604704e-4 10633335 10657877 24542
3 1092 rs1379626 103452733 1 -1.9894927077216223e-4 103452733 103453723 990
3 178 rs956377 8621403 2 -1.9874115097227816e-4 8607307 8637715 30408
3 292 rs1864259 16433519 2 -1.9623958374094812e-4 16433519 16455710 22191
3 857 rs6780607 68903387 1 1.899330848563999e-4 68808225 68903387 95162
3 968 rs12493232 77412342 3 -1.8915796239995413e-4 77385970 77428877 42907
3 1242 rs2925312 117720473 1 1.8655174626552656e-4 117709714 117784973 75259
3 581 rs6801844 42279085 1 1.854163965000824e-4 42279085 42295806 16721
3 1693 rs2863836 166460951 1 -1.8226897415975595e-4 166460951 166528151 67200
3 1504 rs7632966 144806160 2 1.806318174137561e-4 144806160 144883424 77264
3 1129 rs1400409 107104622 1 -1.7738118278650173e-4 107078487 107138594 60107
3 130 rs6770246 6061053 1 -1.758780507089103e-4 6027486 6061053 33567
3 1644 rs7610202 158731993 1 1.7532130261477448e-4 158731993 158778092 46099
3 362 rs3915080 22711509 3 -1.749629760722446e-4 22686512 22875581 189069
3 313 rs6550702 18867579 2 1.745121061655865e-4 18847711 18867579 19868
3 1697 rs9841174 167184878 1 1.7251006160325008e-4 167121000 167218543 97543
3 309 rs10460976 18419859 2 1.700396078669255e-4 18409077 18428450 19373
3 460 rs17025096 30252123 1 -1.6738090767859796e-4 30245137 30258522 13385
3 956 rs17014431 76639128 1 -1.6733848150493142e-4 76518081 76639128 121047
3 318 rs10510494 19614045 1 -1.647554736834552e-4 19482975 19614045 131070
3 266 rs749855 14387154 1 1.6209122689913376e-4 14374615 14388278 13663
3 628 rs12629572 50324672 1 1.6097287107010434e-4 50224225 50369546 145321
3 1279 rs12638324 122607098 1 1.600981972583534e-4 122545413 122652533 107120
3 359 rs1966824 22471639 3 1.5786007129760222e-4 22435368 22505766 70398
3 186 rs813606 9017261 1 -1.564891851200866e-4 8934518 9017261 82743
3 548 rs3922844 38624253 1 1.54929191639289e-4 38622467 38635072 12605
3 1821 rs7431825 177057139 2 1.5483666979053837e-4 177057139 177057139 0
3 249 rs358597 13226080 1 -1.539673713189678e-4 13226080 13232556 6476
3 1053 rs13073282 98175458 2 -1.519063575931234e-4 98133479 98205140 71661
3 870 rs13097605 69668385 1 1.5121961576343567e-4 69661409 69714391 52982
3 742 rs7638621 61455771 3 -1.496828220579155e-4 61444443 61474877 30434
3 137 rs6806982 6391939 1 -1.4459265879464782e-4 6391818 6416779 24961
3 444 rs7610043 29387631 1 -1.4439301577980074e-4 29378090 29395686 17596
3 167 rs1488342 8090865 1 -1.441203043939667e-4 8070268 8092805 22537
3 525 rs1479151 36344479 2 -1.4356788289230404e-4 36278545 36344479 65934
3 56 rs975334 2846316 1 -1.4223728255268868e-4 2846316 2856723 10407
3 886 rs9840529 71208815 1 1.4213558064942285e-4 71174872 71208815 33943
3 1067 rs12696105 100112816 1 1.414851502895573e-4 100064902 100170825 105923
3 299 rs748832 16851202 1 1.4042609588206796e-4 16832828 16872929 40101
3 1184 rs16860145 112556393 2 -1.403257496690972e-4 112547601 112681585 133984
3 1006 rs1146751 84889597 1 -1.3774040496002384e-4 84836962 84961750 124788
3 1552 rs13098021 149301605 1 -1.3682368522568213e-4 149267986 149302530 34544
3 1943 rs4686885 187161616 1 1.347771456672166e-4 187101435 187161616 60181
3 1527 rs6796711 147341672 1 -1.3284733750395028e-4 147310700 147345411 34711
3 1155 rs9812947 109944669 1 1.2968066383058823e-4 109859293 109956216 96923
3 731 rs17670198 60597001 1 1.269280665881427e-4 60581806 60616790 34984
3 505 rs4678999 33483744 1 -1.2425219266496044e-4 33358010 33805561 447551
3 1515 rs3762685 145938619 1 1.2301043310891056e-4 145932764 146043900 111136
3 1320 rs11918049 126023648 1 -1.230040811959217e-4 126023648 126089186 65538
3 449 rs3773050 29554121 3 1.228007370645677e-4 29551939 29602141 50202
3 1878 rs10937129 183151660 1 1.2181150119155312e-4 183151660 183183776 32116
3 326 rs6550532 20507621 4 1.1850399698295892e-4 20450399 20517372 66973
3 1423 rs9289539 137208725 1 -1.1790564222077052e-4 137185210 137237541 52331
3 1520 rs9836412 146484999 2 1.1269825583726644e-4 146468430 146488309 19879
3 1258 rs7638068 119430289 2 -1.1229704908170688e-4 119418531 119506880 88349
3 674 rs1495368 55808202 2 -1.104121066396338e-4 55805996 55929044 123048
3 308 rs7433691 18380444 1 -1.0975366290129358e-4 18335741 18391478 55737
3 198 rs9879307 9870065 1 1.0924709910428124e-4 9824651 9880426 55775
3 1334 rs13082666 127351492 1 1.0713225631422857e-4 127251527 127404314 152787
3 1365 rs9850812 131460681 2 1.065574744514959e-4 131455600 131505266 49666
3 1015 rs11916693 86537262 2 -1.033752041009534e-4 86508755 86603154 94399
3 650 rs9880752 54223872 1 1.0289105486996847e-4 54173568 54224745 51177
3 2040 rs1021662 192727562 1 -1.0168398105676842e-4 192689067 192752645 63578
3 234 rs378603 11992489 1 1.0000192939284104e-4 11977551 12010027 32476
3 1241 rs7432387 117555656 1 9.91961836420093e-5 117532231 117671918 139687
3 1863 rs6788528 181932928 1 9.715321662943222e-5 181908937 181932928 23991
3 972 rs1163750 77698442 1 -9.625204962271602e-5 77698442 77701041 2599
3 1217 rs7637650 115807587 1 9.511412854255488e-5 115680799 115818840 138041
3 828 rs6802463 66637645 1 9.352695973326295e-5 66635873 66659759 23886
3 320 rs2931383 19939707 1 -9.105996642120112e-5 19907502 19976253 68751
3 579 rs9862024 42096241 1 -9.066862601193548e-5 42089366 42180651 91285
3 1255 rs12487334 119291419 2 -9.003228413518902e-5 119277846 119294316 16470
3 1366 rs1513385 131561519 1 8.920444989582916e-5 131519641 131566809 47168
3 1445 rs6799295 139563782 1 -8.918779332657267e-5 139563782 139606794 43012
3 1082 rs6781453 102055738 1 -8.860444809866783e-5 102055738 102067254 11516
3 571 rs6599132 41039907 1 8.701848827373413e-5 41021263 41039907 18644
3 480 rs10446456 31419711 1 -8.497771677526082e-5 31404407 31448215 43808
3 164 rs6443145 7986779 1 8.473224859976403e-5 7909368 7989144 79776
3 2020 rs1516493 191465981 1 -8.423830778077832e-5 191425855 191597705 171850
3 1584 rs11705943 152025423 1 8.309521151535183e-5 152025423 152237084 211661
3 1282 rs1444812 122756601 1 8.297871326028585e-5 122756601 122762440 5839
3 661 rs3773559 55062415 2 -8.029986135048929e-5 55050765 55077947 27182
3 1595 rs9824588 153022780 2 -7.808875727308335e-5 153022780 153048865 26085
3 659 rs4245919 54948936 4 7.500175469353585e-5 54945256 55002066 56810
3 1141 rs11716039 108148532 1 -7.429163957851169e-5 108135376 108189627 54251
3 1179 rs2131008 112250419 1 -7.193466297228218e-5 112196431 112289372 92941
3 439 rs604110 29158022 1 7.187508746175129e-5 29158022 29201460 43438
3 1318 rs11925661 125958604 1 -7.166443434536559e-5 125881122 125958604 77482
3 1711 rs9825517 168586930 1 7.063279360716559e-5 168583606 168586930 3324
3 1772 rs10513713 173079012 1 -6.94819751323561e-5 173052338 173094705 42367
3 1001 rs6779777 83651289 1 6.826910710250905e-5 83547249 83850032 302783
3 849 rs7624036 68179836 3 -6.725988007622898e-5 68121791 68207759 85968
3 816 rs17353211 65514229 1 -6.643876132858662e-5 65483906 65566806 82900
3 655 rs4955856 54610463 1 -6.613930773653837e-5 54597829 54626332 28503
3 150 rs17046762 7115713 1 6.45970948841337e-5 7104505 7120529 16024
3 1154 rs2701578 109714119 1 6.415910047813725e-5 109686175 109761983 75808
3 1030 rs9869874 89076055 2 6.380275032147299e-5 89044238 89097831 53593
3 1672 rs16855005 162678550 3 -6.354603098112557e-5 162490482 162741452 250970
3 196 rs6807946 9555554 1 6.293641080850879e-5 9547959 9616140 68181
3 1151 rs1184781 109429313 2 6.216500932371868e-5 109250510 109429313 178803
3 787 rs696018 64184956 1 -6.175018495295368e-5 64184956 64247327 62371
3 1525 rs9811539 147038181 1 -6.140666248304119e-5 147035587 147076791 41204
3 1168 rs6784441 111478337 4 -6.0934190053212056e-5 111419486 111507848 88362
3 171 rs984474 8272203 1 6.066132879035259e-5 8272203 8281680 9477
3 282 rs12638270 15359819 1 6.004923481521383e-5 15342850 15380888 38038
3 1102 rs6437523 104289464 1 6.0004823186586845e-5 104289464 104386923 97459
3 1396 rs4533618 134033585 2 -5.5956936978085605e-5 134023056 134063742 40686
3 1021 rs6776212 87438524 1 5.339581333946003e-5 87431686 87552760 121074
3 1125 rs7374615 106647916 1 5.247059107854403e-5 106647916 106817199 169283
3 2060 rs7642341 194096787 1 5.172443623923523e-5 194096787 194172504 75717
3 149 rs1021687 7068147 1 -5.0155783991516675e-5 7052542 7068147 15605
3 737 rs12108196 61042317 2 4.948570932976771e-5 61042317 61048258 5941
3 363 rs711710 22998569 1 4.2098964795585555e-5 22916530 22998569 82039
3 183 rs2268491 8800398 1 -3.8911789236145934e-5 8800398 8800398 0
3 556 rs9311208 39208697 1 3.558624259842611e-5 39208697 39229196 20499
3 1661 rs9861671 161380544 1 -3.50307437699674e-5 161164355 161385281 220926
3 441 rs2048896 29244234 1 3.4278107206897324e-5 29244234 29296192 51958
3 1257 rs2137619 119407403 2 -3.3923199288616365e-5 119355411 119414604 59193
3 756 rs6764475 62184407 1 3.090691458604618e-5 62157497 62184407 26910
3 920 rs17010333 73050334 1 -2.8910550511727983e-5 73050334 73151050 100716
3 1856 rs6801673 181212727 1 2.7595293567397584e-5 181212727 181254051 41324
3 1120 rs6773325 106126869 1 -2.6997773109089204e-5 106119522 106142880 23358
3 268 rs6801669 14473278 2 -2.691769983587919e-5 14468767 14480205 11438
3 586 rs1508207 42503482 1 -2.4549424839230952e-5 42498693 42528031 29338
3 1853 rs2292896 180396974 1 -2.0149174311990684e-5 180396974 180521624 124650
3 1034 rs6804969 94082837 1 1.663900461817817e-5 93986614 94173895 187281
3 1101 rs2961210 104249817 1 -1.5766346948760355e-5 104238470 104283435 44965
3 1598 rs13321012 153354747 1 1.436277956674518e-5 153271806 153396096 124290
3 1615 rs7630469 155288429 1 -1.0154208277543414e-5 155236663 155355295 118632
3 939 rs6763279 74112758 1 8.978646377291187e-6 74112675 74112758 83
3 119 rs17746899 5492484 1 4.78849551906903e-6 5442857 5493089 50232
3 1233 rs16826215 116883875 1 -4.570308501589806e-6 116883875 116890295 6420
3 1347 rs13086656 129063105 1 -4.001809078594435e-6 128887527 129065685 178158
3 208 rs808933 10528910 1 3.3145372573910566e-6 10528910 10535771 6861
3 1381 rs3897016 132856691 1 -1.9104987371399232e-06 132800146 132861569 61423
3 594 rs4682879 43297045 1 -1.1752753266971565e-6 43266311 43303296 36985
3 1692 rs1403779 166304564 1 7.626643004707293e-7 166298091 166444013 145922
3 1439 rs6439841 138980265 1 6.873783327162579e-7 138980265 139009532 29267
