CHR Group SNP.lead BP.lead Size W BP.min BP.max BP.width
21 1787 rs2834109 34521087 2 0.03245463056889561 34521087 34521087 0
21 3005 rs7283760 45640629 1 0.02465889442003208 45640629 45640629 0
21 2704 rs2280807 42821265 2 -0.02252263092412596 42821265 42821265 0
21 1440 rs2832310 30768350 1 0.02217861537793365 30768350 30768350 0
21 1272 rs2831503 29481474 1 0.01955380768809233 29481474 29481474 0
21 697 rs2827079 23196432 2 -0.01800052098289402 23196432 23196432 0
21 1765 rs10427540 34374530 1 -0.01739944401887736 34374530 34374530 0
21 1519 rs565489 31523734 1 0.01540658516592894 31523734 31523734 0
21 1527 rs2832660 31593066 2 0.01266098942462778 31593066 31593066 0
21 1176 rs2830768 28572980 1 -0.01098330058020394 28572980 28572980 0
21 2774 rs220229 43448797 1 0.01074716571736485 43448797 43448797 0
21 1807 rs9981243 34594878 2 0.01071894344867287 34594878 34594878 0
21 2019 rs4817726 36943564 1 0.01027890685636369 36943564 36943564 0
21 1089 rs961302 27782968 1 -0.00971823323784397 27782968 27782968 0
21 201 rs2823748 17675675 1 0.00938007317866033 17675675 17675675 0
21 3064 rs8129133 46454237 1 0.00850068871824025 46454237 46454237 0
21 1850 rs12482697 35293199 1 -0.00825439171848213 35293199 35293199 0
21 2283 rs2211860 39552192 1 0.00818520113722319 39552192 39552192 0
21 935 rs7281937 26021230 2 0.0081350886804862 26021230 26021230 0
21 2962 rs743463 45142427 1 -0.00807079246799209 45142427 45142427 0
21 2870 rs2254368 43862466 1 -0.00798349000391974 43862466 43862466 0
21 1623 rs1855703 32753155 1 -0.00774757889011595 32753155 32753155 0
21 3112 rs8129350 46987198 1 -0.00700024836105722 46987198 46987198 0
21 3180 rs2839315 47962186 1 0.00666091357015347 47962186 47962186 0
21 2923 rs3737434 44437142 1 0.00665791067891032 44437142 44437142 0
21 3004 rs9983276 45638288 1 0.00649127122991114 45638288 45638288 0
21 3115 rs4819138 47061267 1 0.0063879692547629 47061267 47061267 0
21 1587 rs2833124 32214655 2 -0.00633764324275864 32214655 32214655 0
21 2187 rs2277784 38380225 1 0.00629922725130431 38380225 38380225 0
21 2998 rs743479 45611950 1 0.00625790879781335 45611950 45611950 0
21 132 rs1292747 16115679 2 0.00623925307768702 16115679 16115679 0
21 1934 rs2834585 36064321 1 0.00620881214189117 36064321 36064321 0
21 1120 rs1111134 28167643 1 -0.00619474127509606 28167643 28167643 0
21 1912 rs8129311 35922006 1 0.0060690177570588 35922006 35922006 0
21 1616 rs762194 32493031 1 0.00602833202168835 32493031 32493031 0
21 206 rs1449525 17762328 2 0.00597398380992746 17762328 17762328 0
21 1606 rs7282590 32438284 2 -0.00590815823834701 32438284 32438284 0
21 756 rs198088 24407851 1 -0.00588666152533197 24407851 24407851 0
21 2689 rs441810 42698907 2 -0.00586338973830595 42698907 42698907 0
21 2637 rs6517623 42204137 1 -0.00578657276432853 42204137 42204137 0
21 2503 rs447480 41221971 2 0.00551943125933046 41221971 41221971 0
21 1906 rs2834494 35856504 1 -0.00546029493773395 35856504 35856504 0
21 2730 rs9917486 43102097 1 0.00536722977212958 43102097 43102097 0
21 2022 rs2222959 36978680 1 0.00529751806685185 36978680 36978680 0
21 1979 rs2008256 36583687 2 0.00524618914366716 36583687 36583687 0
21 2464 rs1524930 40968460 1 -0.00521335561591263 40968460 40968460 0
21 814 rs9978900 24902807 1 0.00518891084439241 24902807 24902807 0
21 1567 rs9636832 31763618 1 -0.00507287070648585 31763618 31763618 0
21 2258 rs9983351 39176328 2 -0.00497938796804084 39176328 39176328 0
21 2951 rs496300 44779680 1 0.00491825814113148 44779680 44779680 0
21 3102 rs2236462 46897221 1 0.00486979868468337 46897221 46897221 0
21 2727 rs2247788 43067245 1 0.00486889490913947 43067245 43067245 0
21 1614 rs2833276 32490292 1 -0.00486011667452235 32490292 32490292 0
21 902 rs1119268 25798660 1 0.00479568528618132 25798660 25798660 0
21 3145 rs35785446 47614553 1 0.00472805210282799 47614553 47614553 0
21 303 rs1389995 19024565 1 -0.0047086917864285 19024565 19024565 0
21 2437 rs2837035 40818379 1 -0.00470723533067118 40818379 40818379 0
21 239 rs7276116 18318167 1 0.00470215785581316 18318167 18318167 0
21 202 rs453644 17743767 2 0.00467835421986888 17743767 17743767 0
21 2340 rs2836550 39968482 1 -0.00462713987278481 39968482 39968482 0
21 2887 rs373700 44039966 1 0.00459613171142811 44039966 44039966 0
21 2347 rs464484 40003117 1 -0.0045860312610944 40003117 40003117 0
21 1142 rs146717299 28305324 1 -0.00448423444863589 28305324 28305324 0
21 609 rs7509723 22403814 2 0.00447490353493751 22403814 22403814 0
21 2144 rs2845795 38064902 1 -0.00445676323684402 38064902 38064902 0
21 1135 rs229092 28255787 1 0.00440797578142008 28255787 28255787 0
21 772 rs20461 24521301 1 0.00438778901691139 24521301 24521301 0
21 1593 rs2833162 32296251 1 0.00430227498745703 32296251 32296251 0
21 2918 rs2839616 44425399 1 0.00424521147868147 44425399 44425399 0
21 2273 rs2836074 39346333 2 -0.00422727577756724 39346333 39346333 0
21 2795 rs220126 43531008 1 0.00417704186070645 43531008 43531008 0
21 300 rs1494935 19011263 1 -0.00414533072558079 19011263 19011263 0
21 894 rs7283527 25706768 2 -0.00411315383083296 25706768 25706768 0
21 342 rs13048405 19522891 2 0.00406689273397304 19522891 19522891 0
21 867 rs16999153 25379620 1 -0.00404699801904274 25379620 25379620 0
21 614 rs1028983 22457771 1 0.00404042994876863 22457771 22457771 0
21 3051 rs2838677 46189767 1 0.00395512163487509 46189767 46189767 0
21 1518 rs633074 31520760 1 0.00388553785897391 31520760 31520760 0
21 2403 rs9979861 40389724 1 -0.00387113483679476 40389724 40389724 0
21 2480 rs8129968 41142932 2 0.00384339109406093 41142932 41142932 0
21 2069 rs20572 37444973 1 0.00383223764343291 37444973 37444973 0
21 2932 rs2124458 44475680 1 0.00379333529774875 44475680 44475680 0
21 375 rs2825011 20078424 2 0.00371058943984518 20078424 20078424 0
21 1521 rs473561 31531438 2 0.00351286215327809 31531438 31531438 0
21 2566 rs8133535 41664277 1 -0.00351267347486843 41664277 41664277 0
21 1816 rs9808753 34787312 2 -0.00351154842709898 34787312 34787312 0
21 1592 rs16987408 32294481 1 0.00343162741505311 32294481 32294481 0
21 708 rs1999302 23219639 1 -0.00332236694554524 23219639 23219639 0
21 412 rs430166 20303456 1 -0.00331314325568134 20303456 20303456 0
21 2631 rs7276043 42085920 1 -0.0033095495107757 42085920 42085920 0
21 598 rs2826609 22308168 1 -0.00329219922917414 22308168 22308168 0
21 133 rs7283943 16126805 1 0.00324015733001946 16126805 16126805 0
21 215 rs13047224 18040023 1 0.00322262521330411 18040023 18040023 0
21 1307 rs2831772 29772530 2 0.00321068049929575 29772530 29772530 0
21 973 rs2829535 26451776 2 0.00319342121760515 26451776 26451776 0
21 2473 rs12233347 41084811 1 0.00316734306393705 41084811 41084811 0
21 941 rs1009930 26119438 1 -0.00316266789249017 26119438 26119438 0
21 2265 rs2836021 39217408 1 0.00315446834059961 39217408 39217408 0
21 569 rs70431 21990601 1 -0.00312447445685073 21990601 21990601 0
21 2841 rs692544 43759441 1 -0.00305289917854978 43759441 43759441 0
21 2468 rs498027 41016873 1 0.00305148564977272 41016873 41016873 0
21 2935 rs2027745 44508020 2 -0.00304327772179549 44508020 44508020 0
21 2252 rs2835927 39120344 1 0.00303570671472266 39120344 39120344 0
21 352 rs2824746 19707768 1 -0.00296075422294444 19707768 19707768 0
21 2515 rs3819595 41282698 2 -0.00295274148618617 41282698 41282698 0
21 2148 rs2850106 38134511 1 0.0029434986557096 38134511 38134511 0
21 2518 rs2299787 41290971 1 -0.00292110050414423 41290971 41290971 0
21 1060 rs985456 27625716 1 0.00290677298284101 27625716 27625716 0
21 1815 rs9978223 34770358 1 0.00288176135020038 34770358 34770358 0
21 927 rs2408971 25913510 1 -0.00287776421215884 25913510 25913510 0
21 200 rs151578 17667779 1 -0.00287716724276558 17667779 17667779 0
21 2143 rs8127136 38034172 2 -0.00287042010401377 38034172 38034172 0
21 3091 rs2838899 46795214 1 0.00285032289086825 46795214 46795214 0
21 1720 rs2833803 33795961 1 -0.0028014868498727 33795961 33795961 0
21 871 rs2828789 25441375 1 -0.00277875428579107 25441375 25441375 0
21 2484 rs2837216 41152306 1 0.00277612046763208 41152306 41152306 0
21 1476 rs420121 31146608 2 -0.00272841271538985 31146608 31146608 0
21 1615 rs2070409 32492492 1 0.00271266638383064 32492492 32492492 0
21 1792 rs9305523 34545377 1 0.00271253773500996 34545377 34545377 0
21 2316 rs970115 39721888 1 0.00263829689022378 39721888 39721888 0
21 2721 rs11088556 42941189 1 -0.00262035929301635 42941189 42941189 0
21 755 rs2027717 24407465 1 0.00261729668192501 24407465 24407465 0
21 622 rs2826672 22503372 1 0.0026141192895259 22503372 22503372 0
21 2321 rs3746880 39795202 1 0.00259001985384155 39795202 39795202 0
21 2082 rs9305578 37514155 1 0.00258041118392853 37514155 37514155 0
21 885 rs1910614 25591352 1 -0.00256473727543057 25591352 25591352 0
21 2305 rs2836285 39656505 1 0.00254409184261811 39656505 39656505 0
21 1957 rs2834737 36396167 1 0.00252869450022775 36396167 36396167 0
21 339 rs2824646 19506651 2 -0.00250541957629215 19506651 19506651 0
21 3186 rs9979500 48029698 1 -0.00250084360452697 48029698 48029698 0
21 2633 rs2210270 42132802 1 -0.00249694707181675 42132802 42132802 0
21 2204 rs12483205 38740824 1 0.00245487021306916 38740824 38740824 0
21 3049 rs2838659 46128238 1 0.00245402868551228 46128238 46128238 0
21 3143 rs9978018 47526240 2 0.00243654782774623 47526240 47526240 0
21 2650 rs10222193 42324388 1 0.00241575065491449 42324388 42324388 0
21 205 rs1449524 17762041 1 0.00241101551613608 17762041 17762041 0
21 122 rs458525 15970507 1 0.00239513438940571 15970507 15970507 0
21 2844 rs1079380 43770283 1 -0.00237431266774139 43770283 43770283 0
21 151 rs975336 16451845 1 0.00234833691392633 16451845 16451845 0
21 1775 rs2834086 34465267 1 -0.0023463828967431 34465267 34465267 0
21 335 rs2824639 19494749 2 0.00231001952522134 19494749 19494749 0
21 138 rs2822964 16229925 1 0.00230656969892119 16229925 16229925 0
21 3001 rs7282490 45615741 1 -0.0022956724521446 45615741 45615741 0
21 2439 rs8127431 40826015 1 -0.00228349490697881 40826015 40826015 0
21 2964 rs78489660 45209559 1 -0.00227689674823501 45209559 45209559 0
21 1086 rs222151 27770611 1 -0.00225800329184143 27770611 27770611 0
21 3076 rs6518216 46610842 1 0.00224894548212171 46610842 46610842 0
21 2288 rs2836223 39601147 1 0.00224249067358504 39601147 39601147 0
21 2383 rs2836757 40294024 1 0.00223737804531642 40294024 40294024 0
21 1675 rs12165267 33364621 1 0.00223254102993363 33364621 33364621 0
21 1332 rs2831968 30080833 1 0.00221768638164468 30080833 30080833 0
21 2361 rs457705 40191431 1 0.00220158914290494 40191431 40191431 0
21 149 rs2823014 16412103 1 -0.00219413333832734 16412103 16412103 0
21 714 rs4818644 23251216 1 0.00218268730303768 23251216 23251216 0
21 1076 rs2830165 27676592 1 0.00214429223344579 27676592 27676592 0
21 3169 rs1023355 47892806 1 0.00209888614327362 47892806 47892806 0
21 977 rs2829558 26514597 1 0.00208028435318551 26514597 26514597 0
21 2662 rs13050861 42485808 2 -0.00207320756901397 42485808 42485808 0
21 1366 rs8131527 30196904 1 0.00204413875830084 30196904 30196904 0
21 2259 rs2835975 39180799 1 -0.00203889586329183 39180799 39180799 0
21 1095 rs222935 27899198 1 -0.00202852979094483 27899198 27899198 0
21 1044 rs10460695 27520111 1 -0.00200357678677352 27520111 27520111 0
21 1905 rs11911509 35841740 1 0.00200346710301592 35841740 35841740 0
21 1451 rs363504 30925928 1 -0.00199851279895784 30925928 30925928 0
21 2286 rs6517451 39581136 1 0.00199097998832354 39581136 39581136 0
21 482 rs8134910 21117409 1 0.00197753221452797 21117409 21117409 0
21 2558 rs9982099 41527915 1 0.00197609339539568 41527915 41527915 0
21 2047 rs2835170 37313971 1 -0.00197064325683584 37313971 37313971 0
21 1303 rs2831744 29761086 1 0.00194821048648348 29761086 29761086 0
21 1274 rs7278583 29533040 1 0.00194612606011285 29533040 29533040 0
21 2850 rs34795821 43786540 1 -0.00194461533708332 43786540 43786540 0
21 410 rs419684 20300281 1 0.00192370060985852 20300281 20300281 0
21 1452 rs363501 30927772 2 0.00189202684955685 30927772 30927772 0
21 1048 rs462281 27537769 1 0.00188055912988636 27537769 27537769 0
21 3066 rs729895 46515421 1 0.00187412610322961 46515421 46515421 0
21 766 rs198123 24468555 1 0.00185887915076021 24468555 24468555 0
21 1406 rs2243521 30431730 1 0.00185627756289712 30431730 30431730 0
21 1904 rs4817656 35841186 1 0.00185504735734908 35841186 35841186 0
21 1873 rs4817616 35444498 1 0.00185345939970216 35444498 35444498 0
21 538 rs2826287 21846464 1 -0.001849575637318 21846464 21846464 0
21 1796 rs17634662 34552200 2 -0.00181114848300287 34552200 34552200 0
21 1893 rs34016792 35757915 2 -0.0018013408172975 35757915 35757915 0
21 2713 rs9305744 42842988 2 0.00179288395737558 42842988 42842988 0
21 1178 rs2830772 28576387 1 -0.00179210791212608 28576387 28576387 0
21 1908 rs727957 35880072 1 0.00178926312575334 35880072 35880072 0
21 231 rs2824098 18235587 2 0.00178363622217826 18235587 18235587 0
21 2578 rs16999738 41780398 2 0.00177773573102227 41780398 41780398 0
21 1233 rs2830960 28839569 1 -0.00177178706468602 28839569 28839569 0
21 1407 rs139906177 30439335 1 0.00175746846926346 30439335 30439335 0
21 1211 rs2830909 28771875 1 -0.00174934200675725 28771875 28771875 0
21 2593 rs11088518 41852932 1 0.00174029085444411 41852932 41852932 0
21 2755 rs9984905 43319043 1 -0.00172903813557688 43319043 43319043 0
21 1298 rs9983789 29739928 1 0.00171454976361827 29739928 29739928 0
21 1072 rs400819 27658905 1 -0.00171247143600057 27658905 27658905 0
21 2942 rs502993 44730990 1 -0.00169750256973676 44730990 44730990 0
21 2920 rs234781 44430325 2 -0.0016807253156713 44430325 44430325 0
21 1891 rs2834450 35702083 1 0.00165367917853257 35702083 35702083 0
21 2936 rs1789956 44519655 1 0.0016224602443767 44519655 44519655 0
21 1789 rs2834112 34526350 1 0.0016095264427898 34526350 34526350 0
21 2549 rs2837396 41425261 1 -0.00159143376623124 41425261 41425261 0
21 2796 rs220128 43531553 1 0.00158705927947702 43531553 43531553 0
21 2886 rs10483088 44039013 1 0.00158149922065412 44039013 44039013 0
21 2898 rs4920137 44140117 1 0.00157421949826252 44140117 44140117 0
21 545 rs17199154 21854478 1 -0.00156120675607512 21854478 21854478 0
21 3083 rs2150439 46634966 1 0.00155136020606666 46634966 46634966 0
21 171 rs1736148 16813212 1 0.00154625977856626 16813212 16813212 0
21 2814 rs4148082 43619415 1 0.00152547202306025 43619415 43619415 0
21 2020 rs2835006 36944403 1 -0.0015239787539535 36944403 36944403 0
21 1772 rs2834083 34436973 1 -0.00152339798250131 34436973 34436973 0
21 798 rs12483180 24720653 2 -0.00150521276699769 24720653 24720653 0
21 2610 rs73364974 41917406 1 0.0015015537329216 41917406 41917406 0
21 2293 rs928769 39637429 1 0.00149513246349408 39637429 39637429 0
21 2646 rs730625 42296882 2 0.00148472195654526 42296882 42296882 0
21 483 rs9979641 21120177 2 -0.00147670367813049 21120177 21120177 0
21 140 rs2178999 16247212 1 0.00147526253300592 16247212 16247212 0
21 556 rs2155889 21889841 1 0.00147261922397864 21889841 21889841 0
21 1707 rs2017901 33584340 1 -0.00142466931077254 33584340 33584340 0
21 2415 rs2836902 40499467 1 -0.00134000964858651 40499467 40499467 0
21 2514 rs2244084 41277049 1 0.0013283149834545 41277049 41277049 0
21 2720 rs9975623 42920296 1 0.00132040920546799 42920296 42920296 0
21 2840 rs225424 43746695 1 0.00131563533684594 43746695 43746695 0
21 661 rs233771 22868864 1 -0.00131550981052614 22868864 22868864 0
21 2597 rs2837668 41884157 1 0.00128902367080238 41884157 41884157 0
21 1160 rs9284446 28443774 1 -0.00128085693553892 28443774 28443774 0
21 3086 rs13047971 46778772 1 0.0012793894520106 46778772 46778772 0
21 402 rs9976396 20251287 1 -0.00125481861977838 20251287 20251287 0
21 2767 rs12627125 43399915 1 0.00125384505354885 43399915 43399915 0
21 2339 rs17194186 39967076 1 0.00124134007366951 39967076 39967076 0
21 1310 rs2831800 29799861 1 -0.00123096317233948 29799861 29799861 0
21 2055 rs2835189 37342121 2 -0.00122178364354255 37342121 37342121 0
21 1166 rs2830698 28481280 1 -0.00121526356345901 28481280 28481280 0
21 1277 rs2831626 29563947 1 -0.00120627643870431 29563947 29563947 0
21 134 rs7275823 16126946 2 -0.00120257209915698 16126946 16126946 0
21 1463 rs363512 31050817 1 -0.00118526688698761 31050817 31050817 0
21 2872 rs8130358 43875848 1 0.00116950187957081 43875848 43875848 0
21 1039 rs2830076 27502468 1 0.00116284381712662 27502468 27502468 0
21 2654 rs2011706 42416146 1 -0.00114456117586804 42416146 42416146 0
21 1919 rs8130447 35950431 1 -0.00114188096449737 35950431 35950431 0
21 1625 rs12482796 32759208 1 -0.0011328907173457 32759208 32759208 0
21 1966 rs4459802 36530416 1 0.00113208753001766 36530416 36530416 0
21 157 rs7275695 16568524 1 -0.00112923643347176 16568524 16568524 0
21 2189 rs2835562 38409876 1 -0.00112812293796139 38409876 38409876 0
21 1693 rs4817450 33437648 1 -0.00112600278039019 33437648 33437648 0
21 1808 rs1131964 34610487 2 -0.00111732922677772 34610487 34610487 0
21 22 rs435081 15553112 1 -0.00111254166866151 15553112 15553112 0
21 2702 rs2898449 42814495 1 -0.0011089142354044 42814495 42814495 0
21 1698 rs2833670 33505090 1 0.00110040683603319 33505090 33505090 0
21 2529 rs1629521 41344489 1 -0.00109407560599343 41344489 41344489 0
21 1958 rs928282 36433963 1 -0.0010904229764014 36433963 36433963 0
21 2999 rs2838519 45615023 1 0.00108917869443231 45615023 45615023 0
21 2313 rs1007289 39707132 1 -0.00107907604622249 39707132 39707132 0
21 1126 rs467797 28194528 2 0.00104993450373934 28194528 28194528 0
21 634 rs2826808 22725866 1 -0.00104303988444178 22725866 22725866 0
21 956 rs7276546 26217184 1 -0.00104069138766483 26217184 26217184 0
21 1330 rs6516861 30057145 1 -0.00102705866148399 30057145 30057145 0
21 2133 rs448849 37927426 1 -0.00102568312230512 37927426 37927426 0
21 1821 rs1125036 35031226 1 -0.00101498537717795 35031226 35031226 0
21 266 rs2250664 18437109 1 0.00101284354896261 18437109 18437109 0
21 928 rs2829159 25918197 1 -9.910276447312096e-4 25918197 25918197 0
21 599 rs2826611 22313265 1 9.88776360169865e-4 22313265 22313265 0
21 742 rs1501220 23848588 1 9.818056877912045e-4 23848588 23848588 0
21 909 rs2829098 25836660 1 9.77795508654588e-4 25836660 25836660 0
21 2879 rs228067 43960077 1 -9.647290190006152e-4 43960077 43960077 0
21 1748 rs2231390 34166343 1 -9.616967485545386e-4 34166343 34166343 0
21 1304 rs2026237 29761607 1 -9.614411097804208e-4 29761607 29761607 0
21 2174 rs3827189 38311993 1 -9.610411426068958e-4 38311993 38311993 0
21 2285 rs55870334 39579012 1 9.555078660145752e-4 39579012 39579012 0
21 2044 rs6517312 37277069 2 -9.548661139995264e-4 37277069 37277069 0
21 2025 rs2225423 36990673 2 9.535331437581758e-4 36990673 36990673 0
21 2555 rs2837426 41454734 1 9.488326246809652e-4 41454734 41454734 0
21 1247 rs2831046 29025638 1 9.47731579088787e-4 29025638 29025638 0
21 129 rs455547 16054626 1 9.426787822126092e-4 16054626 16054626 0
21 3023 rs233278 45991929 1 -9.387577371642596e-4 45991929 45991929 0
21 2708 rs8127664 42832638 1 9.279662380286404e-4 42832638 42832638 0
21 757 rs398570 24417126 1 -9.168569920452184e-4 24417126 24417126 0
21 2984 rs2838446 45367152 1 9.103150593235498e-4 45367152 45367152 0
21 144 rs61750208 16338106 2 -9.099031655664048e-4 16338106 16338106 0
21 1141 rs2830585 28305212 1 -9.042225877377244e-4 28305212 28305212 0
21 596 rs2826605 22300960 1 -9.003564511957985e-4 22300960 22300960 0
21 2377 rs992244 40252150 2 8.911848267191685e-4 40252150 40252150 0
21 1453 rs2832409 30981245 1 8.885424458747911e-4 30981245 30981245 0
21 1601 rs2833192 32389498 2 8.758592160716267e-4 32389498 32389498 0
21 1040 rs2830079 27506241 1 -8.742209015159498e-4 27506241 27506241 0
21 980 rs2829654 26605703 1 8.676081513990932e-4 26605703 26605703 0
21 916 rs4546075 25847872 1 8.654539051403916e-4 25847872 25847872 0
21 273 rs11702385 18541509 1 -8.61308523763522e-4 18541509 18541509 0
21 1709 rs7277753 33612833 1 8.56362805372877e-4 33612833 33612833 0
21 311 rs2824483 19139775 1 8.535968070672981e-4 19139775 19139775 0
21 2371 rs2836720 40243237 2 -8.488494013509548e-4 40243237 40243237 0
21 989 rs2829726 26764074 1 8.428733995306699e-4 26764074 26764074 0
21 520 rs2826183 21706618 1 8.425020669114967e-4 21706618 21706618 0
21 2737 rs2309107 43184597 1 -8.350727121216605e-4 43184597 43184597 0
21 870 rs2186439 25433818 1 8.339061229813996e-4 25433818 25433818 0
21 2394 rs2836788 40336891 2 8.24533087727427e-4 40336891 40336891 0
21 2472 rs11909296 41082511 1 -8.176475040173572e-4 41082511 41082511 0
21 163 rs2823227 16682922 1 8.157336382418076e-4 16682922 16682922 0
21 534 rs1735894 21814838 2 -8.086917214811069e-4 21814838 21814838 0
21 3061 rs3788150 46333802 1 8.001175360917796e-4 46333802 46333802 0
21 289 rs208894 18814568 1 7.993792638753824e-4 18814568 18814568 0
21 2946 rs2838273 44762655 1 -7.921316471426173e-4 44762655 44762655 0
21 388 rs8129581 20136039 1 7.878274078801676e-4 20136039 20136039 0
21 1849 rs2239565 35288558 1 7.844752934059134e-4 35288558 35288558 0
21 312 rs171477 19150133 2 -7.802188932460015e-4 19150133 19150133 0
21 236 rs2824140 18297166 1 -7.797282327087535e-4 18297166 18297166 0
21 3030 rs9978560 46060222 1 7.731724502027632e-4 46060222 46060222 0
21 2058 rs2835203 37351180 1 -7.707961708715411e-4 37351180 37351180 0
21 3090 rs4819077 46792424 1 7.526117835041828e-4 46792424 46792424 0
21 2228 rs1709814 39017068 1 -7.463090673699583e-4 39017068 39017068 0
21 775 rs198128 24548784 1 -7.444905778492491e-4 24548784 24548784 0
21 2190 rs2835569 38429389 1 7.441485844316888e-4 38429389 38429389 0
21 1340 rs2832007 30106926 1 7.434989466519921e-4 30106926 30106926 0
21 2349 rs2836604 40041295 1 7.412335423115669e-4 40041295 40041295 0
21 137 rs2822942 16189981 1 7.391472594403475e-4 16189981 16189981 0
21 1939 rs2834623 36121293 1 -7.370076668624457e-4 36121293 36121293 0
21 1189 rs239695 28680314 1 7.348716518202384e-4 28680314 28680314 0
21 1722 rs2833814 33798684 2 -7.328722315101443e-4 33798684 33798684 0
21 182 rs11911998 16916883 1 -7.322663738026765e-4 16916883 16916883 0
21 374 rs2825006 20075947 2 7.263172268001517e-4 20075947 20075947 0
21 1456 rs7282163 31002803 1 -7.250276212181948e-4 31002803 31002803 0
21 736 rs2827373 23672710 2 7.212946508894323e-4 23672710 23672710 0
21 2799 rs220146 43539293 1 -7.152150168731005e-4 43539293 43539293 0
21 121 rs2822787 15954660 1 7.091651362145459e-4 15954660 15954660 0
21 522 rs2407647 21709136 2 6.984576466973882e-4 21709136 21709136 0
21 2937 rs2839644 44604272 1 -6.96764599003487e-4 44604272 44604272 0
21 1996 rs8132760 36771337 1 6.959728149503583e-4 36771337 36771337 0
21 464 rs9978286 20925657 1 6.948315880227925e-4 20925657 20925657 0
21 2395 rs2836789 40338995 1 6.945467597878633e-4 40338995 40338995 0
21 2636 rs736976 42168325 1 6.826529171508757e-4 42168325 42168325 0
21 1504 rs2832484 31297409 1 6.694305831150343e-4 31297409 31297409 0
21 3006 rs4819388 45647421 1 -6.661705200623109e-4 45647421 45647421 0
21 2915 rs442981 44412735 1 -6.645746993791363e-4 44412735 44412735 0
21 764 rs1506003 24459999 1 -6.621223341869016e-4 24459999 24459999 0
21 844 rs11910832 25130153 1 6.597977170839485e-4 25130153 25130153 0
21 2958 rs2838331 45026728 1 6.56819567800434e-4 45026728 45026728 0
21 2292 rs2836257 39635549 1 6.567310712948928e-4 39635549 39635549 0
21 3043 rs17284014 46087583 1 6.561349076312736e-4 46087583 46087583 0
21 1649 rs2833456 32954765 1 6.44457177711843e-4 32954765 32954765 0
21 1777 rs9984627 34471603 1 6.43782891980352e-4 34471603 34471603 0
21 2583 rs718099 41816354 1 6.426533881236044e-4 41816354 41816354 0
21 1494 rs2832468 31245860 1 6.421021345049612e-4 31245860 31245860 0
21 1152 rs2830605 28367755 1 -6.347722448727658e-4 28367755 28367755 0
21 587 rs1009164 22217613 2 -6.287291461035014e-4 22217613 22217613 0
21 1109 rs2830447 28111563 1 -6.244372014518905e-4 28111563 28111563 0
21 999 rs17001080 26908384 2 6.232191527837713e-4 26908384 26908384 0
21 330 rs158014 19451271 1 6.183185798431922e-4 19451271 19451271 0
21 2534 rs2837352 41363778 1 6.182926604766189e-4 41363778 41363778 0
21 2324 rs1041795 39852396 1 6.161350396376576e-4 39852396 39852396 0
21 2724 rs7282997 43059884 1 6.15064696257036e-4 43059884 43059884 0
21 2140 rs2252884 38014106 1 -6.12791476819995e-4 38014106 38014106 0
21 2734 rs3746894 43162150 1 -6.097731968539913e-4 43162150 43162150 0
21 2659 rs2837926 42463501 1 6.05535073960776e-4 42463501 42463501 0
21 1995 rs8129353 36730471 1 -6.044999262519932e-4 36730471 36730471 0
21 2911 rs8130292 44362904 1 -6.024539866313484e-4 44362904 44362904 0
21 1408 rs8133819 30458754 1 6.010110256611652e-4 30458754 30458754 0
21 1070 rs9978179 27653527 1 -5.950810764083023e-4 27653527 27653527 0
21 2813 rs8131660 43615559 1 5.931569933584521e-4 43615559 43615559 0
21 2592 rs2837649 41850636 1 5.920653857477044e-4 41850636 41850636 0
21 3052 rs1141 46221167 1 -5.87497571147102e-4 46221167 46221167 0
21 1781 rs8132749 34493297 1 5.860525223924076e-4 34493297 34493297 0
21 2955 rs17004553 44872454 1 -5.848664276068706e-4 44872454 44872454 0
21 3142 rs2839102 47501261 1 5.840443585395303e-4 47501261 47501261 0
21 1497 rs2223023 31253144 1 -5.798816452670043e-4 31253144 31253144 0
21 203 rs451885 17744507 2 5.795744068747141e-4 17744507 17744507 0
21 2315 rs2836325 39721552 1 -5.762699443409069e-4 39721552 39721552 0
21 2260 rs3787835 39189570 1 5.727980455275012e-4 39189570 39189570 0
21 333 rs2824630 19487468 1 -5.674947783954978e-4 19487468 19487468 0
21 2762 rs9325615 43359680 1 -5.656957518147018e-4 43359680 43359680 0
21 1217 rs7275326 28785912 1 5.64741580116993e-4 28785912 28785912 0
21 1050 rs2409168 27573945 1 5.640165115350212e-4 27573945 27573945 0
21 2568 rs1571717 41698322 1 -5.501814688780097e-4 41698322 41698322 0
21 2014 rs2205030 36927825 1 -5.427411887254551e-4 36927825 36927825 0
21 2366 rs1534825 40210516 1 5.410492915548312e-4 40210516 40210516 0
21 2950 rs681210 44779343 1 5.349119407326398e-4 44779343 44779343 0
21 1174 rs1788324 28558373 1 -5.335682066112844e-4 28558373 28558373 0
21 630 rs2826768 22661090 1 5.302858545713476e-4 22661090 22661090 0
21 459 rs2825628 20903523 1 -5.298360546215602e-4 20903523 20903523 0
21 2516 rs4143343 41285481 1 5.266302284962801e-4 41285481 41285481 0
21 2545 rs2142123 41418208 2 -5.245399424191094e-4 41418208 41418208 0
21 2871 rs2276239 43875500 1 5.186332151197627e-4 43875500 43875500 0
21 297 rs8129963 18989513 1 5.153360822731694e-4 18989513 18989513 0
21 669 rs1460077 22957596 1 -5.093300119521486e-4 22957596 22957596 0
21 1118 rs2830520 28162797 1 -5.07027756244447e-4 28162797 28162797 0
21 2740 rs1054761 43218520 2 5.067100885707246e-4 43218520 43218520 0
21 1843 rs2834291 35269767 1 5.063982568733422e-4 35269767 35269767 0
21 1965 rs9975836 36514505 1 4.926396179529243e-4 36514505 36514505 0
21 582 rs461016 22121510 1 -4.891072124498812e-4 22121510 22121510 0
21 1764 rs4817515 34374254 1 -4.8493382252144505e-4 34374254 34374254 0
21 730 rs1041416 23542443 1 -4.828990404762228e-4 23542443 23542443 0
21 1446 rs2832383 30883135 1 -4.757147108945054e-4 30883135 30883135 0
21 3062 rs2838737 46335580 2 4.749288787743899e-4 46335580 46335580 0
21 2686 rs2838008 42685044 1 4.626937180840907e-4 42685044 42685044 0
21 593 rs2826587 22255696 1 -4.616852676718299e-4 22255696 22255696 0
21 514 rs4818561 21635038 1 4.6069075535365016e-4 21635038 21635038 0
21 1344 rs2832021 30112285 1 -4.570967029097001e-4 30112285 30112285 0
21 2266 rs2836022 39217680 1 -4.5603643831928646e-4 39217680 39217680 0
21 484 rs13433388 21147348 1 4.544073980233095e-4 21147348 21147348 0
21 969 rs2829488 26332318 1 -4.52542917863869e-4 26332318 26332318 0
21 966 rs982886 26311943 1 -4.520398808518269e-4 26311943 26311943 0
21 1588 rs7283316 32216253 1 4.4825549626368e-4 32216253 32216253 0
21 666 rs2826896 22917558 2 -4.459776472620537e-4 22917558 22917558 0
21 2147 rs2073601 38117308 1 -4.3548842368825136e-4 38117308 38117308 0
21 314 rs2257906 19163803 1 4.3005006120577826e-4 19163803 19163803 0
21 825 rs2828286 24951271 1 4.2828782074174856e-4 24951271 24951271 0
21 2418 rs2297256 40558421 2 4.2814358795555216e-4 40558421 40558421 0
21 2986 rs62229686 45391272 1 4.271097588974617e-4 45391272 45391272 0
21 1844 rs12627530 35269964 1 4.207230926650712e-4 35269964 35269964 0
21 2 rs12627290 15445468 1 -4.113655995854953e-4 15445468 15445468 0
21 2913 rs403415 44397575 1 4.084951802768971e-4 44397575 44397575 0
21 2284 rs8131705 39576807 1 4.073244271922042e-4 39576807 39576807 0
21 232 rs442995 18244220 2 -4.01292410153963e-4 18244220 18244220 0
21 3175 rs2839307 47954252 1 -4.0062164204224704e-4 47954252 47954252 0
21 2203 rs2835699 38721309 1 3.9896108846009e-4 38721309 38721309 0
21 369 rs2824954 19991636 1 -3.958860804233482e-4 19991636 19991636 0
21 765 rs12482466 24465462 1 -3.925308423818025e-4 24465462 24465462 0
21 836 rs1514416 25052229 1 -3.905851071924311e-4 25052229 25052229 0
21 559 rs4818571 21903798 1 -3.8805988243285265e-4 21903798 21903798 0
21 2046 rs2178812 37312721 1 3.797248822225407e-4 37312721 37312721 0
21 2835 rs480449 43740749 1 3.7670957178981697e-4 43740749 43740749 0
21 3141 rs13051923 47489546 1 3.7506671719339833e-4 47489546 47489546 0
21 949 rs2829413 26196506 1 3.728685575570908e-4 26196506 26196506 0
21 1773 rs11088237 34450578 1 -3.727312037509952e-4 34450578 34450578 0
21 1014 rs2829934 27205540 1 3.69577302280777e-4 27205540 27205540 0
21 257 rs2824181 18393398 1 -3.693860082629694e-4 18393398 18393398 0
21 1868 rs13051558 35375649 1 -3.68274869241284e-4 35375649 35375649 0
21 1491 rs2832458 31239497 2 -3.635606780393344e-4 31239497 31239497 0
21 3135 rs1053312 47423389 1 3.613918653227287e-4 47423389 47423389 0
21 2250 rs702864 39118267 1 -3.5697007824153263e-4 39118267 39118267 0
21 663 rs11088864 22889048 1 -3.5575200027367185e-4 22889048 22889048 0
21 878 rs12627020 25510293 2 3.479093641842578e-4 25510293 25510293 0
21 975 rs7277220 26453241 1 3.4402880023149264e-4 26453241 26453241 0
21 1589 rs2833135 32224934 2 -3.4347807950233997e-4 32224934 32224934 0
21 518 rs2826174 21698075 1 -3.389352728988457e-4 21698075 21698075 0
21 813 rs1354481 24836014 1 3.380743350091575e-4 24836014 24836014 0
21 2015 rs2834988 36934980 1 -3.3570839027742826e-4 36934980 36934980 0
21 2146 rs2835449 38106209 1 -3.283711972226853e-4 38106209 38106209 0
21 651 rs232405 22809679 1 3.2491163635541166e-4 22809679 22809679 0
21 2304 rs2836281 39654166 1 -3.245971965200859e-4 39654166 39654166 0
21 265 rs2026857 18433749 1 -3.2362470761331056e-4 18433749 18433749 0
21 1105 rs2830390 28060611 1 -3.1840625492061e-4 28060611 28060611 0
21 2616 rs467253 41960150 1 -3.1130376975785324e-4 41960150 41960150 0
21 2050 rs2845726 37333223 1 3.1068757165757883e-4 37333223 37333223 0
21 110 rs2822716 15890874 1 -3.085682774672362e-4 15890874 15890874 0
21 1974 rs11911625 36578363 1 3.07845373460989e-4 36578363 36578363 0
21 799 rs200687 24739422 1 3.060233900631065e-4 24739422 24739422 0
21 1514 rs10432780 31460885 1 -3.0386417921168866e-4 31460885 31460885 0
21 54 rs2822531 15650119 1 3.030659205318153e-4 15650119 15650119 0
21 856 rs207490 25214100 1 2.9788560689354606e-4 25214100 25214100 0
21 2596 rs2837663 41877678 1 2.9711641800789023e-4 41877678 41877678 0
21 181 rs2179030 16916111 1 -2.922195421996498e-4 16916111 16916111 0
21 1266 rs2831315 29361630 1 -2.892749661382018e-4 29361630 29361630 0
21 1806 rs11088242 34584544 1 -2.8923466703898815e-4 34584544 34584544 0
21 2630 rs6517607 42067941 1 -2.865957998316246e-4 42067941 42067941 0
21 3022 rs233276 45990819 1 -2.8067232859166086e-4 45990819 45990819 0
21 2374 rs2836722 40250008 2 -2.782325756200683e-4 40250008 40250008 0
21 847 rs2828515 25134728 1 2.7759592953731165e-4 25134728 25134728 0
21 2483 rs143191361 41151163 1 2.772233936914596e-4 41151163 41151163 0
21 2729 rs2776348 43086944 1 -2.7490690996070206e-4 43086944 43086944 0
21 2116 rs7279231 37656134 1 -2.736876372491404e-4 37656134 37656134 0
21 2764 rs61731656 43362295 2 -2.680148713549252e-4 43362295 43362295 0
21 1609 rs2833264 32454561 1 -2.66726873413462e-4 32454561 32454561 0
21 276 rs859172 18629416 1 -2.652250217879469e-4 18629416 18629416 0
21 477 rs11088748 21050002 2 -2.64471499392476e-4 21050002 21050002 0
21 1721 rs2833810 33796960 1 -2.6307049021903443e-4 33796960 33796960 0
21 2641 rs9636977 42277689 1 -2.60973259460202e-4 42277689 42277689 0
21 401 rs7276040 20235268 2 -2.606591643707133e-4 20235268 20235268 0
21 879 rs12627523 25511445 1 -2.606522353421819e-4 25511445 25511445 0
21 498 rs2825924 21324649 1 -2.5868481846376575e-4 21324649 21324649 0
21 2438 rs6517549 40823981 1 -2.5842620309412016e-4 40823981 40823981 0
21 3008 rs7354779 45670770 1 2.4532129541379575e-4 45670770 45670770 0
21 2628 rs1022424 42047446 1 2.452702580860036e-4 42047446 42047446 0
21 61 rs2822553 15659354 1 -2.448174364271102e-4 15659354 15659354 0
21 2824 rs3787997 43699096 1 -2.4383440838482412e-4 43699096 43699096 0
21 180 rs2823357 16914905 1 2.4040826624434136e-4 16914905 16914905 0
21 516 rs2826125 21649595 1 2.3922031017131995e-4 21649595 21649595 0
21 2780 rs220263 43482161 1 -2.391353986635672e-4 43482161 43482161 0
21 1336 rs2831988 30098166 1 2.3269178416059603e-4 30098166 30098166 0
21 2988 rs2838458 45398656 1 2.3016024529072993e-4 45398656 45398656 0
21 230 rs415850 18228575 1 2.287104895282519e-4 18228575 18228575 0
21 2522 rs2238703 41301355 1 -2.2710915248711096e-4 41301355 41301355 0
21 2241 rs1709806 39055489 1 2.258175946521808e-4 39055489 39055489 0
21 729 rs2827264 23540065 1 -2.2380973729422253e-4 23540065 23540065 0
21 1027 rs2014146 27335022 1 -2.224014228158021e-4 27335022 27335022 0
21 2175 rs2843637 38332768 2 -2.2009986127202448e-4 38332768 38332768 0
21 2579 rs1882757 41790020 1 -2.1941822841238927e-4 41790020 41790020 0
21 1624 rs533651 32754559 1 2.174231854074652e-4 32754559 32754559 0
21 470 rs2825686 20996612 2 -2.1618507303898667e-4 20996612 20996612 0
21 1223 rs2830933 28798703 1 -2.1558541908824427e-4 28798703 28798703 0
21 2903 rs2839584 44236622 1 2.1531771984243864e-4 44236622 44236622 0
21 950 rs1892732 26198457 2 -2.1514069066518472e-4 26198457 26198457 0
21 1243 rs7275935 29015007 1 2.1501707522425927e-4 29015007 29015007 0
21 31 rs433899 15603589 1 2.1186016741043864e-4 15603589 15603589 0
21 1215 rs2830919 28778338 1 2.112545109633493e-4 28778338 28778338 0
21 1019 rs2829961 27241995 1 -2.0833980063316397e-4 27241995 27241995 0
21 842 rs2828463 25097968 1 2.0773313922889245e-4 25097968 25097968 0
21 1119 rs11702216 28165330 1 2.0703635712176647e-4 28165330 28165330 0
21 1265 rs2831314 29360990 1 2.0472541527436137e-4 29360990 29360990 0
21 0 rs3115512 15215814 1 -2.0385427921334188e-4 15215814 15215814 0
21 1082 rs13050454 27706323 1 2.0355039222441095e-4 27706323 27706323 0
21 1559 rs12483584 31691792 1 2.007653778280073e-4 31691792 31691792 0
21 1482 rs458685 31177511 1 -1.9971405560902463e-4 31177511 31177511 0
21 88 rs2205253 15725162 1 1.9830839996543812e-4 15725162 15725162 0
21 2914 rs1672133 44407141 1 1.9715814071518523e-4 44407141 44407141 0
21 413 rs458984 20312086 1 1.9665147023783356e-4 20312086 20312086 0
21 321 rs243629 19220798 1 1.959657608292268e-4 19220798 19220798 0
21 2777 rs220250 43472167 1 -1.9385458641726547e-4 43472167 43472167 0
21 691 rs1155463 23140523 1 1.919935715511299e-4 23140523 23140523 0
21 62 rs1014539 15659731 2 -1.886129364671213e-4 15659731 15659731 0
21 2179 rs13049125 38345003 1 -1.858380533102937e-4 38345003 38345003 0
21 3173 rs6518299 47936787 1 1.8572900450709097e-4 47936787 47936787 0
21 2400 rs1537106 40359005 1 1.846055636229201e-4 40359005 40359005 0
21 1335 rs2831985 30097505 1 1.8299463750228768e-4 30097505 30097505 0
21 1472 rs462606 31132624 1 -1.826503940389118e-4 31132624 31132624 0
21 1009 rs17001274 27027297 1 -1.791870762462105e-4 27027297 27027297 0
21 2145 rs2070649 38085444 1 -1.7698140725441334e-4 38085444 38085444 0
21 2588 rs2837646 41842252 1 1.731938383505314e-4 41842252 41842252 0
21 2012 rs8128397 36919816 1 -1.700067924266247e-4 36919816 36919816 0
21 1412 rs2832172 30469314 1 -1.6932778560453516e-4 30469314 30469314 0
21 2202 rs7276515 38703319 1 1.6310423279765237e-4 38703319 38703319 0
21 532 rs2989314 21812972 1 -1.5786078746169352e-4 21812972 21812972 0
21 1153 rs2830607 28368464 1 1.558296047921893e-4 28368464 28368464 0
21 2422 rs2183573 40574305 1 -1.5436575516363573e-4 40574305 40574305 0
21 1927 rs1557268 35973227 1 -1.524500198092906e-4 35973227 35973227 0
21 1487 rs2832447 31197963 1 1.5239821666687773e-4 31197963 31197963 0
21 2405 rs2410100 40424619 1 -1.49558048277007e-4 40424619 40424619 0
21 1098 rs2830286 27954042 2 -1.470149838437222e-4 27954042 27954042 0
21 953 rs2829429 26204697 1 -1.4695840136233672e-4 26204697 26204697 0
21 267 rs2824226 18457828 1 1.4659453720425734e-4 18457828 18457828 0
21 806 rs7278309 24777708 2 -1.463746324018644e-4 24777708 24777708 0
21 2296 rs2836263 39640302 1 1.457230340067006e-4 39640302 39640302 0
21 242 rs10470201 18335498 1 1.4090983481211e-4 18335498 18335498 0
21 173 rs2823307 16865946 1 1.4064121542889298e-4 16865946 16865946 0
21 218 rs2211994 18047593 1 1.3939028926065718e-4 18047593 18047593 0
21 2462 rs502507 40966156 1 -1.3801593863163995e-4 40966156 40966156 0
21 2393 rs7276778 40335046 1 1.3728723850882745e-4 40335046 40335046 0
21 2342 rs9636639 39972727 1 1.3369496209267708e-4 39972727 39972727 0
21 689 rs1735934 23073684 1 -1.3161432077427238e-4 23073684 23073684 0
21 1924 rs1892598 35965934 1 -1.3065894867244016e-4 35965934 35965934 0
21 1830 rs2834278 35220001 1 1.3017611863787862e-4 35220001 35220001 0
21 2632 rs2837801 42110235 1 1.2808363532320076e-4 42110235 42110235 0
21 6 rs4539869 15479537 1 -1.2793583062963932e-4 15479537 15479537 0
21 2443 rs1522 40887185 1 -1.2738882505531046e-4 40887185 40887185 0
21 923 rs11087922 25889085 1 -1.267643432150519e-4 25889085 25889085 0
21 740 rs2827484 23776582 1 1.2326738421805327e-4 23776582 23776582 0
21 3026 rs464504 45998768 1 1.2294079639476457e-4 45998768 45998768 0
21 1367 rs2832113 30205143 1 1.2206306724543464e-4 30205143 30205143 0
21 704 rs7349018 23208604 1 -1.194731088791651e-4 23208604 23208604 0
21 1345 rs2832037 30115246 1 -1.1840623857055504e-4 30115246 30115246 0
21 944 rs2829388 26174872 2 1.1807805908420684e-4 26174872 26174872 0
21 1020 rs2829964 27242396 1 -1.1677680657298354e-4 27242396 27242396 0
21 1853 rs12627083 35314725 1 1.1566441189087856e-4 35314725 35314725 0
21 2528 rs978935 41337036 1 -1.1071789828838852e-4 41337036 41337036 0
21 40 rs4817081 15641852 1 1.0899233225198736e-4 15641852 15641852 0
21 2952 rs573283 44788262 1 -1.0767597932143108e-4 44788262 44788262 0
21 1938 rs2246436 36116351 1 -1.0764530832551629e-4 36116351 36116351 0
21 2197 rs62223645 38528987 1 -1.066947398443837e-4 38528987 38528987 0
21 2429 rs2836995 40748801 2 1.0520870590836204e-4 40748801 40748801 0
21 1341 rs2832009 30110080 1 1.0373433999055496e-4 30110080 30110080 0
21 1994 rs8132891 36720105 1 -9.685945294250891e-5 36720105 36720105 0
21 1252 rs1431359 29142806 1 9.512514849805384e-5 29142806 29142806 0
21 2350 rs2836616 40048066 1 9.391428221153333e-5 40048066 40048066 0
21 1509 rs2832547 31410125 2 -9.296540464308248e-5 31410125 31410125 0
21 1967 rs4581976 36530556 1 9.157056431337669e-5 36530556 36530556 0
21 96 rs2822641 15747503 1 -9.020565179652064e-5 15747503 15747503 0
21 744 rs2827541 23860926 1 8.987663712857423e-5 23860926 23860926 0
21 130 rs9978604 16077016 1 8.82840851727828e-5 16077016 16077016 0
21 945 rs2262265 26183724 1 7.545285689820655e-5 26183724 26183724 0
21 1137 rs162542 28273228 1 -7.331187150661934e-5 28273228 28273228 0
21 2619 rs459825 41963871 2 -7.137005982930453e-5 41963871 41963871 0
21 376 rs2825021 20083219 1 -7.085060624039386e-5 20083219 20083219 0
21 919 rs2829135 25866226 1 -6.912740241594013e-5 25866226 25866226 0
21 2243 rs2835907 39083309 1 -6.17194284860969e-5 39083309 39083309 0
21 608 rs2826648 22362499 1 6.103916339998696e-5 22362499 22362499 0
21 1306 rs2142274 29769454 1 5.9653351867694134e-5 29769454 29769454 0
21 3105 rs141599346 46934932 1 5.879232610321932e-5 46934932 46934932 0
21 2070 rs2230192 37445039 1 5.824745279971363e-5 37445039 37445039 0
21 315 rs2824496 19171547 1 5.44517819918752e-5 19171547 19171547 0
21 521 rs2826185 21708991 1 -5.2590775504452345e-5 21708991 21708991 0
21 1438 rs372883 30717737 1 5.138143523460732e-5 30717737 30717737 0
21 1702 rs2833697 33556137 2 -4.6251988627361645e-5 33556137 33556137 0
21 2849 rs1547374 43778895 1 4.1682763553518256e-5 43778895 43778895 0
21 2744 rs9325629 43269399 1 4.005197813008729e-5 43269399 43269399 0
21 208 rs11911987 17800512 1 -3.926985156859196e-5 17800512 17800512 0
21 793 rs984550 24680450 1 3.812928063670153e-5 24680450 24680450 0
21 503 rs9982120 21526261 1 3.808300217462408e-5 21526261 21526261 0
21 1802 rs9975358 34579572 1 -3.7140688181331176e-5 34579572 34579572 0
21 1235 rs2830976 28860822 1 3.49185051617812e-5 28860822 28860822 0
21 1817 rs6517178 34888621 1 3.466517329732935e-5 34888621 34888621 0
21 1970 rs8126845 36571004 1 3.286034070640346e-5 36571004 36571004 0
21 1267 rs1986059 29362621 1 -3.048600436174362e-5 29362621 29362621 0
21 2600 rs2205132 41899191 1 3.0057506161590625e-5 41899191 41899191 0
21 1778 rs7283689 34476169 1 2.9438737831648784e-5 34476169 34476169 0
21 2695 rs8127870 42756996 1 2.6850858266013024e-5 42756996 42756996 0
21 2664 rs10470196 42510744 1 2.415011514484173e-5 42510744 42510744 0
21 279 rs11910549 18719490 1 2.2147757451605683e-5 18719490 18719490 0
21 387 rs9984345 20133449 1 2.1960144595767996e-5 20133449 20133449 0
21 1706 rs762224 33583831 1 2.157417768216251e-5 33583831 33583831 0
21 3177 rs2070432 47957332 1 -2.0963022743130888e-5 47957332 47957332 0
21 2572 rs2837583 41739992 1 -1.9464687374952315e-5 41739992 41739992 0
21 2960 rs2329442 45041790 1 -1.702330399568639e-5 45041790 45041790 0
21 1309 rs2831792 29792308 1 -1.364882825258462e-5 29792308 29792308 0
21 2779 rs17114247 43478135 1 1.3080600058179408e-5 43478135 43478135 0
21 1597 rs978003 32337438 1 1.3019657188033026e-5 32337438 32337438 0
21 693 rs2827046 23173531 1 -8.493509583078222e-6 23173531 23173531 0
21 2648 rs7283892 42306097 2 -7.394515731508691e-6 42306097 42306097 0
21 356 rs8129824 19822840 1 -7.317485502269918e-6 19822840 19822840 0
21 1956 rs2834730 36382552 2 -6.7782142243959215e-6 36382552 36382552 0
21 2314 rs17284917 39713235 1 -6.598611895090087e-6 39713235 39713235 0
21 237 rs2824143 18300451 1 -4.520130005741853e-6 18300451 18300451 0
21 1782 rs2409472 34499426 2 -3.5643214871353428e-6 34499426 34499426 0
21 251 rs765142 18383625 1 -2.1662237228789538e-6 18383625 18383625 0
21 2876 rs2839531 43892641 1 1.6140239740260031e-6 43892641 43892641 0
21 2959 rs9981291 45031458 1 -6.792416959603277e-7 45031458 45031458 0
