CHR Group SNP.lead BP.lead Size W BP.min BP.max BP.width
16 50 rs16958021 11170047 20 0.2401544713409089 11042394 11442028 399634
16 249 rs11117432 86019271 3 0.1358029047773996 85984889 86033810 48921
16 172 rs255052 68024995 11 0.07019846407352598 66803097 68415246 1612149
16 105 rs1859308 27397998 2 0.05409968065020875 27217239 27480797 263558
16 190 rs17769233 77263286 16 0.0528866949298634 76635963 77328990 693027
16 248 rs1044873 85955671 8 0.04943542170083041 85897418 85977502 80084
16 219 rs1143687 81922813 5 0.04451440007066162 81858172 81986896 128724
16 150 rs2731780 58254730 3 0.03637074441447342 57993841 58464075 470234
16 146 rs9932757 57148055 5 0.03458835073747253 57125366 57315033 189667
16 109 rs252308 29221318 3 0.0338490265370834 29043450 29692692 649242
16 208 rs11150189 79734227 3 0.03272466160693482 79641363 79750512 109149
16 99 rs237130 26639714 8 0.03190299045111255 26579370 26786951 207581
16 125 rs1592490 52105848 9 0.02329416059614857 52056757 52478215 421458
16 25 rs9935712 6306931 4 0.02308591404989856 6255416 6441908 186492
16 147 rs11076196 57632536 6 0.02242661924577509 57349346 57647543 298197
16 214 rs3803570 81156993 7 0.0220482138606333 80961660 81205590 243930
16 255 rs1867485 86681031 10 0.02167427847883758 86558534 86729693 171159
16 158 rs11640107 60928740 7 0.01925083125228266 60754745 61117063 362318
16 87 rs3760106 23845796 7 0.01906285232799625 23792157 24013524 221367
16 192 rs4888659 77699400 6 0.0188771873215311 77694091 77775672 81581
16 110 rs7204270 30156963 9 0.01886482002304201 29833488 30409241 575753
16 52 rs3743582 11650325 1 0.01813867740964887 11624245 11650325 26080
