CHR Group SNP.lead BP.lead Size W BP.min BP.max BP.width
5 331 rs6897932 35874575 5 0.13056285230672487 35806960 36028494 221534
5 1087 rs2546890 158759900 6 0.09214428189313648 158690951 158814533 123582
5 694 rs26232 102596720 2 0.04363229357518019 102280302 102694112 413810
5 1030 rs10036748 150458146 5 0.03770420967657643 150434722 150478318 43596
5 801 rs6595174 118440675 5 0.03611124400720425 118303481 118532034 228553
5 732 rs2301010 109132461 3 0.03563419028762762 108992465 109224099 231634
5 687 rs1428439 100238801 4 0.03537722466950864 100100157 100580114 479957
5 395 rs3776694 53360174 7 0.03098739374155142 53226422 53382156 155734
5 928 rs11750814 137500665 4 0.0305871587411106 137486426 137876920 390494
5 1072 rs3846684 156649132 4 0.02908258240812338 156637347 156664822 27475
5 741 rs7709420 110544623 4 0.0259685429264081 110491097 110620861 129764
