CHR Group SNP.lead BP.lead Size W BP.min BP.max BP.width
19 289 rs3745516 50926742 3 0.2078183637912556 50855935 50926742 70807
19 96 rs2304256 10475652 11 0.10773135545017688 10394792 10608064 213272
19 146 rs3761041 18183917 11 0.0723927236357329 18180236 18395537 215301
19 135 rs8109466 17207011 4 0.0482057929057872 17148156 17212992 64836
19 97 rs1122608 11163601 8 0.04429465617493357 10668452 11170839 502387
19 39 rs243335 4402017 7 0.04291021231160882 4353174 4511181 158007
19 129 rs12710303 16282131 5 0.04269670315269075 16282131 16352403 70272
19 150 rs892035 19758190 9 0.04100328618514772 19329924 19863014 533090
19 122 rs116923487 15133803 5 0.0382109424998337 15131668 15174953 43285
19 195 rs16967952 33795241 9 0.03396727919011649 33791127 34000725 209598
19 342 rs17305311 54705641 2 0.03197821197272826 54705641 54749011 43370
