CHR Group SNP.lead BP.lead Size W BP.min BP.max BP.width
3 710 rs10513547 159672597 10 0.47002198770095993 159635428 159732983 97555
3 543 rs2293370 119219934 6 0.1384460875562605 119107277 119294316 187039
3 139 rs6799397 16951768 12 0.06998342108513259 16900181 17147963 247782
3 178 rs4681018 25384461 5 0.05945607852970586 25335519 25451077 115558
3 668 rs11919764 149187235 8 0.05522702784179103 149178661 149260786 82125
3 633 rs10935453 141747640 2 0.03929225095282116 141568628 141867638 299010
3 566 rs867805 124909866 5 0.03420815310028862 124896668 124926054 29386
3 251 rs9842265 39337941 9 0.03070883982010193 39280034 39565281 285247
3 670 rs2130319 149493646 5 0.02900766703258279 149347571 149737819 390248
3 709 rs1675497 159582382 2 0.02846902783253457 159402180 159609989 207809
3 541 rs2117768 118800404 16 0.02720962232119201 118543021 118901832 358811
3 711 rs9880646 159861147 3 0.02597448475569313 159756451 159899731 143280
3 577 rs9828443 127421486 5 0.02519251473649954 127209361 127449008 239647
3 164 rs7609845 23615762 11 0.02403501124781807 23139179 23642466 503287
3 47 rs3804993 4750674 3 0.02313614998523287 4713093 4777434 64341
3 168 rs4131864 23985809 5 0.02304850508694293 23806758 24169361 362603
3 388 rs9828629 71530346 3 0.02239637134266494 71496008 71626123 130115
3 386 rs9647400 71322227 3 0.02139204931654977 71224429 71330949 106520
3 874 rs9856076 190987344 4 0.02107669502609361 190873984 190987344 113360
3 789 rs6789946 177374031 3 0.02086316709259075 177292543 177423824 131281
3 203 rs3773026 29531977 3 -0.02038310418835744 29482240 29700225 217985
3 567 rs9838753 125161022 3 0.02012965220462041 124967313 125384035 416722
3 550 rs9282641 121796768 7 0.01977476970485257 121744849 121970020 225171
3 220 rs11712058 31946673 3 -0.01948917576963264 31945442 32041229 95787
3 384 rs6790743 70957896 7 0.01928197814155878 70905581 71045749 140168
3 453 rs1453626 95838707 8 -0.01890233437062367 95534825 96045751 510926
3 581 rs9831089 128242205 8 0.01872503629495772 128212526 128427739 215213
3 136 rs538525 16376279 5 0.01866233389313393 16293151 16455710 162559
3 549 rs9829181 121663962 7 0.01852908341706895 121340955 121717577 376622
3 123 rs1865884 14411655 2 0.01850054874344598 14318853 14411655 92802
3 703 rs16827620 157138405 7 0.01813672701652658 156836517 157272382 435865
3 137 rs11128793 16551795 4 0.01774313706093676 16491955 16656331 164376
3 172 rs9878606 24633038 3 0.01740096475032309 24512956 24633757 120801
3 351 rs7638389 64729892 7 0.01701446088034603 64677505 64852147 174642
3 211 rs973404 30594586 5 0.0169000748682088 30540436 30650064 109628
3 616 rs10935263 137415813 4 0.01591812451460188 137401593 137482363 80770
3 861 rs7610017 189343424 2 0.01582801139072134 189227476 189383430 155954
3 228 rs6780220 33087200 10 0.01580050410350545 33044642 33240314 195672
3 80 rs931685 8548850 9 -0.01567142802905553 8509477 8637715 128238
3 667 rs7632041 149066126 7 0.01553732156191935 149057323 149104849 47526
3 436 rs9853372 81481169 5 0.01522719028902544 81448115 82010368 562253
3 465 rs4683877 100921280 6 0.01504634872122049 100818827 101463895 645068
3 159 rs1479993 22121708 3 -0.01485597228965793 22105044 22147707 42663
3 701 rs2128535 156789192 6 0.01430407135939094 156372191 156789192 417001
3 394 rs9829101 72037324 4 0.01406006735839664 72021775 72071821 50046
3 457 rs1497534 97935125 3 0.01404622771103403 97853159 98205140 351981
3 204 rs3773108 29800913 5 0.01355328207180115 29710221 29809958 99737
3 93 rs697231 10346421 2 0.01319893215794368 10226144 10369180 143036
3 704 rs11925333 157386185 3 0.01310595162032934 157313589 157536183 222594
3 56 rs9311513 5432114 2 -0.01307149698586562 5430579 5493089 62510
3 202 rs9835541 29459473 4 0.0130640942237128 29428187 29476873 48686
3 624 rs1426033 139710090 2 0.01272565361152724 139700806 139827472 126666
3 743 rs475647 170465382 6 0.01231307112442829 170408158 170732300 324142
3 732 rs9879751 168132678 5 -0.01228569856575361 167925722 168267259 341537
3 17 rs1868218 2309379 4 0.01224557705183583 2165384 2315400 150016
3 446 rs7639047 87173731 4 0.01217806858803994 87095589 87403560 307971
3 104 rs17034817 11657278 3 0.01194672760573408 11627978 11710471 82493
3 686 rs955013 153099036 5 0.01189444709973656 153068547 153221215 152668
3 461 rs6440719 99328500 9 0.01185737167151451 99056994 99367869 310875
3 373 rs7611476 69269236 6 0.01177759689367113 69031963 69269236 237273
3 280 rs1042779 52821011 9 0.01175180422390269 52236762 53147886 911124
3 232 rs1191624 34415876 9 0.01146425648121701 34415876 34750064 334188
3 678 rs3971191 151041513 11 0.01136474254147395 150792444 151174010 381566
3 375 rs7635662 69421495 3 0.01121786891803661 69362706 69426612 63906
3 645 rs990320 143796305 4 0.01116871253448884 143620809 143961616 340807
3 886 rs4455277 192614308 2 0.01110004921859356 192611340 192752645 141305
3 343 rs6766569 63489319 4 0.01096643716970945 63439209 63498703 59494
3 683 rs10513429 152368110 2 0.01091218415885054 152304617 152562641 258024
3 209 rs9866764 30404343 6 0.01086339686332774 30271708 30415612 143904
3 254 rs13326962 40087181 7 -0.010776823655675 40003159 40195302 192143
3 473 rs16846592 103388364 3 0.01064850713008978 103209899 103433922 224023
3 738 rs6783972 169209897 5 0.01063333062556982 169198024 169350733 152709
3 215 rs294282 31135969 4 0.01042965836677514 31070487 31251099 180612
3 706 rs340260 158634689 5 0.01042646944947035 158518963 158674592 155629
3 124 rs6763180 14506279 3 0.01032032661547845 14468767 14520164 51397
3 691 rs7626254 154291973 6 0.01027768548798655 154188165 154454529 266364
3 660 rs6764882 147787204 2 -0.0102554718581821 147724072 147943603 219531
3 795 rs7645550 178968634 5 0.01008219938956577 178569465 178968660 399195
3 174 rs4077423 24751005 3 0.0100794947916211 24726778 24751734 24956
3 155 rs7619318 21673600 7 0.00958412227425541 21647818 21771769 123951
3 371 rs9823980 68337634 1 -0.00955589826664229 68337634 68566475 228841
3 763 rs10513713 173079012 2 -0.00955211046334542 173052338 173152759 100421
3 313 rs6803293 59452332 3 0.00948447266450915 59413060 59460320 47260
3 694 rs16824641 154876320 2 -0.00944736901754489 154801978 154876320 74342
3 854 rs1546736 188495948 1 0.00944538533320311 188495948 188495948 0
3 357 rs704463 65753176 3 0.00943873455306378 65746365 65817691 71326
3 128 rs1344783 14721074 8 -0.00939913094703234 14676294 14810290 133996
3 329 rs9846073 61186550 6 -0.00932523535217316 61042317 61277745 235428
3 324 rs9872356 60371053 8 -0.00931111427943276 60350709 60472815 122106
3 97 rs9841925 10686376 2 -0.00931018494950876 10686376 10815485 129109
3 770 rs565334 174413915 1 0.00921965700346697 174354964 174413915 58951
3 350 rs4317088 64601375 3 -0.00919131149839787 64497351 64634578 137227
3 793 rs7615444 178365840 6 -0.00905915378861419 178127824 178430105 302281
3 665 rs17787392 148867126 8 0.00899012347871896 148657780 148962041 304261
3 341 rs9831668 62942458 3 0.00896608133552472 62941248 63109093 167845
3 444 rs17027064 86314704 3 -0.00887715353601563 86289456 86603154 313698
3 623 rs17394311 139517171 2 0.00885979991310483 139393833 139693440 299607
3 875 rs150503 191020976 4 -0.00881735348020033 190998437 191216000 217563
3 161 rs6772631 22383444 1 0.00877069679088891 22207033 22416318 209285
3 293 rs4245919 54948936 5 -0.00870908435797121 54945256 55077947 132691
3 471 rs16845761 102602750 7 0.00868964723317462 102424474 103016226 591752
3 450 rs7625470 88959990 12 -0.00864129694099697 88853354 89748809 895455
3 212 rs11924422 30677484 8 0.00843588471545113 30663987 30725645 61658
3 493 rs6779094 108081277 2 0.00817740687943427 108054691 108189627 134936
3 787 rs12629106 177095072 2 0.00804652405590337 177082829 177164062 81233
3 0 rs11929364 320201 11 -0.0078693715674011 104972 320201 215229
3 853 rs4686492 188436575 1 0.00777716524733648 188341678 188442480 100802
3 757 rs9859259 172223141 4 0.00777286890297214 172131456 172292484 161028
3 387 rs11712688 71379546 2 0.00776925077936838 71360708 71401928 41220
3 110 rs310766 12233482 11 0.0075860838077805 12027240 12475088 447848
3 221 rs11922351 32171920 1 -0.00753113300676814 32154324 32223481 69157
3 745 rs11927009 170984600 1 0.00738884403191418 170984600 171088709 104109
3 475 rs1731649 103801180 8 0.00737377852247411 103760176 104019345 259169
3 870 rs7652346 190312433 2 -0.00732183570075491 190307448 190341439 33991
3 275 rs142971127 46717175 3 0.00720140573230095 46688481 46902129 213648
3 504 rs6784441 111478337 4 -0.00707473726448082 111368813 111513720 144907
3 796 rs6776229 179015775 3 0.00705810310490684 178982634 179207592 224958
3 470 rs9861714 102228007 5 -0.00698176256661303 102055738 102364297 308559
3 54 rs1874972 5319430 3 0.00697710502505259 5273528 5346574 73046
3 618 rs6780412 137748979 3 -0.00686387604662674 137736469 137900353 163884
3 831 rs6765480 186177529 2 -0.00684098719035429 186143744 186228287 84543
3 142 rs6550461 18468523 3 -0.00669773056506106 18465443 18585365 119922
3 303 rs1392702 56833979 2 0.00660830183823888 56793997 56833979 39982
3 372 rs12714748 68955591 5 0.00646112592391319 68603563 69019978 416415
3 571 rs6791445 126142871 3 0.0063118339967879 126134636 126201096 66460
3 284 rs6445606 53856050 2 -0.00603514532746146 53762713 53883910 121197
3 395 rs4677092 72163948 3 0.00603062378608298 72121884 72163948 42064
3 157 rs2620535 21905595 3 0.00602502035018092 21872115 21951024 78909
3 495 rs4522770 108611057 4 0.00593804547311914 108590475 108633112 42637
3 675 rs12638863 150533002 2 0.00585301744916837 150531601 150600047 68446
3 539 rs16828422 118146818 2 -0.00581776780542588 118016233 118364857 348624
3 38 rs2129897 3632600 4 -0.00578822469051519 3632600 3687827 55227
3 346 rs13098181 63749405 6 -0.00576663286713815 63672506 64110135 437629
3 66 rs12491369 6789265 5 0.00562314375746939 6747535 6832712 85177
3 790 rs6443496 177470593 4 0.00561633306570288 177444417 177474472 30055
3 492 rs13093976 107864963 5 -0.00561420019449934 107737386 108041345 303959
3 800 rs1522122 179829075 4 0.00559099638291669 179829075 180103221 274146
3 510 rs3732814 112724336 7 0.0055765969711499604 112470586 112811428 340842
3 538 rs1456196 117654553 4 -0.0055556323914976 117532231 117975155 442924
3 309 rs4681818 58184851 7 -0.00551908796076663 58165233 58512900 347667
3 505 rs13096825 111724401 6 0.00547848756406802 111532971 111724401 191430
3 148 rs4132121 20240219 5 0.00546260669931012 20096735 20371453 274718
3 863 rs7619556 189552371 2 0.00545830226357267 189498809 189552371 53562
3 318 rs4679614 59810867 2 -0.00544850845866698 59795925 59893532 97607
3 526 rs6769601 115672610 2 -0.00543084510535592 115649821 115818840 169019
3 192 rs11129307 28017377 5 0.0053984793334465 27976864 28040144 63280
3 143 rs12106877 18709522 4 0.00538525599196223 18621139 18867579 246440
3 420 rs9815217 76447667 8 -0.00537973849023211 76222174 76474140 251966
3 412 rs6795429 73967610 1 0.00536404935446827 73923210 73967610 44400
3 845 rs512178 187549526 4 -0.00534069206511411 187475572 187620527 144955
3 838 rs257101 186778828 4 0.00531941831971544 186718462 186778828 60366
3 258 rs10490823 41123735 3 0.00527169844702683 41085459 41295767 210308
3 325 rs17031618 60543675 5 0.00525711231402443 60491103 60548808 57705
3 560 rs332414 124247149 3 -0.00524260286536878 123995651 124247149 251498
3 382 rs4638930 70528833 6 0.00523353667807917 70453579 70595849 142270
3 36 rs7633914 3527685 4 0.00522701917372147 3429642 3555312 125670
3 245 rs9877943 37914922 2 0.00519198247802881 37870175 38136401 266226
3 716 rs9838303 161654395 3 0.00510802644516359 161652269 161862628 210359
3 818 rs7620519 184306559 1 0.00507697192318005 184223392 184307939 84547
3 871 rs6444462 190554485 1 0.00505935622394188 190370764 190554485 183721
3 664 rs138120056 148559651 4 -0.00504849407773609 148558447 148617875 59428
3 167 rs6767354 23784303 2 0.00497274861464958 23748920 23784303 35383
3 564 rs6438874 124739892 4 0.00497017587625139 124693518 124803231 109713
3 362 rs1001689 66843365 5 0.00494820733742548 66747371 66902287 154916
3 88 rs2600164 9312398 1 0.00492909793747424 9257096 9317758 60662
3 345 rs4583650 63666817 5 -0.00491438223972462 63543254 63666817 123563
3 765 rs3844523 173322248 1 0.00485192657396408 173322248 173379185 56937
3 376 rs922948 69442637 3 -0.00480829546589312 69436269 69522162 85893
3 207 rs1347287 30129784 9 0.00469404777720745 30011942 30189304 177362
3 712 rs6797357 160327589 3 0.0046796455695771 160089896 160535721 445825
3 705 rs9867453 157716366 2 0.00459586005125868 157567963 158499695 931732
3 246 rs2298419 38322626 1 -0.00453841406082678 38163900 38351294 187394
3 911 rs2014220 196312124 2 0.00453776910241247 195955472 196312124 356652
3 153 rs11914832 21508433 1 0.00451101400795945 21480184 21512235 32051
3 129 rs2307092 14939088 2 -0.00446707156259321 14829166 14941447 112281
3 496 rs6807870 108950809 5 0.00444799241587103 108639270 108971725 332455
3 225 rs3888882 32497574 2 0.00444348606723562 32472280 32599218 126938
3 306 rs12496746 57192927 1 -0.00444094720568432 57076196 57200758 124562
3 409 rs9829115 73766044 7 0.00431205163183108 73614083 73803981 189898
3 661 rs3103760 148301245 3 -0.00429442160789665 147978935 148321254 342319
3 836 rs3887925 186665645 3 -0.004208795725364 186613364 186666546 53182
3 681 rs17283297 151724954 3 0.00415445144536505 151590670 151899724 309054
3 739 rs7644900 169372156 4 0.00404334510623609 169366536 169596908 230372
3 519 rs664244 114585716 1 0.00403577552403809 114461208 114630641 169433
3 591 rs1566695 131414382 1 -0.00402336829702801 131382627 131443898 61271
3 210 rs7653262 30443869 1 0.00399361900502107 30443869 30488348 44479
3 783 rs1490070 176417144 2 -0.00397928464501632 176412862 176647385 234523
3 296 rs358783 55335095 3 0.0039385127669331 55274426 55335095 60669
3 511 rs11706932 112923015 5 0.00391970319413735 112828502 112924776 96274
3 281 rs4687712 53241485 2 -0.00389915107316621 53186704 53537879 351175
3 719 rs13070763 164088664 3 0.00389648363611245 163281927 164172830 890903
3 826 rs4407400 185870197 2 0.00387674637104709 185849190 185909651 60461
3 604 rs4533618 134033585 1 -0.00384846994729393 134023056 134063742 40686
3 319 rs3772503 59980424 2 -0.00382986266914958 59907329 60010769 103440
3 424 rs4855997 77014498 1 0.00382226040913113 76931014 77022269 91255
3 477 rs2961193 104238470 3 -0.00378646960881316 104121004 104530166 409162
3 596 rs6779839 132494523 4 0.00378525024661405 132476678 132861569 384891
3 455 rs1029282 96738205 3 -0.00373871643576007 96710451 97339649 629198
3 449 rs2061372 88336413 7 -0.0037301557260228 88316277 88756407 440130
3 754 rs6445047 171937014 2 0.00370875797782506 171898476 171995605 97129
3 847 rs9867814 187877584 1 0.0037022846761005602 187842721 187879004 36283
3 113 rs607829 13124572 2 -0.00365118169053397 13066535 13140732 74197
3 718 rs7626167 162839973 5 -0.00361521530517301 162389205 163139188 749983
3 609 rs10512944 134898344 1 -0.00359873552366149 134816417 134951036 134619
3 494 rs11922147 108311784 2 0.00357327804276654 108236829 108570396 333567
3 277 rs9834639 48659009 8 0.00355835918493391 48628014 50132131 1504117
3 816 rs4912490 184161735 1 0.00355770211871619 184125634 184174530 48896
3 523 rs7638530 115441608 1 0.00353249647568473 115386571 115441608 55037
3 193 rs669607 28071444 3 0.00342894530860218 28049773 28079085 29312
3 196 rs7648722 28801888 1 -0.00340768663714402 28778641 28882980 104339
3 340 rs6445293 62703006 3 0.00339539106597265 62675297 62862981 187684
3 304 rs11130549 56880444 2 0.00335151234015449 56849749 56926166 76417
3 249 rs11129806 38782737 5 0.00332360787465436 38730117 38832997 102880
3 695 rs16824794 155001447 2 0.0033021933521794 154920664 155034166 113502
3 482 rs1867189 105447746 7 0.00326214036484678 105394300 105651647 257347
3 782 rs2862481 176294153 1 0.00323015663044677 176289744 176407064 117320
3 428 rs10779982 77678306 3 0.00322804220677331 77521306 77749428 228122
3 291 rs17054227 54651208 2 0.00319541027457221 54645869 54781631 135762
3 348 rs6762476 64326232 6 -0.00314827582552909 64267889 64355896 88007
3 652 rs9289713 145824025 4 0.0031472681007155 145566063 145849908 283845
3 717 rs2220977 162369863 5 -0.00313190775973276 161913373 162380954 467581
3 74 rs332936 7753473 3 -0.00312104384682875 7701440 7829298 127858
3 551 rs34173813 122060404 8 -0.00307020770579057 121988355 122329160 340805
3 638 rs990739 142926765 4 0.00306466031393365 142872107 142949459 77352
3 141 rs7641175 18311412 6 0.0030615933711055 17941042 18428450 487408
3 276 rs1564760 47582724 2 -0.00303683993692275 46945000 48583650 1638650
3 279 rs11927897 51929183 1 0.00298414879978983 51863322 52140591 277269
3 707 rs7610202 158731993 1 -0.00296366933150288 158714381 158778092 63711
3 86 rs382530 9156817 1 0.00292057204073323 9136060 9172578 36518
3 260 rs61745795 41759288 1 -0.00289812682092498 41714831 42180651 465820
3 176 rs9872920 25054852 2 0.0028687770734999 24913845 25071449 157604
3 527 rs4831129 115981443 6 -0.00286762412166999 115852764 116024083 171319
3 173 rs17015018 24708172 1 0.00286615204659403 24646076 24708172 62096
3 552 rs13094003 122680141 5 0.00284200261544371 122349815 122680141 330326
3 677 rs7634663 150778251 3 0.00282922215284999 150709018 150778251 69233
3 545 rs4687887 119515585 4 0.00277871110665457 119515585 120017480 501895
3 61 rs6791121 5926673 2 0.00276437377541683 5888012 6061053 173041
3 914 rs7629566 196438744 3 -0.00275933840309462 196438744 196519209 80465
3 398 rs7643143 72354511 5 -0.00269360113135768 72347479 72357857 10378
3 59 rs1836579 5789520 2 0.00267222655804083 5773145 5790348 17203
3 544 rs2247660 119334986 2 0.00266788122666262 119334986 119506880 171894
3 767 rs9821957 173858380 4 0.00265636211201012 173487044 173858380 371336
3 658 rs10513320 147472375 1 -0.00263322285995022 147413101 147481380 68279
3 774 rs6768672 174940266 1 0.00259524028340627 174936391 174985106 48715
3 259 rs13068880 41471642 2 0.0025785941286271 41312055 41670171 358116
3 907 rs2259661 195257170 1 -0.00255928538074896 195257170 195264241 7071
3 456 rs1492030 97697528 4 0.00254244449687655 97455908 97775369 319461
3 542 rs7650193 119034756 2 0.00251823978213219 118909159 119067735 158576
3 584 rs10934885 129298994 2 -0.0024962070067208 129130018 129327291 197273
3 575 rs12495245 126992473 2 0.00245227304485497 126838741 127044373 205632
3 439 rs7632237 82720444 4 0.00242528072384369 82663150 83434614 771464
3 641 rs6771556 143310941 7 0.002374661962604 143179552 143335479 155927
3 873 rs2063421 190801723 2 0.00237460226815021 190752382 190861465 109083
3 452 rs6802456 94913312 1 -0.00237316020037231 94303542 95235091 931549
3 213 rs10510638 30776266 2 -0.00235097321020273 30740289 30836121 95832
3 469 rs11720464 101968917 1 0.00235079656380668 101968917 102000567 31650
3 158 rs2055268 22037999 2 -0.00232157693176836 21973963 22085607 111644
3 169 rs7619754 24271599 2 0.00229486901967535 24203529 24272388 68859
3 815 rs1687230 184003194 1 0.00226286769933136 183951431 184070901 119470
3 274 rs9854776 46294851 8 -0.00226043421175821 46127987 46635328 507341
3 840 rs3864095 186937037 1 0.00221167560209539 186891908 187006419 114511
3 399 rs9870697 72505316 3 0.0021862402511215 72393312 72516056 122744
3 547 rs7619694 120558109 4 -0.00216233614248817 120437310 120561365 124055
3 610 rs11928139 135045517 2 0.00215985755863598 134977164 135153284 176120
3 443 rs7629375 85895494 8 -0.00215268780547586 85402469 86278951 876482
3 223 rs9835916 32343840 5 0.00213299299781427 32304103 32348195 44092
3 378 rs6796248 69728231 1 0.00212237791817241 69661409 69764792 103383
3 841 rs35224605 187088923 2 0.0021096816957243 187060668 187161616 100948
3 285 rs2289204 53906334 1 -0.00210024563468665 53894412 54065571 171159
3 349 rs6445401 64396762 1 0.00209731939193547 64381219 64472243 91024
3 314 rs9855650 59519764 2 -0.00208663367669686 59469187 59529885 60698
3 846 rs2590453 187667808 7 0.00205505560944792 187639375 187793410 154035
3 558 rs9289225 123536043 2 0.00204383998921283 123512627 123587569 74942
3 697 rs819867 155723064 2 0.0020393559726817 155525798 155984606 458808
3 813 rs10937152 183552998 4 0.00202280285794236 183337641 183758506 420865
3 146 rs9846656 19420687 2 0.00201988224395208 19339747 19614045 274298
3 524 rs6763869 115582838 1 0.00201400723847771 115462762 115603783 141021
3 713 rs10513557 160594496 1 -0.00199214566865472 160594496 161112867 518371
3 52 rs7616918 5082955 2 -0.00198735608974258 5082955 5093858 10903
3 687 rs9879759 153404708 1 -0.00197500673342628 153271806 153404708 132902
3 170 rs6800549 24348270 2 -0.0019653469396742 24280948 24357082 76134
3 532 rs9289067 116803821 1 0.00196280504894622 116613461 116828165 214704
3 230 rs13080359 33956494 2 0.00195242500647529 33848798 33985368 136570
3 9 rs1846485 1350134 1 -0.00192370100742985 1350134 1420519 70385
3 812 rs7623174 183234142 4 0.00192183165008912 183210991 183306876 95885
3 77 rs6796806 8195676 4 0.00190793470446085 8112456 8281680 169224
3 48 rs9831960 4802573 2 -0.00190684960913651 4786040 4838819 52779
3 327 rs1447927 60787599 1 0.00188608375407975 60753126 60807883 54757
3 50 rs9311419 4880671 2 0.00187889390547413 4880300 4952779 72479
3 780 rs2067613 175907342 5 -0.00187426173149812 175672207 176030096 357889
3 154 rs12494223 21621796 2 -0.00186824890497911 21528544 21637396 108852
3 214 rs7641301 30906417 6 0.00185950758029256 30848365 31045654 197289
3 481 rs11706098 105372196 2 -0.00184701988725202 105353145 105372196 19051
3 872 rs7644897 190690194 1 -0.00184571920835936 190687002 190717079 30077
3 480 rs16851279 105266274 3 0.00184552345854362 105004853 105328255 323402
3 302 rs10510787 56657257 3 0.00183768812806051 56434975 56740101 305126
3 487 rs939452 106529642 5 0.00181872244085958 106458422 106817199 358777
3 442 rs12489021 85021664 3 -0.00180518817102185 84836962 85377671 540709
3 634 rs28910271 142269075 4 0.00179414637059682 141903905 142541687 637782
3 601 rs7623757 133644893 2 -0.00177457430461912 133594691 133698349 103658
3 561 rs333350 124395387 4 -0.00174190919861919 124283993 124411690 127697
3 307 rs9311646 57393243 7 0.00173155162254904 57275145 58036792 761647
3 814 rs2231224 183901281 7 0.00172978666942146 183773771 183936947 163176
3 34 rs3914769 3304982 1 0.00169137817118391 3260833 3355740 94907
3 286 rs12629593 54104178 1 0.00166999106148994 54093664 54164974 71310
3 646 rs6763060 143992630 1 -0.00165257772989394 143992630 144134473 141843
3 147 rs2931383 19939707 2 -0.00164737693424005 19837587 20043502 205915
3 776 rs6769077 175061871 1 0.00164674169772586 175061871 175116207 54336
3 401 rs8179915 72663045 2 0.00164264879780734 72650801 72678769 27968
3 696 rs6770715 155244835 2 -0.00163218391348117 155087563 155485302 397739
3 352 rs1851676 64910843 11 0.00161226830912978 64867724 65021946 154222
3 253 rs6797988 39835211 7 0.00160797350531878 39763962 39971250 207288
3 414 rs589344 74392917 2 -0.00160031811651335 74329839 74392917 63078
3 99 rs6442216 11004944 2 0.00159885480408991 10962423 11004944 42521
3 310 rs4511910 58590284 4 0.00158552581844077 58590284 58687200 96916
3 685 rs16822470 152987718 1 0.00157474174223943 152761774 153048865 287091
3 565 rs16836571 124876757 3 -0.00157368478613051 124840018 124892546 52528
3 201 rs11129360 29371836 1 0.0015548227902928 29338610 29395686 57076
3 426 rs12185957 77165296 2 0.0015532723582945 77165296 77273602 108306
3 237 rs6550379 36007114 5 -0.0015349924567209 35926289 36021293 95004
3 377 rs6796079 69583130 1 -0.00151928220752605 69547173 69621800 74627
3 576 rs4637240 127150025 4 0.00151773870018606 127080468 127190795 110327
3 761 rs6799845 172591359 1 0.00151053261511864 172591359 172888973 297614
3 459 rs7639655 98370840 9 0.00150637931226434 98304403 98697389 392986
3 595 rs2270801 132277866 7 -0.00150059242196775 132149551 132443661 294110
3 358 rs9823801 65952671 2 0.00148989292380642 65846925 65999755 152830
3 151 rs1874654 21092440 5 0.00144415694095697 20972475 21227977 255502
3 640 rs9849797 143129061 4 0.00142547840570556 143044440 143144568 100128
3 750 rs4894786 171645174 5 -0.00141658470787433 171599454 171684515 85061
3 130 rs6442494 15081352 1 0.00141529990474635 14981262 15216429 235167
3 264 rs146063264 42599171 1 0.00141087744836691 42547127 42716120 168993
3 65 rs421862 6499468 4 -0.00134553713089467 6437832 6721335 283503
3 360 rs1870033 66689366 1 0.00132605886382607 66635873 66689366 53493
3 365 rs1490271 67345223 2 0.0013106581773086 67342414 67453290 110876
3 548 rs390950 120583633 5 0.0013069972145966 120583633 121319824 736191
3 690 rs357473 153895147 4 0.0012820183528008 153712602 154134232 421630
3 588 rs16831670 130499302 1 -0.00125389706940271 130255483 130499302 243819
3 316 rs17358517 59685732 1 0.00123690761226299 59675336 59716457 41121
3 44 rs304010 4560263 1 -0.00121981085845306 4432033 4571671 139638
3 41 rs1561801 3850233 3 0.00121870153509198 3850233 4015439 165206
3 448 rs6809560 87983041 4 0.00121498124237143 87594454 88206392 611938
3 43 rs2629243 4230372 2 -0.00120329170169154 4110799 4415276 304477
3 803 rs9840545 181484270 1 0.00119492197303973 181484270 181524517 40247
3 798 rs4854951 179436298 1 -0.00119292008973746 179408054 179568940 160886
3 585 rs4688772 129432347 3 0.00119115287394821 129350751 129738910 388159
3 835 rs864265 186554292 2 0.00118596580776876 186519136 186597161 78025
3 379 rs7430272 70258762 2 0.00117630969485107 69843971 70283132 439161
3 614 rs4678285 136781083 3 0.00117096232221356 136693459 137237541 544082
3 205 rs7652078 29831996 1 -0.00116161616382969 29831996 29901874 69878
3 906 rs12495970 194928138 2 0.00115883766670084 194928138 195109866 181728
3 219 rs4282098 31928640 1 0.00111260431812269 31856030 31928640 72610
3 323 rs13317933 60283702 1 0.00110217374785505 60277709 60337651 59942
3 860 rs6771859 189159352 2 0.00109991775985266 189106781 189223702 116921
3 810 rs3732595 183029331 1 0.00108656338881456 183005320 183099294 93974
3 647 rs1178938 144382589 2 -0.0010726052108027 144241495 144586275 344780
3 133 rs1454776 16009044 4 0.00106073013882372 15537992 16052206 514214
3 297 rs511843 55552815 1 0.00105772029394834 55430471 55607737 177266
3 42 rs1110797 4031655 1 -0.00105441674150659 4026680 4103926 77246
3 617 rs17548687 137521204 2 0.00105066281930228 137512736 137691793 179057
3 150 rs13093281 20934496 2 -0.0010373679476957 20777360 20934496 157136
3 111 rs7643321 12663233 4 0.00102535401888638 12487827 12857493 369666
3 46 rs2029665 4665565 1 -0.00101943155988418 4628541 4665565 37024
3 529 rs9863866 116320333 1 9.946566041091928e-4 116316741 116368195 51454
3 233 rs6785948 35113640 1 -9.945130525263507e-4 34850303 35179119 328816
3 901 rs4677749 194526266 3 9.879788227158126e-4 194491496 194533470 41974
3 877 rs1014940 191748772 1 9.874000656333547e-4 191425855 191821726 395871
3 478 rs17452316 104722931 2 9.785737706800336e-4 104595338 104825919 230581
3 451 rs4857284 93991504 1 -9.677960774071628e-4 90025022 94219921 4194899
3 772 rs9836841 174814920 2 9.477860993730448e-4 174740389 174829687 89298
3 149 rs1474180 20501403 8 -9.434434990355702e-4 20384627 20752492 367865
3 3 rs1531913 565961 1 9.38214834760058e-4 543373 598777 55404
3 857 rs6765588 188916053 2 9.349428015425582e-4 188860551 188947955 87404
3 476 rs2399009 104060810 2 -9.276960287594084e-4 104060810 104103488 42678
3 267 rs11718258 43826355 2 -9.265228611476564e-4 43826250 44108553 282303
3 809 rs580116 182872446 2 9.118289603103624e-4 182731930 182944282 212352
3 272 rs267260 45601252 1 -9.09304122264641e-4 45452578 45817418 364840
3 823 rs7646052 185148605 1 -9.082003107116456e-4 185110520 185530322 419802
3 183 rs4334607 25944830 3 -8.843495065861917e-4 25944830 26208320 263490
3 786 rs7431825 177057139 1 8.812255352359728e-4 176933598 177057139 123541
3 177 rs6772970 25113247 4 -8.708219008996703e-4 25081857 25233025 151168
3 639 rs9857832 142980880 1 -8.682949486905782e-4 142980880 142985717 4837
3 727 rs2203919 166739585 1 -8.582998633022412e-4 166585179 167082989 497810
3 778 rs4243412 175282048 2 8.568953754042601e-4 175278896 175481669 202773
3 114 rs11719364 13192364 1 8.559519895337238e-4 13182935 13207536 24601
3 653 rs907491 146091891 5 -8.3705286826331e-4 145932764 146265311 332547
3 13 rs7630359 1754872 1 8.348184802812643e-4 1711749 1807913 96164
3 622 rs16849220 139348518 1 8.297176204744613e-4 139056584 139357093 300509
3 728 rs6774632 167279650 1 -8.292046013511475e-4 167121000 167512569 391569
3 794 rs13100117 178552671 1 -8.223784365418811e-4 178445081 178554554 109473
3 75 rs4684558 7897821 3 8.184145230206545e-4 7852651 7989144 136493
3 822 rs3774051 184941725 1 -7.993010915064633e-4 184833409 185099352 265943
3 121 rs2227999 14199908 3 7.898949643470933e-4 13864338 14222571 358233
3 434 rs17018517 81148588 2 7.893058419061165e-4 80399400 81181268 781868
3 392 rs6549411 71880648 3 -7.693119640968119e-4 71879327 71961393 82066
3 663 rs6803439 148510797 2 7.608606683650847e-4 148466363 148540154 73791
3 896 rs6766839 193946147 1 -7.604927971774869e-4 193946147 193946418 271
3 359 rs3845895 66490125 3 7.551301357811377e-4 66293480 66490125 196645
3 777 rs10460885 175180353 2 7.49620679446276e-4 175124340 175209406 85066
3 138 rs17272614 16670272 1 7.493538893540176e-4 16667968 16872929 204961
3 720 rs17445697 164359759 2 -7.403858152027143e-4 164209389 164811507 602118
3 553 rs9816759 122688170 1 7.279150460276203e-4 122688170 122762440 74270
3 101 rs11128537 11092828 1 7.272944368336867e-4 11080169 11092828 12659
3 673 rs4681620 150181413 1 -7.140255475471911e-4 150023454 150238321 214867
3 516 rs2683792 114097441 1 -7.133900235104388e-4 114097441 114124962 27521
3 440 rs11127827 83914758 2 -7.133134485274692e-4 83547249 84087647 540398
3 632 rs6782796 141440993 2 -7.098614491167414e-4 141440993 141540962 99969
3 869 rs1559018 190297083 1 -7.091628686829081e-4 190280052 190297981 17929
3 70 rs7615254 7114784 4 -7.082434656017979e-4 7104505 7247989 143484
3 534 rs6800555 117045006 1 6.877659439306666e-4 116946218 117045006 98788
3 106 rs11923454 11797881 1 -6.823890252641701e-4 11796487 11799201 2714
3 368 rs7642515 67908896 1 6.798754145507038e-4 67859042 67918792 59750
3 890 rs533857 193527389 1 6.586724367431727e-4 193477063 193586088 109025
3 674 rs144597450 150398311 1 6.538273326331708e-4 150285520 150417238 131718
3 736 rs16853318 168932906 5 6.511747467594684e-4 168693089 168967606 274517
3 331 rs9862251 61587570 2 -6.499759291101513e-4 61444443 61620466 176023
3 466 rs6794896 101603126 1 -6.488591082764834e-4 101594402 101670259 75857
3 868 rs10212103 190239148 1 -6.474397539900955e-4 190239148 190260037 20889
3 240 rs1879545 36596036 1 6.460317011561477e-4 36491641 36794597 302956
3 64 rs9856021 6395994 2 -6.445417344921922e-4 6237572 6416779 179207
3 23 rs1479544 2687527 1 6.376645928948498e-4 2675189 2725060 49871
3 227 rs4468931 33024472 1 -6.32224946234543e-4 32869922 33024773 154851
3 458 rs6797035 98281078 5 6.321392943775226e-4 98221749 98291866 70117
3 120 rs729639 13826854 2 6.320166844485062e-4 13743132 13835944 92812
3 741 rs1684885 169958552 1 6.266327433151447e-4 169812115 170146445 334330
3 637 rs750870 142800051 3 -6.20539906486979e-4 142730774 142852015 121241
3 134 rs897204 16096066 1 6.005190888690641e-4 16096066 16114461 18395
3 878 rs9848565 191901623 2 5.965151769491477e-4 191855182 191906419 51237
3 98 rs958469 10941102 1 -5.957078651133567e-4 10830031 10948776 118745
3 404 rs4571176 73001928 1 -5.949753666679351e-4 72973732 73222872 249140
3 122 rs4684187 14282367 4 -5.884089988017109e-4 14249532 14306278 56746
3 654 rs13091393 146598479 1 -5.81144186498217e-4 146294395 146601295 306900
3 79 rs11718095 8495335 2 -5.786438084278334e-4 8344541 8495335 150794
3 290 rs4955856 54610463 2 -5.782672425870672e-4 54597829 54626332 28503
3 849 rs16863233 188074777 2 5.751503982517676e-4 188026277 188124354 98077
3 501 rs2669090 110115936 2 -5.579768475578023e-4 110110033 110487084 377051
3 518 rs7615798 114274333 1 5.578886482025709e-4 114199151 114364462 165311
3 791 rs13322501 177593124 1 5.526400450405153e-4 177551779 177735032 183253
3 590 rs3749393 131082393 2 5.521007738614207e-4 130588475 131352286 763811
3 725 rs1403779 166304564 1 5.515980202049978e-4 165940003 166444013 504010
3 96 rs1541957 10652299 2 -5.464305527290642e-4 10633335 10657877 24542
3 688 rs7638828 153418139 1 -5.441584074497728e-4 153409421 153474220 64799
3 600 rs1799899 133475812 2 -5.37837987231561e-4 133265532 133547245 281713
3 909 rs9859401 195800603 2 -5.372746568437254e-4 195652708 195820274 167566
3 312 rs7372490 59367296 2 5.343264569010305e-4 59237106 59408242 171136
3 531 rs9868790 116478358 2 -5.329853066028214e-4 116470835 116585281 114446
3 698 rs9844584 156019961 1 -5.234994087567987e-4 156019961 156105173 85212
3 799 rs6806193 179778368 1 5.225760477501123e-4 179579536 179778368 198832
3 781 rs12489250 176048311 2 5.17902483628514e-4 176045736 176261513 215777
3 156 rs12633231 21807679 1 5.164689849080043e-4 21786893 21844883 57990
3 14 rs9814447 1857842 1 -5.121174641205329e-4 1819843 1903200 83357
3 217 rs7627284 31672157 4 5.097026083059749e-4 31486740 31712393 225653
3 287 rs11926147 54195096 5 -5.08976386598225e-4 54173568 54256559 82991
3 235 rs6783653 35317606 2 -4.990672251498886e-4 35296967 35537731 240764
3 528 rs1712999 116131936 1 4.973709003648484e-4 116047619 116286299 238680
3 273 rs6441929 45924791 1 4.953650501880213e-4 45830886 46011436 180550
3 269 rs35428731 45130609 3 -4.932008561573621e-4 44233507 45134822 901315
3 308 rs12632456 58118555 2 -4.924145126448812e-4 58105995 58149417 43422
3 700 rs1983205 156300190 1 -4.86007887166928e-4 156241306 156336114 94808
3 680 rs16846748 151438247 5 -4.857676773494942e-4 151363844 151545601 181757
3 102 rs7625056 11157856 1 4.8473399032264864e-4 11153613 11219002 65389
3 805 rs6788528 181932928 1 -4.846028268400933e-4 181908937 182049262 140325
3 405 rs791443 73331002 3 4.7676945515719903e-4 73248855 73363208 114353
3 885 rs9858084 192563219 2 4.663727419838627e-4 192555298 192599336 44038
3 916 rs35430440 196807928 1 -4.5914343435553024e-4 196736575 197060036 323461
3 72 rs1868616 7505487 3 4.590304572852002e-4 7428082 7511375 83293
3 94 rs40509 10492652 2 -4.508421075234461e-4 10382638 10522678 140040
3 611 rs10512967 135254047 2 -4.466266860793037e-4 135186269 135286419 100150
3 383 rs7633132 70791669 1 4.4541258421835805e-4 70606921 70873003 266082
3 644 rs6808041 143506434 2 4.364329790840016e-4 143502226 143570871 68645
3 556 rs6438804 123331143 1 -4.352019141934544e-4 123173119 123378837 205718
3 418 rs6765044 75388161 1 -4.2860046066477576e-4 75381599 75388161 6562
3 735 rs9825517 168586930 2 -4.258019679879533e-4 168583606 168684844 101238
3 171 rs9310740 24422751 1 4.2277413135262745e-4 24364406 24480540 116134
3 299 rs1495360 55760165 1 4.168710068839839e-4 55736867 55760165 23298
3 684 rs13070843 152724407 2 4.1422652703326535e-4 152611465 152737318 125853
3 132 rs6782980 15499713 2 -4.031371156496197e-4 15342850 15519262 176412
3 592 rs9850812 131460681 4 4.005385221095251e-4 131455600 131647348 191748
3 87 rs986119 9211356 1 3.991889267710737e-4 9211356 9232109 20753
3 198 rs11927581 29068750 6 3.96351433886727e-4 29022934 29134109 111175
3 605 rs9827878 134225969 1 3.9481175899932635e-4 134142093 134460368 318275
3 876 rs1916631 191362353 2 -3.8483977614301617e-4 191232772 191400380 167608
3 163 rs3915080 22711509 1 3.826967429449274e-4 22686512 23118908 432396
3 593 rs2369355 131802061 2 -3.7877061835219346e-4 131650094 131832227 182133
3 243 rs9823993 37639213 3 -3.761049547285907e-4 37536056 37663435 127379
3 603 rs7615471 133784988 1 3.7545674185651744e-4 133784988 134010124 225136
3 408 rs3213822 73540081 1 3.749069118969912e-4 73509913 73588223 78310
3 898 rs6763011 194066332 1 -3.746768208406987e-4 194066332 194172504 106172
3 737 rs16853722 169150632 1 3.711523078113857e-4 168995182 169188577 193395
3 356 rs1021696 65646508 2 3.6964915089673423e-4 65430402 65674722 244320
3 655 rs7625438 146884607 1 -3.6613547129540463e-4 146622509 146943112 320603
3 893 rs7628703 193801183 1 3.6604835416961616e-4 193792533 193806588 14055
3 485 rs1955156 106192908 1 -3.618542682705344e-4 106175546 106330148 154602
3 848 rs6809410 187975289 1 -3.5885311183880646e-4 187910011 187975289 65278
3 762 rs9290468 172986183 1 3.587481834649492e-4 172986183 173008491 22308
3 85 rs421041 9066853 2 3.5597419028355937e-4 9041299 9091946 50647
3 363 rs6805111 67095678 2 3.5518028091206105e-4 66912679 67245703 333024
3 53 rs3864055 5135571 1 3.523912966631438e-4 5129769 5140364 10595
3 721 rs3828419 164906806 1 3.512194023723735e-4 164863010 165041791 178781
3 844 rs2229362 187446211 1 -3.5005802329625424e-4 187337208 187446211 109003
3 714 rs9861671 161380544 1 -3.4794643812741685e-4 161164355 161517861 353506
3 8 rs4684830 1260260 2 3.426590011426523e-4 1238287 1319738 81451
3 18 rs1720201 2338231 2 -3.35896649142707e-4 2335062 2420109 85047
3 572 rs9637365 126370166 3 -3.357326739741865e-4 126216566 126395553 178987
3 406 rs3901920 73394611 1 -3.3066879471815587e-4 73393147 73411687 18540
3 554 rs11709496 122809400 1 3.260061366976994e-4 122788359 122850576 62217
3 597 rs517255 133118054 1 3.242041314498745e-4 132888446 133125713 237267
3 578 rs3773161 127500291 1 3.1175838453880095e-4 127500291 127594748 94457
3 462 rs704582 99571926 2 -3.1174465742053097e-4 99391933 100170825 778892
3 305 rs2054857 57042314 1 -3.076352463507629e-4 57009097 57042314 33217
3 892 rs1472075 193706323 1 3.0745738904747346e-4 193703873 193717118 13245
3 332 rs1320232 61661311 1 3.052251220492165e-4 61660267 61661311 1044
3 855 rs3856921 188550579 1 3.033489823941948e-4 188507780 188608358 100578
3 29 rs168165 3017397 1 2.999553652320918e-4 3003178 3029483 26305
3 76 rs3912448 8041502 1 2.956102240164061e-4 7996336 8092805 96469
3 749 rs3843979 171533283 1 -2.92345150159e-4 171399321 171558344 159023
3 582 rs9810890 128652553 1 2.8984421597495947e-4 128446412 128755953 309541
3 15 rs2729298 2023020 1 -2.896393824547415e-4 1929666 2035573 105907
3 829 rs1981783 186054149 1 2.893521395957155e-4 186025431 186054149 28718
3 497 rs1163447 109056751 2 2.8225842941977596e-4 108982704 109092384 109680
3 474 rs6763222 103598275 1 -2.7670515705805946e-4 103452733 103722343 269610
3 389 rs6782714 71684845 1 2.758919185469841e-4 71666535 71697761 31226
3 843 rs16862258 187262106 1 -2.7217902233618883e-4 187225416 187319124 93708
3 734 rs16852525 168363205 1 2.7201121045331136e-4 168363205 168538993 175788
3 417 rs1527529 74841608 4 2.6811593781819406e-4 74632701 75322243 689542
3 7 rs1391917 1215717 4 2.6511058449374836e-4 1175575 1218279 42704
3 429 rs17832529 78056120 3 2.6433657686662196e-4 77801683 78245085 443402
3 216 rs12487752 31406633 2 -2.610947545613079e-4 31332156 31448215 116059
3 490 rs709529 107314192 4 2.5744190565761614e-4 107153088 107540714 387626
3 833 rs16860974 186387299 1 2.562221972653933e-4 186358346 186396616 38270
3 643 rs1349001 143482873 1 -2.5494879566618264e-4 143422775 143482873 60098
3 19 rs9841813 2494395 2 -2.542765890835596e-4 2427838 2499708 71870
3 437 rs9309886 82143651 1 -2.5387927296452136e-4 82034178 82441812 407634
3 910 rs6765113 195870161 1 -2.537985486807949e-4 195870161 195929252 59091
3 231 rs3924979 34039268 1 2.529992264044134e-4 34001399 34320254 318855
3 278 rs12632110 50224225 2 -2.5280029935285844e-4 50224225 51772347 1548122
3 294 rs358017 55128571 1 -2.3967163984248428e-4 55100492 55179991 79499
3 422 rs774610 76780594 2 -2.3526536544488035e-4 76664559 76782340 117781
3 189 rs2643823 27646114 1 2.3416121061704676e-4 27614316 27646114 31798
3 555 rs4482616 123018963 1 -2.3377195240272385e-4 122860765 123106652 245887
3 190 rs6803646 27808217 2 -2.2750490442811216e-4 27680063 27833251 153188
3 140 rs8179983 17764309 2 -2.1944516699852208e-4 17188392 17882668 694276
3 238 rs1449991 36154313 1 -2.1911270353512497e-4 36044211 36344479 300268
3 162 rs7616263 22531649 2 -2.1483029361114327e-4 22435368 22626907 191539
3 51 rs908072 5041215 1 2.1136449058649376e-4 4991139 5053815 62676
3 464 rs9880062 100598675 1 2.060146753083922e-4 100594640 100792449 197809
3 671 rs10513366 149895807 1 -1.9832941689257015e-4 149812073 149917021 104948
3 4 rs1403919 857458 1 1.9658906769839707e-4 715829 915389 199560
3 423 rs1146013 76869831 1 -0.00019295024299559289 76869831 76882785 12954
3 756 rs590374 172098027 1 -1.9074046103074888e-4 172060700 172108555 47855
3 792 rs2863110 177864536 3 1.8998695292085516e-4 177763155 178105341 342186
3 194 rs1156909 28126595 1 1.8658748398027715e-4 28126595 28624327 497732
3 865 rs11917702 189788068 1 -1.7653121325180096e-4 189680945 189816756 135811
3 135 rs10510446 16189021 1 1.7411577045590374e-4 16162533 16277043 114510
3 905 rs7644208 194855954 1 -1.6938950486546808e-4 194792415 194894133 101718
3 503 rs2634553 111050246 4 -1.6543871530850596e-4 110930787 111267564 336777
3 381 rs1533814 70371066 1 -1.6134922633089516e-4 70330440 70446896 116456
3 335 rs168371 62052829 1 1.6046215239032936e-4 62052829 62108226 55397
3 824 rs9840713 185682129 5 1.561639645744062e-4 185610274 185708275 98001
3 333 rs13076126 61853342 2 -1.544912271858377e-4 61720229 61868242 148013
3 315 rs11720729 59594892 1 -1.5408350339659677e-4 59570968 59649815 78847
3 175 rs9310756 24792424 1 -1.538533882461204e-4 24776203 24858630 82427
3 612 rs9858287 135392550 1 -1.5080495160564724e-4 135345493 135392550 47057
3 266 rs4462942 43564157 1 1.4578492412033406e-4 43226220 43797458 571238
3 917 rs13099091 197121593 3 -1.449434677748512e-4 197080008 197155097 75089
3 484 rs12637225 106132701 1 1.3472417906608956e-4 105697533 106142880 445347
3 620 rs12107422 138652077 1 1.3307382873019484e-4 138652077 138842092 190015
3 397 rs9815397 72317470 1 -1.269333277515795e-4 72282932 72317470 34538
3 271 rs33748 45262393 2 -1.2134435965976056e-4 45196743 45436473 239730
3 850 rs9851525 188152306 2 -1.1092684782868854e-4 188152306 188200897 48591
3 438 rs9831660 82492458 2 1.0984013008738076e-4 82448567 82614903 166336
3 298 rs815466 55671759 1 1.0840405171957657e-4 55653812 55704079 50267
3 16 rs9878112 2074515 2 1.0650763864008248e-4 2047418 2137538 90120
3 708 rs9871574 159098996 3 1.0613027710033644e-4 158831323 159259291 427968
3 918 rs6788537 197161849 1 1.059949022751274e-4 197161849 197218463 56614
3 247 rs2070492 38357817 2 -1.0190641086001548e-4 38357817 38593393 235576
3 662 rs275680 148367386 1 -8.928711017406577e-5 148360988 148441620 80632
3 411 rs167096 73874699 1 8.918616470831927e-5 73861878 73906871 44993
3 802 rs6801673 181212727 1 8.877490805012816e-5 181061295 181340141 278846
3 40 rs6805805 3781719 2 8.204808342799242e-5 3767186 3828076 60890
3 659 rs4681137 147557097 1 -8.175932807792704e-5 147502818 147624267 121449
3 888 rs4234627 193010246 2 -8.09181505620325e-5 192850845 193119305 268460
3 224 rs13075542 32398024 3 -8.039357036906556e-5 32378271 32457198 78927
3 651 rs7612202 145465183 5 -7.8317420059023e-5 145370402 145492901 122499
3 499 rs9812947 109944669 2 7.827676647206632e-5 109575764 109956216 380452
3 416 rs6767471 74577921 2 7.779985860699706e-5 74541725 74607020 65295
3 326 rs17670198 60597001 1 7.732134314740017e-5 60581806 60723910 142104
3 366 rs12489223 67475097 3 -7.671676225530174e-5 67468422 67732386 263964
3 321 rs10510828 60120243 1 -7.583719569787709e-5 60115140 60136927 21787
3 498 rs10511276 109316638 1 7.049523596988115e-5 109121182 109510473 389291
3 385 rs9840529 71208815 2 7.045337586122021e-5 71103136 71208815 105679
3 642 rs1530650 143389999 1 6.392811130741358e-5 143360568 143409272 48704
3 369 rs6548962 68121791 2 6.338142051446087e-5 68066484 68286023 219539
3 109 rs378603 11992489 1 5.61561843714401e-5 11977551 12010027 32476
3 199 rs604110 29158022 1 5.54672636857097e-5 29158022 29212902 54880
3 126 rs4449299 14598965 1 5.345350029610921e-5 14567382 14623302 55920
3 672 rs12233598 149935215 1 -5.1389807511230225e-5 149935215 149965315 30100
3 427 rs9869100 77412233 1 -4.9036684480749e-5 77309810 77505705 195895
3 689 rs10513453 153640591 1 -4.900554245185042e-5 153477976 153688870 210894
3 89 rs7613389 9473202 1 4.4353543412934395e-5 9352319 9495119 142800
3 463 rs4928110 100251674 1 4.375496201787211e-5 100213778 100576353 362575
3 679 rs9876367 151210190 1 -3.777196271478261e-5 151194880 151342245 147365
3 181 rs1286733 25613372 1 -3.07264631708886e-5 25550423 25645514 95091
3 195 rs6549869 28701496 4 -2.610590234366193e-5 28652496 28771502 119006
3 769 rs7632482 174164942 2 -2.564112660326148e-5 174092758 174245949 153191
3 568 rs2364372 125873738 1 1.634894211564199e-5 125677514 125873738 196224
3 200 rs2048896 29244234 1 1.3242548029529258e-5 29244234 29296192 51958
3 467 rs1081617 101720536 1 -1.2852570495979023e-5 101681481 101808006 126525
3 903 rs711993 194680000 2 9.980523509516047e-6 194680000 194733941 53941
3 562 rs7430813 124626673 1 -4.967848596750691e-6 124438439 124647727 209288
3 488 rs7651766 106938456 1 3.688029249256633e-6 106849597 106967877 118280
