CHR Group SNP.lead BP.lead Size W BP.min BP.max BP.width
8 939 rs993725 128988220 3 0.04490990320517837 128929371 129012574 83203
8 943 rs11997192 129218127 5 0.04407956075582708 129128194 129218127 89933
8 996 rs3958181 134638258 2 0.03322487337138142 134626955 134665039 38084
8 942 rs2720667 129083584 2 0.03002816729464864 129082378 129114007 31629
8 624 rs1966115 79556891 6 0.02974256317197569 79420199 79743689 323490
8 1079 rs878421 142328020 2 0.02768332286741048 142269874 142367087 97213
8 509 rs10957150 61512060 4 0.02679171648766351 61309122 61568210 259088
8 848 rs4876412 119427392 2 0.02660755551108476 119427392 119492578 65186
8 849 rs10505343 119580807 2 0.02522058807870879 119499751 119580973 81222
8 585 rs6994325 72764061 4 0.02454456494212309 72761190 72907897 146707
8 233 rs537700 17759924 7 0.02453866893039903 17638034 17761089 123055
8 305 rs1010848 23351759 4 0.0206014417015636 23349637 23383743 34106
8 884 rs7159 124027628 3 0.02018323412993085 124023374 124076688 53314
8 21 rs997378 1843091 4 0.0194240079319943 1828807 1847184 18377
