CHR Group SNP.lead BP.lead Size W BP.min BP.max BP.width
4 134 rs7665090 103551603 15 0.14370787492513545 102714886 104340317 1625431
4 214 rs11733331 175076940 6 0.05436241354029908 174873969 175126378 252409
4 79 rs4695248 47555196 15 0.05305116723462851 47421325 53778384 6357059
4 0 rs3755963 894255 11 0.04853556390168462 85422 941290 855868
4 136 rs7678440 106178902 29 0.04488893526515312 104944893 106472577 1527684
4 119 rs10006766 88160018 38 0.04063785368212141 86935890 88856733 1920843
4 131 rs6849832 101120472 11 0.03233864256481914 100341861 101179982 838121
4 100 rs4600889 72337490 4 0.03072757330340551 71629537 72412029 782492
4 109 rs147332320 79176444 8 0.02937208709529399 79118533 79846570 728037
4 14 rs16838780 6417785 4 0.02425452268970635 6361632 6507841 146209
4 105 rs2273 76889388 24 0.0241676603241802 75992533 77128026 1135493
4 167 rs1589127 137885582 10 0.02387036283765643 137413277 137964269 550992
4 210 rs7682721 171914470 14 -0.02300622448885093 171288473 172540259 1251786
4 117 rs2091745 84961080 4 0.02290391614910286 84831724 85430800 599076
4 215 rs7685956 175422196 11 0.02269135361242361 175246203 176110924 864721
4 66 rs630428 38121363 8 0.02239595101218152 37903382 38277904 374522
4 97 rs1371863 68192816 11 0.02223689512841634 68088235 68689874 601639
4 33 rs2286455 16020162 18 0.02134282635346015 15930961 16513748 582787
4 184 rs6839352 151887280 14 0.02060323337185106 150955500 152991825 2036325
4 23 rs4697909 9896760 8 0.0204610506168589 9371116 10388610 1017494
4 36 rs2697707 17427573 7 0.02030202135593695 17255650 17550349 294699
4 153 rs6842940 122401640 14 0.02008049035324782 122156142 122653300 497158
4 16 rs6836687 7151812 4 0.01983201348217626 6918679 7257160 338481
4 89 rs2044706 59631750 13 -0.01955455476003099 58967480 60681208 1713728
4 188 rs6535930 154540056 3 0.01945620872368793 154513627 155008496 494869
4 237 rs6812958 185325242 5 0.0193842116695664 185086713 185353799 267086
4 27 rs2903351 12707180 7 0.01908306886394848 12017993 13002341 984348
4 81 rs17747127 55241063 10 0.01888327482871936 55049751 55643116 593365
4 195 rs6849580 159950990 4 0.01871695457468271 158778839 160350425 1571586
4 154 rs13151961 123115502 8 0.01825044587231572 122659704 123563078 903374
4 187 rs6535925 154469214 13 -0.01734095964772259 154000968 154469214 468246
4 54 rs13110484 27757391 14 0.01686818858694539 27715503 28863159 1147656
4 209 rs10213032 171009360 4 0.01685680792255507 170754412 171244684 490272
4 151 rs1587734 120809455 5 0.01681647244362035 120704766 121538689 833923
4 51 rs12505133 26883909 4 0.01671999133914934 26308792 27045049 736257
4 3 rs4690055 2748663 7 0.01603277221734504 2332705 3526645 1193940
4 179 rs6537382 146867376 4 0.01565382285409064 146309232 146870683 561451
4 180 rs17612742 148414651 16 0.01520942579739037 146883385 148491480 1608095
4 86 rs12642622 57902276 9 0.01456618521430448 57516896 57948187 431291
4 143 rs227387 112749063 13 -0.01433067935211565 112524778 113779891 1255113
4 224 rs1546680 180411508 6 0.01426887403358038 180313511 181108510 794999
4 231 rs17072678 182964412 7 -0.01376725593252855 182964412 183239761 275349
4 114 rs953534 83617849 3 0.01372548888128751 83527733 83697854 170121
4 166 rs2897153 137105336 6 0.01337160459607565 135831516 137359917 1528401
4 159 rs11938961 127255447 4 0.01208462921728925 126742571 127265065 522494
4 193 rs1521703 157449624 9 0.01188774395122811 157166746 157574035 407289
4 7 rs2968684 4888990 8 -0.01132916919506514 4579042 4984192 405150
4 80 rs4864767 54367136 11 -0.01103381083088562 53893156 54799245 906089
4 83 rs11729403 56267182 5 0.01101817816523614 55997340 56527767 530427
4 6 rs2980164 4297389 9 0.01087550009643845 4207366 4562916 355550
4 225 rs12509071 181342591 3 -0.01085616047526886 181153885 181350463 196578
4 44 rs2932965 23805486 7 0.01082177130232479 23805486 24264901 459415
4 160 rs13110774 127290078 14 0.01073817734951142 127283300 129598078 2314778
4 183 rs10019047 150459436 3 0.01054645224181227 149742690 150924437 1181747
4 37 rs740672 17782264 7 0.01023479061383331 17643848 18803502 1159654
4 220 rs17749802 178520166 6 0.00997975303833713 178317692 178979494 661802
4 238 rs12650715 185776850 2 0.00994505882833601 185370066 185791901 421835
4 135 rs3796962 104574265 2 -0.00994095115529611 104414511 104882439 467928
4 155 rs6836610 123601697 4 0.00987348881861064 123578850 124371328 792478
4 208 rs6553418 170019039 4 0.00982776829641302 169979856 170676328 696472
4 28 rs10008923 13213672 7 0.00973831002953993 13023307 13526386 503079
4 138 rs1038854 108189246 9 -0.00961395064873489 108167905 109111726 943821
4 170 rs11941589 140115744 7 -0.00953086112332385 139567815 140370149 802334
4 127 rs10440376 96311257 6 -0.00952323738596446 96255088 96434992 179904
4 140 rs6533440 110539002 15 -0.00933736040411115 109999116 111129756 1130640
4 24 rs10516217 10973261 7 0.00929587752941764 10419465 11050420 630955
4 130 rs729147 100333267 6 0.00920843649711999 99541283 100335586 794303
4 35 rs283029 16698184 4 0.00903510984641251 16698184 17224345 526161
4 68 rs6824105 38754189 9 0.00900877559515872 38570708 38955135 384427
4 181 rs12650033 148987187 8 0.00886355509026431 148554421 149131264 576843
4 94 rs4364313 66289167 15 -0.00836249366027669 65613269 66576310 963041
4 115 rs2868729 84147407 6 0.00833141030184885 84013509 84260521 247012
4 203 rs4147034 166453722 6 0.00803168603518991 165827749 166679175 851426
4 78 rs957858 45737256 3 0.00792125581029387 45737256 47406635 1669379
4 106 rs10025494 77189380 17 0.00790174858454764 77139510 77763831 624321
4 65 rs17604934 37542764 12 0.00744029834611175 37390658 37862522 471864
4 207 rs1392750 169745078 4 0.00740791430480709 169422705 169928842 506137
4 32 rs10155296 15175539 15 0.00739189388583611 14872639 15896341 1023702
4 149 rs4560487 118828807 17 -0.0073015285823351 117569522 118870933 1301411
4 158 rs1355164 126262415 9 -0.00723129250412269 126239986 126696308 456322
4 92 rs6817682 63391971 8 -0.00719804911853156 62845490 64103715 1258225
4 128 rs1579627 96636651 8 0.00716084534727256 96508701 97779789 1271088
4 121 rs636446 90100155 6 -0.00710333282928256 89389640 90116432 726792
4 2 rs2236998 2256716 8 0.00696518987696078 1566164 2275835 709671
4 162 rs6836368 130751286 9 0.00689985463244819 130373727 131062875 689148
4 148 rs10024264 117468423 5 0.00675143541167514 116074054 117475813 1401759
4 110 rs9991949 80634958 7 0.00674605371067294 79914407 80959926 1045519
4 172 rs2667370 140778960 3 0.00652009143296127 140724600 140985905 261305
4 85 rs11732236 57132047 3 0.00643689671569908 57116323 57503077 386754
4 43 rs13118539 23631863 3 0.0063466820843317 23346349 23759757 413408
4 67 rs6531631 38396739 8 0.00625000492984682 38308761 38548187 239426
4 191 rs1155097 156414715 4 0.00618409738237895 156051299 156586949 535650
4 62 rs10000487 35299287 6 -0.00605425745049719 35164369 36015133 850764
4 69 rs16995300 39478264 4 0.00602129200430741 39005601 40139719 1134118
4 145 rs10022885 114038963 10 0.00598952947441764 114038963 114594271 555308
4 40 rs11730849 21438786 5 0.00569624951604682 20908415 21689430 781015
4 177 rs1808991 144792959 4 0.00567762345475643 143450575 145141405 1690830
4 108 rs6845871 79048490 4 0.00543485090481136 78335569 79048490 712921
4 77 rs4326040 44870506 12 0.00518072003760891 43968054 45548380 1580326
4 19 rs12641498 7917574 9 0.00499993359048553 7666180 7992749 326569
4 111 rs17465218 81112434 9 -0.00482054079100343 80993133 82315470 1322337
4 223 rs7681905 180172956 6 -0.00480408393265284 179942389 180298293 355904
4 163 rs4133013 132242896 8 0.00475034358313992 131127633 132794301 1666668
4 244 rs9999651 187366649 13 0.00466032572282875 187247089 187580706 333617
4 206 rs590272 169181074 4 0.00461211347785054 168515495 169401199 885704
4 137 rs11943338 107769255 10 -0.00459518075125601 106516028 108120955 1604927
4 173 rs3104107 141449275 4 0.00458784308987331 141048606 141537771 489165
4 202 rs12513081 165490671 5 0.00454694691843357 165490671 165800154 309483
4 101 rs2177921 72531761 4 -0.00449692196185956 72425863 73146274 720411
4 198 rs12512822 162461996 10 0.0043699985715865 162220823 163149785 928962
4 113 rs6819863 82667620 11 -0.00423948861398945 82659400 83457572 798172
4 61 rs7693464 33747408 11 -0.00421600941095145 33653757 35128162 1474405
4 9 rs7678335 5452895 1 0.0041393348219203 5413525 5721930 308405
4 245 rs1431929 187775324 4 -0.00408097495557598 187591526 187946831 355305
4 194 rs4234914 158468178 4 0.0040420222868640604 157626640 158669702 1043062
4 165 rs7668810 134710417 4 -0.00403881220466324 134409421 135798890 1389469
4 250 rs7676106 190106915 3 -0.00401414844666039 190106915 190467123 360208
4 64 rs3910363 37264831 4 0.00386992595066176 36684936 37335699 650763
4 93 rs9918005 65423635 4 0.00383815593898741 64174876 65549349 1374473
4 152 rs3817171 122063735 7 0.00378951793148535 121645012 122143664 498652
4 120 rs2725264 89026109 11 -0.00372808029215814 88889605 89287709 398104
4 52 rs2041627 27102429 5 0.00364073444042748 27060775 27254091 193316
4 124 rs4455379 92673841 15 -0.00357274242276901 92142940 94159658 2016718
4 48 rs12647998 25503889 3 -0.00350417246222334 25475192 25674194 199002
4 75 rs2719950 42386838 5 0.00336441028383016 42206574 42975329 768755
4 176 rs17015594 143075715 6 0.00336371371854785 142848136 143406773 558637
4 133 rs2645373 101904475 4 0.00323936611344099 101904205 102679337 775132
4 139 rs852269 109236454 5 -0.00322411991877688 109163035 109870169 707134
4 234 rs11941467 184190233 9 0.00317151295918308 183809272 184415338 606066
4 147 rs6843860 115749005 6 -0.003152490582612 115368816 116029548 660732
4 122 rs518156 90137336 4 -0.0031054042557579 90137336 90492766 355430
4 98 rs1845549 70317551 3 -0.00310235748822799 68718486 70516520 1798034
4 157 rs7356274 125842087 7 -0.00305016851104855 125512711 126216963 704252
4 186 rs7664303 153829996 2 0.00303810557330962 153629791 153958198 328407
4 63 rs13152028 36060318 15 -0.00300713432902634 36046629 36656080 609451
4 123 rs12507661 90923554 11 -0.00300062084246001 90516679 91974658 1457979
4 31 rs905043 14539140 2 0.00292856473069594 14397827 14813651 415824
4 243 rs6852642 186917039 7 -0.00289422552253872 186893350 187223583 330233
4 55 rs1402492 28923633 1 0.00280036893081412 28901589 29095909 194320
4 102 rs1481108 73609026 3 -0.00277705011863011 73311640 74528627 1216987
4 164 rs12501689 133786573 4 0.0025497872590635 132914907 134335871 1420964
4 45 rs7656078 24489441 1 -0.00251250263114533 24310076 24489441 179365
4 38 rs13151985 19842941 6 -0.00248247635591533 18851987 20380257 1528270
4 90 rs4272045 61663916 11 -0.00247277581720052 60751868 61836190 1084322
4 182 rs6836191 149188327 4 -0.00246782119258774 149170058 149713872 543814
4 175 rs3098027 142204581 6 0.00246576928010118 142117424 142797440 680016
4 189 rs2404903 155071496 10 0.00242026869076607 155062069 155542248 480179
4 60 rs7659735 32931940 6 -0.00239891150901417 32368307 33323852 955545
4 211 rs333384 173245389 4 0.00231370641077179 172609720 173797669 1187949
4 217 rs10013975 177146627 6 -0.0022768812646101 176677770 177263983 586213
4 50 rs1567649 26026002 2 0.0022711494630853 26016156 26175955 159799
4 116 rs2017394 84787315 4 -0.00223733111089059 84374480 84793814 419334
4 26 rs6842740 11619288 3 0.00220950656069513 11547681 11956720 409039
4 58 rs13115999 30641018 4 0.00218291161388156 30455150 31249967 794817
4 212 rs7658148 174235624 2 0.00208286876301875 173962425 174471671 509246
4 87 rs2177642 58197731 4 0.00208202597130559 58015899 58289649 273750
4 30 rs13108994 14267241 8 -0.00207223471494224 13824647 14370747 546100
4 99 rs10018283 71296033 9 -0.00206900295211845 70588741 71426541 837800
4 22 rs754740 8331956 8 0.00204222729251867 8320126 8647233 327107
4 205 rs2319242 168364638 5 0.00198964504895763 167652786 168390470 737684
4 226 rs3101265 181699644 4 -0.00196654194100838 181382631 181720229 337598
4 96 rs1353320 67677853 4 -0.00194034618437737 67607007 68064440 457433
4 76 rs12646066 43162880 5 -0.00193954999974674 43019669 43951981 932312
4 222 rs6816550 179790822 3 0.00186601655452987 179563805 179930635 366830
4 129 rs7659471 97915370 8 0.00185863155146178 97889973 99510279 1620306
4 185 rs3923993 153206597 2 -0.00185102249521718 153016797 153532240 515443
4 74 rs1061597 41691601 3 -0.00176097011959334 41639999 42117173 477174
4 11 rs748445 5955272 5 -0.00174908132740234 5847493 6058701 211208
4 161 rs12510600 130092214 7 -0.00171752893094421 129646870 130364383 717513
4 46 rs12507254 24673420 3 0.0016892964096901 24528048 24802412 274364
4 91 rs10866114 61998057 6 -0.00163770786173813 61903366 62739674 836308
4 126 rs13127472 95769791 6 -0.00163482141625122 95618987 96200216 581229
4 246 rs6831858 188166889 1 -0.00162319035141255 188004538 188670027 665489
4 218 rs2167095 177373302 7 0.0016035171884542 177328296 177964148 635852
4 72 rs2437346 40831652 13 0.00159214782448041 40598634 41212997 614363
4 25 rs11725667 11513562 2 0.00154017768471204 11069265 11524263 454998
4 10 rs12331393 5759347 5 0.00147841719655116 5746620 5843328 96708
4 200 rs7658224 164293345 4 0.00144597727807941 164007992 164766062 758070
4 247 rs4862860 189022420 3 0.00142904282451923 188724806 189101773 376967
4 197 rs10017226 161095976 11 -0.00142483099990466 160889694 162105557 1215863
4 88 rs11725660 58328884 9 0.00139988985283995 58296826 58900069 603243
4 192 rs13143174 157022492 9 0.00138300000081705 156622727 157152021 529294
4 249 rs2377458 189756940 4 0.00135301661675586 189584353 190044666 460313
4 73 rs6834482 41359965 2 -0.00134271465228257 41222917 41526749 303832
4 150 rs12644283 120133549 10 0.00132161475840082 118941387 120695322 1753935
4 47 rs1553876 25317277 6 0.00130095000689866 24836416 25465970 629554
4 199 rs11931857 163332375 1 -0.00125802191611708 163190862 163990008 799146
4 104 rs10022745 75659256 3 -0.0012504747955718 75659256 75980925 321669
4 82 rs2067951 55805555 1 -0.00117988778033633 55689495 55957723 268228
4 248 rs12505859 189305026 8 0.0011424337597678 189166087 189522110 356023
4 141 rs939213 111420577 4 -0.00112739498278272 111144049 111463277 319228
4 196 rs4690958 160766276 2 0.00108974502079343 160364016 160766276 402260
4 227 rs1357353 181935405 1 0.00104073764447463 181784244 182065498 281254
4 171 rs6835548 140644144 8 -0.00102401534442249 140537671 140693870 156199
4 219 rs13112358 178274750 3 0.00101153729517039 178001276 178290368 289092
4 228 rs11930570 182226071 3 -9.662552603789768e-4 182089409 182286222 196813
4 178 rs2657799 145282779 1 9.385475906148096e-4 145210834 146249655 1038821
4 146 rs7662446 114702819 10 9.359204018558416e-4 114626620 115271601 644981
4 174 rs13116646 141972002 1 -8.591137091296366e-4 141578155 141996416 418261
4 53 rs2034472 27661645 1 -8.530603620568722e-4 27298305 27680483 382178
4 118 rs7685784 86074453 5 8.366371587994956e-4 85449323 86847640 1398317
4 42 rs12507337 22661136 2 8.103750055464377e-4 22530016 23320940 790924
4 239 rs10001154 185849906 1 8.02498747582288e-4 185810760 185977226 166466
4 57 rs2613180 30132119 1 7.87056650417304e-4 30132119 30439397 307278
4 18 rs4689773 7522239 1 7.234824873652415e-4 7399054 7632223 233169
4 8 rs989707 5210283 7 6.21981904649003e-4 5055774 5367985 312211
4 232 rs6833719 183655548 3 -6.178487979418045e-4 183272312 183664522 392210
4 103 rs1350666 75224590 3 6.133666138289722e-4 74667727 75619533 951806
4 49 rs6831024 25863375 4 6.061009014835764e-4 25758940 25983887 224947
4 59 rs16885723 31715825 9 5.708469196369415e-4 31319406 32315731 996325
4 201 rs17675820 165035159 7 -5.474896630577731e-4 164797386 165404456 607070
4 216 rs2333233 176538654 1 5.368626500198078e-4 176200230 176662797 462567
4 229 rs7659598 182699379 5 -5.35461796948926e-4 182292227 182704551 412324
4 241 rs7680845 186467810 2 -4.578721537165348e-4 186423637 186559109 135472
4 112 rs4401444 82620131 3 4.418983858340056e-4 82347502 82624148 276646
4 230 rs10001447 182756765 1 4.315035376938373e-4 182740613 182942414 201801
4 132 rs1396286 101642607 3 4.0516441417474546e-4 101238386 101811324 572938
4 156 rs10518427 125225084 7 3.401298718818989e-4 124395024 125465163 1070139
4 107 rs17643945 78194110 1 3.388940236194873e-4 77771345 78330433 559088
4 84 rs4865041 56742205 5 -3.0979731706932707e-4 56551185 57097742 546557
4 95 rs6847427 66786055 7 2.948809522760783e-4 66610307 67525255 914948
4 221 rs5012200 179539753 8 -2.401609317449361e-4 179009622 179541387 531765
4 233 rs2309777 183722743 1 2.185322390272601e-4 183709536 183791706 82170
4 144 rs17045384 113951743 1 -2.1340495129517517e-4 113916575 114019871 103296
4 125 rs17311887 95313228 11 2.0996256224727148e-4 94233967 95589337 1355370
4 168 rs5020420 138333658 12 -2.0462331359979123e-4 137984231 138520936 536705
4 204 rs904246 167044948 9 -1.998153242924201e-4 166705990 167540460 834470
4 236 rs6552711 184779187 1 1.469118218905513e-4 184728682 185062880 334198
4 39 rs7688805 20732334 1 1.3270141488088642e-4 20467767 20866469 398702
4 56 rs7694142 29998853 4 -1.2740609897019277e-4 29135608 30068213 932605
4 41 rs1913330 21929301 3 -1.2406532788986e-4 21707905 22451781 743876
4 4 rs1894441 3734895 1 -1.2331695073167104e-4 3652592 3747842 95250
4 142 rs542331 111798258 9 -1.1790385133632472e-4 111538121 112497952 959831
4 34 rs6818414 16600664 2 1.0196420070269786e-4 16531401 16648246 116845
4 169 rs12374402 138678024 13 8.126172014740266e-5 138577151 139541397 964246
4 242 rs13131324 186641213 1 -7.88575182685186e-5 186593672 186884336 290664
4 71 rs278981 40428010 2 -7.628271486157583e-5 40420437 40565469 145032
4 190 rs12651031 155720349 1 -3.798961447784501e-5 155580418 156007879 427461
4 240 rs12500107 186350063 1 -1.5015417863764984e-5 185999348 186383240 383892
4 15 rs13115900 6876569 2 9.768707858482664e-6 6607046 6890937 283891
