CHR Group SNP.lead BP.lead Size W BP.min BP.max BP.width
2 417 rs10931468 191538562 10 0.1657102631842364 191504064 191935804 431740
2 416 rs4638823 191312906 4 0.08542134613885814 190959523 191469731 510208
2 436 rs3181113 204601910 11 0.07285740487993894 204459206 204802578 343372
2 38 rs10174949 8442248 7 0.05924843939924784 8438959 8561739 122780
2 93 rs7583409 25491056 4 0.05847054242616269 25491056 26191296 700240
2 500 rs2048054 228652347 6 0.05646577351940627 228622128 228776938 154810
2 316 rs10928531 135817760 13 0.0523731633754415 135341120 136590558 1249438
2 318 rs4434047 137452607 26 0.04673965894428839 137061077 137756717 695640
2 177 rs1186706 61673394 13 0.0464482452826292 60972786 62474984 1502198
2 268 rs4849261 114450028 10 0.04104383626867809 114432293 114784936 352643
2 245 rs12475055 102878891 5 0.03801768690215278 102707179 103301268 594089
2 252 rs12465089 106386630 9 0.03558125765867472 106214189 106541229 327040
2 96 rs1260326 27730940 10 0.03340109764764038 27414134 28587069 1172935
2 440 rs1207438 206185567 14 -0.0321333027623349 205806424 206259137 452713
2 126 rs4670932 39618666 11 0.03211549181806528 38893660 39814690 921030
2 418 rs10497711 192013921 4 0.03169183805801542 191991459 192197929 206470
2 369 rs4667913 167503102 13 -0.02928506102693752 167136589 167671649 535060
2 297 rs6725404 128972833 8 0.02866448147174026 128465547 129118215 652668
2 274 rs1019590 118688162 11 0.02749949049411793 118365400 118978890 613490
2 362 rs1990760 163124051 5 0.02681190255236035 163110536 163577551 467015
2 121 rs6708310 37600427 3 0.02676806390550555 37599963 37814827 214864
2 263 rs1398030 111972005 16 0.02614345723716727 111435895 112000058 564163
2 62 rs721173 13907633 7 0.02515303213640953 13641538 14059586 418048
2 507 rs1365776 231072709 6 0.02445694028172866 231035575 231316105 280530
2 247 rs1433312 103987135 11 0.02404453918892593 103770238 104714131 943893
2 50 rs818148 10637325 6 -0.02398670522363399 10627544 10874671 247127
2 411 rs1978573 185459544 13 -0.02335587919616513 185326251 186223503 897252
2 159 rs968972 51171962 9 0.02157480841063464 50865495 51303910 438415
2 323 rs16843069 140680731 5 -0.02143063242681311 139848110 140884146 1036036
2 125 rs17493321 38772507 5 0.020981956114567 38659657 38881106 221449
2 131 rs7597606 41836313 8 -0.02067372546430088 41832878 42075529 242651
2 165 rs10165485 54481636 6 0.02046643888111931 53851844 54610789 758945
2 223 rs13395022 79882260 5 0.0203798462580085 79641996 79894172 252176
2 352 rs7602743 157529654 3 0.02034613782983823 156913082 157539961 626879
2 7 rs1706862 2517775 9 -0.02001797426092945 2236281 2521551 285270
2 184 rs3911862 65759671 4 0.01999478289827073 65732023 65928971 196948
2 401 rs13011836 180240770 5 -0.01972059792428417 180240770 180550931 310161
2 429 rs1579695 198900363 10 0.0196303899458299 198148767 199258412 1109645
2 361 rs4420712 162952349 5 0.01956028964001437 162139812 162983749 843937
2 529 rs2675144 236641479 6 0.01923163961326157 236394141 236641479 247338
2 520 rs11563204 234917377 11 0.01881047849506905 234890391 235034610 144219
2 459 rs17355277 213857830 2 0.01849374894606299 213563072 213986695 423623
2 554 rs10185319 242253995 7 0.01841280142254681 242244342 242511083 266741
2 314 rs6720404 134929274 6 0.01822357828141732 134736340 135144454 408114
2 171 rs4672240 58650355 21 -0.01803465214714997 57436631 58834185 1397554
2 325 rs10496859 141668678 7 0.01798587750615782 141348478 141782073 433595
2 261 rs10178717 110452645 2 0.01784872118233643 110256233 110452645 196412
2 393 rs2646165 175621482 4 -0.01761962871902335 175591073 175804313 213240
2 509 rs7561687 231606083 1 0.01725573567876197 231544263 231613141 68878
2 280 rs10198258 121202941 3 -0.01713197932622705 121195181 121247093 51912
2 333 rs16823583 144969618 3 0.01709806653881706 144689662 145173029 483367
2 199 rs10489986 70808147 4 0.01695578678503171 70769365 71020254 250889
2 204 rs13339845 72419864 3 0.01675746157854491 72173427 73013836 840409
2 534 rs719933 237812750 5 0.01635698565418777 237683005 237895703 212698
2 524 rs7605821 235695228 6 -0.01628283026269352 235525599 235779418 253819
2 201 rs3732233 71633275 4 0.0162225103669699 71285678 71689050 403372
2 328 rs7597320 142776441 8 -0.01603970688869755 142513131 142788546 275415
2 324 rs16843782 141080706 3 0.01582945939786973 140922911 141334737 411826
2 462 rs11890512 215910724 8 0.01564087923373421 215592306 216062462 470156
2 60 rs890069 12867504 6 0.01493485478754785 12741317 13052225 310908
2 267 rs6760120 113932431 3 0.01476152970700644 113932431 114120785 188354
2 292 rs314721 125563516 4 -0.01472000993766044 125177190 125683957 506767
2 468 rs4674113 217638521 1 -0.01406625158685599 217573692 217835147 261455
2 353 rs1481379 157931593 4 0.01395911414794984 157565192 158165401 600209
2 166 rs6717369 54915044 5 0.01389293137572988 54646852 55054378 407526
2 138 rs11683295 44316109 12 0.01345747216098758 44315927 44865678 549751
2 332 rs6708276 144442150 6 0.01330141855194019 144146850 144662599 515749
2 94 rs75819301 26539806 6 0.01320810323958452 26272219 26873672 601453
2 102 rs7579944 30445026 1 0.01300592802392525 30273535 30445026 171491
2 492 rs3748993 226491770 5 0.01299058030638243 226115125 226661758 546633
2 320 rs1374153 138537633 11 -0.01248031237444694 138080695 138655271 574576
2 449 rs7567228 209414499 6 0.01237125765565531 209048136 209414499 366363
2 482 rs1346801 222180661 3 0.012354713982107 222172363 222495694 323331
2 327 rs12992601 142381172 3 -0.01228438680156102 142176624 142488678 312054
2 255 rs12712262 107516533 1 0.01214840981329579 107423395 107753988 330593
2 240 rs17765112 100149336 3 0.01200889659752688 99000814 100149336 1148522
2 441 rs12694029 206438036 5 0.01177924146102027 206305156 206496702 191546
2 81 rs6531222 20388484 2 0.01167145384766242 20076454 20396122 319668
2 517 rs7569837 234078406 2 0.01155525932152939 233987722 234102070 114348
2 164 rs2161783 53536813 4 -0.01147260212808251 53536813 53835083 298270
2 235 rs6547705 87044316 4 0.01146358980340523 86032231 87108211 1075980
2 156 rs7594662 49984263 5 0.0113358040080181 49559547 50005959 446412
2 265 rs13419523 112781917 6 0.01126495011298396 112658779 113342566 683787
2 273 rs333852 117973154 7 -0.01121057242312165 117772652 118346492 573840
2 4 rs4927608 1453528 7 0.0110784075765996 1378943 1643208 264265
2 237 rs11690079 88742338 4 0.01106653745585987 88574827 89130009 555182
2 130 rs1441231 41505473 7 -0.01105626160893683 41103223 41793430 690207
2 219 rs13021149 78292330 7 0.01090571595984307 78093107 78479945 386838
2 476 rs982458 220663477 4 0.01090093587638979 220564035 220698125 134090
2 490 rs7564678 225322828 6 -0.01077313772410409 224941842 225792835 850993
2 374 rs3821116 169729849 4 0.01063141972257829 169605967 169802594 196627
2 528 rs13386664 236265496 2 -0.01058375609315805 236214712 236369478 154766
2 259 rs4676060 109662043 1 0.01051775865338562 109556365 109895831 339466
2 364 rs7424428 164409218 5 -0.01051327042470648 164295936 164638458 342522
2 373 rs4496303 169312974 4 -0.01039486366805264 169196340 169580183 383843
2 423 rs13029966 194819525 3 -0.01038622431063629 193333903 194819525 1485622
2 329 rs17832932 142942795 1 0.01021325258896931 142794718 143231622 436904
2 303 rs6708453 131089135 4 0.00995742702174944 130568652 131123264 554612
2 291 rs779979 125078104 5 -0.00993099216737167 124785753 125159292 373539
2 277 rs838102 119984733 6 0.00988121757995649 119793795 120012412 218617
2 317 rs4954592 137013525 6 0.00978226708638609 136836365 137013525 177160
2 10 rs823243 2848102 1 0.00972807480921088 2794222 3012947 218725
2 243 rs1369482 101503416 9 0.00969718152962233 101343638 101816249 472611
2 97 rs12624279 28634790 4 0.00966009131264821 28605588 28782985 177397
2 228 rs12617125 81472511 2 -0.00943093321768783 80809406 81523033 713627
2 72 rs1430043 16635965 4 0.00937224831191274 16556650 16752999 196349
2 36 rs6748904 8186474 1 0.00932667915684261 8101004 8192868 91864
2 30 rs2174519 6937310 1 0.0090690513888577 6841330 6937310 95980
2 349 rs1022386 154582806 14 0.00902711249105333 154510972 155180409 669437
2 106 rs1000916 31314555 6 0.00901250730405569 31034527 31342300 307773
2 457 rs4672636 212929014 6 -0.00896696562325723 212807645 213033301 225656
2 198 rs4853252 70237360 3 0.00886811687947381 70223101 70753882 530781
2 270 rs17786162 115529358 4 0.00883250644428013 115345516 115573050 227534
2 463 rs4672773 216439570 6 0.00878577500780183 216143939 216439570 295631
2 309 rs13006029 133517783 8 -0.00860496478529144 133402949 133708257 305308
2 200 rs3771389 71153154 5 0.00858785567862807 71036482 71212336 175854
2 388 rs6717268 174254430 1 0.00858302157615759 174214306 174306537 92231
2 513 rs3856544 232714559 4 0.00854621100032872 232558842 232756528 197686
2 334 rs4662223 145235108 4 0.00852638629776719 145235108 145892427 657319
2 537 rs12616673 238498038 2 0.0084843932182828 238462725 238571074 108349
2 227 rs3770317 80791939 4 0.00845448849648613 80673614 80793411 119797
2 514 rs11686328 233145683 5 -0.00836429012273806 232796610 233345861 549251
2 335 rs1822881 146044052 5 -0.00827528121720942 145983262 146381260 397998
2 85 rs1801701 21228827 9 0.00823340910540279 21131683 21685076 553393
2 341 rs10490383 150021138 8 -0.00818155813038194 149927066 150450828 523762
2 372 rs7579964 168826850 7 0.00815062203256019 168826850 169174367 347517
2 231 rs6737955 84385203 7 -0.00809824101015868 83907358 84385203 477845
2 512 rs2290130 232263127 1 0.0080766893480187 232198327 232490484 292157
2 55 rs17529680 11727087 2 0.00799866657583018 11580569 11736305 155736
2 330 rs354693 143830118 2 -0.00794144860485831 143262276 143830118 567842
2 59 rs4669855 12655145 2 0.00787944999199991 12627522 12720311 92789
2 135 rs17405635 43355763 4 0.00757517845822824 43317253 43436754 119501
2 140 rs4953174 45260859 1 -0.00751779665684089 45200009 45300029 100020
2 148 rs7595513 46687867 10 0.00751268303665991 46579409 47049453 470044
2 175 rs872277 60338651 2 0.00749414225795034 60296223 60584819 288596
2 307 rs13428178 133175872 1 0.00732230955733806 133139402 133194549 55147
2 510 rs6726593 231746780 3 0.00724110344141037 231709953 231825834 115881
2 57 rs7565113 12146345 4 -0.00722445542097595 12038123 12248589 210466
2 310 rs12052290 133863624 4 0.00721226285964174 133742448 133929269 186821
2 426 rs17177580 196373150 13 0.00700282457865543 195974363 197059471 1085108
2 502 rs6726331 229609201 5 0.00693364055090101 229389990 229917745 527755
2 473 rs2382817 219151218 10 0.00690960463435677 218862241 219671598 809357
2 230 rs1393504 82883860 4 -0.00681325889354298 82405114 83869897 1464783
2 356 rs6710480 158958605 2 0.0067780223327943 158806438 158972966 166528
2 99 rs11127205 29425620 8 0.00672345936909686 29286670 29453835 167165
2 170 rs1424642 57296558 7 0.0067180778440106 56552703 57398024 845321
2 95 rs61753362 27324669 10 0.00668967905758416 26928811 27384579 455768
2 160 rs984795 51688180 5 0.00666606626244938 51311532 51753361 441829
2 438 rs6708542 205256040 4 -0.00664143158135079 205111927 205347379 235452
2 312 rs11896860 134197843 2 -0.00654835675472487 134187067 134356109 169042
2 542 rs9636382 239857995 3 0.00652504366406792 239832812 239895637 62825
2 367 rs11683781 166288740 13 0.00651241445258627 165840077 166524122 684045
2 359 rs34702313 160697305 15 -0.00645718056920181 160219681 161026336 806655
2 34 rs7589284 7702036 2 0.0064486574423921 7579103 7933809 354706
2 98 rs4666103 28807899 5 0.00642316948140039 28807899 29280791 472892
2 214 rs1997448 76726686 8 -0.00641627016850189 76685968 76894380 208412
2 313 rs4423652 134539036 3 -0.00639077400088689 134369367 134719933 350566
2 242 rs1028045 101321075 3 -0.00638926303985476 101050500 101337982 287482
2 108 rs1366814 31628705 12 -0.00629983709613417 31553987 33123726 1569739
2 226 rs7605086 80375080 6 -0.00621812359142798 80228740 80619803 391063
2 392 rs1463263 175584157 9 0.0059558357780761 174937278 175584157 646879
2 128 rs7572256 40371095 8 -0.00595266094801628 40283459 40621387 337928
2 480 rs1550068 221826031 5 -0.00594171251779904 221709623 221971645 262022
2 445 rs138061259 207175070 3 0.00591446855987494 206822533 207711974 889441
2 234 rs11544042 85843348 8 -0.00590379669226926 85528643 85965769 437126
2 321 rs13432566 139063638 3 -0.00582136766412435 138701957 139380666 678709
2 546 rs2028192 240518771 4 -0.00567313049157445 240484995 240626750 141755
2 360 rs4337490 161511311 7 0.00566978133335544 161085348 162018643 933295
2 183 rs55952639 65299766 9 0.00566943508289153 65246123 65711298 465175
2 470 rs2618139 218326801 3 -0.00564392845485142 218052964 218392555 339591
2 178 rs4640376 62576427 4 0.00557586421082281 62521244 62666178 144934
2 483 rs7582427 222826088 3 0.00557036903219113 222542378 222856726 314348
2 63 rs11900823 14194649 3 0.00555269366985294 14111157 14591055 479898
2 375 rs2287619 169836730 3 0.00545068366060536 169824983 170139639 314656
2 339 rs10928364 148500974 6 0.00535437296246364 148347811 149198275 850464
2 535 rs4663707 238192511 2 0.00527444702739256 237958171 238192670 234499
2 550 rs1565985 241193615 4 0.00526470294127512 241114873 241371065 256192
2 42 rs9973936 9118215 2 0.00517607202662138 9100137 9310604 210467
2 518 rs3771341 234673239 17 0.00508652323654636 234143244 234702459 559215
2 116 rs13025239 35908737 14 0.00506431678274914 35614344 36113122 498778
2 213 rs11687064 76419466 6 -0.00504183801778022 76187099 76625113 438014
2 2 rs6746997 788807 2 0.00499998985480056 663483 918533 255050
2 124 rs4670826 38438575 7 -0.00496223739549292 38328178 38623289 295111
2 536 rs11690358 238244781 3 0.00490383071596323 238214039 238435398 221359
2 363 rs4144827 164114775 1 0.00486765206268625 163701106 164193154 492048
2 35 rs10183806 7988851 1 0.00486460229372611 7968275 8044396 76121
2 391 rs6433461 174910616 3 0.00486000641624506 174739890 174910616 170726
2 0 rs10495480 170616 6 -0.00484727558778324 36787 391781 354994
2 122 rs17021120 37843019 2 0.0048338049734155996 37827519 38005048 177529
2 400 rs4365493 180173318 5 0.00480549114941768 179856777 180206856 350079
2 250 rs2576767 105960333 3 0.00479177099272435 105784872 106046789 261917
2 188 rs6759648 66844120 4 0.00474740423995222 66814237 66953286 139049
2 100 rs17007920 29570906 7 0.00472201430474046 29477830 29785781 307951
2 149 rs1036292 47243124 6 0.00471851444591386 47067214 47302095 234881
2 105 rs2609942 30924850 6 0.00466052550263838 30917735 31006133 88398
2 466 rs10180583 216905728 3 0.00463165722991329 216905728 217216651 310923
2 172 rs2192458 59242603 3 -0.00459807967109667 58857542 59242603 385061
2 220 rs12477341 78755686 4 0.00447423145398673 78664372 79178130 513758
2 437 rs11685977 204969138 4 0.00440153118183082 204824324 205054059 229735
2 271 rs11123279 115861277 6 -0.00429356461195034 115613465 116381897 768432
2 157 rs1045881 50148972 10 0.0042240113627541 50031813 50668760 636947
2 460 rs3738920 214031987 9 0.00419290692631405 214031987 215054694 1022707
2 458 rs10932428 213085093 6 -0.00417731788711098 213067749 213504183 436434
2 381 rs1990606 171500624 2 -0.00415430823276606 171476133 171522950 46817
2 508 rs6436944 231376320 6 0.00405204670083576 231333763 231521950 188187
2 40 rs11904418 8718430 1 -0.00404294075121382 8691159 8752881 61722
2 248 rs11892570 104916482 4 -0.00399843268029805 104742560 105197447 454887
2 347 rs11692152 153721508 5 0.00399332537424596 153478066 153997058 518992
2 162 rs10178558 52582766 5 -0.00399138732596132 52507412 53342655 835243
2 146 rs7604415 46373529 3 -0.00399094029939494 46308729 46452277 143548
2 432 rs4674036 201270538 4 0.00397659328865988 200527705 201562553 1034848
2 283 rs17005295 121600223 1 0.00396948061490626 121589440 121669113 79673
2 448 rs10497888 208761235 7 0.0039427900764791 208761235 209042963 281728
2 453 rs7586705 211657675 3 0.00389722445410551 211539650 211897179 357529
2 515 rs1550097 233428275 3 -0.00387741670195509 233387635 233537125 149490
2 186 rs1358698 66453086 10 0.00387503985476492 66128138 66530723 402585
2 123 rs4670780 38048671 2 0.00387244787428856 38048671 38298150 249479
2 516 rs7608422 233950732 5 0.00386621533470492 233636450 233950732 314282
2 22 rs7592529 5427628 3 0.00383409538703776 5349911 5517283 167372
2 8 rs17719904 2592143 3 0.00383239993520718 2540292 2633258 92966
2 80 rs10184780 20054392 5 0.00378938594190357 19694200 20054392 360192
2 383 rs12692976 172684403 9 0.00377498758950627 172104703 172931559 826856
2 278 rs6542524 120104458 3 -0.00373454297639202 120057962 121041347 983385
2 296 rs7561528 127889637 7 -0.00371956653336175 127778235 128393390 615155
2 447 rs9636269 208610801 7 0.0036766608143794 208133793 208610801 477008
2 21 rs7604248 5336076 2 0.00362233311542998 5182751 5340675 157924
2 501 rs7600201 228845975 3 -0.00356710063868762 228819272 229366183 546911
2 79 rs6531131 19078715 9 0.00356382139859138 19029816 19687207 657391
2 488 rs1517641 224227452 4 0.00355689780276182 224179428 224576402 396974
2 394 rs7566401 175994720 8 0.00354292636355106 175920757 176732191 811434
2 136 rs7592384 43926465 6 0.00353133059397029 43502477 44027302 524825
2 89 rs2723124 23558014 7 -0.00351794295943343 23254448 23689034 434586
2 365 rs57447159 165210891 3 0.00350842598859911 164720735 165458333 737598
2 254 rs12464004 106909238 4 -0.00347802387105844 106693142 107343864 650722
2 153 rs2293276 48819197 10 0.00347206398522833 48233949 48948802 714853
2 414 rs13306267 189860630 3 -0.00344647419898612 188916374 189880810 964436
2 494 rs2102101 227410349 3 0.00339106271667587 227207379 227548310 340931
2 117 rs10495867 36304861 5 0.00338062107587725 36132138 36559139 427001
2 498 rs6713443 228201546 5 0.00333355041305967 228127807 228521287 393480
2 15 rs7584928 4133051 1 -0.00330424287118827 3918124 4140685 222561
2 167 rs2588519 55205124 9 -0.00329610937910203 55079242 55658147 578905
2 150 rs726117 47372425 4 0.00326333749166739 47322330 47540532 218202
2 486 rs1347630 223427854 7 0.00325993217349961 223355051 223785740 430689
2 66 rs10173491 15451774 6 0.00321486695986857 15242150 15664756 422606
2 58 rs6720800 12401985 6 -0.0031967831856252 12262421 12591695 329274
2 477 rs2385635 220772146 3 -0.00319400723994226 220733584 220901143 167559
2 143 rs3770266 45688221 5 0.0031638696658655 45600619 45834076 233457
2 446 rs918343 207742630 4 -0.00315199032817312 207726297 208118301 392004
2 382 rs1420378 171630631 5 0.00310054978790296 171534221 172082579 548358
2 342 rs848222 150550496 5 0.00309754668818252 150492237 151250458 758221
2 404 rs1840111 181360165 7 -0.0030928167886293 180991780 181614535 622755
2 344 rs1485127 151892897 7 -0.00305600331368192 151725792 152236398 510606
2 194 rs6734622 68350891 6 0.00305296633449127 68349183 68811427 462244
2 503 rs6732014 230277144 3 -0.00294457741215606 229942970 230278731 335761
2 366 rs6724963 165701577 4 0.00287311543013652 165501849 165808057 306208
2 216 rs1837425 77404112 2 -0.00283796991842146 77404112 77612121 208009
2 496 rs6436656 227997971 3 -0.00283347588477088 227675755 228030362 354607
2 17 rs6542706 4409558 2 0.00281918942882368 4307217 4456055 148838
2 139 rs341605 45064187 1 0.00279546460767876 44944877 45189763 244886
2 293 rs12998726 126425287 6 0.00278616501638351 125806843 127353125 1546282
2 454 rs10432525 212036651 4 0.00277560708285054 211935990 212356992 421002
2 195 rs3762614 69101053 6 -0.00275732891038818 68884537 69101053 216516
2 118 rs3770827 36747912 3 0.00272798772631538 36571060 36851901 280841
2 428 rs4341955 197404714 7 0.002718261616464 197315114 198135412 820298
2 286 rs2580359 122063844 3 -0.00270030204587007 121981608 122064537 82929
2 203 rs6546731 72116933 1 0.00266607892182056 71861587 72131032 269445
2 379 rs12611789 171139494 1 0.00264275539484606 171139256 171223154 83898
2 44 rs10929604 9865547 1 0.00263087877611209 9806527 9906145 99618
2 357 rs2193700 159266933 2 0.00263034078189751 159047406 159567817 520411
2 478 rs11688377 221067691 4 0.00260917457421568 220921565 221348373 426808
2 83 rs4666313 20769783 2 0.00258341798934806 20720724 20868179 147455
2 345 rs4664493 152492324 7 0.00252563579891192 152251363 152725937 474574
2 407 rs288344 183666918 12 0.00249491523777814 182852282 183666932 814650
2 487 rs921190 223947404 3 -0.00245759997533371 223840963 224081654 240691
2 351 rs1527757 156766833 4 -0.00245548065285977 155688576 156877890 1189314
2 266 rs1530551 113817566 4 0.00241974161664839 113442808 113901313 458505
2 51 rs10192975 10887075 2 0.00240930512303724 10887075 10988588 101513
2 384 rs13390848 172957643 1 0.00239084740932071 172953438 173126490 173052
2 377 rs6752958 170368798 7 -0.00226341724045848 170278948 170965121 686173
2 75 rs2169432 18120530 18 -0.00226189241378447 17256600 18142133 885533
2 439 rs10490273 205626400 4 -0.00223790541908918 205385386 205794531 409145
2 28 rs10191492 6380352 4 -0.00215424073327195 6366715 6641549 274834
2 238 rs12987946 98022476 3 0.00211424733959471 95639504 98561153 2921649
2 244 rs11688698 102104814 6 0.00206325693238226 101824546 102678709 854163
2 305 rs10928155 132583278 1 0.00205977723311578 131799563 132583278 783715
2 241 rs4850915 100462110 8 -0.00204549700415599 100210642 101045508 834866
2 43 rs2709580 9514573 5 0.00201994031835826 9382343 9754439 372096
2 395 rs10188827 177007664 4 -0.00197352389972094 176756752 177272297 515545
2 469 rs6716542 217890643 9 -0.0019594743369424 217858489 217971141 112652
2 78 rs10190589 18691613 1 -0.00195406713534279 18671795 18995463 323668
2 275 rs10496548 119263092 5 -0.001951923932056 118997824 119520620 522796
2 551 rs2228331 241405528 2 0.00194386727425628 241401673 241538074 136401
2 182 rs6712664 65213104 2 0.00194324450511436 65103983 65213104 109121
2 412 rs6717629 187410817 8 -0.0019276205582588 186267921 188332692 2064771
2 523 rs11685523 235464046 2 0.00192104772197208 235442524 235509738 67214
2 168 rs11125589 55941440 1 0.00191493893439315 55727476 56199062 471586
2 196 rs4314026 69269809 3 0.00191307356893485 69147566 69330445 182879
2 115 rs1553617 35128057 6 -0.00189553423833152 34905328 35589688 684360
2 120 rs80243841 37111123 2 -0.00188336903217126 37010574 37590284 579710
2 246 rs11123950 103539431 2 -0.00186096563737948 103313018 103602505 289487
2 154 rs7562215 48958687 5 -0.00185963280755976 48958687 49099508 140821
2 152 rs10490303 48039484 2 0.00184575096321066 47874713 48179497 304784
2 33 rs4669155 7350493 2 -0.00181447405700414 7331435 7554772 223337
2 553 rs6723732 241986030 5 0.00180500683534878 241922182 242138065 215883
2 109 rs979050 33152042 6 0.00180173701474574 33138551 33614187 475636
2 193 rs7557514 68089831 4 -0.00179587100229607 68050599 68241345 190746
2 358 rs1522699 159764389 4 0.00179267120661854 159597415 160190209 592794
2 181 rs7600672 65080772 4 0.0017581512280902 64936472 65089291 152819
2 489 rs581815 224647136 11 -0.00173337452715805 224589375 224929659 340284
2 389 rs7590983 174362349 1 -0.00168359896568321 174326790 174479004 152214
2 506 rs208792 230554795 4 -0.00167931105014439 230545356 231026105 480749
2 67 rs4668989 15929276 1 0.0016686780633142 15812261 15930012 117751
2 475 rs16859517 219949184 5 -0.00163464372404664 219900068 220412282 512214
2 86 rs11904182 22476860 3 -0.00158818114908385 21940844 22616375 675531
2 137 rs6727861 44218792 4 0.00157602711979542 44065090 44290437 225347
2 5 rs6751762 1787933 2 -0.00157442264233402 1700986 1845843 144857
2 442 rs849575 206605180 1 -0.00153810962520861 206536329 206614091 77762
2 467 rs4674093 217428055 1 0.00153503925644587 217269954 217493755 223801
2 530 rs10211191 236838338 1 0.00151242420428763 236838338 236972635 134297
2 304 rs4314035 131731464 5 0.00150424968874808 131548941 131731464 182523
2 111 rs1522585 34003032 14 -0.00148775490922607 33740855 34005793 264938
2 103 rs17321999 30479857 5 0.00146585804617618 30478453 30526780 48327
2 521 rs7587925 235193276 1 0.00144246812134662 235099369 235241961 142592
2 420 rs10192358 192560825 1 -0.00142478470415786 192469816 192752136 282320
2 497 rs7577732 228098933 2 0.00139668830680778 228064180 228113175 48995
2 233 rs4832136 85334034 1 -0.00138618425568348 85169420 85508454 339034
2 276 rs10496554 119645997 1 -0.00137502202789943 119540832 119742865 202033
2 161 rs7608332 52024350 5 0.00133412703103408 51779120 52479251 700131
2 284 rs114814747 121748048 1 0.00133270722195004 121735335 121886826 151491
2 68 rs11687741 15952057 2 0.00131973374905889 15950899 15975615 24716
2 319 rs10490742 137874930 2 -0.00126832168156809 137768702 138073500 304798
2 376 rs830964 170156880 1 0.00126377162184694 170156880 170232853 75973
2 399 rs36051007 179545859 12 -0.00125199702661008 179186529 179839888 653359
2 3 rs4482521 1101080 7 -0.00125186374381343 992661 1367511 374850
2 104 rs1901909 30889161 3 0.00118859954218536 30577757 30900567 322810
2 419 rs2356656 192381934 2 0.00118625069822244 192341763 192448132 106369
2 221 rs393149 79244207 4 0.0011669573010195 79225690 79347745 122055
2 435 rs10755019 203555828 9 0.00116079168096353 202835148 204440428 1605280
2 61 rs10929850 13269170 4 -0.00115590791193894 13088380 13610655 522275
2 385 rs10165340 173327168 3 -0.00112291682941392 173141580 173564133 422553
2 538 rs3769080 238641521 2 0.00111993299772686 238590702 238792133 201431
2 336 rs6752130 147100152 2 -0.0010929810199003 146422643 147196291 773648
2 484 rs6710838 223044442 4 0.0010922592013784 222891137 223106526 215389
2 236 rs2919851 88391890 3 0.0010773026648954 88373195 88537343 164148
2 144 rs483404 45929628 1 0.00103639187908552 45898530 46024212 125682
2 272 rs13019645 116657836 4 -0.00103309668391028 116426293 117721104 1294811
2 338 rs7576755 148310480 1 0.00102984860745613 148100413 148331368 230955
2 191 rs2683681 67747535 5 0.00102530039070524 67456700 67867456 410756
2 348 rs6434548 154178949 6 -0.00100087546598911 154025701 154479664 453963
2 315 rs2289468 135199564 1 9.864123839138264e-4 135162755 135286448 123693
2 258 rs5008103 109000112 3 9.824346122733754e-4 108939940 109514464 574524
2 113 rs1425021 34313003 2 9.59861596424516e-4 34284852 34491664 206812
2 174 rs7565849 60033484 4 9.558696373472016e-4 59794609 60260639 466030
2 107 rs207417 31540926 1 -9.493876681124903e-4 31394722 31540926 146204
2 222 rs17016820 79547342 5 9.305318605976876e-4 79388587 79623646 235059
2 205 rs3820700 73716810 4 9.284308540275464e-4 73278990 74097364 818374
2 288 rs6751865 122966157 6 -9.2469972728973e-4 122953533 123238843 285310
2 32 rs771261 7125756 1 -9.235521065881858e-4 7116077 7320746 204669
2 300 rs6740023 129654217 2 9.154738252991346e-4 129478842 129864132 385290
2 287 rs12479320 122117738 2 8.901642060853464e-4 122083042 122837193 754151
2 155 rs6545082 49153675 2 8.852026786041771e-4 49116885 49519654 402769
2 9 rs10174217 2742650 2 8.827195414111521e-4 2659311 2765887 106576
2 56 rs11695702 11922054 3 8.786066126978033e-4 11811286 11922054 110768
2 47 rs887958 10394082 4 -8.779226635092633e-4 10194487 10402632 208145
2 207 rs3771726 74501944 5 8.677222788195747e-4 74401657 74968610 566953
2 91 rs17762102 24085606 3 -8.577183899509757e-4 23891540 24674385 782845
2 20 rs7602355 4963378 2 -8.424893243050695e-4 4822972 4988246 165274
2 289 rs1439842 123343577 1 -8.369787256384842e-4 123320715 123769845 449130
2 434 rs11300 202565570 1 8.311655223606476e-4 202512449 202763587 251138
2 253 rs17032235 106673532 3 -8.274481393936745e-4 106551158 106674925 123767
2 173 rs965683 59422158 7 -8.162529071031174e-4 59301572 59770353 468781
2 547 rs7564512 240731054 3 -8.122075087034634e-4 240634587 240739305 104718
2 410 rs1443033 185277576 6 8.083554299916048e-4 184446942 185277576 830634
2 70 rs7605722 16200946 1 -8.076695695334996e-4 16182802 16228929 46127
2 398 rs6433691 178551958 6 7.581425930801557e-4 178151626 179099946 948320
2 269 rs1346763 115272713 1 7.555842116420333e-4 114884165 115280624 396459
2 337 rs6759721 147787283 4 7.094527920365627e-4 147292648 147946882 654234
2 540 rs11694250 239138259 5 -7.060075037710013e-4 239095422 239574950 479528
2 110 rs6543714 33682603 2 -6.803925019002841e-4 33641932 33701890 59958
2 37 rs17317684 8266416 2 -6.777231326888321e-4 8266416 8404110 137694
2 302 rs10196948 130111979 6 6.730683566392277e-4 130082114 130473222 391108
2 77 rs2345835 18574952 3 6.677181065507914e-4 18356051 18621953 265902
2 87 rs17043947 22736987 8 -6.669649812800901e-4 22684402 23106030 421628
2 427 rs2305566 197172538 1 6.519575396199643e-4 197075021 197273364 198343
2 127 rs17024837 40241868 2 -6.363896222226729e-4 39830183 40267991 437808
2 25 rs2722591 5946313 2 -6.233917139954579e-4 5818895 5989380 170485
2 464 rs13431127 216506362 2 -6.229578900402101e-4 216452392 216534235 81843
2 13 rs9752321 3494374 4 6.183588310238412e-4 3477014 3785545 308531
2 53 rs6739054 11220562 2 -6.147855458396278e-4 11113517 11220562 107045
2 290 rs12476179 124484294 11 -6.140813605830294e-4 123780262 124710795 930533
2 424 rs34951989 195205967 6 6.125214061819418e-4 195195631 195309148 113517
2 350 rs11687614 155418877 4 5.957462010852095e-4 155213618 155629561 415943
2 390 rs606961 174487923 2 5.759505572773538e-4 174483240 174680319 197079
2 112 rs2216963 34259736 3 -5.7358360876301e-4 34040204 34272097 231893
2 301 rs4662908 130031647 1 5.478394736347153e-4 129881863 130060598 178735
2 101 rs7567152 30074153 1 5.471422152857311e-4 29812429 30228640 416211
2 229 rs17020744 81992061 3 -5.354104109024965e-4 81607450 82331873 724423
2 511 rs17619588 231972175 2 -5.340250134411947e-4 231864289 232190925 326636
2 249 rs2217420 105681812 3 -5.316786650160174e-4 105278158 105767133 488975
2 92 rs2241759 25064193 13 -5.309419365321644e-4 24718100 25482883 764783
2 368 rs11681716 167017706 1 -5.249528850689062e-4 166576956 167120956 544000
2 114 rs13005810 34580853 3 5.198267585064622e-4 34509330 34790535 281205
2 491 rs396567 225936588 1 5.102371968012419e-4 225848579 226105129 256550
2 260 rs6730477 109995814 5 -5.085116995601478e-4 109931911 110077153 145242
2 405 rs1018326 182007800 5 5.042092416953331e-4 181647026 182256688 609662
2 452 rs10932323 211186894 4 -4.759608290860174e-4 210889759 211525764 636005
2 208 rs642247 75041874 2 4.703053159962836e-4 74987298 75095809 108511
2 251 rs17031192 106157515 1 4.694973009276422e-4 106078289 106197398 119109
2 340 rs2121433 149557860 2 -4.631139466329343e-4 149251702 149919888 668186
2 212 rs875754 75844833 2 4.563132941359464e-4 75672583 76160203 487620
2 294 rs2404962 127464740 2 -4.510526586660135e-4 127378514 127594176 215662
2 71 rs16982164 16431781 2 -4.498620777705432e-4 16366130 16531332 165202
2 46 rs16867274 10126416 2 -4.4049793072145496e-4 9971366 10162037 190671
2 133 rs2118888 42451554 5 -4.391510351707587e-4 42350487 43151394 800907
2 532 rs4663650 237415521 2 4.237813109186254e-4 237233920 237496112 262192
2 387 rs3820831 174103428 1 -3.989993414706261e-4 173905497 174155192 249695
2 189 rs17681403 66977032 4 3.963386492223659e-4 66977032 67217705 240673
2 84 rs7569328 21100778 1 3.939825027164107e-4 20880345 21100778 220433
2 386 rs2290374 173861340 2 -3.906233842144018e-4 173592606 173861340 268734
2 31 rs1876105 6947587 1 -3.726373318855858e-4 6947587 7075768 128181
2 134 rs4953715 43270895 2 3.72336180524131e-4 43159466 43305926 146460
2 23 rs4669474 5656809 1 3.7149716300984215e-4 5540419 5656809 116390
2 217 rs11126614 77722736 4 3.654430895832629e-4 77656160 77783575 127415
2 169 rs7609306 56376564 6 3.6134079083782354e-4 56244096 56503029 258933
2 519 rs12473889 234844945 3 -3.584278466377284e-4 234713706 234876037 162331
2 132 rs988958 42287306 1 3.5655257378694157e-4 42100538 42329329 228791
2 526 rs11883732 235993933 1 -3.529148071412679e-4 235993933 236040155 46222
2 461 rs10932562 215565107 1 -3.521765196716872e-4 215104440 215565107 460667
2 299 rs841470 129370246 4 -3.454623702605088e-4 129316382 129441341 124959
2 472 rs3791966 218720268 1 -3.400669576575071e-4 218674484 218827913 153429
2 151 rs4953503 47794426 2 3.379143896202675e-4 47564034 47794426 230392
2 346 rs6433777 152875744 11 -3.364819258514758e-4 152755598 153435434 679836
2 415 rs6717231 189896170 3 3.2924794193268177e-4 189882685 190934874 1052189
2 552 rs12477897 241566796 2 -3.188452019817096e-4 241566796 241894333 327537
2 371 rs10930295 168749667 2 3.133058992456882e-4 168461161 168772522 311361
2 176 rs1011407 60665768 1 3.097304746480971e-4 60607728 60910033 302305
2 370 rs6432983 168062531 1 -2.97131181161001e-4 167737177 168346441 609264
2 456 rs1020126 212703601 1 -2.9039111655222266e-4 212542748 212723516 180768
2 285 rs4488664 121925398 1 2.8441200267599674e-4 121925398 121965134 39736
2 26 rs10495528 6057847 1 -2.829946174686505e-4 6002082 6087070 84988
2 74 rs16982855 17043703 1 -2.8115549438227964e-4 16990911 17225905 234994
2 451 rs6756747 210170216 3 2.646600286833313e-4 209963585 210810644 847059
2 239 rs17025778 98637504 3 -2.610820859889878e-4 98637504 98989700 352196
2 264 rs7593992 112395534 1 2.3290565560294297e-4 112277340 112625575 348235
2 158 rs6725307 50714013 1 -2.2634981456943467e-4 50689260 50793781 104521
2 192 rs17034325 67990407 1 2.12235474885554e-4 67892074 68012802 120728
2 145 rs10201568 46125865 2 2.0428918365293156e-4 46054013 46271484 217471
2 397 rs7589434 177888371 7 2.021051260101816e-4 177627904 178134677 506773
2 322 rs4257340 139555034 1 -2.0205271001056267e-4 139427669 139780817 353148
2 224 rs7592956 79992038 2 1.9818466374563185e-4 79930269 80035372 105103
2 129 rs11124754 40876113 3 1.9074978575982855e-4 40630678 41058665 427987
2 52 rs4669653 11083259 1 1.8129508271808536e-4 11019047 11092613 73566
2 431 rs12995376 200070523 2 -1.7601199021338184e-4 199666111 200473658 807547
2 179 rs1346236 64609979 15 -1.6796745235573077e-4 62713533 64620637 1907104
2 406 rs11695458 182779559 3 1.5856245894498152e-4 182273419 182780874 507455
2 76 rs13403883 18149931 2 1.5332805720266583e-4 18147893 18340920 193027
2 65 rs1568282 15066177 1 1.4835992932342662e-4 14765777 15194559 428782
2 531 rs10184445 237189869 1 1.352773688436149e-4 237052475 237193052 140577
2 180 rs6546073 64698397 1 -1.241990796491404e-4 64630299 64818824 188525
2 421 rs12612937 192874825 1 -1.1834274991151056e-4 192843949 193023767 179818
2 215 rs10172954 76957370 2 -1.0002677344940188e-4 76927056 77345491 418435
2 82 rs12467895 20664769 1 -9.359722570284852e-5 20412227 20706742 294515
2 413 rs10187989 188447756 7 -9.242478643472228e-5 188390112 188879205 489093
2 257 rs10865017 108699104 4 -8.668608424045932e-5 108415702 108926033 510331
2 343 rs4355108 151487613 2 -7.457506324856892e-5 151330926 151685251 354325
2 119 rs11124542 36994439 2 7.18234765359775e-5 36875692 36994439 118747
2 403 rs16867120 180826451 3 7.155847948156306e-5 180783672 180979913 196241
2 433 rs2098354 202384125 4 -6.117347358527612e-5 201582193 202493504 911311
2 256 rs2889765 107990409 1 -5.804481063294903e-5 107786827 108312303 525476
2 545 rs6727608 240443992 1 5.193643389426667e-5 240330994 240467554 136560
2 525 rs3731645 235949920 1 -4.313546132779212e-5 235809515 235950284 140769
2 544 rs843462 240318755 5 -3.974445188965637e-5 240059625 240318755 259130
2 425 rs13401865 195525824 2 3.819025148671558e-5 195381344 195928055 546711
2 408 rs3748884 184024190 1 3.763105083824624e-5 183702964 184139076 436112
2 430 rs16830436 199632946 3 -3.594342278671119e-5 199336392 199640420 304028
2 396 rs2044642 177460699 2 9.762236551452436e-6 177365599 177579054 213455
2 206 rs7589197 74322469 1 -3.702928386066649e-6 74127289 74355244 227955
2 197 rs2312207 69715845 3 1.9117112633225473e-6 69350431 70173327 822896
