CHR Group SNP.lead BP.lead Size W BP.min BP.max BP.width
6 480 rs660895 32577380 5 0.2550186783283618 32428285 32578052 149767
6 482 rs7774434 32657578 9 0.1797136562365839 32650809 32672082 21273
6 495 rs2281389 33059796 13 0.14741913275588706 33025493 33080359 54866
6 471 rs915653 31657047 13 0.0968666256854862 31572927 31834197 261270
6 465 rs2523544 31333562 4 0.08190700576129863 31320538 31341379 20841
6 1171 rs535490 106564434 6 0.0711415115077099 106564434 106597639 33205
6 1498 rs2327832 137973068 5 0.05748572204713476 137967214 138022540 55326
6 456 rs2233976 31079994 15 0.05664034845147087 30996132 31081409 85277
6 497 rs2229784 33136310 5 0.05643449098009889 33098569 33195604 97035
6 425 rs806794 26200677 4 0.04719681986251728 26184617 26233387 48770
6 1920 rs3093024 167532793 2 0.0384915743384019 167513998 167537594 23596
6 457 rs3130553 31082285 1 0.0367766554814579 31081989 31101674 19685
6 486 rs2071473 32782605 18 0.03540155165453614 32740895 32797809 56914
6 542 rs9357239 37060809 3 0.03287614340825656 36999682 37060809 61127
6 1292 rs12191819 119254373 12 -0.0306734344917049 119108363 119380885 272522
6 1484 rs6912539 137108757 2 0.0294297761948426 137108757 137253868 145111
6 308 rs9297068 18353562 5 0.0286881053439519 18256625 18353562 96937
6 1426 rs7754561 132212694 6 -0.02861392689309901 132208285 132213001 4716
6 458 rs3132538 31113842 2 -0.02800634853931757 31105310 31141523 36213
6 623 rs12208813 42025318 2 0.0278987977941769 42018883 42025318 6435
6 613 rs16894733 41460739 1 0.02766089985675959 41460739 41467860 7121
6 247 rs12529514 14096658 3 0.02694193960225505 14090808 14131854 41046
6 212 rs1569731 11825414 3 0.02689733406070835 11799148 11825414 26266
6 277 rs6933491 16268408 4 0.02689044750267115 16203561 16289328 85767
6 284 rs236968 16583147 4 0.02669963092715215 16570089 16605411 35322
6 1280 rs2354342 117722069 5 -0.02470599607386169 117683821 117760579 76758
6 1634 rs11963544 150549998 1 0.02417432591856333 150532221 150580390 48169
6 1705 rs1293928 154640746 4 0.02414594989207319 154606745 154640746 34001
6 1517 rs1188873 139221850 7 0.02369033886231997 139213276 139325711 112435
6 683 rs3777594 45933157 1 0.02318128734423829 45933157 45976396 43239
6 1781 rs9364510 159726375 3 -0.02316815222466284 159626072 159756737 130665
6 1375 rs7738609 128295502 4 0.02293909715525503 128262515 128295502 32987
6 796 rs9448732 63981311 4 -0.02287317255133629 63967017 64081621 114604
6 903 rs9343469 77288517 3 0.02276778484029965 77284830 77291161 6331
6 52 rs2165125 2934641 2 0.02265779712194281 2906147 2937347 31200
6 643 rs1096699 43528441 6 0.02260718908063617 43479067 43652770 173703
6 1500 rs643177 138195693 4 0.02257841755009733 138128750 138222510 93760
6 459 rs3130685 31206206 1 0.02245642947541461 31142245 31206979 64734
6 440 rs1233399 29539482 3 -0.02203168865296659 29531818 29600104 68286
6 670 rs660953 44645943 4 0.02194561552595585 44645736 44699068 53332
6 469 rs4413654 31441349 3 0.02179546802069422 31436273 31461966 25693
6 954 rs9449501 83284573 2 0.02161243540550726 83284573 83385150 100577
6 777 rs12195643 55754378 2 -0.02134708736867008 55754378 55894135 139757
6 1268 rs1935414 116077361 3 -0.02117084712523697 115996511 116130086 133575
6 639 rs3805931 43089429 4 0.02067183286908737 43013662 43096199 82537
6 865 rs9446589 72888264 3 -0.02036488886009347 72838576 72993334 154758
6 496 rs3117016 33095516 7 0.02030428371758962 33083121 33098276 15155
6 475 rs1475961 32194609 6 0.02029768966907129 32191339 32205942 14603
6 1015 rs9362681 90476452 4 0.02015429695448838 90340276 90615280 275004
6 990 rs2307389 88318883 7 0.01987516141499738 88183647 88421485 237838
6 1858 rs206704 164528619 1 0.01914380161048037 164459012 164528619 69607
6 122 rs9405920 6397716 1 0.01912775040268689 6397716 6451562 53846
6 1188 rs311218 107408585 5 0.01900118547803489 107396658 107408585 11927
6 1926 rs7767627 167822221 4 0.01899791296932251 167813955 167833557 19602
6 805 rs1145943 65882186 3 -0.01875142092713834 65801996 65972053 170057
6 1773 rs6455604 159215408 7 0.0187456768468941 159210126 159299216 89090
6 858 rs852961 72186990 4 0.01862412407733911 72137905 72203005 65100
6 1281 rs9320605 117817775 5 0.01847867899255829 117769728 117853061 83333
6 1563 rs1049846 144261480 1 -0.01838171077831967 144254995 144268954 13959
6 455 rs540165831 30981715 6 0.01836491074913234 30933794 30993590 59796
6 414 rs6940230 25247120 3 0.01775965551862469 25200842 25277419 76577
6 474 rs2071292 32155948 1 0.01770971131773271 32154285 32190406 36121
6 1468 rs11549504 135286230 2 0.01758645099035804 135250530 135358904 108374
6 1232 rs1794815 111963703 4 0.01745965145377481 111944006 111965272 21266
6 488 rs9357155 32809848 6 0.01692759266581665 32804798 32820991 16193
6 1002 rs990060 89074336 2 0.01684597011713828 88978312 89075687 97375
6 582 rs1328388 39379854 2 0.01682246345519673 39353110 39391436 38326
6 983 rs9344606 87100844 4 -0.01674658470965863 87078175 87113172 34997
6 959 rs9449593 83932731 2 0.0166954903036314 83911334 83972313 60979
6 434 rs9468344 28309569 4 -0.01636591200678637 28178512 28366262 187750
6 1314 rs6569208 121794106 11 -0.01606757007233618 121790695 121895061 104366
6 1689 rs9479504 153404825 6 -0.01594512220223718 153367910 153488244 120334
6 1017 rs10806414 90665969 4 0.01581532835320462 90643281 90669325 26044
6 328 rs2457345 20089466 2 0.01581199206861434 20057889 20097963 40074
6 854 rs1418677 71788265 4 0.01573311926590405 71763859 71882094 118235
6 1024 rs6911698 91188927 4 0.01571507805592732 91105896 91188927 83031
6 920 rs9343798 79455282 6 -0.01560144412959447 79322411 79479882 157471
6 1173 rs633724 106734040 5 0.01541185047153006 106631780 106799104 167324
6 113 rs9405895 6042930 6 0.01525229764498786 6012391 6114382 101991
6 881 rs2073465 74229792 3 0.01522052751902656 74167406 74279910 112504
6 1628 rs6557200 150272532 1 -0.01516589720933194 150272532 150298842 26310
6 684 rs2179994 45991569 1 0.01511366308090735 45991518 45992333 815
6 416 rs7760906 25374754 6 -0.01503995657271106 25340482 25407482 67000
6 1370 rs719727 127414838 5 0.01491077933303859 127392977 127532381 139404
6 1835 rs9356065 163239119 3 -0.01485782415179827 163036511 163259260 222749
6 1807 rs6455717 161725801 1 -0.01480119828996212 161725801 161751279 25478
6 358 rs6909060 21986847 6 0.01468962892723892 21986847 22021230 34383
6 1897 rs1867596 166517429 2 -0.0145637155052726 166502352 166520236 17884
6 622 rs6921368 41980666 2 0.01427135498413178 41928382 41993007 64625
6 1164 rs11968354 106117591 5 -0.01414550254294517 106089212 106159033 69821
6 137 rs7738221 6908368 1 0.01399089450474014 6905830 6914407 8577
6 1038 rs10944534 91994620 3 0.01396199360567549 91939989 92012025 72036
6 759 rs991286 54166054 4 0.01388105845424613 54164079 54199780 35701
6 1916 rs2178806 167218762 2 0.01374600986479517 167192368 167247591 55223
6 987 rs1324433 87698758 2 0.01374030142914837 87666493 87774205 107712
6 1681 rs2623958 152841248 3 0.01374004939616167 152708310 152841248 132938
6 442 rs1633005 29764472 3 0.01370799085410624 29698821 29796640 97819
6 1789 rs6455678 160415341 6 0.01367478734914457 160283890 160425247 141357
6 238 rs531256 13384746 2 -0.01362268072427244 13355485 13384746 29261
6 1823 rs1893895 162440687 7 0.01356581325051601 162344712 162445941 101229
6 369 rs10485010 22600492 2 0.01355670705392263 22563637 22608225 44588
6 477 rs570963 32289594 4 0.01346911990838762 32289318 32339647 50329
6 528 rs9368895 35913096 2 0.01340545351256685 35855286 35950210 94924
6 1297 rs742962 119713746 4 0.01337911110063547 119677311 119866141 188830
6 969 rs2206985 85109688 1 -0.01337579296954391 85105960 85109688 3728
6 432 rs200486 27779506 6 0.01335563624443429 27668013 27840926 172913
6 1606 rs6925130 148609400 3 -0.01331129327205709 148582765 148630465 47700
6 1547 rs765875 143185683 6 0.01325844074769924 143092754 143201273 108519
6 1085 rs9398152 97063724 1 0.01319521499401303 96844691 97077504 232813
6 453 rs3130667 30743241 4 0.01304701229797525 30719909 30796738 76829
6 1146 rs10872782 104290530 2 0.01304062615104272 104217774 104290530 72756
6 1622 rs6570947 149469655 3 0.01298946604852912 149437584 149495480 57896
6 1559 rs1015340 144035357 3 0.01259777880340065 144035357 144038185 2828
6 899 rs1540999 76695323 2 0.01259430886205606 76662813 76741709 78896
6 941 rs6935142 81856665 5 0.01250498685534814 81778014 81907559 129545
6 21 rs9502839 1144109 3 -0.01248427500613481 1144109 1149856 5747
6 534 rs2234080 36336764 2 0.0123964302153028 36304505 36336764 32259
6 310 rs12191192 18540044 3 -0.01235060425249744 18476660 18590893 114233
6 1666 rs1336981 152082369 1 -0.01234801511892867 152008780 152092749 83969
6 900 rs6900948 76876104 3 0.01229819856419506 76828777 76876104 47327
6 690 rs3757241 46623698 5 -0.01228870812811637 46603687 46685286 81599
6 513 rs4713755 34135235 1 0.01228675204566992 34135235 34135235 0
6 1555 rs2128977 143846791 4 0.01228139956097397 143842099 143863044 20945
6 1258 rs1011910 114417219 2 0.01227710317232293 114316305 114447603 131298
6 145 rs2876098 7374207 1 0.0120492858929588 7374207 7476908 102701
6 1308 rs1339015 121158314 9 -0.0120116857572309 121083812 121208345 124533
6 837 rs9454732 70049915 3 -0.01192738831495327 70002111 70080512 78401
6 399 rs10946675 24141920 6 -0.01177846470754702 24141835 24195759 53924
6 604 rs742493 40998167 1 0.01176383146542827 40950969 41038845 87876
6 1054 rs1338266 93646297 2 -0.01175175432134398 93576022 93681057 105035
6 1013 rs2064831 90032942 2 0.01175159631016846 90025112 90089677 64565
6 856 rs7753757 72034337 2 0.01170336245956829 71979329 72048250 68921
6 705 rs7740768 47788531 2 0.01156977157895152 47739785 47881668 141883
6 265 rs2179168 15477030 4 -0.01150865553845858 15369898 15500687 130789
6 175 rs855250 9608887 4 -0.01138657684920487 9553237 9662073 108836
6 874 rs13206617 73663745 3 -0.01110758451143377 73663745 73738661 74916
6 1489 rs17066096 137452908 5 0.01110000410006889 137422058 137464218 42160
6 832 rs6455286 69238598 3 0.011093157364402 69151721 69285887 134166
6 148 rs9406042 7623854 1 -0.01103794389969668 7617938 7623854 5916
6 483 rs9275524 32675109 3 0.011029320576022201 32675109 32682137 7028
6 19 rs9501682 1067284 1 0.01101433392507576 1063883 1067284 3401
6 1060 rs1492964 94031097 2 0.01095713927813264 94029815 94062054 32239
6 1340 rs4310075 124332238 4 0.01093453154976286 124328531 124355206 26675
6 869 rs1147537 73274405 1 -0.0109015069935184 73274405 73322054 47649
6 1551 rs7738387 143437284 2 0.01087168589130388 143400092 143483710 83618
6 521 rs6919334 35341875 2 -0.01083929254657222 35164004 35362848 198844
6 1852 rs6914455 164311616 3 0.01081482160802218 164186677 164316375 129698
6 1400 rs9375674 130216510 5 0.01076313569396771 130194204 130267753 73549
6 152 rs2068361 7736743 4 0.01068965743226992 7736743 7789943 53200
6 44 rs4959684 2589139 1 -0.01064111657961049 2542395 2595478 53083
6 320 rs6910563 19610835 6 0.01050634384030238 19569044 19611159 42115
6 821 rs1349813 67801858 3 0.01045367121626751 67720985 67848752 127767
6 236 rs445714 13280958 6 -0.01039556955384956 13278788 13311823 33035
6 1272 rs17052661 116787688 7 -0.01032858246212259 116729779 116788453 58674
6 1754 rs17088067 157398175 2 -0.01031740960223167 157334519 157398175 63656
6 295 rs864280 17290619 3 -0.01030831705176367 17252342 17302983 50641
6 441 rs61730327 29640951 3 -0.01017361951751627 29607747 29696245 88498
6 936 rs10498923 81253907 3 0.01011247931419061 81228527 81274336 45809
6 668 rs561160 44579789 5 0.01002753442516994 44568740 44596435 27695
6 1759 rs675658 158101911 4 0.01000503742525171 158097475 158101911 4436
6 939 rs13193950 81536714 3 -0.00997596572633519 81536714 81662008 125294
6 1077 rs9375155 96100775 3 -0.00992553349951222 96089739 96256984 167245
6 740 rs651733 52789828 2 -0.00991532388101679 52774463 52801687 27224
6 1246 rs4947193 112973229 5 -0.00989914948779219 112967841 113140908 173067
6 1645 rs7769973 151032785 3 -0.00989077757313352 151015996 151036450 20454
6 1930 rs9364220 168490568 3 -0.00983990963064596 168463624 168491848 28224
6 1267 rs4304201 115940684 3 0.00983029058309022 115592094 115946279 354185
6 1206 rs2764261 108927842 4 -0.00981147982484029 108867031 108927842 60811
6 1348 rs612146 124889636 2 -0.00961590178718137 124889636 124911565 21929
6 921 rs9448607 79715620 2 -0.00960178999585464 79483474 79861169 377695
6 1736 rs9371942 156234522 5 0.0095402999572027 156200568 156265573 65005
6 324 rs1047014 19841493 1 0.00953980458662595 19841493 19841493 0
6 1153 rs2211033 104992395 1 0.00949279627092262 104966905 105054947 88042
6 1329 rs1343962 123749752 2 -0.00947032978041124 123637154 123754480 117326
6 487 rs1800454 32800412 1 -0.00946493535827553 32798711 32804070 5359
6 254 rs9367837 14457917 3 -0.00943762370102461 14441229 14492938 51709
6 87 rs12665403 4737179 3 -0.00938891418086588 4715882 4737179 21297
6 1331 rs7749215 123869906 3 0.00929736515915217 123868992 123869906 914
6 1914 rs16899333 167147083 3 -0.00926451032927165 167122054 167152526 30472
6 815 rs9360207 67154649 5 -0.00923003619730262 67154649 67238099 83450
6 1162 rs9398033 106009443 2 0.00918184340388787 106006230 106009443 3213
6 771 rs9464247 55313379 1 -0.0091797881426245 55301723 55337062 35339
6 1373 rs9491849 127945200 3 0.00906822914125667 127923526 128040839 117313
6 1319 rs11154078 122708203 7 -0.00901946344765036 122570137 122874842 304705
6 1343 rs1851780 124627115 5 -0.00899949144070628 124603503 124640584 37081
6 1556 rs11155308 143917700 4 0.00898686907691248 143867406 143920811 53405
6 1818 rs7760443 162172718 1 0.00898348030998253 162172718 162199157 26439
6 1290 rs11754023 119005785 4 -0.00897994253847907 118642751 119020091 377340
6 1401 rs6931642 130285951 2 -0.00896366470325448 130285951 130309435 23484
6 656 rs9381279 43999697 1 -0.00886003821028781 43995668 44000031 4363
6 973 rs215939 85466286 2 0.00878454276098185 85364776 85558462 193686
6 1365 rs584032 126165003 2 0.00873954716416918 126133389 126255034 121645
6 1066 rs515814 94845639 3 0.00871151594098183 94842774 94919013 76239
6 305 rs4716213 18052449 4 -0.00870210890754549 18038081 18088988 50907
6 1273 rs117169123 116949359 5 -0.00867711060423282 116833053 117075632 242579
6 1198 rs17854547 108214694 1 0.00865369274293814 108154872 108262363 107491
6 893 rs6453815 75835305 1 -0.00858268782433583 75811880 75835305 23425
6 493 rs423639 32987774 7 -0.00857879123429913 32968276 32988695 20419
6 971 rs6935503 85234404 3 0.00856319891811595 85211340 85266965 55625
6 255 rs9476591 14579439 3 0.00850351941441992 14515168 14601073 85905
6 1529 rs17069144 139967247 1 -0.00849832309842254 139902376 139976184 73808
6 435 rs13215804 28415572 4 -0.00838840287766427 28390843 28667448 276605
6 1186 rs908819 107307003 1 0.00831147828359066 107249554 107307003 57449
6 813 rs9453597 66826432 3 0.00830640423972333 66796668 66957869 161201
6 1137 rs1933992 103010088 1 0.00826364324328543 102965635 103018974 53339
6 772 rs4715555 55448610 3 0.00822473004364139 55364966 55456654 91688
6 106 rs6924018 5723227 2 0.00822240102139186 5723227 5737122 13895
6 1967 rs6909815 170814626 3 0.0082165206051389 170765619 170847181 81562
6 1486 rs2153893 137295402 4 0.0081849717599187 137288483 137298126 9643
6 1503 rs666769 138415087 1 0.0080994109132805 138414419 138415246 827
6 1473 rs9376124 135979220 3 0.0080878403797373 135921139 136001003 79864
6 7 rs2073009 572480 2 0.00804817682885223 570556 586348 15792
6 1690 rs315428 153515011 3 -0.00804622573090286 153504519 153529163 24644
6 1934 rs6924059 168666768 1 -0.0079904479967502 168654978 168686848 31870
6 1896 rs10946116 166480503 1 0.00797004576908601 166432504 166499818 67314
6 23 rs2252693 1277151 1 0.00795700966355361 1264403 1277151 12748
6 1919 rs4709142 167407584 1 0.0078514517414756 167360389 167438276 77887
6 1044 rs12526373 92669376 1 0.00784901748661096 92669376 92712609 43233
6 452 rs2269702 30675135 10 0.00783328236905204 30455886 30716117 260231
6 958 rs2149537 83698770 3 0.00781746410840457 83666480 83894382 227902
6 1028 rs1145743 91412651 2 0.0078127181691571 91406809 91474545 67736
6 580 rs9471080 39320088 3 0.00769145977492268 39296416 39320088 23672
6 537 rs6457940 36663357 4 0.00768405908668561 36663357 36685577 22220
6 1479 rs9494473 136538031 1 -0.00766606498149836 136538031 136538031 0
6 1477 rs4896192 136317656 3 -0.00761901844011021 136263815 136340592 76777
6 1181 rs3747787 106967778 2 0.00757554270578375 106967185 106993458 26273
6 1527 rs668459 139835689 3 0.00756965139626452 139806747 139835689 28942
6 648 rs943072 43795968 1 -0.00753995458735035 43789616 43795968 6352
6 466 rs6903496 31352774 1 0.00753178166340534 31343632 31371430 27798
6 1402 rs6569648 130349119 6 0.00750983833865445 130320223 130420052 99829
6 1882 rs576853 165943163 5 0.00749754910955214 165932290 165946772 14482
6 319 rs9348385 19548810 2 0.00749727444513944 19455877 19548810 92933
6 450 rs6905389 30319930 5 -0.00749303325769897 30319930 30372987 53057
6 470 rs1800750 31542963 7 0.00748944902025668 31463491 31568469 104978
6 9 rs17136239 656343 2 0.00747147413395275 654482 687753 33271
6 908 rs16888579 77803487 3 -0.00735805561281871 77598255 77825472 227217
6 323 rs6920825 19732492 4 0.00725729047582874 19706761 19803768 97007
6 214 rs11961287 11986537 5 0.00724436223512845 11982461 12048827 66366
6 1836 rs11968371 163291953 3 0.00724327769242569 163287279 163321232 33953
6 461 rs7747738 31230924 3 0.00721468823357233 31229644 31244021 14377
6 693 rs172696 46885299 4 0.00720429679826768 46841806 46889577 47771
6 1514 rs6927344 139102366 2 -0.00715946914600439 139062907 139131118 68211
6 1083 rs17056459 96658670 4 -0.00714899705002726 96572748 96689890 117142
6 1774 rs9457509 159317512 1 -0.00713406921595821 159317512 159317512 0
6 1425 rs9493105 132138338 3 0.00711626321866388 132131601 132163617 32016
6 978 rs9362180 86011079 3 0.00707453504517459 85953339 86039744 86405
6 503 rs594223 33667965 6 0.00704347600508822 33648228 33697125 48897
6 1133 rs17062729 102432315 6 0.00698646089524199 102407708 102526507 118799
6 1787 rs7754295 160061229 2 0.0069788953501872 159991083 160067287 76204
6 562 rs12526152 38199488 1 -0.00691149120625149 38173365 38240085 66720
6 1050 rs9345259 93359457 2 0.00686172838263989 93199724 93378969 179245
6 1946 rs9346489 169326799 2 -0.00683766056635519 169296369 169327747 31378
6 1143 rs9377483 103862101 7 -0.00679693544196716 103862101 103962411 100310
6 264 rs794791 15313789 3 -0.00670015466402738 15247393 15346005 98612
6 695 rs1873318 46966274 2 0.0066724024445453 46941930 46985955 44025
6 1360 rs9482645 125672037 2 0.00663594430077801 125637383 125672037 34654
6 597 rs376285 40517949 2 -0.00663219512787492 40517063 40603020 85957
6 363 rs6924146 22238088 2 0.00662484620882538 22238088 22238088 0
6 968 rs6454364 85066620 4 -0.00662446854718142 85038395 85091415 53020
6 1022 rs370409 90921740 3 -0.00660620591212478 90912594 90996769 84175
6 286 rs1359067 16696724 1 0.00656132009781478 16696724 16700833 4109
6 285 rs909788 16636461 2 0.00655477780153559 16627255 16677571 50316
6 447 rs3869070 30023868 1 0.00645820278005208 30015167 30073847 58680
6 606 rs9296359 41205690 5 0.00645353145272403 41171213 41220384 49171
6 1057 rs1998577 93871629 8 -0.00645259627739207 93833436 93880964 47528
6 1166 rs7766016 106282402 1 0.00644803736718505 106282402 106292430 10028
6 510 rs4711374 34015765 1 -0.00644458201117338 33991368 34015765 24397
6 1862 rs6915442 164663686 3 0.00639790757426218 164642517 164670331 27814
6 1279 rs508278 117646772 2 -0.00638703747102343 117640002 117646772 6770
6 1266 rs4400248 115230047 2 0.00638332610311334 115194099 115235605 41506
6 982 rs6935746 86975494 3 -0.00630787624807143 86865029 86987698 122669
6 984 rs1112672 87220776 2 -0.00629740169496169 87153030 87247387 94357
6 1296 rs195077 119655145 1 -0.00627333085591707 119531053 119655145 124092
6 1354 rs2039493 125343597 1 -0.00625706326625319 125343597 125344138 541
6 74 rs9328207 3944564 1 0.00625432897208555 3913630 3944564 30934
6 82 rs4959299 4492079 2 0.00625041907195899 4464320 4492079 27759
6 672 rs6901786 45186173 5 0.00623614802749118 45102025 45358323 256298
6 478 rs28362681 32370879 3 0.00618695408432325 32341398 32380262 38864
6 560 rs11757695 37836673 5 -0.00617953424574082 37761373 38073822 312449
6 950 rs4292570 82763865 5 -0.00615843445760744 82763865 82776291 12426
6 519 rs1535001 34927280 4 0.0061501768359017 34548296 34982599 434303
6 965 rs2497113 84767152 3 0.00612531030633337 84767124 84856409 89285
6 838 rs1817255 70305899 1 0.00611226854162565 70136445 70349202 212757
6 3 rs7757906 412741 1 0.00610692351677291 398775 412741 13966
6 808 rs9360139 66284186 4 0.00610629221257714 66214813 66307143 92330
6 430 rs41269261 27278179 2 0.00607209818642169 27216699 27303927 87228
6 1648 rs61742396 151161116 1 -0.00601681673239662 151145278 151161116 15838
6 1904 rs6925364 166830696 2 -0.00593183040395855 166830696 166830696 0
6 1576 rs9399525 145313726 2 0.00582361135944898 145201100 145315238 114138
6 1927 rs9355146 168362683 2 -0.00575785731564612 168289199 168362683 73484
6 779 rs1925164 56127267 4 -0.00575614968026068 56115894 56156125 40231
6 439 rs362511 29530850 3 -0.00574819091053765 29407378 29530850 123472
6 1167 rs6934413 106328676 2 0.00569906774020317 106328676 106350725 22049
6 1541 rs225676 142514226 3 -0.00569725073215677 142328981 142560307 231326
6 1208 rs1268160 109075953 1 0.00569147564775514 109049607 109075953 26346
6 1925 rs2981984 167767987 1 0.00557278593825454 167750150 167770736 20586
6 35 rs9328072 1828165 1 0.00554988985795898 1824483 1828165 3682
6 86 rs9504202 4684896 8 -0.00553843282110693 4662666 4694899 32233
6 1474 rs947583 136133659 6 -0.00552245131966393 136064441 136133659 69218
6 130 rs3804490 6653139 3 0.00548076076874101 6653139 6662286 9147
6 538 rs7762245 36716229 4 0.0054802119480733 36700899 36744778 43879
6 1900 rs9365980 166661420 2 0.00546355310207824 166623917 166667434 43517
6 1142 rs494028 103624808 3 -0.00544346550426115 103614455 103816260 201805
6 209 rs2076185 11723636 3 -0.00543061446528551 11721455 11770114 48659
6 128 rs3789766 6618373 2 0.00542607825250896 6614433 6619698 5265
6 429 rs9348747 27002406 4 0.00538945672254252 26758479 27210614 452135
6 1442 rs11154703 133243774 1 0.00531955838890124 133105120 133256495 151375
6 1129 rs9485528 102114780 5 -0.00529100538718074 102113164 102170855 57691
6 1931 rs1473500 168511016 4 0.00526862000231916 168506045 168531451 25406
6 1323 rs9375186 123131515 1 0.00525481317878228 123131515 123131515 0
6 1363 rs1342698 125940941 1 0.00518837253261292 125845089 125944755 99666
6 1156 rs7769944 105547105 3 0.00515980722078798 105547105 105612220 65115
6 293 rs7745845 17061546 2 -0.0050597097760158 17043546 17085201 41655
6 1664 rs3757318 151914113 1 -0.00504606671425505 151914113 151930249 16136
6 944 rs9294233 82271163 6 -0.00503467976677123 82193109 82379575 186466
6 1846 rs9347738 163769090 2 0.00503129662166513 163758941 163769090 10149
6 520 rs820082 35031441 6 -0.00502816262168947 35008247 35140861 132614
6 988 rs932742 87804685 1 0.00500433920002356 87780737 87814241 33504
6 412 rs6918101 25027288 3 0.00500106177041095 24971403 25028663 57260
6 1885 rs2983500 166034053 1 0.00500105029935364 166015431 166034053 18622
6 833 rs1523932 69480408 1 -0.00497918821080226 69459942 69508067 48125
6 1458 rs4896028 134539179 1 0.00492060944130591 134539179 134564866 25687
6 1436 rs9321348 132864548 2 0.00490858563399339 132842396 132880648 38252
6 1501 rs9376307 138283265 1 0.00486204377687309 138275769 138283265 7496
6 1392 rs9402140 129876535 2 -0.00486175689569538 129869267 129919010 49743
6 583 rs6458116 39399659 1 -0.00484002112840212 39398931 39539207 140276
6 1121 rs241819 100910798 3 0.00482377812455772 100894587 101197953 303366
6 144 rs9505168 7327846 4 -0.00481570701778837 7267002 7327846 60844
6 1964 rs3012372 170567708 3 -0.0047994296105281 170560679 170567708 7029
6 102 rs941427 5607234 3 -0.00477566074718817 5597160 5618987 21827
6 1427 rs4897553 132234136 2 0.0047729201532982 132228577 132234136 5559
6 287 rs493352 16744169 6 -0.00475933572556505 16717736 16746624 28888
6 763 rs17545325 54623801 4 -0.00473651390815541 54562935 54632536 69601
6 1460 rs6569937 134620673 3 0.00473551000379079 134620673 134674309 53636
6 559 rs6929224 37746848 1 -0.00473487867571795 37727508 37746848 19340
6 1796 rs3088442 160872652 6 0.00472747612150667 160773378 160961137 187759
6 421 rs3922841 25736678 2 -0.00472646424856931 25686405 25758448 72043
6 1191 rs2430461 107650309 4 -0.00468855476250818 107637486 107767586 130100
6 1594 rs325129 147807143 2 -0.00465349251209994 147799122 147834827 35705
6 1069 rs2076704 95089937 1 -0.00463451082887655 95080580 95089937 9357
6 989 rs1925690 87867063 2 -0.00456402198173087 87867063 88166279 299216
6 938 rs976145 81407258 2 0.00455501841606922 81379791 81481783 101992
6 708 rs676219 48287248 4 0.00454801259555104 48282842 48329893 47051
6 1894 rs6456029 166307718 6 -0.00451577958802618 166299347 166366509 67162
6 213 rs16872095 11945778 4 -0.00451521512618789 11942371 11976739 34368
6 281 rs9396676 16460906 1 0.00449552609030586 16460906 16468304 7398
6 1922 rs7761658 167644277 2 0.00447330315593895 167611757 167644277 32520
6 1704 rs12205120 154543318 2 -0.00446457348967525 154542491 154581997 39506
6 1685 rs578512 153124301 3 0.00444689029360084 153119212 153124301 5089
6 535 rs1061632 36457484 5 0.00441197683476464 36362441 36525256 162815
6 1624 rs6935566 149566825 5 0.00440175095746958 149552517 149606801 54284
6 353 rs16885189 21729682 5 0.0043959723336496 21693152 21731736 38584
6 1939 rs2763249 168926062 3 0.00437674705976614 168911377 168943376 31999
6 112 rs582186 6001381 3 -0.00436379686984848 5980711 6001381 20670
6 1165 rs12660517 106255713 2 0.00435086153346617 106230491 106257938 27447
6 1025 rs284513 91208693 3 -0.00433994218115435 91204289 91208693 4404
6 568 rs45519938 38820493 1 -0.00433646700418771 38786528 38902470 115942
6 294 rs1408299 17154680 3 0.00432098741569394 17106718 17237051 130333
6 167 rs12206542 8968262 2 -0.0043074506747399 8929557 8976039 46482
6 859 rs9358960 72279021 2 0.00430586514377334 72205132 72289651 84519
6 980 rs41271629 86257229 5 0.00429164683863622 86091724 86345039 253315
6 1627 rs3798763 150211100 4 0.00427016510663795 149943594 150226059 282465
6 244 rs4715723 13958654 4 0.00420194064852711 13897337 14006238 108901
6 60 rs3813477 3398623 1 0.00418877528182298 3343544 3398623 55079
6 179 rs13217591 9956562 3 -0.00415288567198113 9956562 9994389 37827
6 143 rs116683035 7248990 4 -0.00408915171621374 7211751 7254641 42890
6 1961 rs937327 170472702 1 -0.00399049344023838 170448699 170516123 67424
6 1887 rs7738923 166077866 1 0.00397510553931675 166070424 166077866 7442
6 1395 rs17384593 130049171 1 -0.00397066653509079 130045677 130050610 4933
6 180 rs9371028 10019083 3 -0.00393492286009347 10012023 10047914 35891
6 438 rs3094549 29355148 3 -0.00393461320093857 29335537 29398859 63322
6 843 rs3806014 70795455 8 0.00390844243804669 70766504 70842620 76116
6 1872 rs12174875 165471482 1 -0.00389934484006132 165466890 165478051 11161
6 422 rs1892250 25769024 3 -0.0038806467449331 25765390 25889706 124316
6 400 rs11962116 24221523 2 -0.00386307487904899 24215665 24291203 75538
6 946 rs194914 82432826 1 0.00383995214627205 82424596 82445375 20779
6 797 rs1723535 64136886 1 0.00379778967319014 64099010 64343514 244504
6 1793 rs13209686 160595233 2 -0.00375742538715172 160582340 160595233 12893
6 1956 rs9383480 170193459 7 0.00375648633330395 170033086 170208204 175118
6 517 rs3756929 34527019 6 0.00374859310251838 34498328 34540022 41694
6 1938 rs2749250 168905499 3 0.00374831936666254 168810725 168905583 94858
6 1062 rs7746862 94246104 2 -0.00374719758159263 94120219 94325460 205241
6 972 rs4438935 85286776 1 0.00374161891529484 85286776 85354880 68104
6 1581 rs10484925 146337547 3 -0.00372899790199101 145781916 146415368 633452
6 76 rs12110567 4016348 2 0.00372570256085701 3988620 4043847 55227
6 409 rs2474149 24885379 3 -0.00372206071194553 24868080 24913789 45709
6 1534 rs661704 141174222 3 0.00370223259438371 141141957 141270660 128703
6 1438 rs9389008 132915398 4 0.00367836460110907 132897029 132925613 28584
6 1708 rs2275336 154726988 1 -0.00364752722740339 154726988 154726988 0
6 217 rs9380902 12201764 1 0.00362160415384434 12196910 12201764 4854
6 1889 rs6922621 166166799 3 -0.00359300994113787 166146245 166184203 37958
6 635 rs3749898 42640726 4 0.00357316717276488 42462055 42693959 231904
6 473 rs17207923 32036788 2 -0.00357121945458111 32019769 32151443 131674
6 930 rs1590244 80540223 1 -0.00355743344733477 80533187 80550286 17099
6 1380 rs9492001 128879393 1 -0.00355215172211763 128879393 128941251 61858
6 1434 rs2876186 132728085 2 0.00355166590573969 132728085 132762095 34010
6 1528 rs6903764 139851661 3 0.00353561709054814 139851661 139892016 40355
6 481 rs2187668 32605884 1 0.00353196762106527 32590722 32605884 15162
6 1447 rs211438 133613759 2 -0.00351600184681992 133613759 133701158 87399
6 151 rs1107495 7726057 2 -0.00350041337590309 7718590 7726057 7467
6 1168 rs4945734 106359032 2 -0.00350010116080882 106359032 106385525 26493
6 249 rs853377 14175404 1 0.00349429226839337 14162949 14244517 81568
6 339 rs2206734 20694884 1 -0.00348577002643708 20622753 20728731 105978
6 589 rs1923474 39938471 3 0.00348534422224355 39911241 39945015 33774
6 428 rs13195509 26463660 4 0.00347773847492615 26454454 26667079 212625
6 1036 rs6902540 91837498 1 -0.00346427449341922 91781177 91839729 58552
6 1948 rs12528430 169409682 3 -0.00344966647601556 169393766 169436455 42689
6 1382 rs6569559 129141326 1 0.00343925801312124 129141297 129175884 34587
6 558 rs742790 37696933 1 -0.00343888550630982 37674339 37700947 26608
6 1270 rs9320552 116310336 3 0.00340183376182043 116200610 116419107 218497
6 1126 rs2579934 101903589 1 -0.00336350788311384 101866368 101929203 62835
6 1582 rs12200797 146615383 1 0.00335410102890122 146500265 146652354 152089
6 1880 rs7748041 165871066 2 0.00334307982216944 165852979 165871066 18087
6 1703 rs12208947 154491137 1 -0.00333539926647938 154478440 154522740 44300
6 850 rs2691482 71331467 1 -0.00333015782593982 71331467 71331467 0
6 1716 rs1996737 154946930 3 -0.0033201028198452 154932527 154946930 14403
6 1259 rs6908717 114489321 3 0.00330850686571049 114465074 114553493 88419
6 1449 rs3777878 133821417 1 0.00329800366934578 133789728 133857604 67876
6 823 rs9345994 67952979 3 0.0032546731327486 67920632 68014487 93855
6 492 rs206786 32935179 3 0.00325358528258229 32903900 32961361 57461
6 1325 rs4243496 123326275 4 0.00323898881318126 123300548 123378134 77586
6 1742 rs2820415 156542816 2 -0.00323167021168219 156517374 156560746 43372
6 698 rs6931360 47166183 2 -0.00320648460821204 47137735 47187915 50180
6 802 rs4710286 65520297 2 -0.00320444100066184 65418797 65520297 101500
6 368 rs7758817 22504878 5 -0.00319916891258165 22491270 22550777 59507
6 454 rs3095345 30822413 2 0.00318556931522784 30800577 30932309 131732
6 794 rs9294075 63771225 3 -0.00318137229874195 63665146 63771225 106079
6 1847 rs1764001 163783291 1 -0.00314216487509466 163777215 163783291 6076
6 1718 rs7744421 155094764 1 0.00310583644546584 155094764 155194880 100116
6 1951 rs9717830 169663638 2 -0.00309178454755226 169663638 169668998 5360
6 1764 rs9347800 158371084 1 -0.00308635149974883 158371084 158389741 18657
6 121 rs6924158 6355950 1 -0.00306739002006806 6355950 6363273 7323
6 436 rs11754985 28711074 3 0.00306637810836166 28689672 28936556 246884
6 867 rs1572208 73171594 2 0.00302317662308904 73131012 73171594 40582
6 16 rs2095580 984646 2 -0.00300166499829007 972155 1008959 36804
6 431 rs6903282 27466712 2 -0.00299964891668342 27332298 27657647 325349
6 1621 rs6917010 149398511 4 0.00298662698738667 149329267 149435111 105844
6 1033 rs711280 91642307 2 -0.00297968807103037 91642307 91670249 27942
6 1825 rs6917371 162506568 5 -0.00296526822000798 162506568 162559180 52612
6 1564 rs9403540 144292587 1 0.00294199669317478 144281385 144344172 62787
6 1150 rs13203780 104583607 3 -0.00294199588469497 104521604 104707641 186037
6 1127 rs9386283 101997543 1 0.00294055409618383 101947367 102007227 59860
6 309 rs10949509 18441624 4 -0.00293464256797367 18424299 18462492 38193
6 174 rs9381380 9501859 1 0.00293294718752561 9412202 9503805 91603
6 1381 rs7744000 129037359 4 0.00292847994866597 128955282 129072536 117254
6 1828 rs952388 162716541 3 -0.0029255173277233 162642724 162716541 73817
6 1686 rs9371645 153209197 1 -0.00291843118570272 153173999 153258023 84024
6 1912 rs7752989 167082896 1 0.00290136908577936 167082896 167096845 13949
6 1496 rs526676 137891497 3 0.00285388231555597 137876921 137930302 53381
6 602 rs10807248 40844002 5 -0.00285178233077204 40828945 40863535 34590
6 32 rs9503009 1701839 1 -0.00284962411456685 1695439 1703290 7851
6 1372 rs1913077 127853444 1 -0.00284631183170458 127829926 127873421 43495
6 540 rs707998 36925774 2 -0.00283666477238704 36924102 36947386 23284
6 864 rs6919752 72763339 2 -0.00282556090368062 72666352 72825419 159067
6 6 rs6918152 542159 5 0.00282072522243408 526744 556106 29362
6 803 rs2350001 65628676 3 -0.00280615831315475 65562837 65628676 65839
6 168 rs17403999 9017266 1 -0.00278278553747798 9017266 9017266 0
6 1782 rs9365056 159807939 2 0.00277531595285177 159805250 159822140 16890
6 985 rs9294358 87333241 4 -0.00277129291838813 87305234 87500445 195211
6 726 rs9474062 51598637 3 -0.00276561687660298 51579595 51705624 126029
6 952 rs9294254 82958246 1 0.0027397676022384 82888064 82962125 74061
6 1638 rs2076284 150719613 2 -0.00273486800458628 150692480 150731232 38752
6 109 rs1407793 5884859 1 0.00272678640746797 5884859 5884859 0
6 1488 rs12214209 137378863 2 0.00272378000388739 137352519 137378863 26344
6 246 rs9296918 14073320 3 0.00271651553246072 14045029 14075513 30484
6 394 rs12200455 23922624 1 0.00271386488776469 23915870 23922624 6754
6 1431 rs1358771 132451644 2 0.0027134369352625 132373986 132460724 86738
6 1385 rs17056876 129483375 4 0.00270238381598322 129422405 129525473 103068
6 522 rs2076167 35391787 4 0.00269401116203844 35365346 35452346 87000
6 1599 rs500110 148185587 2 -0.00266554039837199 148185587 148207621 22034
6 569 rs17336909 38954145 6 0.00264788239753005 38910363 38989385 79022
6 1432 rs1998075 132560968 1 0.00263893618597488 132560968 132567078 6110
6 146 rs9406039 7528113 3 0.00262398793191318 7528113 7554466 26353
6 1626 rs9498354 149762851 6 0.00262138360686342 149658978 149799798 140820
6 1867 rs903791 165115007 3 0.00260859906129067 165072761 165166241 93480
6 1175 rs6568433 106829537 1 0.00260045547899357 106829537 106831766 2229
6 621 rs2479726 41898096 4 -0.00259972303936364 41744948 41925304 180356
6 1636 rs9397900 150665752 2 0.00259603666484251 150649726 150673177 23451
6 512 rs11961715 34095696 1 0.00257839125808828 34095696 34103954 8258
6 1572 rs9376824 144891032 4 0.00257044688777701 144811319 144891032 79713
6 1399 rs9402186 130171667 3 0.0025631889711894 130140120 130176592 36472
6 1600 rs529563 148252713 4 0.00256140488470018 148213642 148270789 57147
6 590 rs9369152 39962868 1 -0.0025271289808813102 39962868 40069436 106568
6 1631 rs4870302 150449865 2 0.00252544030041584 150412833 150450034 37201
6 204 rs7741863 11371615 3 -0.00251533014746176 11365119 11424279 59160
6 1244 rs1606213 112818452 2 0.00249682898594004 112795161 112852469 57308
6 1230 rs3204953 111628626 3 -0.00249506576153064 111560890 111861365 300475
6 156 rs365936 7920904 3 0.00247962366903812 7920904 7960742 39838
6 707 rs1325707 47963249 2 0.00247556836639648 47941339 48063688 122349
6 1341 rs2064687 124376164 1 -0.00246389953221721 124376164 124445140 68976
6 762 rs10948828 54452797 1 0.00246382927627419 54452797 54557664 104867
6 216 rs10947826 12183050 1 -0.00245807366024824 12183050 12183050 0
6 1367 rs9321061 126454333 1 -0.00243979506994133 126444684 126481408 36724
6 1539 rs1884055 142175291 5 -0.00243086328752905 142093922 142177674 83752
6 479 rs3135363 32389648 3 0.00242154832785289 32383108 32427789 44681
6 1747 rs7739058 156797257 3 -0.00240163293056408 156787460 156839572 52112
6 1731 rs12662240 155998045 2 0.00238937913452268 155912676 156012352 99676
6 790 rs74481685 62284240 4 0.00238365071852871 62284240 62682069 397829
6 317 rs9368062 19380131 1 -0.00238320353314633 19324082 19381355 57273
6 342 rs77152992 21065449 1 0.0023825849629305 21012904 21065449 52545
6 1117 rs6908728 100619658 1 0.0023792322597974 100601918 100627435 25517
6 1234 rs11964650 112081938 4 -0.00237744156077589 112033370 112138882 105512
6 472 rs115884658 31864538 1 0.00236253053849571 31837250 31947460 110210
6 591 rs1077330 40225869 3 0.00235671616661352 40121489 40247122 125633
6 1837 rs1408710 163448750 1 -0.00235489147200463 163361196 163486937 125741
6 1222 rs6933664 110736384 3 -0.00234912168486988 110735630 110778128 42498
6 355 rs16885318 21832546 2 0.0023264740680202 21832546 21894448 61902
6 1776 rs926657 159463452 6 0.00232612094486382 159358708 159465977 107269
6 240 rs13213519 13452404 1 -0.00229964090600675 13452404 13485083 32679
6 1853 rs2322177 164350087 1 -0.00229435478545644 164350087 164350087 0
6 960 rs12203860 84174401 4 0.00227851496013033 83976802 84211936 235134
6 196 rs2076258 10876036 2 0.00227662199354958 10872061 10902439 30378
6 1393 rs929103 129993162 1 0.00226867256473829 129959097 129996025 36928
6 1457 rs12662210 134447959 1 0.00223967960177941 134434375 134447959 13584
6 366 rs2655439 22403467 2 -0.00223870049253341 22400585 22446285 45700
6 574 rs6899384 39132435 2 -0.00223309591527834 39119837 39149784 29947
6 1355 rs9375383 125354154 2 -0.00223197291318171 125354154 125365295 11141
6 1537 rs4896551 142032704 3 0.00222977036309555 141793547 142032704 239157
6 351 rs6456433 21526583 2 -0.00222664198331706 21497929 21526583 28654
6 1844 rs10455922 163723545 1 0.00222578813757463 163722268 163725498 3230
6 1530 rs6912263 140017022 3 0.00221521940226243 139989016 140018024 29008
6 498 rs464921 33240506 2 -0.0022025452230509 33222163 33431517 209354
6 1902 rs9356478 166751416 1 0.00219735482787433 166724312 166751416 27104
6 78 rs13206717 4154018 2 0.00219539990625118 4111429 4154018 42589
6 830 rs2603688 68945419 2 0.00218343725938917 68936391 69041360 104969
6 26 rs731394 1405284 2 0.0021479287075313 1405284 1408677 3393
6 1959 rs9459964 170341197 2 -0.00214596253487635 170330196 170341197 11001
6 1567 rs4895634 144499144 2 -0.0021272745051832 144497577 144508698 11121
6 397 rs9393517 24046561 5 -0.00212713779417798 24017908 24090497 72589
6 1676 rs2147377 152540278 2 -0.00212554609166414 152540278 152591432 51154
6 1573 rs11155366 144972270 1 0.00210138409285594 144915859 144988922 73063
6 423 rs6906576 25956501 4 -0.00210027301658813 25903308 26089098 185790
6 1283 rs2501624 118053656 1 0.00208053038526722 118053656 118080510 26854
6 816 rs1536218 67298527 1 -0.0020736680764582 67270731 67305307 34576
6 1221 rs964080 110710018 3 0.00206793689967838 110710018 110729270 19252
6 1954 rs7741251 169763254 2 0.00206333285640125 169742250 169789010 46760
6 933 rs16891457 80754346 1 0.00206250027426373 80715838 80799439 83601
6 1135 rs3849217 102670891 1 0.00205350507480912 102639153 102733568 94415
6 1639 rs9384509 150744999 2 -0.00204689672617293 150744999 150751874 6875
6 22 rs9405444 1169047 3 -0.00203263720434589 1169047 1226045 56998
6 1845 rs9306 163736204 1 -0.00203181751884339 163736204 163749552 13348
6 1640 rs4134337 150776874 1 -0.002029830188217 150765366 150802064 36698
6 251 rs7752155 14329647 1 -0.00202558603262922 14329647 14329647 0
6 224 rs7744797 12581921 4 0.00202430932750885 12536342 12585656 49314
6 785 rs7753537 56954439 3 -0.00199980499698002 56857665 57042709 185044
6 986 rs16879870 87531746 1 0.00199825311180233 87531746 87646919 115173
6 1155 rs314277 105407662 2 -0.00199257819024385 105153614 105436053 282439
6 955 rs287822 83397096 5 -0.00197884086119763 83397096 83445290 48194
6 126 rs9328368 6554828 3 -0.00195188673028846 6529910 6558928 29018
6 1084 rs9386443 96834665 1 -0.00195113894445788 96716788 96839039 122251
6 343 rs6937439 21130870 1 0.00193664126602591 21088082 21130870 42788
6 767 rs7756097 55034424 5 0.00193355668570744 55033223 55082807 49584
6 1040 rs9351269 92194948 1 -0.00193315692116931 92194948 92194948 0
6 603 rs7746902 40926958 1 -0.00193086175967327 40926958 40928923 1965
6 612 rs728826 41443615 1 -0.00192898389003205 41443615 41443689 74
6 1379 rs9491960 128790787 2 -0.00191668286536939 128790787 128813085 22298
6 1519 rs2498638 139397459 1 -0.00190552867651563 139397459 139420995 23536
6 934 rs1341278 81038921 3 0.00189679520811043 80854470 81057918 203448
6 1441 rs2294758 133045812 1 0.00185157637134179 133045812 133072571 26759
6 637 rs7748409 42869388 1 -0.00184766147684316 42845691 42873823 28132
6 340 rs11967068 20841593 3 0.00183778503931619 20740019 20911003 170984
6 1635 rs11760085 150591429 2 0.00183756947013102 150584385 150591429 7044
6 202 rs11964334 11268188 1 -0.00181115018223398 11268188 11310419 42231
6 1469 rs6569992 135452152 7 0.00180682587626009 135409116 135482819 73703
6 1794 rs315995 160665461 2 -0.00180392374932373 160635886 160675764 39878
6 872 rs7775641 73478625 3 0.0018034894995509 73475153 73525349 50196
6 1026 rs1556091 91344491 1 0.0017982364603305 91218473 91352508 134035
6 784 rs6904535 56631976 1 -0.00175970189234053 56631976 56789311 157335
6 1247 rs9384850 113231819 2 0.00174826181939404 113146769 113231819 85050
6 1601 rs6904457 148274611 4 -0.00173685188493624 148274611 148308874 34263
6 154 rs3812162 7911702 2 0.00173475200933196 7868106 7913556 45450
6 701 rs11759777 47343809 1 0.00172625947795443 47318885 47348192 29307
6 344 rs1563728 21209999 3 0.00172047804378583 21191928 21223140 31212
6 557 rs6936811 37656481 1 -0.00170786634051636 37652186 37656481 4295
6 1293 rs2357161 119412952 3 0.00169965264109947 119400716 119434014 33298
6 1398 rs9375664 130092678 1 0.00169802355167196 130090404 130094673 4269
6 743 rs2816364 53094839 3 0.00167871589744412 53016306 53096986 80680
6 443 rs2517826 29834041 2 -0.0016681743539904 29801110 29855978 54868
6 995 rs12205892 88743501 2 -0.00165662464723425 88695068 88743501 48433
6 362 rs16901634 22207220 1 0.00165621813284247 22207220 22207220 0
6 756 rs4142190 53867063 6 0.00165558547944849 53863915 53889975 26060
6 1322 rs9372715 123086188 1 0.00165283832744381 123077625 123095188 17563
6 1064 rs9354065 94652407 3 0.00165245735335744 94506703 94677177 170474
6 1105 rs2747739 99462075 2 0.00164920476665176 99309057 99483699 174642
6 600 rs9394732 40753185 3 -0.00162707816022069 40689997 40766466 76469
6 1430 rs511587 132329574 3 0.00162433849160869 132289157 132349215 60058
6 508 rs942510 33877627 4 -0.00162089326669905 33867440 33890574 23134
6 1140 rs9322695 103467436 2 0.00161076780579392 103314799 103481466 166667
6 1801 rs3798917 161516831 2 0.00160801879815944 161433981 161541909 107928
6 1871 rs10946054 165394580 1 -0.00159977092950692 165394580 165434315 39735
6 1888 rs9365909 166106444 1 -0.00159877987606479 166088295 166125295 37000
6 1592 rs2850177 147620401 1 -0.00159650849741519 147511721 147680359 168638
6 1579 rs10484702 145528057 1 -0.00158087440998087 145528057 145607995 79938
6 702 rs9369704 47466833 2 0.00157989250348471 47363213 47494759 131546
6 252 rs6940613 14361203 1 -0.00157437690564077 14352513 14371336 18823
6 1046 rs7759851 92838614 3 0.00154813837009483 92827954 92889890 61936
6 1917 rs7747434 167274198 2 0.00154769100782712 167267919 167282950 15031
6 79 rs12663111 4190450 2 -0.00153419892692598 4190450 4297286 106836
6 594 rs6903068 40354316 1 0.00152316579646443 40350935 40391564 40629
6 835 rs3799019 69753070 3 -0.00152040988111589 69666684 69781209 114525
6 1699 rs17084425 154042101 2 0.00150886215845115 154016936 154105011 88075
6 1128 rs479851 102045546 1 0.00150170882045803 102017666 102077056 59390
6 1414 rs10457562 131189874 2 0.00150123580695198 131184770 131294299 109529
6 1911 rs873070 167029183 3 0.00150072817385873 167029039 167065891 36852
6 1843 rs4708985 163701950 2 0.00149214398087678 163683522 163713330 29808
6 1788 rs9347340 160188891 1 0.00148659522010426 160091560 160239268 147708
6 1309 rs6917641 121264105 2 0.00148209995995134 121221289 121369168 147879
6 1067 rs436889 95003654 2 0.00148131196602403 94922837 95012223 89386
6 1386 rs265379 129561490 1 -0.00147744472177044 129533619 129561490 27871
6 1328 rs2195729 123590126 1 0.0014671019854456 123549399 123628287 78888
6 1114 rs10499028 100352613 1 0.00146565537902892 100296024 100354935 58911
6 365 rs1341239 22304204 4 0.00146043529856488 22291367 22330461 39094
6 897 rs1280054 76540988 1 0.00145054780010411 76473071 76601992 128921
6 1744 rs7739135 156641429 1 0.00144872886596651 156641429 156690480 49051
6 1352 rs4896547 125125128 3 -0.0014369409419671 125097062 125156890 59828
6 755 rs1570916 53851341 2 0.00143240261492961 53848551 53858449 9898
6 742 rs1802061 52849325 3 -0.00143193851573168 52834842 52925277 90435
6 1516 rs10872499 139193603 2 0.00143181050485389 139167579 139193603 26024
6 419 rs10456324 25600968 1 0.00141750137997404 25486800 25606181 119381
6 1878 rs1105228 165706473 1 -0.00141448694458486 165706473 165798068 91595
6 1007 rs6901395 89432362 2 -0.00140887257182746 89421027 89620255 199228
6 403 rs807531 24548972 8 0.00140005030450716 24464907 24557191 92284
6 1936 rs4292501 168719924 1 -0.00139561605903929 168715141 168719924 4783
6 1250 rs9488123 113582427 2 0.00139426707657666 113562376 113642991 80615
6 876 rs9442891 73844174 1 0.00139230712685351 73844174 73845366 1192
6 1932 rs1809698 168558846 2 -0.00137975248441915 168558846 168571947 13101
6 671 rs12212190 44926271 3 -0.00137088599303663 44777691 45075795 298104
6 1737 rs9384411 156315056 1 0.00136905135297162 156299960 156327561 27601
6 1285 rs9489288 118271405 3 -0.00136269961398475 118136554 118320108 183554
6 1596 rs6933618 147955887 3 -0.00136245153851516 147948040 147985603 37563
6 1219 rs2334324 110617709 3 0.00135578739111812 110389926 110617709 227783
6 511 rs2499711 34056726 3 0.00135397532635958 34041306 34072215 30909
6 718 rs7750808 50125321 2 0.00134286715408016 50125321 50227356 102035
6 1158 rs1149316 105756525 1 0.00133014882623131 105756525 105783150 26625
6 1812 rs11965303 161939647 3 -0.00130593801971541 161916480 161944019 27539
6 303 rs4716189 17834198 3 0.00129930978993388 17773790 17847860 74070
6 1797 rs7770628 161018174 1 -0.00129513030397058 161006077 161082695 76618
6 975 rs12529820 85788394 1 0.00129479054771605 85727796 85810298 82502
6 494 rs7774158 33007752 3 0.00129203687942457 32990060 33016728 26668
6 1344 rs2146288 124691506 3 -0.00129200322165367 124673700 124712739 39039
6 12 rs6597267 795414 3 0.00128792532258243 776262 805770 29508
6 1095 rs10484868 98332622 1 -0.00128616474630409 98234452 98342812 108360
6 1257 rs538681 114254102 2 -0.00128439372467172 114228256 114273646 45390
6 415 rs2744303 25327149 6 -0.00127990665699724 25292214 25328567 36353
6 1584 rs362856 146719883 1 0.00124942951231905 146719883 146755132 35249
6 1866 rs6455953 165005155 5 0.00124529835323055 164988133 165038961 50828
6 312 rs9297091 18767825 2 0.00124288517845053 18733216 18842559 109343
6 1561 rs7742964 144105403 1 -0.00123149243996133 144105403 144136099 30696
6 1041 rs12173279 92247872 3 -0.00123043659805485 92214481 92344201 129720
6 565 rs2490026 38670067 3 0.00122575421013225 38487026 38679676 192650
6 1758 rs9355853 158077053 1 0.00122157060591119 158069399 158086912 17513
6 715 rs488132 49696473 5 0.00122088292343334 49609134 49766526 157392
6 1152 rs7740010 104856170 9 0.00121286964350753 104852424 104930625 78201
6 185 rs6940204 10331755 2 -0.00120590087326641 10324944 10342168 17224
6 915 rs9343725 78801824 5 0.0012049374895381 78724540 78866182 141642
6 1120 rs3778036 100844105 2 0.00119009690825452 100844105 100862051 17946
6 725 rs2174861 51537351 2 0.00118611290973013 51518203 51552302 34099
6 1197 rs4946862 108088635 4 -0.00117905609194942 108088477 108121953 33476
6 860 rs720742 72321902 2 0.0011770060842893 72300534 72440951 140417
6 1909 rs2187911 166935195 1 -0.00117085884256267 166930424 166956895 26471
6 418 rs7774567 25425526 2 0.00116048373200238 25414846 25466889 52043
6 221 rs1334305 12396682 1 0.00116006304330491 12377393 12396682 19289
6 387 rs17412056 23493761 2 0.00115339666190656 23465010 23493761 28751
6 926 rs12523953 80322860 2 0.00115283746228921 80176497 80325234 148737
6 124 rs1296391 6499222 1 -0.00114878969942445 6495522 6499222 3700
6 1233 rs7746279 112000162 1 -0.00114707964058645 111973750 112006995 33245
6 662 rs9381324 44407897 1 -0.00114567280735695 44310854 44413736 102882
6 1768 rs827867 158714489 1 -0.00114438576548496 158651395 158764191 112796
6 134 rs17142568 6788490 1 -0.00114059382278142 6788490 6788490 0
6 1734 rs9383776 156142928 2 -0.00113504614145203 156136688 156155428 18740
6 275 rs10484357 16116748 1 -0.00113383730215711 16113733 16130333 16600
6 841 rs17766479 70681382 1 0.00112432943631778 70655786 70681382 25596
6 760 rs7758586 54239250 2 0.00112321209780593 54210141 54290333 80192
6 1652 rs17080705 151340454 1 0.00112160532809279 151338793 151341298 2505
6 783 rs35497571 56485023 1 -0.00111889830878371 56326765 56574180 247415
6 118 rs7770172 6280910 1 -0.0011158669278227 6253017 6283666 30649
6 736 rs2063643 52478364 1 0.00110989244820674 52450447 52510665 60218
6 1090 rs1206112 97441555 3 -0.00110527716087609 97440588 97537000 96412
6 1545 rs12201257 142911971 4 -0.00110234905866609 142879589 143014848 135259
6 505 rs6905353 33813043 3 0.00109396633577017 33794129 33817929 23800
6 1271 rs17077741 116577145 3 -0.00109178432307882 116437287 116634325 197038
6 266 rs2619522 15653649 1 0.00109005594645521 15513482 15658212 144730
6 1960 rs4710698 170439874 2 -0.00108342439328877 170412069 170439874 27805
6 1124 rs1415946 101846343 1 -0.00107958359722488 101792444 101846343 53899
6 1397 rs4897336 130082061 1 -0.00107344784969074 130078071 130082061 3990
6 1182 rs3804345 107098087 4 0.00106796731729764 107012225 107123879 111654
6 1242 rs950853 112727954 1 -0.00106733580949471 112661761 112760200 98439
6 1194 rs1006074 108006922 5 -0.00106415776092219 108006922 108029900 22978
6 587 rs7771410 39863468 1 -0.0010612712973233 39815595 39863468 47873
6 140 rs4960285 6994388 2 -0.00105297639675148 6994388 7026600 32212
6 1670 rs9371236 152306346 1 0.00105113442308939 152278741 152306346 27605
6 1030 rs1542650 91532613 2 -0.0010504969296956 91529722 91534091 4369
6 638 rs141238034 42932835 2 -0.0010323257694051 42926024 42992808 66784
6 675 rs9463100 45536080 3 -0.00101688964206324 45536080 45543530 7450
6 448 rs2022065 30121460 2 -0.00101076636804336 30075843 30135977 60134
6 1389 rs12208401 129620506 5 9.99343095161051e-4 129620506 129704589 84083
6 571 rs10305492 39046794 1 9.973224203596118e-4 39034072 39046794 12722
6 1336 rs9490959 124153758 1 9.958661678914572e-4 124153758 124153758 0
6 905 rs9352373 77394934 2 9.926710571340274e-4 77357443 77399578 42135
6 961 rs217344 84335881 1 -9.817774201656452e-4 84227775 84356242 128467
6 814 rs851859 67054961 2 -9.79213520010248e-4 67054961 67128840 73879
6 1772 rs2129209 159155998 1 9.658970089637308e-4 159145196 159171342 26146
6 913 rs9352507 78359807 2 -9.6475852429181e-4 78261702 78381834 120132
6 159 rs6930720 8171106 2 9.553875909891228e-4 8151097 8181299 30202
6 877 rs12190643 73930950 1 9.495035728955906e-4 73875255 73930950 55695
6 110 rs1033824 5910172 2 -9.369944853083288e-4 5898375 5934718 36343
6 449 rs929156 30139699 2 -9.320285678555988e-4 30139699 30316739 177040
6 1513 rs4895538 139034727 2 9.279406185438608e-4 139023312 139034727 11415
6 1235 rs11961774 112155473 3 -9.24582709429786e-4 112152415 112294010 141595
6 1424 rs7759504 132066501 2 9.243011069659456e-4 132061420 132113403 51983
6 640 rs11962520 43188600 1 9.224299427369868e-4 43112267 43188600 76333
6 824 rs13220457 68026073 3 -9.206040173869476e-4 68024278 68217629 193351
6 703 rs13205100 47687007 2 9.201473337781856e-4 47646842 47702371 55529
6 1727 rs9397238 155647047 1 -9.1539271520599e-4 155597134 155648495 51361
6 80 rs9392582 4338841 1 -9.138239391364014e-4 4338841 4384960 46119
6 69 rs6596999 3781719 1 9.036639895086176e-4 3781719 3783763 2044
6 754 rs3003489 53690779 2 -9.008062938093284e-4 53595083 53828983 233900
6 242 rs4715562 13777209 1 -8.989158876463021e-4 13777209 13777209 0
6 1317 rs2684265 122362037 1 -8.977082420707683e-4 122351593 122363734 12141
6 1195 rs1728127 108034407 2 8.948291970016736e-4 108033286 108050222 16936
6 354 rs1322884 21753645 3 -8.935207114103309e-4 21753645 21805714 52069
6 127 rs17142362 6601050 2 -8.851676321314431e-4 6574384 6601050 26666
6 825 rs6911763 68317796 1 8.848239104469245e-4 68317796 68538877 221081
6 964 rs7774773 84675796 1 8.842025985011402e-4 84675796 84675796 0
6 1651 rs7752450 151301951 1 8.841960681688626e-4 151271356 151308395 37039
6 548 rs2776906 37431757 1 -8.838368740785865e-4 37417556 37487044 69488
6 1502 rs9389549 138343019 2 8.80856166005112e-4 138343019 138391562 48543
6 426 rs6939589 26289203 1 8.7991981190374e-4 26267800 26322985 55185
6 132 rs201053 6722492 1 8.797543390795298e-4 6722492 6743149 20657
6 390 rs536104 23640863 1 8.755689043488024e-4 23600234 23640863 40629
6 263 rs9370795 15143556 1 8.755442989842692e-4 15089151 15161580 72429
6 1565 rs6929066 144402945 2 -8.748255174044265e-4 144402945 144434871 31926
6 924 rs9294143 80111104 1 8.723545088867434e-4 80085887 80129933 44046
6 1520 rs17304375 139435878 1 -8.7013316076664e-4 139428758 139513381 84623
6 1913 rs6456102 167107444 1 -8.617336852051528e-4 167100377 167110134 9757
6 721 rs927716 51052686 2 8.616316249106485e-4 50951649 51099256 147607
6 1047 rs9294529 92938341 2 8.609807963329086e-4 92918288 92958861 40573
6 723 rs6915726 51217642 2 8.571882295898643e-4 51206168 51390171 184003
6 1071 rs9445291 95197882 1 -8.571256383319705e-4 95197387 95262849 65462
6 1241 rs1935689 112612615 1 -8.568678436762404e-4 112608146 112644225 36079
6 530 rs2859129 36121375 3 -8.551509313504732e-4 36098410 36227308 128898
6 1574 rs9376844 145025611 1 8.494920642169163e-4 145025611 145030284 4673
6 956 rs176596 83541486 1 -8.472315163231559e-4 83482938 83574391 91453
6 1905 rs6456083 166859572 1 8.467913087155133e-4 166859572 166859572 0
6 585 rs167325 39757080 1 -8.424322952418292e-4 39732432 39758431 25999
6 1189 rs10457161 107505241 2 8.412569879360553e-4 107472949 107505241 32292
6 260 rs9476648 14743783 1 -8.340367448362619e-4 14737509 14756493 18984
6 1184 rs9480703 107190424 1 -8.314748147036184e-4 107190424 107200239 9815
6 1305 rs1385961 120768017 2 -8.273189143041861e-4 120649636 120805969 156333
6 1672 rs2256135 152464839 1 8.196318108510516e-4 152436158 152470752 34594
6 1218 rs1564078 110337209 1 8.169394021713457e-4 110337209 110337209 0
6 870 rs17692715 73356342 1 8.111960844296434e-4 73343796 73441281 97485
6 1791 rs4709393 160472032 5 -8.110781459227409e-4 160468278 160560845 92567
6 1096 rs1487439 98611300 2 -8.092371096415109e-4 98358575 98637119 278544
6 142 rs508362 7131524 2 -8.088035828088115e-4 7131524 7182370 50846
6 868 rs2149528 73220254 2 8.076914747451119e-4 73185309 73239297 53988
6 1701 rs11759340 154283838 1 8.075901865619746e-4 154204327 154288032 83705
6 641 rs2104142 43209739 2 8.024570101398096e-4 43209739 43234316 24577
6 834 rs513357 69558698 1 -7.985534485986757e-4 69545903 69654650 108747
6 1646 rs3734410 151077559 1 -7.954156888969539e-4 151072347 151095379 23032
6 1409 rs10485241 130856614 2 7.921474066714686e-4 130839788 130894602 54814
6 1074 rs9294624 95602800 1 7.891390341203487e-4 95572362 95643248 70886
6 92 rs119408 5159064 1 -7.876014233578812e-4 5159064 5159064 0
6 1476 rs9483891 136232029 2 -7.868353809796392e-4 136227558 136244220 16662
6 1306 rs4945660 120834919 2 7.856773116456862e-4 120825811 120874909 49098
6 1660 rs12210237 151639599 1 -7.842616924524159e-4 151639599 151639599 0
6 46 rs9405575 2668872 2 7.840631627287765e-4 2640997 2686681 45684
6 1918 rs9366069 167298751 1 -7.81061017702366e-4 167298751 167311818 13067
6 1440 rs2294757 133035098 1 -7.791640789711854e-4 132999572 133035098 35526
6 817 rs9453873 67384568 1 7.776644010512844e-4 67335843 67403879 68036
6 1472 rs7765283 135842804 2 -7.768519666210859e-4 135639644 135903717 264073
6 788 rs7758052 57710238 4 7.761059376019414e-4 57646913 58055927 409014
6 1942 rs1885634 169075136 3 7.751525137013212e-4 169049871 169104792 54921
6 1957 rs9371179 170227259 1 -7.743252034498683e-4 170226400 170239266 12866
6 1 rs2235872 226015 1 7.740093156870353e-4 226015 226015 0
6 1553 rs13205655 143602840 2 -7.73764810749675e-4 143586007 143706420 120413
6 839 rs12111306 70389764 1 -7.670482418522627e-4 70363194 70483082 119888
6 1832 rs4709612 162875706 1 -7.637091163258472e-4 162875706 162886686 10980
6 515 rs6925243 34381937 1 7.627773489567688e-4 34249546 34416893 167347
6 313 rs834362 18976445 6 -7.607135657819726e-4 18882998 19015964 132966
6 1415 rs6921207 131327956 3 7.586089571792936e-4 131304233 131422563 118330
6 669 rs4711793 44631292 1 -7.434097517100968e-4 44600005 44636390 36385
6 645 rs945131 43715994 3 -7.349776183217764e-4 43710756 43719993 9237
6 1750 rs1272565 156960439 2 -7.347393590308311e-4 156916766 156963231 46465
6 1795 rs511215 160704943 3 7.340292834052499e-4 160681393 160754752 73359
6 90 rs431060 5004596 1 7.273592183960659e-4 4984231 5024363 40132
6 1890 rs6928719 166197889 1 -7.236333194054996e-4 166197276 166211309 14033
6 1118 rs6928245 100674018 1 7.183349577223909e-4 100668277 100758142 89865
6 1944 rs4708499 169228159 1 -7.177831279980177e-4 169166139 169229013 62874
6 336 rs12205236 20470908 1 7.151189514801064e-4 20468635 20470908 2273
6 514 rs9394200 34218718 2 -7.139558927770206e-4 34165721 34218718 52997
6 822 rs9360275 67895080 2 7.139290764260855e-4 67855811 67895080 39269
6 630 rs61758087 42232509 1 7.13854117847942e-4 42232509 42232509 0
6 714 rs9463520 49592298 3 7.131302186710081e-4 49536564 49602760 66196
6 1532 rs12193363 140233896 1 -7.129404771297118e-4 140206760 140325871 119111
6 1830 rs9365399 162735881 5 7.100080510314185e-4 162735881 162800335 64454
6 820 rs9345935 67664566 1 7.094274320371539e-4 67649216 67681572 32356
6 241 rs34162626 13612078 1 -7.071437092065056e-4 13576708 13739490 162782
6 523 rs992105 35555183 2 7.065341536076085e-4 35467891 35646435 178544
6 1538 rs17071142 142054581 3 -7.047752333557938e-4 142038365 142076325 37960
6 392 rs9379560 23742529 1 -7.041429022016616e-4 23737077 23824730 87653
6 716 rs1970456 49823814 2 6.968553532840892e-4 49785074 49869448 84374
6 304 rs6459579 17925240 3 6.965857554369241e-4 17890002 18030178 140176
6 1679 rs111449472 152668211 1 6.875296443127998e-4 152665261 152697706 32445
6 1577 rs9403658 145351743 2 -6.854531161326447e-4 145333573 145380755 47182
6 1668 rs543650 152110943 2 -6.847859619378362e-4 152110943 152183551 72608
6 919 rs1358817 79227797 1 -6.811634322709132e-4 79190209 79308605 118396
6 853 rs9351798 71723119 2 6.806395211458564e-4 71675774 71752504 76730
6 1471 rs7766656 135617601 1 -6.778352455146355e-4 135606565 135619996 13431
6 1726 rs3011906 155568881 1 -6.695472490841901e-4 155551221 155596700 45479
6 1549 rs9496482 143256102 1 -6.652618602434498e-4 143256102 143270216 14114
6 596 rs12662633 40474306 1 -6.644255849111937e-4 40469438 40493903 24465
6 1692 rs1321602 153588258 1 -6.608406238336318e-4 153588258 153632118 43860
6 544 rs262902 37116078 1 6.543441029824618e-4 37116078 37116078 0
6 888 rs508557 75318021 1 -6.460206518658957e-4 75211426 75331064 119638
6 446 rs2240619 29975453 1 6.351806682212567e-4 29945270 30011934 66664
6 1671 rs3778080 152385236 1 -6.322767780602837e-4 152328484 152385236 56752
6 1533 rs1336370 140958047 6 6.317865964159523e-4 140371611 140958047 586436
6 781 rs2038144 56204780 1 -6.29589294477135e-4 56204780 56204780 0
6 1174 rs17066910 106821393 1 6.260707662907171e-4 106815036 106821393 6357
6 1854 rs7775629 164361544 1 6.25052894979909e-4 164361544 164372312 10768
6 846 rs564031 71008339 3 -6.240256929119426e-4 70984436 71008339 23903
6 157 rs12663430 8060534 2 -6.239558362515351e-4 7981671 8060534 78863
6 413 rs916539 25122715 2 6.202768247627116e-4 25055165 25122715 67550
6 1630 rs4870236 150369345 4 -6.197257638176554e-4 150340035 150409072 69037
6 282 rs9477153 16522826 1 6.184916155112507e-4 16522720 16528671 5951
6 225 rs542119 12596998 1 6.180135211892869e-4 12596998 12604455 7457
6 1578 rs4141953 145422462 1 6.16886583931168e-4 145399182 145472281 73099
6 1784 rs7754221 159927218 1 -6.158782135455138e-4 159927218 159931105 3887
6 1455 rs2811676 134327815 4 -6.107885511751365e-4 134326285 134333273 6988
6 34 rs6919059 1784096 1 6.106655281936789e-4 1784096 1797160 13064
6 1907 rs909634 166886680 1 6.104374811296933e-4 166886680 166893339 6659
6 276 rs2327951 16195308 1 -6.031975761004989e-4 16142997 16197194 54197
6 1590 rs1408575 147222900 3 5.971626897985447e-4 147126270 147222900 96630
6 1115 rs12203515 100430062 1 -5.945482498999446e-4 100430062 100439009 8947
6 41 rs1883587 2374821 5 5.945049140459572e-4 2374821 2449186 74365
6 149 rs7759108 7638471 3 5.93825670098064e-4 7626819 7667453 40634
6 886 rs9360769 74998457 1 5.928860981133704e-4 74974439 75063124 88685
6 1300 rs9320713 120121530 2 -5.895751325645484e-4 120121530 120213880 92350
6 1495 rs9402902 137848642 1 5.869962742097461e-4 137846731 137873221 26490
6 1214 rs13209604 110176543 1 5.844344473913165e-4 110106277 110176543 70266
6 306 rs4601132 18112572 1 5.834335624370303e-4 18105573 18140250 34677
6 1451 rs7759024 133872201 1 -5.832056233410192e-4 133872201 133886140 13939
6 197 rs3798751 10942964 1 -5.824394866805096e-4 10922638 11042909 120271
6 55 rs1885300 3029127 1 5.800889856568509e-4 3027131 3058690 31559
6 1877 rs4709927 165673747 2 5.729535551749587e-4 165671448 165691210 19762
6 1410 rs6929703 130928445 2 -5.721029373550905e-4 130910342 130928445 18103
6 758 rs2145761 54033762 1 5.672286173327454e-4 53995504 54150287 154783
6 1770 rs111276200 159058804 1 -5.670767569216446e-4 158973475 159087492 114017
6 1357 rs7764804 125450174 1 5.651021738558411e-4 125431881 125450174 18293
6 1650 rs2096066 151255434 1 5.598562152294704e-4 151252917 151258770 5853
6 1377 rs4072328 128442857 1 5.570538862444184e-4 128442857 128535622 92765
6 1302 rs7769107 120409492 1 -5.550110559094032e-4 120342199 120413143 70944
6 593 rs13203076 40312346 1 -5.533279493218771e-4 40298297 40327096 28799
6 774 rs9475382 55570809 3 5.500559064031661e-4 55570809 55638082 67273
6 31 rs2007297 1641007 4 -5.482386655641987e-4 1641007 1689518 48511
6 1420 rs2327147 131710397 1 -5.475307611254325e-4 131709068 131731609 22541
6 1598 rs4121999 148105936 4 -5.469209723464813e-4 148105936 148162328 56392
6 1868 rs9456996 165182669 1 5.459465388727554e-4 165182669 165238648 55979
6 245 rs1023107 14030470 1 -5.401325725134596e-4 14014793 14040480 25687
6 1311 rs9320813 121683480 1 -5.395425702156818e-4 121674499 121689168 14669
6 1851 rs9458886 164104828 1 -5.391856641819351e-4 164097101 164174617 77516
6 1312 rs12204978 121733886 1 -5.336164243725883e-4 121698662 121759439 60777
6 1213 rs9386835 110028962 5 5.316741365183868e-4 109726739 110081618 354879
6 395 rs550969 23946867 3 5.254597731725263e-4 23944129 23946867 2738
6 1659 rs9397389 151629865 1 5.205235939511312e-4 151629865 151629865 0
6 1861 rs10484504 164629089 2 -5.204417029527553e-4 164596778 164629089 32311
6 1183 rs2077953 107158033 2 5.158445598479768e-4 107152741 107178542 25801
6 1675 rs2635438 152506470 1 5.12842807725552e-4 152495811 152517503 21692
6 704 rs10485317 47732716 1 -0.00051075064961851005 47711600 47732716 21116
6 437 rs6930033 29323905 4 5.102308721158033e-4 28948092 29327079 378987
6 1715 rs1022404 154899702 1 5.038462499454363e-4 154876504 154899702 23198
6 650 rs1003167 43855023 2 -5.007470501314036e-4 43855023 43875449 20426
6 8 rs17135357 602983 4 -5.005011570373991e-4 602983 644199 41216
6 882 rs382041 74307685 1 4.956874630480039e-4 74307685 74381926 74241
6 1661 rs3734795 151674593 1 4.923727260543276e-4 151663560 151696304 32744
6 1091 rs1206155 97549206 4 -4.919817483058722e-4 97546036 97613299 67263
6 153 rs927402 7810225 4 -4.900160685103782e-4 7810021 7860317 50296
6 1700 rs9371753 154168881 1 -4.827772538957752e-4 154111701 154173845 62144
6 782 rs1543350 56212433 1 -4.8223852322563167e-4 56212433 56285938 73505
6 1212 rs9487019 109586944 1 -4.821301174536387e-4 109527347 109641411 114064
6 1353 rs781728 125227328 2 -4.770469314852224e-4 125227328 125333797 106469
6 1412 rs4897466 131089467 4 -4.764488043183569e-4 131056827 131107930 51103
6 99 rs7763423 5523888 1 4.723246293731188e-4 5507182 5545046 37864
6 1374 rs10484716 128175722 1 4.657400034109368e-4 128062827 128184738 121911
6 827 rs6900918 68783499 1 -4.636556042405197e-4 68722068 68783499 61431
6 107 rs9504505 5746943 1 -4.585824698678886e-4 5746943 5746943 0
6 1834 rs9347666 162980498 1 -4.57178724113292e-4 162941618 163029843 88225
6 198 rs4711180 11121710 1 -4.563986132576646e-4 11103537 11183587 80050
6 914 rs9361324 78684899 2 4.559732040134396e-4 78393124 78686454 293330
6 917 rs11754966 79163463 3 -4.5272830731453304e-4 79042990 79167815 124825
6 178 rs4716055 9853919 2 -4.509182357756848e-4 9823784 9910650 86866
6 1884 rs720701 166011637 2 4.493474573914309e-4 166007287 166011637 4350
6 1895 rs697462 166374108 1 4.484239249488054e-4 166374108 166404335 30227
6 378 rs13200541 23154902 1 -4.468630762930937e-4 23112754 23183971 71217
6 722 rs2397030 51130487 1 4.452184595365014e-4 51102772 51170252 67480
6 1138 rs12206844 103067505 1 -4.445563287858315e-4 103066138 103169903 103765
6 341 rs4712572 20961061 2 4.370762899028631e-4 20954826 20999387 44561
6 746 rs7762921 53319569 2 4.294339107217136e-4 53298485 53338597 40112
6 898 rs9352247 76645803 1 4.2434747035849623e-4 76640781 76645803 5022
6 222 rs9381141 12429371 2 -4.209306512688184e-4 12406400 12446475 40075
6 1301 rs9374847 120257858 2 -4.162262966636589e-4 120222479 120277828 55349
6 563 rs4573069 38323745 1 -4.0842705273650207e-4 38277910 38366186 88276
6 1587 rs9390411 146973073 1 4.0745963438917454e-4 146973073 147002401 29328
6 673 rs6904353 45493083 2 4.021838564035573e-4 45410312 45506122 95810
6 1422 rs2608897 131893463 1 3.992154057493489e-4 131807510 131893463 85953
6 219 rs9380978 12286838 1 -3.972550248190895e-4 12286838 12296255 9417
6 0 rs11970426 215423 1 -3.893555461176633e-4 212548 215423 2875
6 1721 rs9322495 155371513 3 -3.8898368712903734e-4 155359196 155371513 12317
6 1123 rs9498521 101562017 2 -3.8760677833015144e-4 101481014 101690178 209164
6 186 rs9466019 10356036 1 3.853538335841539e-4 10356036 10365025 8989
6 322 rs9366310 19688331 1 -3.8122454648693686e-4 19677864 19694288 16424
6 1719 rs6934056 155279785 1 3.788794496822408e-4 155279785 155301046 21261
6 605 rs12194477 41116774 1 -3.7561895125458376e-4 41116774 41164005 47231
6 1617 rs1384670 149200719 1 3.727288797953692e-4 149200719 149214810 14091
6 220 rs1317584 12342789 1 3.726189414482308e-4 12315910 12344262 28352
6 1965 rs9459998 170705109 1 -3.6758945222376135e-4 170620572 170714331 93759
6 1359 rs17053023 125618969 1 -3.663669816595131e-4 125524718 125618969 94251
6 1161 rs9372090 105991917 1 3.630693258049406e-4 105981702 105991917 10215
6 786 rs6904307 57121684 1 3.627086496962783e-4 57112128 57148971 36843
6 500 rs530878 33551514 1 -3.622869808611518e-4 33507723 33551514 43791
6 692 rs6458524 46817931 3 3.617162903456688e-4 46767645 46834685 67040
6 24 rs1550198 1284697 1 3.601235543117929e-4 1284697 1284697 0
6 91 rs458108 5119062 1 -3.5890515686571537e-4 5101520 5144192 42672
6 536 rs876581 36655445 1 3.5611904553531885e-4 36621178 36655445 34267
6 1310 rs4610600 121619849 3 -3.552076952883702e-4 121382046 121670666 288620
6 1949 rs2224645 169509800 2 -3.5413900338400874e-4 169471078 169515913 44835
6 1746 rs2603430 156751703 1 -3.498512322226383e-4 156751703 156751703 0
6 4 rs7749710 442410 2 -3.4301318937111035e-4 442410 466033 23623
6 885 rs7751668 74836285 2 -3.4274391162787416e-4 74754551 74959600 205049
6 610 rs6912359 41389484 1 -3.415238614345475e-4 41389484 41392686 3202
6 1665 rs3734806 151941461 1 3.4009522884559596e-4 151933175 151998105 64930
6 1201 rs9374013 108381347 1 -3.3941135675470983e-4 108339363 108381347 41984
6 1008 rs10223700 89673861 1 3.378617755013515e-4 89673861 89743555 69694
6 655 rs35703624 43968412 2 -3.3732616759081426e-4 43968412 43988011 19599
6 1287 rs9320640 118410950 1 -3.3550242391800747e-4 118401745 118480795 79050
6 532 rs10947600 36269603 1 -3.3541985944213844e-4 36269603 36270130 527
6 1554 rs161057 143806551 1 3.315555321793498e-4 143765778 143823157 57379
6 1346 rs535492 124863962 3 3.239364392853539e-4 124817317 124863962 46645
6 697 rs926774 47121275 2 -3.2348304193182396e-4 47096004 47128729 32725
6 572 rs4254984 39059679 1 3.18098474209129e-4 39059679 39059679 0
6 1048 rs663809 93127953 2 -3.175899209656261e-4 92964208 93127953 163745
6 1612 rs8641 148869910 1 3.167893927438861e-4 148865257 148883305 18048
6 1361 rs6904555 125763141 1 3.161900062793126e-4 125731930 125776333 44403
6 1274 rs1321366 117240593 1 3.15418549678421e-4 117083172 117240593 157421
6 1586 rs2876656 146967731 1 3.105089877242984e-4 146918950 146972237 53287
6 491 rs3129299 32900787 1 -3.0510947876602934e-4 32900642 32902583 1941
6 792 rs10805968 63309588 1 3.015001173522402e-4 63174039 63330596 156557
6 1461 rs9402608 134786163 1 3.0004153214570914e-4 134740564 134786163 45599
6 1445 rs9483560 133510691 1 -2.9845535110260715e-4 133438126 133527420 89294
6 1702 rs10499276 154309808 1 -2.9458764356366706e-4 154307735 154428666 120931
6 724 rs9381983 51412786 2 2.91872701745711e-4 51405556 51491884 86328
6 1027 rs1923075 91376033 1 2.9157614542983266e-4 91365419 91399141 33722
6 791 rs2134476 62756425 1 -2.842813611815945e-4 62723867 63069063 345196
6 1276 rs6901720 117510203 1 -2.8216080140288627e-4 117394882 117510203 115321
6 970 rs9449923 85165330 2 2.785005630256193e-4 85135586 85203796 68210
6 424 rs16891334 26124303 1 -2.741354517771136e-4 26093141 26137652 44511
6 1543 rs9376685 142629831 2 2.7289630597629726e-4 142626699 142629831 3132
6 66 rs1205017 3579754 1 2.66013613010977e-4 3579754 3579754 0
6 170 rs13209110 9139583 1 2.6458288840001384e-4 9116357 9142017 25660
6 94 rs797126 5362054 1 -2.638034031747996e-4 5316399 5366604 50205
6 1384 rs11154461 129368803 1 2.6335398158391205e-4 129329546 129383986 54440
6 1263 rs7745314 115026310 1 -2.615550616262705e-4 115023523 115058847 35324
6 599 rs9357339 40656881 1 2.615246061257079e-4 40641396 40656881 15485
6 182 rs13195786 10163968 1 2.58570704555729e-4 10148486 10163968 15482
6 1321 rs11965644 123047590 1 2.5835461209670126e-4 123016438 123047590 31152
6 1491 rs641029 137551037 1 -2.576249992946818e-4 137551037 137587469 36432
6 601 rs6907181 40814135 1 2.5461987556868346e-4 40801731 40814135 12404
6 318 rs9350132 19390126 1 -2.5453285784397936e-4 19390126 19437583 47457
6 997 rs806365 88845949 1 2.5365978367372606e-4 88843390 88845949 2559
6 745 rs934147 53239608 2 -2.535267721960596e-4 53239608 53264485 24877
6 36 rs3800122 1899671 2 2.520660753890157e-4 1859793 1908210 48417
6 871 rs9293911 73470432 1 2.515864143353276e-4 73470432 73472914 2482
6 873 rs9283796 73596433 2 2.485967948713244e-4 73572196 73641100 68904
6 1641 rs12195563 150855864 1 -2.477906983174432e-4 150807451 150873766 66315
6 28 rs6905465 1510231 1 -2.453097183560556e-4 1498457 1515374 16917
6 1777 rs3120629 159514599 1 2.452988689157507e-4 159484776 159514599 29823
6 1134 rs3849205 102601177 1 2.444365852363972e-4 102601177 102626292 25115
6 484 rs3873444 32682724 1 2.4399109985293168e-4 32682724 32684257 1533
6 1446 rs6569872 133554452 1 2.4310373565707225e-4 133546689 133610750 64061
6 370 rs9366470 22678728 3 -2.3999412368040432e-4 22647683 22706635 58952
6 1042 rs16884621 92365086 2 -2.392038392297199e-4 92365086 92426566 61480
6 928 rs12525648 80441386 1 -2.38999336021322e-4 80441386 80494345 52959
6 1729 rs6919626 155766362 4 2.3745727618368568e-4 155755404 155766944 11540
6 1821 rs9689943 162283824 2 -2.3529089601476909e-4 162266376 162283824 17448
6 1238 rs2072020 112460648 2 2.3493060264033624e-4 112382313 112477628 95315
6 1940 rs2342635 169002834 1 2.3326270034575207e-4 168966538 169002834 36296
6 2 rs1033180 383546 1 -2.2934811766770892e-4 383546 383546 0
6 1462 rs11154774 134847175 1 2.2916899183217932e-4 134840948 134873987 33039
6 279 rs9464886 16387803 1 -2.2879620717481015e-4 16381844 16392159 10315
6 1255 rs6928789 114084492 1 2.2824777788896093e-4 114025253 114129785 104532
6 383 rs9466754 23347873 1 2.2652468941025209e-4 23347228 23358040 10812
6 1112 rs7742890 100197285 2 2.264024405320139e-4 100116092 100213515 97423
6 95 rs2432794 5391419 4 -2.2394788671483464e-4 5384079 5424762 40683
6 586 rs9471175 39795793 1 -2.2374025952542656e-4 39790940 39796910 5970
6 539 rs110033 36775242 1 2.2271748549817504e-4 36772000 36884681 112681
6 680 rs7767586 45814499 1 -2.2089587939841756e-4 45814499 45845801 31302
6 1937 rs1886399 168774529 3 -2.191658324526456e-4 168750052 168801934 51882
6 161 rs7453084 8352004 2 2.1460376482959512e-4 8349511 8353148 3637
6 329 rs45596536 20109956 1 2.1434647593815363e-4 20109956 20109956 0
6 1413 rs7758259 131136313 1 -2.1220149157579856e-4 131128370 131180122 51752
6 1014 rs734242 90131374 2 2.116440878492435e-4 90131374 90326360 194986
6 1760 rs9347573 158178348 1 -2.1097929402544687e-4 158131946 158178348 46402
6 410 rs421817 24943900 1 -2.107710018179404e-4 24931083 24943900 12817
6 1662 rs3736175 151773164 1 2.0685016885233068e-4 151759192 151837570 78378
6 555 rs12191285 37603516 1 2.0634806245129313e-4 37603516 37610904 7388
6 207 rs9469705 11625711 1 2.0590692914227013e-4 11620846 11627539 6693
6 1771 rs13206612 159128675 3 -2.0414886430781133e-4 159091331 159128772 37441
6 45 rs1545849 2622911 1 2.023746603468555e-4 2608995 2626824 17829
6 719 rs7757451 50318693 1 2.007240087437252e-4 50262146 50357617 95471
6 371 rs9356834 22711807 2 1.994376625081676e-4 22709603 22743403 33800
6 1571 rs4895643 144771845 1 -1.993778023535535e-4 144771845 144771845 0
6 63 rs1205032 3485134 1 -1.9921118797385824e-4 3485134 3496602 11468
6 1039 rs10485328 92067726 1 -1.99143313293471e-4 92019086 92096837 77751
6 1106 rs9375894 99524281 2 -1.9773288419684828e-4 99497948 99584658 86710
6 951 rs11962648 82824374 1 -1.968141296486061e-4 82782672 82852544 69872
6 71 rs9392016 3845399 1 -1.9678529600397325e-4 3836353 3845399 9046
6 947 rs1931646 82588292 1 -1.937561154311261e-4 82472556 82588292 115736
6 278 rs9383153 16343056 3 1.8998624807849823e-4 16318811 16362246 43435
6 799 rs6912246 64619150 1 -1.895606096895173e-4 64613740 64731257 117517
6 1275 rs955275 117320197 1 -1.88144045807078e-4 117246719 117344164 97445
6 1315 rs6569227 122043606 1 1.8169972927163124e-4 121907968 122158270 250302
6 1176 rs7767036 106881308 1 1.8075305017835376e-4 106863710 106881308 17598
6 1575 rs7748226 145120256 1 -1.788045521477152e-4 145051594 145162404 110810
6 1224 rs6922009 110819059 1 1.7504252051107945e-4 110819059 110844259 25200
6 187 rs533746 10388968 1 1.7415281883895558e-4 10388968 10395572 6604
6 689 rs1527691 46542804 3 -1.7216076503778592e-4 46440557 46560416 119859
6 234 rs73725623 13206282 1 -1.7051979698128508e-4 13206282 13206282 0
6 280 rs10484361 16424289 2 1.7019037409355645e-4 16420840 16433223 12383
6 361 rs1129570 22194664 1 -1.6876298165713794e-4 22194664 22194664 0
6 1560 rs6931865 144079854 2 -1.6707906644760143e-4 144056863 144081609 24746
6 996 rs11968144 88818965 1 1.6605569179591024e-4 88817786 88818965 1179
6 1558 rs7740883 144022388 1 -1.6384402349655164e-4 143961610 144025782 64172
6 29 rs9501738 1556792 1 -1.621350455254372e-4 1529787 1558449 28662
6 333 rs865226 20191838 1 1.6071004479450743e-4 20180235 20200420 20185
6 1767 rs9459620 158606615 1 -1.567114650296169e-4 158494775 158644859 150084
6 711 rs2516114 49162686 1 1.537240732738875e-4 48851550 49184770 333220
6 17 rs845885 1019362 1 -1.5360625582010838e-4 1019362 1049358 29996
6 1448 rs17062561 133768525 1 -1.5323916102279062e-4 133711721 133768525 56804
6 1591 rs7775644 147302374 2 -1.5270594786126097e-4 147282434 147406342 123908
6 382 rs9393387 23288843 1 -1.5078563719491536e-4 23278093 23320045 41952
6 27 rs9405475 1441282 1 1.4999886843033772e-4 1441282 1441282 0
6 766 rs2047809 54865634 2 -1.4753152268312628e-4 54784652 55006253 221601
6 1805 rs3757037 161697400 2 1.4648126193014073e-4 161690121 161697400 7279
6 1831 rs2272786 162802744 1 1.4618721393434145e-4 162802744 162868012 65268
6 793 rs4415141 63376194 2 1.4333856660918927e-4 63375122 63573800 198678
6 1254 rs11153434 114016683 1 1.4202569226746131e-4 113957581 114017007 59426
6 485 rs3104398 32685685 1 -1.4130468686793143e-4 32685550 32739888 54338
6 1226 rs6941942 110907523 1 -1.4115399528962346e-4 110907523 110980652 73129
6 1765 rs9365723 158435572 1 -1.3583795625624165e-4 158435572 158435623 51
6 396 rs16888397 23978607 1 1.356243027509809e-4 23972121 23986903 14782
6 1316 rs1357053 122298807 1 1.2955520384093827e-4 122203604 122313558 109954
6 364 rs17205146 22272753 3 1.2251841249514336e-4 22272753 22280214 7461
6 1798 rs3823055 161138917 2 -1.1987413894303752e-4 161128812 161234047 105235
6 155 rs6922018 7918311 1 1.185764320493114e-4 7918311 7918405 94
6 51 rs12530071 2886067 1 1.1710627244872456e-4 2886067 2887652 1585
6 992 rs4391239 88601364 1 1.1630249214986422e-4 88556885 88605278 48393
6 1330 rs9490794 123835876 1 -1.1369100843910836e-4 123760725 123838281 77556
6 991 rs6902334 88441663 1 1.0899574585367912e-4 88439383 88466990 27607
6 943 rs11756740 82109125 1 1.0868858457601024e-4 82064465 82159504 95039
6 386 rs926453 23442229 2 -1.081352271068576e-4 23442229 23446234 4005
6 1294 rs9320680 119451257 1 1.0732583204849588e-4 119451257 119460786 9529
6 1620 rs2500515 149297245 3 1.0550193284075476e-4 149279188 149307684 28496
6 863 rs1343227 72617655 1 -1.039121714538621e-4 72607594 72624622 17028
6 1131 rs2791829 102293249 1 1.0160109612278232e-4 102202511 102318339 115828
6 1351 rs1677933 124980834 1 -1.0041547485297014e-4 124980834 125060716 79882
6 1356 rs497277 125376102 1 -9.884385315989962e-5 125376102 125376102 0
6 927 rs723981 80365275 1 -9.837932495650858e-5 80350534 80415428 64894
6 504 rs6942022 33710284 3 -9.375877877272572e-5 33710284 33791230 80946
6 1240 rs2237248 112538465 2 9.20921327509322e-5 112536990 112581415 44425
6 1079 rs7454375 96356827 1 -9.093253736659152e-5 96324208 96370232 46024
6 1101 rs1481449 98971740 3 9.088026038459176e-5 98962591 99014744 52153
6 1611 rs1147858 148838112 1 9.054279814118724e-5 148838112 148840980 2868
6 751 rs9367538 53506487 1 9.045832958171048e-5 53465000 53511561 46561
6 1418 rs3777491 131590766 1 8.946082947316116e-5 131512245 131600188 87943
6 1278 rs544047 117608318 1 8.59253780001363e-5 117591755 117608318 16563
6 957 rs9444021 83615932 1 -8.574871279504776e-5 83582258 83616522 34264
6 907 rs1350406 77485310 1 -8.476570638344924e-5 77481958 77577055 95097
6 1324 rs7452973 123245633 1 8.44351985891864e-5 123200118 123253629 53511
6 999 rs9294397 88898611 1 -8.429626586979911e-5 88894422 88903855 9433
6 215 rs3777772 12135434 1 8.404319211948962e-5 12076171 12165363 89192
6 356 rs9283872 21925491 1 -8.391080691305391e-5 21901658 21938007 36349
6 1456 rs9483651 134416205 1 -8.377237354774896e-5 134416205 134416205 0
6 896 rs7770824 76408189 1 -7.959748184777253e-5 76136268 76416655 280387
6 1494 rs7758293 137759904 1 7.709447302657036e-5 137692864 137806717 113853
6 904 rs6453926 77350529 1 -7.608048401214552e-5 77324522 77350529 26007
6 388 rs2206333 23519714 2 -7.387874022099812e-5 23519714 23570894 51180
6 829 rs777625 68898262 1 7.04419570761153e-5 68898262 68898262 0
6 608 rs9394785 41320227 2 6.996327710182752e-5 41303207 41320465 17258
6 103 rs2326632 5625287 2 -6.964720259432157e-5 5622232 5632356 10124
6 1480 rs7763427 136760658 1 -6.91393815885928e-5 136760658 136898341 137683
6 1001 rs1408702 88973751 1 6.868449230346677e-5 88955689 88973751 18062
6 940 rs2323000 81729597 1 -6.836018766931978e-5 81670272 81741457 71185
6 1815 rs6455745 162061459 2 6.796063314615e-5 162060468 162084808 24340
6 1755 rs9384527 157442540 2 -6.706101024094438e-5 157439183 157442540 3357
6 1766 rs2502618 158473387 1 -6.504827009095815e-5 158472445 158487143 14698
6 1369 rs9375478 127232945 2 6.0638927758547705e-5 127210093 127293050 82957
6 1111 rs10485222 100089848 1 5.9859173318305384e-5 99980252 100112101 131849
6 578 rs11756091 39282806 1 5.9268545140776374e-5 39282806 39284184 1378
6 811 rs1903406 66656097 1 5.664269134025955e-5 66541198 66656814 115616
6 883 rs2196622 74564596 1 -5.603156757972026e-5 74421677 74564596 142919
6 1368 rs7753563 126802598 4 5.360799651323817e-5 126573579 127096527 522948
6 81 rs4959980 4456168 2 -5.353262135956093e-5 4402634 4462557 59923
6 136 rs1887509 6882117 1 5.32042684982663e-5 6882117 6882117 0
6 909 rs4311481 77934037 1 -5.249256982255738e-5 77861942 77934037 72095
6 451 rs1076832 30419831 1 -5.242928517768241e-5 30377198 30454076 76878
6 1595 rs4896928 147922185 1 5.1847580371983735e-5 147888927 147941453 52526
6 770 rs1393325 55282429 1 -5.1162234529267984e-5 55224107 55297641 73534
6 489 rs10046257 32854697 1 -4.970826374218867e-5 32822269 32857536 35267
6 166 rs4475363 8905429 1 -4.9388149949106024e-5 8901524 8905429 3905
6 1144 rs7740196 104031885 1 4.86682706924093e-5 103986702 104077204 90502
6 855 rs4583944 71950242 1 -4.7958655631454025e-5 71912141 71965671 53530
6 942 rs12199170 82010784 1 -4.69923252447252e-5 81985033 82012892 27859
6 1802 rs1880367 161566405 1 4.67604486473808e-5 161556159 161589477 33318
6 979 rs313242 86057368 1 4.523414070406855e-5 86056783 86082738 25955
6 1289 rs1889468 118599828 2 -4.415263600635711e-5 118532549 118634698 102149
6 228 rs9463110 12782602 1 -4.1207965420383536e-5 12780185 12804619 24434
6 1416 rs543363 131451112 1 4.1034868065522994e-5 131436888 131451112 14224
6 1826 rs871387 162594941 1 3.931033638576298e-5 162569008 162601721 32713
6 223 rs1999622 12488729 1 3.8893698993610235e-5 12463796 12512344 48548
6 1180 rs783387 106950003 1 3.837198782138475e-5 106944820 106950003 5183
6 1618 rs13215793 149230849 1 3.567253936332361e-5 149230849 149240393 9544
6 1383 rs9482955 129236954 2 -3.094888712787587e-5 129185534 129280105 94571
6 1107 rs2132683 99672014 1 -3.084137604185759e-5 99613136 99672014 58878
6 1228 rs3851222 111374253 1 -2.7536946785589597e-5 111324495 111381468 56973
6 1136 rs9404204 102840130 1 -2.6895397524745556e-5 102795501 102862983 67482
6 18 rs11966212 1056155 1 -2.472695509778408e-5 1056155 1056196 41
6 1684 rs9371266 153057767 1 2.2054963838195334e-5 153044949 153066078 21129
6 1544 rs3817928 142750516 3 1.590726481483012e-5 142669338 142846707 177369
6 200 rs7769173 11224748 1 -1.4427637492207974e-5 11224748 11227987 3239
6 768 rs9367632 55167015 1 1.2445550759606789e-5 55090695 55185043 94348
6 1833 rs2023001 162927803 1 -1.0678789625816415e-5 162889975 162927803 37828
6 1682 rs12528046 152896974 2 6.792054125323701e-6 152875862 152896974 21112
6 852 rs1716010 71595151 1 6.145918714038134e-6 71594785 71598545 3760
6 261 rs4715925 14807697 1 3.582848205195274e-6 14807697 14894523 86826
6 1506 rs203138 138599285 1 3.0688128220914498e-06 138599285 138628807 29522
6 302 rs4142551 17603200 1 2.358657075767847e-6 17603200 17688693 85493
6 634 rs9349232 42387426 1 2.007250306041736e-6 42387426 42407020 19594
6 218 rs9471238 12224328 2 -6.331213330568479e-7 12223922 12230804 6882
