CHR Group SNP.lead BP.lead Size W BP.min BP.max BP.width
5 209 rs6897932 35874575 7 0.12695053238266485 35806960 36028494 221534
5 682 rs2546890 158759900 7 0.0925048384319536 158504140 158814533 310393
5 596 rs4912622 141490587 5 0.04824457732310067 141439358 141637058 197700
5 431 rs1428439 100238801 3 0.03440206402267398 99952114 100580114 628000
5 505 rs6595174 118440675 6 0.03327428372276007 118164075 118532034 367959
5 647 rs10036748 150458146 11 0.0332004737984066 150399210 150478318 79108
5 646 rs17111637 150381243 5 -0.03168707837401089 150038265 150387141 348876
5 460 rs2301010 109132461 6 0.03135723342340078 108644218 109224099 579881
5 675 rs3846684 156649132 4 0.02923269462059635 156637347 156966595 329248
5 232 rs13436351 41198201 16 -0.0290425702623944 40961164 41271357 310193
5 423 rs30187 96124330 10 0.0273325460715646 96082401 96467756 385355
5 674 rs2279804 156479204 2 -0.02692725207508298 156345735 156623904 278169
5 583 rs11750814 137500665 5 0.02671595793945871 137486426 137967937 481511
5 810 rs4075958 176784512 7 0.02614519169636961 176517797 176825069 307272
5 112 rs149391 14745268 3 0.02338334945089234 14583006 14745268 162262
5 606 rs6580285 142889168 3 0.02293812589883702 142827239 142974644 147405
5 7 rs36979 1503610 4 0.02194348728874435 1493608 1550734 57126
5 113 rs9790982 14776585 1 0.02149512852226843 14764934 14835061 70127
5 110 rs149123 14222340 4 0.02111509090287427 14087633 14472040 384407
5 249 rs3776694 53360174 7 0.02086616622020896 53226422 53509186 282764
5 567 rs10059571 133410192 5 0.0196216943272801 133266198 133416258 150060
5 774 rs255313 172611648 4 0.01905935133209965 172390693 172656107 265414
5 436 rs26232 102596720 4 0.01857120656272967 102280302 102694112 413810
5 243 rs1450952 52034098 8 0.01846298407587619 51708099 52114611 406512
5 523 rs10044090 122475727 4 -0.01809853448853988 122448244 122552265 104021
5 25 rs11747122 3086951 4 0.01766073349842994 3044895 3095939 51044
5 515 rs17148019 120883097 5 -0.01763239466856398 120757262 120952456 195194
5 383 rs6897010 83163554 5 0.01762130558196397 83113909 83284724 170815
5 836 rs307814 180074248 1 0.01751485474812452 180074248 180074248 0
5 448 rs4382152 106379106 1 0.01720793647475312 106223536 106379106 155570
5 406 rs6452953 90723034 7 0.01661080164601756 90521117 91053616 532499
5 753 rs905823 170052330 3 -0.01628846037859372 170034226 170090619 56393
5 642 rs887344 149549022 4 0.0159366594276995 149548823 149650925 102102
5 207 rs32745 35357174 9 0.01592892238243186 35084647 35369453 284806
5 444 rs7702850 104742710 6 -0.0157494129108174 104582841 104845257 262416
5 123 rs250340 16758569 2 -0.01571224074285736 16758569 16820769 62200
5 531 rs4835839 123939264 7 0.01484290608910001 123939264 124073861 134597
5 216 rs1400854 37669632 5 0.01464801880359295 36786516 37882093 1095577
5 21 rs924213 2737700 2 -0.01443398184840094 2676993 2737700 60707
5 217 rs4574573 37915720 2 0.01438017923862968 37901408 37915720 14312
5 517 rs2116427 121182996 2 0.01428582740617095 121182996 121314168 131172
5 700 rs312305 162095410 1 0.01427813279966176 161893436 162096682 203246
5 681 rs10515785 158443352 6 0.01423199884941249 158183996 158476891 292895
5 410 rs13165943 92139632 14 0.01415103415136784 92082627 92588936 506309
5 380 rs1805377 82648943 5 0.01406651513257729 82299073 82648943 349870
5 314 rs4704553 71430895 3 0.01404165993266041 71430895 71454175 23280
5 466 rs7709420 110544623 6 0.01351957361263777 110491097 110620861 129764
5 374 rs924619 81953043 3 0.01316660115745185 81717176 81955591 238415
5 295 rs4235460 65689041 1 0.01315074642004071 65642855 65726784 83929
5 414 rs13359541 94147866 4 0.01301121516791621 94096010 94230358 134348
5 65 rs1353502 6902045 3 0.01296198822612181 6865801 6902045 36244
5 279 rs4302546 59522505 5 0.01278280344693408 59230059 59544653 314594
5 199 rs1374017 33835353 2 0.01274577358952541 33835353 33941356 106003
5 669 rs10515719 154803797 5 0.01240419845316657 154803797 155060775 256978
5 189 rs2291114 32074392 3 0.01233447356883975 32067398 32431375 363977
5 429 rs2602958 99226983 5 -0.01228120861022606 98583720 99253302 669582
5 691 rs1582418 159882797 3 0.01223537668732698 159879978 159938903 58925
5 231 rs6893565 40293299 12 0.01211510347871997 40288878 40943442 654564
5 247 rs1994648 52885100 5 -0.01209044088289187 52675782 53020039 344257
5 254 rs4282276 54011945 6 0.01205629417036858 53941552 54038676 97124
5 465 rs3806932 110405675 4 0.01186849708620425 110399033 110485574 86541
5 802 rs12658801 174910619 2 -0.01165506084868054 174910619 174974576 63957
5 72 rs1377490 8036594 6 0.01133743292183214 7859434 8062748 203314
5 554 rs1422479 129182833 1 -0.01130011684808316 128883145 129486905 603760
5 399 rs247587 88677293 1 -0.01118238602856152 88472849 88853071 380222
5 581 rs10056463 136882334 4 -0.0111020684959449 136774006 136935176 161170
5 284 rs4699986 61150440 6 0.01073237611820767 61101470 61366182 264712
5 469 rs17842606 111057235 8 -0.01071161188769314 110939390 111125467 186077
5 676 rs6882516 157182897 4 0.0105974540004404 156981913 157182897 200984
5 427 rs154201 97939616 2 0.01056766690161673 97666860 98107141 440281
5 29 rs4866550 3308312 2 0.01037671331490474 3308312 3356538 48226
5 693 rs2176297 160388599 3 0.00968786474884432 160196659 160390969 194310
5 426 rs6890789 97469921 1 0.0094864142837078 97333442 97557817 224375
5 443 rs10069629 104212940 4 0.009348225952174 104125475 104524071 398596
5 333 rs1525763 75200884 1 -0.00925689769237236 75096559 75230527 133968
5 273 rs9292170 57948000 3 -0.00907428659320473 57724792 58043722 318930
5 569 rs258514 133809801 2 0.00906944628517008 133781587 133900974 119387
5 23 rs2974686 2939706 4 0.00901746344085648 2856417 2948632 92215
5 138 rs770301 19537726 3 0.00895128447126701 19463410 19537726 74316
5 347 rs354616 77122240 6 0.00894179812904564 76963674 77122856 159182
5 308 rs10044075 68231686 4 0.00892131808739804 68010984 68231686 220702
5 210 rs586382 36052919 4 -0.00890711093845249 36052919 36354241 301322
5 241 rs4865518 50984183 7 0.00890664051003297 50451964 51182660 730696
5 739 rs188433 168502329 1 -0.00885765927269178 168445489 168502329 56840
5 401 rs876470 89127815 4 0.00878265582836049 89071734 89419677 347943
5 555 rs4318771 130195616 6 -0.00878080921542185 129524949 130980027 1455078
5 672 rs10077764 155717149 1 0.00865391152347187 155471714 155717149 245435
5 679 rs10515765 157947537 8 0.00861803273946631 157588271 158045955 457684
5 731 rs11134488 167542656 5 0.008610484586356 167529727 167645010 115283
5 527 rs7713532 123587452 2 0.00857141870204671 123449266 123587452 138186
5 339 rs16873483 75871350 3 0.00849073036113444 75839165 75957624 118459
5 95 rs5745294 10681296 6 0.00846525367693713 10675766 10883440 207674
5 529 rs949973 123853534 1 0.00845106770467104 123811602 123889581 77979
5 267 rs702689 56177443 5 0.00826403739108403 55955224 56238597 283373
5 637 rs12717846 149182447 2 -0.00815230653331616 149045703 149212510 166807
5 136 rs4597970 18971937 2 0.00813446828200438 18885615 19007222 121607
5 631 rs10070291 148232677 1 0.00809458816688919 148221473 148310151 88678
5 502 rs7715546 117511144 6 0.00807272410233019 117354366 117649329 294963
5 64 rs12188231 6761511 2 0.00801959401069813 6676931 6834167 157236
5 234 rs10045473 41943776 5 -0.00800824562411497 41560079 42555931 995852
5 662 rs17637310 153774496 5 0.00781681643600267 153765239 153788339 23100
5 30 rs402272 3411611 2 0.00777722342869996 3363968 3451196 87228
5 277 rs1445918 58681857 4 0.00774454208419841 58543332 58713680 170348
5 132 rs17661265 18215931 2 0.00768899308753474 18052634 18288995 236361
5 287 rs6865447 62325295 3 0.00768400558161096 62193486 62510356 316870
5 319 rs2914544 72809831 2 0.00766235466566806 72618120 72809831 191711
5 526 rs17151176 123384579 6 0.00765935023177755 123246694 123416065 169371
5 118 rs250488 15973231 3 -0.00763650655931913 15960831 16103046 142215
5 301 rs4976096 66912233 5 -0.00761668550432183 66832494 67010538 178044
5 445 rs1423388 104950655 6 0.00751039595824345 104864551 105419534 554983
5 793 rs7728861 174180561 3 0.00748644906958938 174180561 174261760 81199
5 463 rs4615334 109492649 1 -0.00742884833577311 109452238 109570615 118377
5 590 rs2907320 140606802 9 0.00742192329642958 140255119 140614830 359711
5 346 rs10514104 76808135 1 0.00736109922460197 76733379 76903692 170313
5 654 rs159822 151467672 3 0.00734587974734197 151376310 151576474 200164
5 591 rs468968 141027399 10 0.00731535687022297 140663663 141059360 395697
5 521 rs2407211 121884439 2 -0.00726249389225723 121854525 121917603 63078
5 33 rs6892937 3684777 1 0.00723337966052141 3684777 3684777 0
5 775 rs4868251 172719187 5 -0.00722048110406989 172686386 172726432 40046
5 708 rs6556742 163681411 2 0.00720616534082237 163681411 163731007 49596
5 544 rs6884533 126041754 4 0.00716562891443866 125908090 126041754 133664
5 602 rs6898510 142372435 2 0.00715898773271047 142264406 142438222 173816
5 402 rs10059737 89517833 3 0.00711109255944805 89455539 89546109 90570
5 551 rs9327490 128136519 10 0.00701653651493776 128072198 128504564 432366
5 397 rs13357105 87457198 9 0.00694602998528331 87139133 87847586 708453
5 315 rs13153166 71494931 8 0.0068928438247666 71490962 71809247 318285
5 286 rs16890998 62033116 3 0.00689013608820728 61977629 62166774 189145
5 221 rs2561140 38361483 3 0.00682855392981658 38220774 38361483 140709
5 727 rs4869044 166882756 2 0.00673527766917095 166881177 166992760 111583
5 589 rs1030667 139658794 6 0.00672423767655623 139437110 140216042 778932
5 818 rs7722612 177826469 1 0.00666670273577649 177798295 177830769 32474
5 381 rs309599 82881455 1 -0.00658250257827789 82720112 82929501 209389
5 453 rs2194207 107033576 5 -0.00644829900609811 106914027 107051942 137915
5 660 rs1422884 153009489 2 0.00643277023732534 153009489 153435497 426008
5 171 rs1025282 29351886 6 0.00637693690639733 29052337 29466930 414593
5 184 rs7707027 31761519 2 0.00634440275021592 31761519 31761519 0
5 335 rs12655684 75492702 4 0.00628020061200777 75304492 75509233 204741
5 548 rs1520246 127266725 3 0.00622459035521006 126993282 127317581 324299
5 299 rs17221458 66460390 6 -0.00620870854844234 66406143 66540687 134544
5 206 rs37440 34948532 7 0.00616753656665546 34863220 35045745 182525
5 152 rs11750295 24108770 5 -0.00612741339103388 23739798 24354179 614381
5 476 rs17333442 112947050 4 -0.00612721797789537 112681830 113102185 420355
5 258 rs2897834 54938579 5 0.00609706257100312 54378192 55212379 834187
5 692 rs7709677 159996390 4 -0.00605822211372329 159984054 160187458 203404
5 169 rs10063165 28455434 4 -0.0060376310128876 28340173 28573939 233766
5 39 rs7731506 4297423 2 -0.00588592822639307 4288545 4396924 108379
5 46 rs2561723 4968573 3 -0.00585322702886555 4968029 5078313 110284
5 612 rs10491258 144132727 4 0.0056770729159656 144055534 144500457 444923
5 245 rs1421941 52297951 8 -0.00566130546725708 52184613 52409245 224632
5 617 rs34892428 145252377 1 -0.00563442108702594 145252239 145393364 141125
5 36 rs680810 3993746 3 0.00555095417564206 3888310 4080229 191919
5 462 rs11959815 109399630 3 0.00551489133991841 109369796 109419718 49922
5 475 rs10519348 112601878 5 0.0054783805265966 112542527 112655413 112886
5 255 rs1991498 54170032 1 0.00543611914044352 54104560 54170032 65472
5 746 rs6863396 169463466 3 0.0054312991004223 169444363 169491247 46884
5 44 rs7711434 4724332 6 0.00538470340298638 4700587 4876172 175585
5 106 rs389953 13619926 2 -0.00534010797485128 13619926 13727212 107286
5 101 rs7713093 11593348 3 0.00530705285931977 11538361 11593348 54987
5 608 rs6580305 143223748 4 -0.00526162654229241 143058402 143225966 167564
5 841 rs2892345 180578750 2 -0.00524251048476106 180563838 180671189 107351
5 26 rs468828 3152858 3 0.00524219049942446 3121728 3168780 47052
5 392 rs7724903 85637934 3 -0.00522055696797054 85330526 85727108 396582
5 297 rs7721030 65933932 4 0.0052123542039458 65913576 66208840 295264
5 770 rs7715908 172243695 3 0.00519789544858459 172145370 172246457 101087
5 283 rs10514916 60976083 2 0.00519364894786633 60941930 61085552 143622
5 395 rs13158939 86946130 1 0.00513293057198894 86483920 86951508 467588
5 823 rs11746863 178572268 3 0.00511168627880125 178415937 178579914 163977
5 723 rs6882813 166281216 3 0.00504863779664191 166224576 166325332 100756
5 290 rs6449702 63466256 2 0.00504158030226171 63221842 63954744 732902
5 98 rs56155 11282141 2 0.00499661453552004 11239180 11298223 59043
5 532 rs6595551 124139895 1 0.00499144417222216 124132647 124147560 14913
5 464 rs1004647 109692143 6 0.00498192336535684 109630328 110307883 677555
5 388 rs10051998 84018132 3 0.00497371958634388 83981802 84062058 80256
5 75 rs10512951 8303911 4 0.00497305677079512 8231744 8440728 208984
5 85 rs3094348 9770335 4 0.00497223176917094 9721328 9869692 148364
5 806 rs1545976 176006611 5 0.00491661312523249 175912994 176021956 108962
5 490 rs6862681 115928623 1 -0.00479621910371703 115869758 115928623 58865
5 105 rs6554760 13238542 5 0.00476611807666217 13207953 13603883 395930
5 130 rs1399486 17767272 1 0.00474742978996356 17697797 17802524 104727
5 747 rs7729440 169568872 6 0.00474408034754572 169511458 169622208 110750
5 580 rs6878269 136526751 10 -0.00470177606205733 136402958 136708619 305661
5 417 rs6866194 94919966 2 0.00466279671096998 94796041 95094812 298771
5 745 rs6555879 169391322 1 0.00464626266439435 169356966 169398287 41321
5 677 rs2430586 157329451 4 0.00463678502643871 157194402 157343390 148988
5 109 rs2102443 13995605 5 0.00463607909957801 13964588 14061184 96596
5 312 rs1911923 71155607 2 0.00450843871746374 71155607 71230022 74415
5 539 rs1910003 125304547 3 -0.00444762798137838 125130065 125340731 210666
5 837 rs6601138 180128788 1 -0.0044463812910458 180119918 180226673 106755
5 809 rs365132 176378574 2 0.00444554751027384 176314206 176434440 120234
5 56 rs10512811 5821518 1 -0.0044300643483449 5811074 5825953 14879
5 711 rs9790890 164786295 5 0.00440015096398803 164541466 164792081 250615
5 230 rs6865476 40025084 5 0.00439405637011702 39753535 40278849 525314
5 779 rs6897691 172972817 4 0.00436264983980686 172896796 173006447 109651
5 522 rs34341374 122364538 11 -0.00435021401597423 121987792 122409434 421642
5 84 rs10513029 9667062 1 -0.00434721453883416 9619905 9708576 88671
5 788 rs1427958 173819523 4 0.00434691187374083 173772593 173854937 82344
5 481 rs3891371 113834663 6 -0.00430648044589974 113798016 114381312 583296
5 177 rs4867297 31000116 7 -0.00429365399164498 30941222 31025013 83791
5 55 rs28165 5792720 2 0.00422636283046761 5737475 5792720 55245
5 826 rs456909 178659691 1 0.00414414262816268 178659691 178686332 26641
5 434 rs4703196 101240273 5 0.00411369317942865 101210703 101572156 361453
5 190 rs6879213 32474264 2 0.00409224552152503 32466436 32631975 165539
5 652 rs1368371 151004568 2 0.00405400803835009 150975571 151054227 78656
5 370 rs10078088 80661696 3 -0.00404668303049166 80629372 80704269 74897
5 238 rs1011814 44335820 2 0.00402656548011259 44066093 44490799 424706
5 373 rs11747149 81198579 3 0.00402292753565599 81198579 81698717 500138
5 627 rs10463397 147522547 5 0.00393533205175696 147309468 147605857 296389
5 815 rs4976741 177591495 4 -0.00389380985724907 177562815 177651980 89165
5 713 rs17064277 164979056 1 -0.0038862211220726 164979056 164979439 383
5 145 rs13162954 21743174 4 0.00383324987838183 21723745 22114849 391104
5 506 rs6888116 118659579 3 0.00382591428915677 118611118 118675246 64128
5 237 rs35201656 43613046 4 0.00381806850610884 43337534 44003444 665910
5 167 rs6862995 27824645 2 0.00380576383178227 27817189 27913746 96557
5 304 rs184886 67611486 4 0.00372636438241012 67514509 67615731 101222
5 409 rs10075131 92047795 2 0.00371406183661045 91970189 92048984 78795
5 67 rs13161773 7118462 3 0.00369779128536282 7111255 7149071 37816
5 828 rs11743487 178887382 4 -0.00359208352191787 178886964 178921964 35000
5 694 rs1387611 160519563 4 -0.00358907539234836 160433250 160521734 88484
5 229 rs6451433 39578660 3 -0.00358901129211206 39442222 39735991 293769
5 786 rs10064200 173710328 1 0.00356350973924735 173648438 173728190 79752
5 474 rs7732695 112495421 5 0.0035393918306647 112317417 112530417 213000
5 538 rs13176171 125084717 4 -0.00350864273681368 125007623 125103347 95724
5 166 rs4585457 27699870 1 0.00346825724517547 27373862 27804605 430743
5 364 rs10805934 79603708 5 0.00346213303610528 79497156 79666489 169333
5 134 rs7701168 18581767 3 0.00344241527044121 18561967 18777746 215779
5 292 rs11739829 64654109 3 0.00342372375276783 64447777 64726440 278663
5 540 rs3849077 125481408 6 -0.00338817753144303 125359766 125670036 310270
5 192 rs1173727 32830521 3 -0.00338753339934146 32740361 32975490 235129
5 386 rs305661 83681037 3 0.00333908074588885 83469915 83681037 211122
5 16 rs462498 2339273 1 0.00333527900259154 2319964 2355587 35623
5 695 rs2010725 160684920 3 0.00332123565439007 160537025 160705005 167980
5 710 rs10064772 164368235 3 0.00332085162653848 164211185 164458245 247060
5 332 rs16872693 74946455 5 -0.00329329385023068 74262650 75034387 771737
5 359 rs1366271 79025634 7 0.00326068694198903 79024779 79068089 43310
5 394 rs12518171 86129665 4 0.00321417425794943 86059399 86432617 373218
5 157 rs1389221 24884260 3 0.00320746852800615 24884260 25482123 597863
5 528 rs17151710 123712903 3 -0.00319708147166387 123633249 123793306 160057
5 716 rs12657428 165148145 1 -0.00318952822024322 165102648 165247018 144370
5 830 rs3797762 179202688 4 -0.0031507102026632 179153797 179321657 167860
5 508 rs330206 119011525 1 0.00313518726868485 118986107 119379252 393145
5 323 rs2434214 73293204 4 -0.00308577522542335 73225890 73308343 82453
5 756 rs7707008 170801952 3 0.00305976828260811 170757560 170886468 128908
5 728 rs7723247 167115062 2 0.00305429254899498 167070414 167258672 188258
5 533 rs7708412 124343550 2 -0.00303226548159898 124224634 124376698 152064
5 321 rs2931423 73163831 5 0.00301293366116717 73072354 73196640 124286
5 291 rs6449760 64096170 5 -0.00292174916802211 64064943 64389333 324390
5 424 rs7703556 96529990 2 0.00290091012744831 96503378 96856849 353471
5 650 rs165359 150861036 7 -0.0028881443869932 150789051 150906198 117147
5 459 rs9326759 108452439 3 -0.00288724650856517 108262592 108614251 351659
5 358 rs6453465 78911193 5 -0.00287839870938256 78823934 79003360 179426
5 362 rs2451933 79306599 2 -0.00286929391152685 79237487 79363860 126373
5 482 rs6866580 114466145 2 0.00286504653048367 114462355 114497972 35617
5 657 rs6881504 152498173 10 0.00284846603155205 152219802 152498173 278371
5 340 rs6883291 76140337 4 -0.00282432562147578 75964507 76166018 201511
5 556 rs247011 131359614 1 0.00281827321139836 131325888 131615966 290078
5 215 rs16903304 36731225 5 0.00281029875164149 36676161 36781359 105198
5 147 rs12518494 22938343 2 0.00278575414049767 22793334 23100596 307262
5 336 rs12654150 75550325 2 0.00276917272484114 75521980 75566506 44526
5 77 rs415234 8522021 3 0.00272845308754631 8521119 8584086 62967
5 732 rs11959012 167668843 2 -0.00271624960802563 167668843 167743909 75066
5 744 rs371856 169146825 5 -0.00270917893065121 169129284 169348810 219526
5 720 rs2133726 165763260 3 0.00266006568029267 165654235 165847422 193187
5 831 rs7734329 179484838 1 -0.00263261830148697 179407229 179570737 163508
5 27 rs443673 3212963 2 -0.00259523671885445 3187567 3212963 25396
5 595 rs10078983 141398031 1 0.00258332984831129 141398031 141398031 0
5 574 rs744247 134781400 5 -0.00255261350652767 134779417 134957413 177996
5 274 rs9292179 58128623 4 0.00253420825694076 58061888 58172462 110574
5 428 rs727637 98213991 8 0.00253045682042429 98124933 98524496 399563
5 520 rs3811873 121793477 1 0.0025286491260032 121753782 121808701 54919
5 500 rs10085098 117017440 1 0.00250481369902276 116828752 117037025 208273
5 404 rs2438374 90107108 4 0.00249500370580096 89780945 90413351 632406
5 37 rs10866562 4110205 2 0.00248464215799863 4105915 4136154 30239
5 320 rs17633441 72928247 3 0.00248425438084142 72830030 73037073 207043
5 525 rs2194046 123024195 5 0.002481496819265 122680189 123179990 499801
5 690 rs1075059 159825798 2 -0.00246055937209927 159686503 159842673 156170
5 755 rs17073388 170600883 1 -0.00245416298240906 170209095 170640827 431732
5 168 rs6859620 28261961 1 -0.00243382472784411 27987104 28295497 308393
5 384 rs393110 83318042 4 0.00236022440642209 83306127 83360520 54393
5 663 rs3776996 153797049 3 -0.00235385067084402 153796875 153877690 80815
5 398 rs302484 88143749 9 -0.00234350520907492 87963761 88416354 452593
5 180 rs12657313 31284709 3 0.0023290002958231 31259129 31386997 127868
5 294 rs1643415 65447087 1 -0.0023266384556704 65247893 65590269 342376
5 791 rs6878215 174060774 1 0.00232653222877765 174050806 174076982 26176
5 769 rs6556035 172079889 2 0.00231976321546173 172061532 172127304 65772
5 356 rs6875201 78410564 2 -0.002301574790252 78278229 78410564 132335
5 668 rs3929283 154749572 1 -0.00227293875259469 154609902 154749572 139670
5 471 rs7702830 111770880 3 -0.00222681164664361 111503308 111770880 267572
5 736 rs2247645 168216489 1 -0.00221503001630616 168207696 168280389 72693
5 309 rs12651858 68577467 4 0.00220869388356319 68245459 68715310 469851
5 733 rs4976606 167851168 2 -0.00220456536291894 167768114 167861846 93732
5 360 rs259067 79098998 2 -0.00218608332994912 79081713 79108476 26763
5 240 rs7446150 50332780 1 0.00217993129122919 50205230 50372657 167427
5 507 rs2546210 118827601 1 0.00217848656296347 118682789 118962192 279403
5 633 rs10073851 148623217 3 0.00217395690526581 148554730 148659664 104934
5 625 rs17106906 146961115 3 0.00211518530445847 146961115 147152885 191770
5 734 rs7709842 167941990 2 0.00210913752885185 167885622 168164744 279122
5 636 rs11750184 148846518 3 0.00210664665191054 148815204 149025737 210533
5 697 rs998754 161325934 2 0.00210335057763105 161198811 161464255 265444
5 288 rs6861578 62621119 2 -0.00206055899972658 62582619 62941330 358711
5 537 rs1490996 124946532 3 0.00205799410440268 124813667 124958205 144538
5 797 rs11748167 174615982 1 -0.00205461808936669 174605024 174619797 14773
5 224 rs10473116 38712721 1 -0.00205423506914706 38698659 38712721 14062
5 501 rs11951689 117263731 1 -0.00204019135205711 117096806 117336746 239940
5 807 rs4867842 176082381 1 -0.00201670035294769 176050715 176096188 45473
5 367 rs527506 80309150 2 0.00199939507264869 80282584 80425860 143276
5 262 rs16885269 55651822 2 0.00199842416255424 55593724 55671741 78017
5 128 rs298528 17235998 2 -0.00198966470955258 17235998 17374898 138900
5 442 rs2018142 103941793 3 -0.00198929813389663 103828340 104107038 278698
5 1 rs2672734 455696 7 0.00195188336716769 407230 665148 257918
5 814 rs6883364 177418754 1 -0.00192775097657844 177401509 177507767 106258
5 211 rs4484458 36369103 2 -0.00192541521858531 36367453 36423931 56478
5 411 rs17594338 93180544 1 -0.00191305645409249 92655132 93589410 934278
5 801 rs1508763 174893557 2 0.00190420815430783 174858052 174893557 35505
5 446 rs7731914 105461753 4 0.0019015932756419 105453357 105846299 392942
5 455 rs12522548 107195824 2 0.00189212644462147 107165073 107248608 83535
5 208 rs16902391 35675616 3 0.00187753969133119 35395245 35776239 380994
5 159 rs7704909 25898921 3 0.00187096226112953 25774428 26091605 317177
5 557 rs743562 131872383 4 0.00186731296540304 131644718 131995964 351246
5 225 rs4869605 38754050 1 0.00185138789147576 38741672 38792486 50814
5 628 rs10075211 147839537 3 0.00184321658707953 147696018 147845815 149797
5 133 rs10063237 18467699 3 0.00182377514949141 18324937 18495883 170946
5 762 rs4867660 171402128 1 0.00177466527997891 171260919 171402128 141209
5 743 rs25748 169001157 4 -0.001771472303754 168864634 169099398 234764
5 213 rs2937545 36481330 3 -0.00176791260264781 36473237 36631733 158496
5 350 rs10039112 77493085 3 0.00175955739612463 77291940 77617159 325219
5 706 rs446288 163265421 7 0.00175909497613617 163152855 163497306 344451
5 142 rs4866058 20626297 2 -0.00175808241465768 20574412 20688825 114413
5 365 rs10474629 79822916 2 -0.00172971530721612 79679474 79833821 154347
5 22 rs7442964 2843763 2 0.00170613834804708 2767183 2843763 76580
5 278 rs6450521 58810366 3 -0.00169138816979793 58801291 59152509 351218
5 163 rs6883474 26764803 2 -0.00168949831231296 26430825 26770247 339422
5 559 rs61755724 132408967 2 0.00168048726894931 132196383 132408967 212584
5 494 rs6594987 116228312 2 0.00167368723405817 116197865 116233236 35371
5 760 rs26413 171098125 1 0.00167305098751028 171081906 171103318 21412
5 638 rs888895 149239093 1 0.00165706324452776 149239093 149239850 757
5 516 rs173154 121043540 1 -0.00164047440910242 121027720 121167471 139751
5 79 rs2962720 9009675 2 -0.001640458847774 8908886 9078628 169742
5 641 rs3756309 149505624 2 0.00162404199232885 149498821 149535255 36434
5 741 rs4868388 168642564 2 0.00161630753356625 168563018 168660989 97971
5 371 rs13360536 80972255 4 0.0016046965567081 80719125 81053445 334320
5 158 rs9293175 25678072 1 0.00160044060980115 25518458 25698030 179572
5 610 rs6874663 143469796 1 0.00159768713635261 143406683 143589949 183266
5 201 rs903845 34533481 2 -0.00158957021360829 34453581 34552389 98808
5 375 rs1971334 81988068 3 -0.00157696650755481 81968863 82020796 51933
5 149 rs13166680 23416474 1 -0.00157344779943991 23247790 23416474 168684
5 704 rs2069352 162868905 4 0.0015680429500667 162750871 162986384 235513
5 738 rs752498 168380180 1 0.00156743882266105 168363190 168398541 35351
5 803 rs870258 175029274 1 0.00156062091485789 175025995 175083754 57759
5 58 rs12187733 6058009 4 0.00154547189836149 5977222 6156845 179623
5 187 rs16901697 31951961 1 -0.00153750523366567 31928322 31969830 41508
5 752 rs11957313 169950394 2 0.001532355219801 169933055 170004035 70980
5 264 rs458036 55816081 5 0.00152810050452524 55766005 55821031 55026
5 117 rs4702100 15694620 5 0.00152197775397183 15550687 15925524 374837
5 31 rs860439 3584368 3 -0.00148168404212144 3463708 3599320 135612
5 514 rs17147676 120721018 1 0.00148009958504216 120508561 120727051 218490
5 205 rs462492 34800987 2 0.0014696852134081 34800987 34859409 58422
5 488 rs27499 115636976 2 -0.00145176991025123 115415436 115814106 398670
5 11 rs1872775 1999840 4 0.00144282636428885 1937407 2014366 76959
5 94 rs9790911 10585287 3 0.00143617753185967 10583537 10621173 37636
5 144 rs7709236 21402827 2 -0.00143577738343457 21396544 21690586 294042
5 560 rs7717377 132491562 3 0.00143017221882589 132487330 132580990 93660
5 470 rs39834 111402982 1 -0.00142861723734812 111144734 111452329 307595
5 479 rs2974491 113404933 3 -0.00140442109295985 113404933 113596392 191459
5 198 rs2032878 33799699 4 0.00139899706713641 33679999 33822482 142483
5 796 rs6894193 174489788 3 -0.00139884766058559 174489788 174585025 95237
5 82 rs28263 9373641 1 0.00139651092552521 9373641 9447501 73860
5 20 rs6859765 2652947 2 0.0013817616890707 2635891 2667858 31967
5 281 rs7446842 60533515 2 0.0013627601444252 60080374 60604261 523887
5 604 rs853170 142537474 3 -0.00136266861919709 142533344 142586382 53038
5 223 rs13190535 38650637 2 0.00136227212279551 38486065 38650637 164572
5 60 rs2242132 6307991 1 -0.0013565201438694 6296991 6307991 11000
5 582 rs11242395 136996852 6 0.00135402227664769 136953007 137442353 489346
5 175 rs6878545 30407686 4 0.00134983369384031 30164476 30513919 349443
5 160 rs1411589 26156304 1 -0.00134307837526401 26156304 26181001 24697
5 296 rs10055880 65864189 3 0.001341297805404 65739439 65910316 170877
5 257 rs4865908 54316028 1 0.0013129769772749 54253615 54324622 71007
5 433 rs6885006 101028744 1 -0.00130689126067215 100971002 101206369 235367
5 329 rs435624 73841827 1 -0.00130352157880652 73805765 73944444 138679
5 391 rs13160406 85314047 9 -0.00129761425317157 85058382 85314047 255665
5 9 rs12514619 1783655 3 0.00128536313387358 1764750 1850563 85813
5 28 rs7717593 3238376 1 -0.00127886118592898 3232706 3265689 32983
5 357 rs4421087 78426650 5 0.00127160427564612 78421780 78763345 341565
5 125 rs29448 16907538 2 0.00124758025645774 16875690 16952807 77117
5 185 rs11738489 31798252 1 0.00124510807126916 31770733 31845117 74384
5 437 rs34229 102855162 1 0.00121930224501318 102739759 102887795 148036
5 389 rs11958924 84177643 5 0.00121688888023212 84098894 84342625 243731
5 172 rs607077 29495564 2 0.00120203570043962 29470422 29584827 114405
5 611 rs165445 143966681 1 0.00119722587216233 143644780 144028395 383615
5 438 rs6596536 102942794 2 -0.00117355247690155 102913746 103025458 111712
5 487 rs2662468 115382097 2 0.00116274009928483 115358663 115402958 44295
5 666 rs17641488 154203121 2 -0.00115710078687659 154121691 154446956 325265
5 833 rs7737438 179619222 1 0.00115131827208172 179618961 179794208 175247
5 838 rs3806869 180485353 1 0.00113528625194775 180458813 180485353 26540
5 242 rs16879348 51292487 1 0.00112497849289345 51233085 51688602 455517
5 564 rs405954 132942656 2 0.00111329213060348 132892497 133017882 125385
5 703 rs10515854 162737689 1 -0.00111221319014484 162651713 162737689 85976
5 799 rs3955072 174708042 5 -0.00110622319109136 174708042 174763833 55791
5 645 rs11994 149937739 2 -0.00106076934046667 149859235 149972167 112932
5 18 rs9312995 2470082 1 -0.00105872919896812 2463858 2538080 74222
5 598 rs33962 141929551 1 0.00104032083171264 141854163 141929551 75388
5 536 rs1444649 124639468 3 0.00102939717893186 124585022 124743267 158245
5 804 rs2114968 175313487 2 0.00101588451882677 175206596 175313487 106891
5 699 rs10046030 161848766 1 -0.00100087003756133 161738753 161848766 110013
5 513 rs7732798 120244182 4 9.886141342180352e-4 120042929 120474531 431602
5 372 rs7717239 81167030 1 9.763743655669396e-4 81087534 81172913 85379
5 530 rs6873640 123909500 1 9.64147246449322e-4 123909500 123909500 0
5 546 rs9327428 126347544 2 9.49881081218384e-4 126250812 126930433 679621
5 458 rs2174973 108032466 4 -9.32616729910815e-4 107951067 108229760 278693
5 139 rs4866039 19678764 1 -9.286906258041184e-4 19545296 19892934 347638
5 53 rs16875781 5579270 1 -9.254521678994228e-4 5578527 5579270 743
5 236 rs186322 42984638 4 9.178171589561708e-4 42896083 43237188 341105
5 771 rs751988 172268003 3 9.0050026830804e-4 172256024 172271007 14983
5 8 rs1392468 1744753 2 8.90186260086278e-4 1557636 1761089 203453
5 684 rs1422858 159057330 2 8.8878628110662e-4 158972473 159128719 156246
5 605 rs258813 142674690 2 8.841532363375224e-4 142606971 142780339 173368
5 570 rs254709 134111769 2 8.832156701791732e-4 134111769 134406317 294548
5 176 rs1921086 30840139 5 -8.731905965608984e-4 30594775 30913797 319022
5 202 rs2029901 34580651 1 -8.715704248081444e-4 34575747 34580651 4904
5 701 rs6556633 162211967 2 8.584565987548665e-4 162124220 162373515 249295
5 204 rs7702104 34691121 2 8.565336091106646e-4 34691121 34772786 81665
5 504 rs17144556 118094406 2 8.337709738632027e-4 117931730 118134414 202684
5 140 rs3112489 20016599 1 8.300030042325566e-4 19975567 20382657 407090
5 345 rs6863296 76616738 7 8.189475942025001e-4 76518442 76718187 199745
5 702 rs4074952 162524013 3 8.12398362978888e-4 162386484 162600918 214434
5 616 rs443033 145210041 1 8.011559405647388e-4 145204975 145235481 30506
5 354 rs11960862 78097220 2 -8.000649683021625e-4 78072760 78103605 30845
5 71 rs9654458 7668026 3 -7.998501829590115e-4 7663078 7838085 175007
5 337 rs246797 75647630 4 7.932983875985804e-4 75572032 75659679 87647
5 549 rs6891025 127574115 6 -7.762767984179833e-4 127350549 127856494 505945
5 263 rs286002 55706469 4 7.655060224373512e-4 55702460 55750914 48454
5 696 rs4566829 160762673 2 7.587833889667123e-4 160711978 161179799 467821
5 447 rs6596707 106182573 2 7.534997422186741e-4 105910000 106211190 301190
5 585 rs165179 138985694 2 -7.428349869371195e-4 138933151 139070952 137801
5 248 rs16881743 53080847 1 7.230457792481418e-4 53080847 53205703 124856
5 813 rs2382160 177266026 1 -7.095954139121175e-4 177260129 177266026 5897
5 600 rs7724522 142081559 1 -7.091573411502038e-4 142047909 142142015 94106
5 667 rs1422834 154578318 1 7.086323754721296e-4 154457905 154578318 120413
5 480 rs3101065 113619796 1 -6.92425346236001e-4 113616993 113762810 145817
5 313 rs1217750 71249440 1 -6.742760345209642e-4 71249440 71411718 162278
5 493 rs10478312 116174466 1 6.711813180912898e-4 116098004 116183712 85708
5 369 rs2291940 80597767 1 6.692629550016819e-4 80501981 80619046 117065
5 68 rs17842508 7299845 1 -6.683751868616068e-4 7199971 7364187 164216
5 454 rs770180 107118722 1 -6.669754083027029e-4 107066305 107131544 65239
5 50 rs11134100 5283234 2 6.629118600590419e-4 5274415 5302501 28086
5 235 rs1035516 42823799 2 -6.609974763739398e-4 42678345 42856350 178005
5 38 rs7706780 4227497 1 6.592040009125418e-4 4227497 4278385 50888
5 0 rs10057531 40975 3 6.584953536078416e-4 38139 374748 336609
5 584 rs7380824 138856982 1 -6.583045162354931e-4 138061341 138861078 799737
5 558 rs2243290 132018169 2 -6.563041458831524e-4 132014109 132093037 78928
5 767 rs11958604 171909024 3 6.526326234216774e-4 171908794 171960073 51279
5 131 rs10941929 17981553 1 6.516428832033072e-4 17809984 18035736 225752
5 316 rs638333 72419267 1 -6.451130127616042e-4 71999107 72422018 422911
5 726 rs1895287 166693678 2 -6.318229757231809e-4 166672257 166831694 159437
5 161 rs4701532 26231699 1 6.311038219384455e-4 26224170 26357027 132857
5 496 rs5007066 116423800 2 -6.309426726627739e-4 116419511 116423800 4289
5 269 rs16887016 56797293 4 6.275579847886442e-4 56738129 56887318 149189
5 698 rs211030 161530735 3 6.042122452716107e-4 161517570 161681172 163602
5 226 rs10036224 38900046 1 -5.954485120237315e-4 38827572 38921864 94292
5 670 rs244977 155316740 1 -5.934766845054368e-4 155202528 155362564 160036
5 150 rs2973606 23449712 1 5.794479929390402e-4 23446583 23532643 86060
5 342 rs1875999 76264982 2 -5.778598895857328e-4 76264354 76369337 104983
5 86 rs3925077 9915399 1 -5.708672284963946e-4 9915399 9965794 50395
5 200 rs299608 34024385 1 5.58116959815025e-4 33971037 34123933 152896
5 275 rs10051847 58271696 3 5.574111634275543e-4 58194892 58388213 193321
5 593 rs17097801 141222253 2 -5.524300565427067e-4 141198969 141226970 28001
5 467 rs3797746 110759089 1 5.487130172825845e-4 110694204 110799106 104902
5 48 rs16874878 5153911 1 -5.354596475178437e-4 5145406 5198567 53161
5 748 rs315751 169696181 1 5.296336306493452e-4 169644032 169696181 52149
5 425 rs12658302 97293421 1 -4.954138244618098e-4 97137056 97314521 177465
5 683 rs7703043 158880032 3 -4.826199868515885e-4 158848492 158943044 94552
5 594 rs3855086 141298977 1 -4.675887288720105e-4 141298977 141343853 44876
5 78 rs199990 8641457 3 -4.657465689404547e-4 8595305 8849583 254278
5 550 rs1422450 128040308 4 4.630254102429956e-4 127873094 128042790 169696
5 783 rs7736263 173339222 1 -4.605764366455548e-4 173242579 173504716 262137
5 272 rs6892519 57361321 7 4.550986731637675e-4 57343495 57713579 370084
5 219 rs7705239 38049522 4 4.522033988202036e-4 38045448 38100854 55406
5 49 rs4702248 5222336 1 -4.460524795164321e-4 5222336 5268673 46337
5 579 rs12188192 136352840 1 4.448356412513774e-4 136038199 136358263 320064
5 127 rs587977 17148236 1 4.402069462543516e-4 17114626 17211649 97023
5 366 rs33013 80060016 1 -4.291214296490674e-4 79855372 80257798 402426
5 181 rs11746324 31560626 1 4.283641311396618e-4 31401447 31580251 178804
5 472 rs338857 111869430 3 4.2252748933173254e-4 111829149 111933873 104724
5 613 rs17103008 144655047 1 -4.201135398086436e-4 144606950 144660484 53534
5 800 rs2471007 174816228 1 4.1305040647326855e-4 174768731 174836280 67549
5 535 rs6892878 124525027 5 4.110186727921718e-4 124491958 124559651 67693
5 103 rs7379525 11855867 2 4.062106034797462e-4 11855867 11924237 68370
5 435 rs10515329 101850019 1 4.015286016153463e-4 101584499 102172751 588252
5 99 rs42687 11342293 1 4.013036228381581e-4 11312832 11392036 79204
5 334 rs13180297 75297146 1 3.958054105925668e-4 75247677 75297146 49469
5 151 rs6875157 23710644 1 3.923087574049517e-4 23584544 23716350 131806
5 170 rs1160444 28763652 1 3.9010573546163747e-4 28621293 28927036 305743
5 575 rs17169180 135161055 4 3.8955886259496337e-4 134977833 135211466 233633
5 280 rs12517174 59969015 2 -3.8540819422691337e-4 59602340 60065941 463601
5 632 rs36079 148430504 5 -3.780414691813359e-4 148321436 148545567 224131
5 665 rs4958756 154045825 3 3.758543329666245e-4 153998704 154090511 91807
5 252 rs4865829 53739403 1 3.696663385168772e-4 53698535 53739530 40995
5 146 rs17333711 22474601 3 -3.6893624244867815e-4 22193967 22652137 458170
5 473 rs34083474 112222787 1 3.5525767181329e-4 111983052 112294630 311578
5 649 rs1048719 150632832 1 3.49659089583499e-4 150566792 150716364 149572
5 239 rs11951835 49917122 2 -3.433248831317063e-4 44727706 50151965 5424259
5 718 rs2591580 165406607 6 -3.360261480998063e-4 165390686 165522270 131584
5 497 rs6595015 116525334 2 3.353596078365109e-4 116436198 116525334 89136
5 563 rs6888605 132747063 3 3.348599685078046e-4 132746820 132839137 92317
5 721 rs1405911 165904364 1 3.342662972929487e-4 165886820 165941091 54271
5 246 rs419816 52571758 3 3.2683032108684663e-4 52427646 52654459 226813
5 573 rs4976285 134609822 1 3.2299527157582066e-4 134609822 134773951 164129
5 432 rs1380391 100618922 1 3.175053640301649e-4 100611918 100948178 336260
5 52 rs2578553 5449367 3 -3.1234146053140804e-4 5419547 5536047 116500
5 195 rs77581578 33549374 1 3.1137174311096714e-4 33549374 33588146 38772
5 253 rs2059217 53912105 1 3.0884315473088105e-4 53750530 53931756 181226
5 83 rs16883128 9550770 2 2.994935674071451e-4 9471319 9607318 135999
5 705 rs6893725 163083956 1 -2.9918420570050966e-4 162989974 163110078 120104
5 509 rs17146259 119532996 1 -2.9577036436518293e-4 119413039 119640500 227461
5 250 rs35952 53592163 1 2.9261229073567955e-4 53566211 53592163 25952
5 90 rs17360625 10236693 1 2.8508884023716063e-4 10175162 10307022 131860
5 293 rs1301451 65067041 8 -2.7971050463556626e-4 64829258 65194123 364865
5 419 rs7717348 95407894 1 2.7531236013578875e-4 95209557 95737362 527805
5 268 rs960702 56704132 1 -2.7466097405420045e-4 56349274 56711877 362603
5 457 rs7720580 107923624 2 2.745548828284584e-4 107769095 107932100 163005
5 141 rs1703052 20538115 2 2.741848323205524e-4 20429332 20559438 130106
5 722 rs17067254 166026376 2 -2.698340105324525e-4 165956290 166153356 197066
5 97 rs11743332 11128377 1 -2.6743319772072014e-4 10970915 11170145 199230
5 96 rs860434 10954186 4 -2.6658178738809494e-4 10905445 10955988 50543
5 390 rs10942397 84872554 2 2.6287923930762774e-4 84407859 84995031 587172
5 689 rs4921110 159608980 5 2.6171585295935813e-4 159437466 159633484 196018
5 81 rs40665 9228283 1 2.601392415828042e-4 9228283 9299338 71055
5 120 rs466205 16451188 1 -2.596527003419952e-4 16451188 16590355 139167
5 656 rs2964243 151921873 1 -2.595954802476127e-4 151893373 152142182 248809
5 416 rs17084686 94756496 1 2.5192635763143215e-4 94466137 94759566 293429
5 107 rs1354185 13761068 1 2.377569526288693e-4 13740976 13829140 88164
5 640 rs35341726 149404179 1 2.343519195787032e-4 149345975 149480879 134904
5 193 rs4076512 33023138 2 2.32963503953796e-4 33010844 33067875 57031
5 439 rs7714087 103069610 1 -2.3115219154379863e-4 103044062 103143067 99005
5 126 rs4129967 17000364 1 2.171120337028445e-4 16991693 17086303 94610
5 324 rs13169946 73489192 5 -2.1375500495877248e-4 73364042 73490564 126522
5 19 rs569244 2599639 2 -2.086959449160066e-4 2564243 2618844 54601
5 780 rs703724 173120513 2 2.0628431602949936e-4 173076223 173120513 44290
5 87 rs38062 9985764 1 1.995384364267645e-4 9979240 10032216 52976
5 276 rs10062340 58432413 1 1.9010874742743895e-4 58428033 58515481 87448
5 45 rs30445 4946412 1 1.7991013380078743e-4 4946412 4950651 4239
5 620 rs2963075 146286561 3 -1.779997729074618e-4 146117992 146434146 316154
5 70 rs13166360 7520881 3 -1.746222207793226e-4 7506433 7659279 152846
5 104 rs4702886 12616793 1 1.7434159718751084e-4 12035993 12784265 748272
5 512 rs985263 119949186 3 -1.7208912734171348e-4 119885302 120023393 138091
5 183 rs6450855 31711429 2 1.6598432348903904e-4 31678198 31729863 51665
5 430 rs4429827 99458270 1 -1.590089840790916e-4 99268130 99934829 666699
5 5 rs113203740 1338078 1 1.5067878639619755e-4 1288547 1376161 87614
5 566 rs731432 133131036 3 -1.485057652395838e-4 133100553 133240927 140374
5 618 rs6580418 145776488 2 1.4515172919311512e-4 145742435 145789406 46971
5 729 rs39950 167351652 2 1.4164121898926725e-4 167270009 167372668 102659
5 486 rs1058600 115166713 4 -1.4120273383681184e-4 115166713 115351241 184528
5 658 rs13190209 152806220 2 1.405804198978738e-4 152535502 152857519 322017
5 387 rs4454038 83917033 1 1.3917499326811982e-4 83718078 83920995 202917
5 57 rs257073 5834614 2 1.3626137150496632e-4 5829115 5951796 122681
5 615 rs17103425 144958012 1 1.361994188423859e-4 144958012 145091210 133198
5 805 rs11134973 175770422 1 1.2088824143727062e-4 175571579 175781959 210380
5 794 rs6897655 174402211 1 1.1973899617081604e-4 174320627 174402211 81584
5 524 rs675443 122644698 1 1.185425116157378e-4 122559002 122644698 85696
5 100 rs26150 11487585 1 -1.1755968229625232e-4 11423525 11523516 99991
5 817 rs2162765 177744380 1 1.1261155639871448e-4 177690978 177762425 71447
5 338 rs2068434 75779471 1 -1.0766409198733404e-4 75741242 75779471 38229
5 561 rs2864680 132637766 1 1.0073246598459784e-4 132633880 132655625 21745
5 191 rs10755252 32688090 1 9.721979352776846e-5 32651271 32722499 71228
5 623 rs6890448 146641783 2 9.682064743751504e-5 146620082 146678112 58030
5 119 rs955205 16347660 1 -9.646312259864487e-5 16226898 16384646 157748
5 730 rs7714553 167466119 1 9.099018822542462e-5 167435974 167499832 63858
5 671 rs2310879 155400562 1 8.911493420442393e-5 155400562 155455954 55392
5 137 rs17279632 19400324 1 -8.814505755101654e-5 19077737 19421313 343576
5 285 rs152184 61738245 2 8.734176389399543e-5 61404673 61951416 546743
5 173 rs1350215 29631637 1 -8.265876568458157e-5 29625796 29902666 276870
5 382 rs1563553 83024710 1 -8.232394060777597e-5 82977764 83024710 46946
5 648 rs2303025 150503675 1 -8.120208792884521e-5 150490751 150553419 62668
5 317 rs4235665 72473814 2 8.065301605685536e-5 72451721 72551337 99616
5 577 rs7726644 135431313 1 -7.343016529232802e-5 135409014 135757183 348169
5 572 rs890731 134574406 1 -6.779848920642146e-5 134574232 134590912 16680
5 143 rs16888991 21168358 3 6.638282264869897e-5 20953429 21235554 282125
5 89 rs2658080 10140391 1 -6.604093187527468e-5 10081435 10159036 77601
5 829 rs936817 178944407 1 6.203105533873356e-5 178944407 179094108 149701
5 355 rs4704531 78179604 1 3.980928630127142e-5 78123484 78250133 126649
5 302 rs281455 67288272 2 -3.8185644358547254e-5 67127316 67308629 181313
5 305 rs256499 67660888 1 -3.552477468786159e-5 67651015 67721951 70936
5 673 rs253604 155960089 5 -3.1152639437667315e-5 155742820 156243136 500316
5 709 rs11958300 163957570 2 -2.6259034157205375e-5 163815143 164056594 241451
5 778 rs6870544 172844615 1 -2.265609697203144e-5 172844615 172864110 19495
5 270 rs10487616 57105894 1 2.238920857443013e-5 56901907 57179504 277597
5 260 rs6859219 55438580 1 -2.1322339300238805e-5 55422681 55438851 16170
5 724 rs6863941 166355313 2 1.2575802506870765e-5 166355313 166424076 68763
5 717 rs17065989 165280020 1 8.764345688130698e-6 165264288 165309208 44920
5 586 rs749125 139166808 2 2.28092164891551e-6 139145049 139201064 56015
5 588 rs6891114 139372521 1 3.380963902978341e-7 139362321 139405072 42751
5 421 rs261217 95930928 1 -2.902377458073981e-7 95836300 95958950 122650
