CHR Group SNP.lead BP.lead Size W BP.min BP.max BP.width
14 240 rs8017161 103563195 11 0.190850267222858 103009367 103584674 575307
14 129 rs3784099 68749927 18 0.0948742338473584 68749927 69039588 289661
14 62 rs712314 35408548 19 0.06974190614543146 34879025 35853388 974363
14 195 rs17184313 93102251 11 0.06669227981892052 93064069 93372370 308301
14 200 rs11621961 94769476 9 0.06036347595666101 94585064 94892438 307374
14 63 rs696 35871093 7 0.05776932516830064 35871093 36454851 583758
14 209 rs7161223 96127082 18 -0.044001366865388 96009307 96260801 251494
14 164 rs11623789 82450632 9 0.0425717214332795 82075469 82505045 429576
14 194 rs737522 93014672 2 0.04123689440163396 93005721 93047936 42215
14 112 rs755011 59815040 21 0.04012623940722981 59452572 60782370 1329798
14 13 rs3748366 22204911 12 0.04011918579415673 22022117 22377905 355788
14 178 rs12883250 88446876 9 0.03249689083313438 88256925 88695342 438417
14 246 rs3924892 105494262 11 0.03097526279731454 105368733 105752404 383671
14 49 rs2300835 33207522 5 0.02962697566815077 33041232 33237374 196142
14 144 rs2193596 75234101 5 0.02838863038728445 74860214 75558163 697949
14 188 rs1286083 91442779 6 0.02838277312776281 91189977 91642234 452257
14 120 rs8008058 63777253 11 0.02732581376299877 63591740 63857808 266068
14 179 rs1287662 89290630 15 0.02666240724157843 88734104 89393381 659277
14 231 rs3742384 100800103 6 0.0263314909068279 100800103 101224922 424819
14 239 rs62000389 102912150 14 0.02574255293487266 102094630 102933347 838717
14 93 rs1002132 52285373 7 0.0252041957842369 52250365 52425506 175141
14 60 rs12887675 34710762 10 -0.02503574352169334 34607464 34754717 147253
14 131 rs2185492 69765077 12 0.02435144856086442 69328022 69780678 452656
14 77 rs2182977 44279080 20 0.02360209387848677 43367596 44535160 1167564
14 220 rs966047 98273349 5 0.02173134451424116 98273349 98498951 225602
14 72 rs8005565 41097075 8 0.0217001308102441 40343703 41103660 759957
14 135 rs4902805 70741175 7 -0.02131290268048763 70671567 71152433 480866
14 153 rs17811635 77573757 5 0.02110678776782185 77440979 77713146 272167
14 30 rs11852043 25887935 8 -0.02042705764693392 25631999 26024780 392781
14 71 rs6571897 39587438 17 0.01997715255742083 39376359 40319433 943074
14 148 rs17783366 76543004 8 0.01980175134537239 76031313 76581121 549808
14 116 rs217676 62363763 6 0.01976353545812309 62065848 62375195 309347
14 89 rs8016526 51310466 5 -0.01928716894688321 51279108 51395384 116276
14 168 rs229776 83902685 7 0.01876775717889346 83437617 84062199 624582
14 132 rs1275824 70194563 5 0.01845431537384342 69795199 70198189 402990
14 122 rs11621026 64389502 21 0.01758357664498295 64232386 65174586 942200
14 97 rs1424832 53702370 6 0.01726703334378942 53700341 54148442 448101
14 141 rs2803962 73083240 11 -0.01725072782309004 73052019 73329055 277036
14 16 rs3811272 22741734 4 -0.01651320337310813 22741734 22930158 188424
14 126 rs1434903 66703569 4 0.016096943730592998 66485947 67886781 1400834
14 95 rs17125492 52882635 11 -0.01559553041332061 52700209 53154350 454141
14 159 rs7141420 79899454 7 0.01520484268394816 79698367 80176931 478564
14 134 rs41286548 70633411 5 0.01483731107764306 70401814 70648166 246352
14 0 rs2039864 20495913 10 0.01476923027021484 20425051 20529177 104126
14 43 rs720046 30978745 8 -0.01452474626671162 30870187 31237170 366983
14 193 rs10134832 92928693 6 0.01432133300012883 92849593 92959940 110347
14 154 rs45527334 77844265 15 -0.01425178967426445 77726516 78370261 643745
14 37 rs4551947 28584430 7 -0.01424345250203289 28473408 29007707 534299
14 190 rs2202955 92118160 12 0.01396858813464072 91820372 92126827 306455
14 123 rs170680 65271311 11 0.01392418120739354 65230358 65649000 418642
14 117 rs2353777 62546256 12 -0.01390125706030732 62435628 62678303 242675
14 81 rs1266227 46212510 3 -0.01375530790740684 46091372 46738855 647483
14 82 rs17659488 46794184 4 -0.01373308456863515 46777209 47447920 670711
14 245 rs4247027 105139894 3 0.01369273850501405 105100021 105222037 122016
14 147 rs2300603 76005557 3 0.01357437954559698 75904660 76028680 124020
14 169 rs1241906 84142036 6 0.0123136533474648 84094388 84265662 171274
14 41 rs718545 30489623 4 0.01208735569252682 30230638 30524538 293900
14 2 rs3093926 20823052 10 -0.0119325030957401 20712322 20863070 150748
14 68 rs177899 38139214 12 0.01182119243045551 37449287 38438536 989249
14 173 rs12882910 86011813 8 -0.01067939459170601 85870837 86037541 166704
14 187 rs1286496 91027608 6 0.01065964956562476 90983296 91183327 200031
14 79 rs1959379 44974966 8 0.01042744159176221 44903433 45224071 320638
14 150 rs3813545 76967305 1 0.01031929574173271 76897213 76967305 70092
14 101 rs8009181 55583424 7 0.01031883412406248 55236176 56197878 961702
14 155 rs2302944 78390880 11 -0.0102243574433835 78390060 78608741 218681
14 108 rs268819 58032340 4 0.01014362765172889 57612996 58042753 429757
14 98 rs10147611 54234753 7 0.00998466824241148 54172855 54433533 260678
14 242 rs6575979 103841018 4 0.00985426115026054 103841018 104628406 787388
14 230 rs12588659 100587813 4 0.00981521756137077 100465652 100743421 277769
14 166 rs7148115 83176013 7 0.00969663882280415 82894760 83256589 361829
14 47 rs11156725 32496696 11 0.00963438299917549 32496696 32876958 380262
14 64 rs4901597 36843139 7 -0.00958837715885555 36469009 36843139 374130
14 217 rs2781407 97959474 2 -0.00949202161387888 97781834 97959474 177640
14 48 rs7140949 32913332 5 -0.00934199478447631 32903616 33033695 130079
14 45 rs10149122 31553136 9 -0.00927513384912538 31351785 32368934 1017149
14 39 rs7155255 29695661 5 0.00926083626744096 29203701 29896499 692798
14 175 rs1505187 86791228 7 -0.0090601565265467 86722953 86995594 272641
14 196 rs12435423 93459859 3 0.00900596067096026 93389030 93684814 295784
14 87 rs4900974 50462432 4 0.00890394122471348 50406826 50484040 77214
14 234 rs8181978 101475770 2 -0.00890380407132988 101475770 101539384 63614
14 238 rs10144492 101991506 2 0.00878635212399535 101910778 101991506 80728
14 111 rs2042770 59333930 7 -0.0087330646553867 59169665 59447625 277960
14 91 rs10147918 51898181 5 0.00857121762895848 51838641 52044782 206141
14 15 rs17198047 22690191 14 0.00805913849611014 22544393 22737591 193198
14 104 rs10149559 56882189 6 0.00797592335107456 56594745 56920900 326155
14 219 rs1350922 98246190 2 0.00779702895922939 98175467 98263147 87680
14 70 rs979002 39369538 10 -0.00767017574489579 38721995 39370726 648731
14 74 rs10872958 42339461 11 0.00765327760328285 41934289 42710883 776594
14 99 rs4287470 54756835 18 0.00762876173837914 54451302 55085624 634322
14 215 rs10145396 97255679 9 0.00755852598978853 97181785 97565056 383271
14 52 rs17460823 33586563 6 0.00754861581272326 33555133 33825093 269960
14 42 rs12436395 30706026 5 0.00743887903227914 30552778 30839557 286779
14 73 rs17111162 41279247 2 0.00722211588568946 41279247 41918350 639103
14 160 rs7156557 80297163 8 0.00721782832478422 80187637 80770951 583314
14 14 rs723879 22391433 3 0.00711587085602599 22381668 22483101 101433
14 36 rs17112865 28038607 19 0.00673343123875612 27720455 28446721 726266
14 185 rs1028723 90208263 6 -0.00668780755892659 90106316 90451500 345184
14 224 rs1257499 99566723 4 0.00663336805862402 99479669 99582467 102798
14 40 rs1191543 30009227 6 -0.00656871846201492 29916912 30137407 220495
14 88 rs10139934 50987481 5 0.00654888422872324 50518636 51262092 743456
14 133 rs1079903 70365001 3 0.00650338051085333 70226487 70366437 139950
14 139 rs8010242 72739064 6 0.00649880871083493 72553387 72883078 329691
14 69 rs2415438 38577533 4 0.00643622675978122 38539949 38706711 166762
14 125 rs6573638 66328997 2 0.00642217331954694 66294143 66475085 180942
14 228 rs4905873 100109824 4 -0.00627745822417246 100057672 100209154 151482
14 86 rs7146952 49773025 15 0.00585281690150692 49331680 50164452 832772
14 151 rs35572669 77141290 4 -0.00581106901430894 77039784 77225409 185625
14 85 rs17120305 49063187 4 0.00575237301879832 49025952 49274102 248150
14 157 rs11629205 79156785 4 0.00574016480452103 79029834 79226876 197042
14 161 rs10146560 80891078 2 -0.00562774167083661 80792090 80971261 179171
14 199 rs7155044 94432783 7 -0.00561761817754731 94432783 94572431 139648
14 103 rs7153071 56408735 7 0.00551279116624273 56358841 56564144 205303
14 127 rs10873203 67974505 4 0.00548689564836158 67912792 67984540 71748
14 186 rs7144433 90850229 3 -0.00543407390553728 90542118 90890278 348160
14 96 rs8007536 53379842 7 -0.00520851590906792 53196348 53690253 493905
14 130 rs1465788 69263599 11 0.00513949951480635 69060068 69273905 213837
14 75 rs1712719 43173574 5 0.00508280521482109 42731966 43173574 441608
14 214 rs11847642 97153198 5 0.00495136019800014 96883969 97173569 289600
14 184 rs243202 90048612 1 0.00493514837926174 89983256 90066451 83195
14 124 rs2411915 65794692 7 -0.0048434577371738 65659664 66283754 624090
14 34 rs12435275 27213441 5 -0.00484215638718469 26935221 27271382 336161
14 54 rs12881368 33979974 2 0.00483267108017521 33937784 34030244 92460
14 162 rs45541932 81744076 20 0.00483129399417793 81008723 81778644 769921
14 27 rs724023 25131460 12 -0.00477423885662795 24883630 25162082 278452
14 21 rs17256141 23726814 4 0.00459426693065789 23632506 23845244 212738
14 18 rs970348 23069853 8 0.00438573157920505 23041656 23242828 201172
14 29 rs7160862 25605046 2 -0.00416249044389174 25443592 25616188 172596
14 118 rs1913627 62725776 12 0.00410835015815448 62718847 63159182 440335
14 128 rs11158687 68204876 5 0.00403941618016501 68019608 68703741 684133
14 213 rs3783428 96755626 3 -0.00399914029160122 96684959 96846092 161133
14 9 rs2771358 21422666 3 0.00398765956190221 21325687 21436124 110437
14 198 rs927236 94266671 9 0.00390482097833108 94264690 94378321 113631
14 109 rs1745690 58073401 12 0.00386888317265363 58054979 58446570 391591
14 53 rs1117363 33865515 3 -0.00381550136715728 33845322 33920274 74952
14 223 rs1257613 99448000 5 0.00378390058285555 99147232 99474165 326933
14 218 rs4905602 98108046 2 -0.003783540904722 98107744 98124407 16663
14 138 rs1205083 72289633 9 -0.00377267207788186 72265949 72542119 276170
14 174 rs12050395 86210504 6 0.00366690242024725 86064367 86634681 570314
14 23 rs7142207 24164243 1 0.00363586827425813 24117528 24202501 84973
14 22 rs223116 23977010 3 -0.00362596059475623 23861811 24017278 155467
14 105 rs4901702 57090588 2 0.00361024921833226 56972072 57122815 150743
14 12 rs1061026 21967109 1 0.00328157239100716 21647420 21993498 346078
14 11 rs2319621 21530058 5 -0.00320449855353168 21519599 21629898 110299
14 216 rs10131135 97717525 7 0.00320056646365394 97580724 97745959 165235
14 156 rs7158445 78719220 13 -0.0031811931460682 78641734 79018345 376611
14 28 rs1270756 25345898 15 0.00315764526948336 25182686 25426899 244213
14 191 rs4548800 92586567 2 0.00308746887605865 92159558 92627138 467580
14 176 rs1420813 87476592 4 0.00296899381703109 87039711 87494360 454649
14 208 rs6575515 95961843 3 -0.00291304319805236 95932223 95973610 41387
14 137 rs917065 71397846 7 0.00291146256946142 71352648 72183309 830661
14 205 rs2798819 95423041 3 -0.00290696407058598 95422491 95523851 101360
14 51 rs8015959 33480922 1 -0.00289178996765103 33474811 33508657 33846
14 165 rs9323719 82669795 3 -0.00283448120056432 82542096 82857376 315280
14 247 rs2078693 107246846 3 -0.00277687418400113 107139583 107274052 134469
14 241 rs4906280 103617950 3 -0.00251365427688153 103617950 103811249 193299
14 170 rs4076134 84769903 15 -0.00248524624871871 84277147 85013821 736674
14 142 rs17782124 74203789 7 0.00241477821558442 73335169 74250126 914957
14 143 rs2336561 74288871 14 -0.00239667759997134 74263752 74808105 544353
14 244 rs7147000 105007815 1 0.00235216327666384 104865071 105007815 142744
14 212 rs1889374 96603723 1 0.00234013153293791 96574434 96661993 87559
14 237 rs4906091 101757587 2 -0.00233725059786475 101727107 101872299 145192
14 192 rs1241713 92669836 4 -0.00233657094371325 92656568 92824871 168303
14 55 rs4412895 34123372 2 -0.00232892780687953 34040582 34159969 119387
14 80 rs61753893 45636328 3 0.00231394397864845 45289062 46079277 790215
14 20 rs10149569 23563895 10 0.00231366945563803 23322613 23598976 276363
14 180 rs7146193 89446796 2 -0.00220183723228891 89417252 89577749 160497
14 35 rs4127782 27326991 5 -0.00214330162166383 27293442 27705881 412439
14 163 rs7160681 82044026 3 -0.00210343345366554 81820060 82044026 223966
14 182 rs7140560 89776720 2 -0.00199291890460597 89748882 89889586 140704
14 202 rs8016615 95187870 4 0.00199082349691433 95096255 95263461 167206
14 201 rs45438596 94936062 13 -0.00197033957745069 94910363 95089440 179077
14 114 rs17098207 61781981 8 -0.00196792050078571 61692955 61898580 205625
14 102 rs2152279 56240004 4 0.00184987367410385 56221073 56341221 120148
14 57 rs1958058 34260635 3 0.00174873253581832 34239296 34311717 72421
14 24 rs8022613 24406918 6 -0.00174533245147337 24247710 24423007 175297
14 113 rs1956556 60818257 6 -0.00165322863112674 60789176 61665229 876053
14 206 rs942328 95823078 5 -0.00162444165547399 95645872 95823870 177998
14 229 rs7152866 100253163 3 0.00160338226159311 100248780 100404067 155287
14 65 rs10483464 36906144 4 -0.00159745982724712 36888567 37128936 240369
14 207 rs1212182 95846518 3 0.00156714869116593 95844779 95917231 72452
14 183 rs243224 89954050 2 0.00153759905656109 89910907 89954050 43143
14 177 rs1959720 88206607 10 0.00150995964033849 87546785 88206607 659822
14 66 rs11847459 37199161 5 0.00137840168969954 37150160 37278964 128804
14 167 rs10150720 83311943 2 0.0013408580522631 83267946 83417466 149520
14 78 rs10220539 44586864 1 0.0013332572573239 44566484 44862795 296311
14 171 rs11623283 85453100 5 -0.00133206745276242 85046837 85548835 501998
14 110 rs7492332 58497641 9 0.00132234008595782 58460588 59112677 652089
14 10 rs1263871 21484086 1 0.0011069045980178 21469151 21502431 33280
14 221 rs8021007 98943569 18 0.00107248220924661 98503520 98964100 460580
14 119 rs10133092 63434918 4 -0.00105770804250994 63175105 63566055 390950
14 6 rs17308457 21078596 1 0.00104697793016923 21051075 21109726 58651
14 59 rs980464 34568993 3 0.00103822191612632 34467340 34575688 108348
14 19 rs1042704 23312594 4 -0.00100606089065256 23259699 23313633 53934
14 204 rs732964 95346359 5 -0.00100600419849814 95335491 95390794 55303
14 26 rs7158744 24717791 6 9.103503021998092e-4 24653954 24852046 198092
14 145 rs741847 75722496 4 8.413759152653955e-4 75709566 75782101 72535
14 38 rs12435853 29049457 2 -8.39167759562629e-4 29049457 29172829 123372
14 225 rs1273226 99607842 1 8.171775107711823e-4 99607842 99688743 80901
14 211 rs7146632 96538258 3 -8.072549682999338e-4 96399382 96565323 165941
14 158 rs718787 79400411 1 -7.722363845488877e-4 79384718 79661327 276609
14 7 rs750142 21130632 1 7.371817293249384e-4 21130632 21189672 59040
14 235 rs915363 101600931 2 7.032042740762903e-4 101585205 101639874 54669
14 172 rs10149105 85615940 10 6.894817372344727e-4 85569284 85809911 240627
14 5 rs8011671 21020554 3 -6.783931583612343e-4 20971784 21024786 53002
14 94 rs12897407 52549195 9 -6.65204541753419e-4 52433115 52670514 237399
14 67 rs712399 37389296 1 5.977482019429133e-4 37288393 37442671 154278
14 107 rs2656107 57384944 5 -5.51748038483544e-4 57204584 57598022 393438
14 149 rs2361329 76841434 2 -5.417748959216503e-4 76593690 76867629 273939
14 31 rs1951039 26164609 1 5.355440041055657e-4 26150510 26364940 214430
14 90 rs11851025 51803928 9 5.08610845116891e-4 51417886 51821239 403353
14 83 rs8022754 48284204 10 -4.524374473894475e-4 47473866 48342605 868739
14 197 rs4905086 94236801 3 4.50044074748906e-4 93708759 94240020 531261
14 140 rs10146857 73037708 3 4.362893348883452e-4 72895442 73037708 142266
14 243 rs7147255 104662014 1 -4.299407648605668e-4 104662014 104807712 145698
14 203 rs1243513 95297441 2 -3.444797049342965e-4 95273595 95317154 43559
14 146 rs8013053 75790221 2 3.2633383614400673e-4 75790221 75867306 77085
14 233 rs2400963 101395706 3 -2.668932672381249e-4 101349454 101459060 109606
14 115 rs2181985 61940910 4 2.5795073457359754e-4 61908332 62021879 113547
14 84 rs12896750 48891210 9 -2.516048928387698e-4 48356630 48999279 642649
14 222 rs1951094 99070367 4 -2.5009593991795427e-4 98996159 99137635 141476
14 76 rs10134020 43228638 1 -2.4307663378155195e-4 43228638 43277615 48977
14 46 rs944464 32453861 1 -2.3062127060054623e-4 32389856 32460060 70204
14 92 rs2019018 52086438 1 -2.192134191793547e-4 52077089 52214983 137894
14 3 rs1760897 20876253 2 -2.108254864766193e-4 20876189 20920250 44061
14 8 rs17211691 21215600 1 2.0337942892154965e-4 21203159 21265637 62478
14 32 rs1956612 26436743 4 1.8040771152770443e-4 26436743 26671662 234919
14 181 rs11159891 89674240 1 -1.5924826426393226e-4 89592955 89722699 129744
14 152 rs117254981 77294729 2 1.0524220852105592e-4 77231722 77332408 100686
14 50 rs1950214 33283757 3 1.0237776388647572e-4 33271488 33386759 115271
14 1 rs2150328 20595252 5 -9.783394882182132e-5 20568700 20694968 126268
14 17 rs1154153 23001547 1 6.973877951110457e-5 22961102 23009999 48897
14 136 rs34322726 71201192 1 -6.880581375362795e-5 71179711 71343331 163620
14 236 rs8013718 101689506 1 5.76768117175801e-5 101653358 101710360 57002
