CHR Group SNP.lead BP.lead Size W BP.min BP.max BP.width
16 393 rs12924729 11187783 6 0.14854518631909502 11167914 11210415 42501
16 2065 rs11117432 86019271 2 0.10862318557494446 86018633 86019271 638
16 811 rs1859308 27397998 2 0.05779763890447862 27391788 27398555 6767
16 1180 rs2731780 58254730 4 0.03895105180663436 58253460 58268436 14976
16 1391 rs255052 68024995 1 0.03641888554930701 67971380 68024995 53615
16 403 rs12927773 11403963 4 0.03504460683449571 11403893 11409841 5948
16 839 rs252308 29221318 1 0.03367767481408613 29221318 29221318 0
16 2058 rs1044873 85955671 1 0.0333219754951521 85955242 85959438 4196
16 400 rs243325 11354497 3 0.03289511882808744 11354497 11362729 8232
16 1585 rs4888659 77699400 3 0.03083676677834264 77694091 77699915 5824
16 1808 rs1143687 81922813 1 0.02917040961047071 81919466 81922813 3347
16 1107 rs603008 56574971 1 -0.02837228583242446 56574971 56574971 0
16 775 rs237130 26639714 3 0.02804232972331698 26639714 26640975 1261
16 1562 rs17769233 77263286 2 0.02551662461874699 77263286 77267416 4130
16 1545 rs7196955 76635963 2 0.0250407056742959 76635963 76650543 14580
16 796 rs2203512 27056455 1 -0.0241802082732668 27056455 27056455 0
16 973 rs1592490 52105848 1 0.02414070137911706 52105848 52105848 0
16 1708 rs11150189 79734227 1 0.02402497746498866 79727780 79734227 6447
16 1138 rs9932757 57148055 1 0.02159348296756764 57148055 57148055 0
16 1140 rs7197204 57221865 3 -0.01984834551136867 57180717 57266454 85737
16 2062 rs11642873 85991705 1 0.01894151341060644 85991705 85991705 0
16 417 rs3743582 11650325 2 0.01884359740992791 11650325 11650325 0
16 2092 rs1728369 86386213 1 0.0185435162260548 86386213 86386213 0
16 1768 rs3803570 81156993 4 0.01830677152309852 81156993 81161608 4615
16 539 rs12708807 17025608 1 -0.01823883322734274 17024759 17025608 849
16 1390 rs16942887 67928042 2 0.01735108918641263 67696365 67928042 231677
16 590 rs72785308 19455468 2 -0.01712088489421693 19447247 19460842 13595
16 1617 rs16947307 78270078 2 -0.0169646775303476 78270078 78270078 0
16 225 rs9933137 7402541 2 0.01689228303162416 7386523 7402541 16018
16 124 rs12930250 5623455 1 -0.01637611405827298 5623455 5623455 0
16 157 rs9935712 6306931 3 0.01607786499506928 6303869 6306931 3062
16 1396 rs1303939 68473462 2 -0.01574759130994498 68463621 68473462 9841
16 1637 rs16947913 78554218 2 -0.01573994568092687 78554218 78556999 2781
16 1695 rs4888967 79434027 1 0.01539941180950159 79434027 79434027 0
16 678 rs3760106 23845796 1 0.01532039211555634 23843511 23865532 22021
16 833 rs12931589 28979297 1 0.01494101547446336 28967688 28979297 11609
16 41 rs11642783 2705523 2 -0.01469168364972353 2705523 2705523 0
16 340 rs11645816 9772106 3 0.01424493803007792 9772106 9789248 17142
16 8 rs3852766 501362 1 -0.01406582761528524 501362 524305 22943
16 1825 rs4130102 82285261 3 0.01386505086178525 82282017 82292236 10219
16 1294 rs2911167 63621735 2 0.01355273199831923 63603581 63623993 20412
16 520 rs246240 16119024 2 -0.0135118952115742 16098379 16123048 24669
16 2060 rs7202472 85977502 3 -0.01331162702676514 85972271 85977502 5231
16 1826 rs9924628 82306551 1 -0.01325292794232736 82306551 82306551 0
16 1370 rs7203339 66373704 1 0.01321013236333687 66362284 66373704 11420
16 1363 rs255204 66162564 3 0.013158570883973 66162229 66164499 2270
16 1796 rs12932714 81762739 1 0.01291380061882386 81762739 81762739 0
16 504 rs7499658 14430442 1 -0.01247835697956153 14430442 14430442 0
16 31 rs9888765 1744026 1 0.0124407761753276 1715454 1765232 49778
16 92 rs78074706 4755108 2 0.01224044284488038 4755108 4774237 19129
16 1156 rs8050713 57635017 5 0.01193771753167065 57630454 57636678 6224
16 162 rs2795532 6389517 1 0.01175601272253004 6389517 6396948 7431
16 1657 rs8060856 78885182 5 -0.01153651776492992 78883118 78897742 14624
16 1833 rs11150465 82474501 1 -0.0115084738743888 82474501 82481949 7448
16 1703 rs889472 79645989 1 0.01141157893575462 79641363 79645989 4626
16 1793 rs6564894 81632769 1 0.0112928522649793 81632769 81632769 0
16 17 rs116934818 1143605 1 0.0109947812129806 1143605 1143605 0
16 1762 rs7188127 80970327 2 -0.01096809135503314 80969674 80993734 24060
16 402 rs4451969 11383519 5 0.0109476230348493 11373301 11398265 24964
16 1922 rs8055119 83638982 1 -0.01092349781295349 83632430 83639335 6905
16 1275 rs4784206 62720635 1 0.01081621983863762 62720635 62764994 44359
16 642 rs9937453 22155629 2 0.01063861668755333 22136145 22157582 21437
16 179 rs8047273 6713497 1 -0.01052019433742398 6713497 6718720 5223
16 1899 rs9332462 83317729 1 0.01016344402434347 83317729 83321860 4131
16 1166 rs2967172 57795394 3 -0.01014268163034884 57781764 57810090 28326
16 1568 rs8044972 77400082 3 0.01007507098425158 77389762 77408975 19213
16 847 rs7204270 30156963 2 -0.00993861141908798 30156963 30156963 0
16 1557 rs9937191 77163008 2 0.00991803972641395 77163008 77177128 14120
16 1048 rs11076057 54827785 1 -0.00991140786757242 54827785 54827785 0
16 1234 rs1862746 60462358 1 -0.00984023846360965 60450246 60471293 21047
16 1969 rs244866 84314198 1 0.00976995631518875 84311957 84314198 2241
16 1205 rs17185893 59310833 1 0.00954406858009811 59310833 59354452 43619
16 1463 rs16971718 73367592 2 0.00941136530163854 73367592 73367592 0
16 2149 rs1864145 87299885 3 0.00937943327926989 87289017 87301665 12648
16 2047 rs10863186 85763447 1 -0.00935665375299571 85762615 85769720 7105
16 909 rs10521192 49796534 2 0.00900637041474717 49776842 49800318 23476
16 699 rs2299671 24269658 3 0.00891887159344613 24269658 24274391 4733
16 1430 rs10500557 71509779 2 -0.00890680644718919 71501274 71524632 23358
16 800 rs7193248 27113695 1 0.00884832461105683 27110428 27115393 4965
16 309 rs4985087 9131247 1 -0.00881478730047832 9131247 9131247 0
16 919 rs4785201 50089192 2 0.00877399312989106 50073908 50142944 69036
16 2022 rs7192417 85034117 3 -0.00876716575472187 85013257 85044207 30950
16 2093 rs1687679 86389880 2 -0.00875547989372212 86389880 86390406 526
16 198 rs1105004 6972216 2 0.00870436918369246 6966553 6972216 5663
16 1341 rs7197514 65652630 1 0.00863789440449793 65619719 65659451 39732
16 2192 rs55974122 89294827 4 0.00841843072776152 89285972 89297952 11980
16 1246 rs11640107 60928740 2 0.00831277346707876 60902823 60940079 37256
16 1874 rs12597778 82994130 1 -0.00820751889026361 82994130 82995567 1437
16 382 rs2541522 10750548 1 0.00817776930095135 10750548 10750548 0
16 1775 rs6564838 81242194 5 0.00817113329622697 81238690 81242194 3504
16 136 rs1898225 5920511 2 -0.0081231130171803 5914676 5920511 5835
16 704 rs9929254 24357983 1 0.00811198780847867 24357983 24359043 1060
16 1739 rs9940469 80398920 3 0.00801867471496745 80398920 80398966 46
16 2141 rs17697632 87141024 3 -0.00798714241822457 87141024 87148454 7430
16 203 rs12709171 7122301 2 0.00797886787691313 7114043 7122301 8258
16 676 rs2520027 23818502 2 0.00793942580052305 23792157 23818502 26345
16 1146 rs170361 57414623 2 0.00784609051505593 57414623 57418987 4364
16 404 rs6498184 11435990 2 0.00762334313049694 11422245 11442028 19783
16 1392 rs12448227 68068627 3 0.00760849034542557 68068627 68131732 63105
16 756 rs11862834 26117039 1 -0.00759947215198025 26117039 26129783 12744
16 1601 rs397404 77926189 2 -0.00755553434466878 77918801 77928976 10175
16 72 rs11543317 4016049 2 0.00753028340890638 4016049 4016676 627
16 1244 rs1364322 60803316 1 0.00752083682772917 60803316 60851910 48594
16 1745 rs7189522 80498094 5 0.00750725519942527 80497601 80503505 5904
16 534 rs2890050 16924671 2 0.00742044351621153 16916297 16929755 13458
16 780 rs763584 26762221 3 0.00734059516239738 26746283 26769180 22897
16 815 rs1072594 27850620 2 -0.00733496870089997 27836170 27851773 15603
16 405 rs7203055 11473656 3 0.00732237632864553 11470066 11473656 3590
16 1011 rs7194907 54003483 1 0.00732197777208299 54003483 54003483 0
16 2170 rs8051149 87878822 1 0.00721237382899881 87878476 87878822 346
16 2070 rs7193170 86097959 2 0.00709979855241521 86097959 86098410 451
16 522 rs246226 16136229 2 -0.00709900679854272 16132880 16141738 8858
16 1574 rs4144677 77527427 2 -0.00708026358287116 77527427 77527427 0
16 442 rs2269447 12621438 1 0.00707971417618554 12621438 12625171 3733
16 1477 rs4887870 73650853 1 0.00706165565079515 73650853 73650853 0
16 512 rs4780577 15767997 2 -0.00695155310397782 15712324 15807677 95353
16 418 rs8046213 11703058 1 -0.00691635555623105 11703058 11707291 4233
16 281 rs4787191 8416649 1 -0.00689119920960314 8416649 8432142 15493
16 2054 rs7193803 85925673 2 0.00687787201501755 85924065 85925673 1608
16 1453 rs1858801 73019560 3 0.00672521553194666 73013633 73022273 8640
16 2185 rs34679131 88786063 1 0.00668188363788541 88786063 88786063 0
16 65 rs11076781 3663231 1 0.00654267844461463 3650429 3663231 12802
16 959 rs2720400 51620225 2 0.00647115648533166 51620225 51634296 14071
16 262 rs12443671 8017909 3 -0.00643675385597246 8009628 8022176 12548
16 1291 rs8047994 63428780 2 -0.00641469750620459 63428780 63435038 6258
16 882 rs1990687 48975044 1 0.00634199621182821 48941006 48975044 34038
16 1084 rs2088926 55663800 2 0.00621048394322936 55656355 55675247 18892
16 896 rs10852596 49532716 4 0.00615341833028355 49532716 49537697 4981
16 1047 rs4257585 54793796 1 -0.0059947052681246504 54790801 54796410 5609
16 767 rs2188347 26489150 3 0.00588478950374134 26471584 26502518 30934
16 90 rs1659505 4608339 2 -0.00587956211652141 4608339 4610567 2228
16 1086 rs3785157 55729836 4 -0.00584912721916584 55723942 55731735 7793
16 295 rs8050839 8754502 2 -0.0058415548452301 8752547 8754502 1955
16 2167 rs7200184 87852172 2 0.00583381096367226 87848903 87854337 5434
16 1656 rs1554983 78867839 1 -0.00582469982999526 78867839 78871055 3216
16 1472 rs16972039 73529292 2 0.00578622533583175 73522400 73529292 6892
16 1863 rs7189966 82814003 5 0.00573807437254411 82808289 82819347 11058
16 1310 rs1458576 64126301 2 0.00571531043510897 64120435 64127765 7330
16 1133 rs117950337 57093436 2 0.00564313872351472 57091977 57093436 1459
16 1394 rs6499165 68326200 3 0.00562072311227127 68326200 68353915 27715
16 982 rs187680 52424157 1 0.00554980903258698 52422842 52430136 7294
16 1143 rs591940 57368178 1 -0.00548147023341712 57368178 57368178 0
16 711 rs11649538 24508117 2 -0.00544810768605761 24507139 24508117 978
16 1804 rs7192266 81888874 4 0.00541767259127627 81888874 81888905 31
16 1192 rs9932019 58886531 3 0.0054083691500225704 58876545 58900070 23525
16 2020 rs17189653 84984350 1 0.00533664971723636 84984350 84984350 0
16 1535 rs2052866 76348997 1 0.00527975272017608 76336609 76350805 14196
16 801 rs4787923 27139829 1 0.00525984802791745 27138785 27139829 1044
16 243 rs3826209 7668003 3 0.00525550180565197 7666326 7669131 2805
16 1803 rs7202205 81884639 2 -0.00523530459914242 81883847 81884639 792
16 2182 rs4782505 88656638 1 -0.00517593930183479 88655501 88656638 1137
16 182 rs9806855 6749566 2 -0.0051373526887523 6746136 6750250 4114
16 1298 rs935814 63717477 1 -0.00513378751863076 63715660 63742192 26532
16 1502 rs1076251 74768812 2 0.00510178519455968 74768812 74768812 0
16 779 rs11074795 26731924 3 -0.00509559401483547 26729319 26731924 2605
16 850 rs8046001 30833321 1 0.00506605052017846 30833321 30833321 0
16 1384 rs8192925 66977997 1 0.00505398171199092 66955434 66977997 22563
16 910 rs16947973 49817577 2 0.00495474401010003 49817577 49823239 5662
16 893 rs12598511 49434930 4 -0.00494548577760541 49424268 49434930 10662
16 1917 rs4782812 83563611 1 0.00493352703224771 83562213 83563611 1398
16 2091 rs3098633 86366262 1 -0.00488878019632311 86366001 86366262 261
16 1777 rs9924530 81253917 2 -0.00485017245500627 81248716 81264597 15881
16 195 rs2131226 6927242 2 0.00484513009802029 6927242 6943330 16088
16 872 rs12443685 48226479 2 0.0048305118626307 48194023 48227862 33839
16 1527 rs1391408 76026681 3 -0.00482079914527744 76023497 76031737 8240
16 2033 rs4445886 85248324 1 0.00481739715145158 85248324 85248324 0
16 1993 rs247849 84546087 1 0.00478407690077986 84542415 84546108 3693
16 637 rs4783387 21233004 1 -0.00475038698935785 21233004 21233004 0
16 730 rs7189168 25506954 1 -0.00469888425917909 25505247 25535289 30042
16 330 rs7191870 9650813 1 -0.00467272333747259 9650813 9651823 1010
16 836 rs8053800 29043450 1 0.0046672685083254 29043450 29043450 0
16 894 rs6500225 49490268 1 -0.0046553860021503 49459035 49490268 31233
16 886 rs12928871 49082930 2 0.00463893858365628 49057725 49082930 25205
16 1908 rs9319442 83451606 1 0.00460482989276867 83450579 83451961 1382
16 2180 rs7197420 88376480 1 -0.00459841827204043 88376480 88376480 0
16 1295 rs2965999 63636398 2 -0.00459122173446747 63633828 63657290 23462
16 1962 rs141742506 84229892 2 -0.00453813859156063 84224322 84229892 5570
16 1139 rs4784771 57159248 2 0.00449851172548714 57159248 57159248 0
16 2115 rs1109813 86662310 3 0.00449187082541054 86654474 86663934 9460
16 750 rs8050730 25965289 2 0.00442451267789608 25965289 25968462 3173
16 2026 rs1566465 85127825 2 -0.00440074783889555 85120609 85127825 7216
16 661 rs6497618 23008602 1 0.00439460449895485 23005091 23008602 3511
16 2009 rs774294 84802623 2 0.00439314538680321 84802623 84802623 0
16 691 rs2470688 24117477 1 0.00437889533791855 24117477 24117477 0
16 1811 rs4611452 81977364 2 -0.00430066452347174 81974754 81979125 4371
16 2117 rs1867485 86681031 3 0.0042916833719097 86680658 86684262 3604
16 2076 rs1874697 86153116 2 0.00423517800771809 86153116 86153864 748
16 1097 rs1376204 56146367 4 -0.00421790670466948 56102758 56228878 126120
16 1335 rs9939833 65502450 3 -0.00419155526630555 65479723 65502450 22727
16 1761 rs2161295 80961660 1 -0.00412991380402451 80961660 80964131 2471
16 456 rs1713480 12758966 1 0.00407642218882739 12756649 12768284 11635
16 489 rs7200773 13845690 2 -0.00407052334806581 13845690 13857840 12150
16 1065 rs9928598 55264697 5 0.00405511231042355 55245037 55264697 19660
16 202 rs10500345 7108170 1 0.00404434325793771 7102551 7109009 6458
16 881 rs3095647 48893630 1 0.00402720529947749 48893630 48906479 12849
16 1063 rs7187108 55199498 2 0.00402255709417778 55199498 55216971 17473
16 2084 rs1693947 86261733 1 0.00401270315464585 86261733 86261733 0
16 1499 rs35589326 74729262 1 -0.00399455503426865 74729262 74729262 0
16 1903 rs889713 83419339 1 -0.00393870734381724 83415563 83419552 3989
16 1870 rs11150514 82923464 3 0.00391723914422679 82912571 82926244 13673
16 1586 rs4887918 77735474 2 0.00390389565637207 77710724 77737858 27134
16 1076 rs2540707 55472551 1 -0.00388999583291223 55469404 55485757 16353
16 1193 rs11076279 58935890 2 0.00388814532941184 58935559 58942066 6507
16 2158 rs8056477 87599250 1 -0.00388078389823662 87593599 87599250 5651
16 1996 rs9924978 84580983 1 0.00385752669898235 84580531 84580983 452
16 535 rs1377550 16932796 4 0.00381433075312913 16932796 16954282 21486
16 372 rs1540524 10529400 2 -0.00378638353714631 10529400 10575824 46424
16 1190 rs6499978 58807766 1 -0.00375471961508371 58776024 58834219 58195
16 1731 rs11643917 80203882 4 -0.00370650849987139 80203540 80230224 26684
16 1704 rs12051063 79673405 2 0.00370164696612417 79670324 79673405 3081
16 1828 rs16957153 82402782 1 -0.00369101835592749 82402782 82402782 0
16 1102 rs4783937 56377045 3 0.00367566764774693 56373308 56377045 3737
16 1369 rs233552 66329970 1 -0.00367050440860623 66324048 66334978 10930
16 150 rs7403856 6156326 1 0.00363500440825313 6156326 6160840 4514
16 1260 rs8058677 61968305 1 -0.00361811650945131 61968305 61984292 15987
16 2109 rs7199466 86608609 1 0.00360053811080245 86608609 86608609 0
16 469 rs415232 13316427 2 -0.00358098377190533 13316427 13316427 0
16 854 rs9888739 31313253 7 -0.00352812759658666 31289396 31357760 68364
16 490 rs1475968 13868357 2 -0.00351249910048683 13866414 13880266 13852
16 1551 rs2134337 76991280 2 0.0035118474853409 76991090 77005187 14097
16 1460 rs7193833 73220771 2 -0.00349434444771655 73220771 73220771 0
16 363 rs2016202 10286633 2 0.00342823059691627 10285569 10286633 1064
16 1130 rs12373120 57055414 2 -0.00342800054959623 57055414 57055714 300
16 622 rs11864909 20400839 1 0.00340769043222199 20400839 20404600 3761
16 1299 rs6498920 63753550 3 0.00328755228595444 63753550 63769232 15682
16 2107 rs2303229 86580891 1 0.0032193919907033 86575737 86580891 5154
16 1276 rs2962461 62796921 1 0.00321044267866327 62796921 62815924 19003
16 473 rs886218 13464491 2 0.00320709602031597 13457439 13464491 7052
16 553 rs8043831 17549067 2 -0.00320550864119047 17549067 17549067 0
16 2119 rs12444333 86699196 2 -0.0031506498374679 86699196 86702158 2962
16 1243 rs8052964 60781112 2 0.00314478998365108 60781112 60798217 17105
16 1241 rs1019540 60678185 1 -0.00313398284466241 60678185 60734255 56070
16 1265 rs11645947 62222294 2 -0.00313039554375851 62218299 62222294 3995
16 583 rs1023442 19331565 3 0.00312205208937414 19324831 19331565 6734
16 431 rs1632455 12222225 5 -0.00309624223294016 12212623 12239338 26715
16 1289 rs7404896 63287549 1 -0.00308204001301186 63287549 63339253 51704
16 390 rs4781011 10975311 2 -0.0030748563485932 10971474 10975311 3837
16 1915 rs7203798 83516486 1 -0.00305404886840595 83516486 83538170 21684
16 1842 rs4783222 82583110 2 0.00304513241310794 82579534 82583719 4185
16 394 rs11074952 11218606 2 0.00304318848208154 11218606 11241906 23300
16 248 rs10492760 7717328 1 0.00301391057915073 7715577 7721026 5449
16 1362 rs1308841 66159066 1 0.00300387347386734 66154187 66159698 5511
16 1789 rs2966097 81549708 2 0.00299597925852081 81530660 81550448 19788
16 1440 rs72787072 72154010 3 0.00299464831377957 72152755 72188683 35928
16 2096 rs902552 86410738 1 0.00293317991847284 86408537 86410738 2201
16 936 rs1496647 50905010 1 -0.00288028479707654 50891343 50908805 17462
16 1340 rs4785838 65609704 2 -0.0028689437746811 65601729 65609704 7975
16 1261 rs1304648 62025800 2 0.00286402048813403 62020880 62025800 4920
16 209 rs17669916 7198477 1 -0.00282067552500366 7196046 7206700 10654
16 2052 rs4843852 85897418 2 -0.00282003717420648 85897418 85901065 3647
16 673 rs45551636 23634293 3 -0.00280287203083429 23617214 23646191 28977
16 1070 rs12928690 55343565 3 -0.00277963721303751 55341135 55375723 34588
16 221 rs9924759 7321664 1 0.0027641360992139 7318548 7321909 3361
16 1161 rs17379472 57693498 1 -0.0027473959515055 57693498 57693498 0
16 1412 rs153052 69446526 2 -0.00274688391478799 69441058 69497810 56752
16 813 rs61739285 27480797 2 -0.00274168100345514 27454562 27480797 26235
16 181 rs10492841 6739933 2 0.0027384885586703 6732433 6740262 7829
16 873 rs9939742 48253986 1 0.0027187136647284 48242379 48314838 72459
16 1228 rs11642278 60266632 1 0.00271416053186355 60248142 60302048 53906
16 1556 rs284982 77135683 2 0.00269579579259482 77132938 77155717 22779
16 1576 rs277522 77570349 2 -0.0026642333647841 77564902 77570498 5596
16 440 rs3865113 12595967 1 0.00261248157373886 12589502 12595967 6465
16 660 rs8055169 22989407 3 0.00257274898403026 22968425 22997430 29005
16 927 rs2216054 50600877 2 -0.00257272747826399 50600877 50600877 0
16 712 rs8049497 24559874 3 0.00257105659727495 24559874 24579397 19523
16 1912 rs8054845 83487316 1 -0.00255571638936243 83487316 83487316 0
16 1925 rs16961122 83677291 1 0.00255451487600342 83677291 83683611 6320
16 1219 rs12598252 59882680 1 0.00253561176188067 59878048 59882680 4632
16 1757 rs2549908 80913669 2 0.00252205894605052 80910151 80919668 9517
16 1446 rs11075945 72747560 1 -0.00251646336985672 72517014 72754901 237887
16 980 rs7196579 52361831 2 0.00250135503679796 52359470 52361831 2361
16 1478 rs716270 73708889 2 -0.00249753649129298 73705780 73708889 3109
16 1041 rs1151277 54620503 1 -0.00249232177057246 54615410 54623529 8119
16 1841 rs7197907 82577585 1 -0.00249050556508905 82575913 82578355 2442
16 1880 rs7500599 83091869 1 -0.00247600299190748 83091869 83094670 2801
16 5 rs2685127 335373 3 0.00246977920739095 334890 335531 641
16 1434 rs16973500 71965196 1 -0.00242434126090226 71862133 71967927 105794
16 436 rs8049296 12506846 2 -0.00241705799634115 12506846 12513797 6951
16 237 rs10459845 7585001 4 0.00239356472967524 7585001 7589189 4188
16 2095 rs10863210 86405343 1 -0.00236725045211939 86405343 86407223 1880
16 848 rs12921440 30408765 4 0.0023634170803179 30364805 30409241 44436
16 681 rs8051034 23925134 2 0.00235755878665841 23925134 23959420 34286
16 1163 rs8051301 57721952 1 0.00233830020307485 57720488 57724078 3590
16 1711 rs9939090 79798321 1 -0.00233517828745496 79791603 79799097 7494
16 1960 rs4150161 84214236 3 -0.00231503820234796 84212710 84215692 2982
16 89 rs8129 4562351 1 0.00228580094799599 4524060 4562351 38291
16 1748 rs8182107 80584342 2 -0.00228244005952589 80581001 80584342 3341
16 471 rs8059366 13351740 4 0.0022773708631232 13351740 13367049 15309
16 58 rs757108 3362017 1 0.00227346700502931 3362017 3362017 0
16 1325 rs463625 64964233 3 0.002265536807963 64964233 65060411 96178
16 6 rs2361988 398151 1 0.00221542795062001 377794 398151 20357
16 1209 rs12709027 59543339 2 -0.00219607969816647 59529665 59543339 13674
16 1132 rs1672867 57071114 2 -0.00217513332724289 57071114 57074451 3337
16 1608 rs7193020 78106440 3 0.00217384643006239 78100684 78110059 9375
16 423 rs4561483 11920037 1 -0.00215677326886586 11919959 11920037 78
16 1057 rs7197624 55110037 2 0.00214939841502263 55104086 55110037 5951
16 1754 rs4513113 80760582 2 -0.00214461720854361 80760582 80768727 8145
16 389 rs8048114 10948770 2 -0.00212975018023863 10948770 10948792 22
16 1611 rs7206273 78190234 1 -0.00210795895703618 78180765 78190234 9469
16 1462 rs8051614 73335016 1 -0.00209221571295179 73335016 73337343 2327
16 946 rs4445901 51259725 2 0.00209168887675848 51245654 51259725 14071
16 1188 rs16960359 58704496 1 -0.00208824870361831 58697786 58713798 16012
16 803 rs16976568 27165832 1 0.00207229451342215 27165832 27167481 1649
16 1320 rs4622530 64614407 2 -0.00206441190021944 64610296 64681461 71165
16 846 rs11642612 30030195 3 0.00204065915664545 29989739 30033633 43894
16 643 rs929849 22221486 2 -0.00203228677818978 22191231 22237118 45887
16 2128 rs4843465 86842116 1 0.00202894660362855 86842116 86842116 0
16 1729 rs2016206 80159229 2 0.00201274015211175 80156675 80177656 20981
16 1510 rs9928718 75076738 2 0.00201151764988068 75073811 75094784 20973
16 887 rs11859629 49121863 1 -0.00200354484636273 49102075 49139345 37270
16 1613 rs16947257 78223246 1 0.00198049013807734 78214775 78223246 8471
16 2152 rs2303763 87376605 1 -0.00197220133040162 87376605 87376605 0
16 2211 rs4785763 90066936 1 0.0019333128829644 90066936 90066936 0
16 146 rs4786078 6111257 2 0.00191430041561234 6106997 6111257 4260
16 1198 rs990813 59070616 3 0.00187157434894394 59070616 59097976 27360
16 2184 rs12709102 88712319 1 0.00186841011699592 88712319 88712319 0
16 1528 rs2454141 76090200 1 0.00186081890169585 76071983 76090200 18217
16 687 rs6497714 24056797 1 -0.00185789674324991 24056797 24056797 0
16 1973 rs12933084 84360533 1 0.00185672248133062 84360533 84360533 0
16 1008 rs7205009 53876444 1 -0.00183962551142445 53858024 53876444 18420
16 1742 rs9935300 80442198 1 0.00183800609283999 80441136 80462037 20901
16 1215 rs8052931 59722482 1 0.00183015130855209 59722482 59722749 267
16 1530 rs16943934 76210722 1 0.00182655320094035 76186992 76210722 23730
16 1798 rs12444183 81773209 1 0.00180588431628927 81773209 81773209 0
16 15 rs448653 1081348 2 -0.00179468618115591 1081348 1085393 4045
16 1230 rs930444 60363203 3 -0.0017871870459852 60363203 60371371 8168
16 625 rs77863699 20563528 1 0.00175989777708428 20563528 20563528 0
16 571 rs9284326 18165043 3 0.00175987272845959 18164698 18166320 1622
16 1445 rs9930344 72381557 1 0.00175085400193663 72333576 72381557 47981
16 1758 rs1981866 80923598 2 0.00173652239979932 80923598 80925738 2140
16 1540 rs35363016 76482001 1 0.00173050336797448 76482001 76482001 0
16 577 rs229015 19218144 1 0.00170999971894213 19216227 19218144 1917
16 1115 rs12596236 56730610 1 -0.00170745744906978 56721870 56730610 8740
16 1584 rs282949 77680645 3 0.001696635026664 77677626 77684529 6903
16 2210 rs4424910 90038786 2 0.00169420441197602 90038786 90048327 9541
16 1813 rs11648233 82075317 1 -0.00167284576117074 82075317 82075317 0
16 1411 rs76116020 69385641 1 -0.0016677514061656 69382195 69396585 14390
16 2175 rs4843811 88171363 1 0.00165539500367352 88171363 88171363 0
16 831 rs4788073 28594549 1 0.00164470530066964 28539848 28594549 54701
16 1749 rs2316184 80647384 2 0.00164387967974538 80641397 80647384 5987
16 1158 rs7196304 57647543 2 0.00163491171633169 57647543 57647543 0
16 777 rs8051803 26678354 3 -0.00162411955079603 26678354 26681997 3643
16 1548 rs13330107 76878862 2 -0.00160865672591145 76878862 76894153 15291
16 1379 rs3743712 66543650 1 -0.0016086085168028 66543650 66545982 2332
16 1199 rs4430729 59171239 1 -0.00159401306263299 59171239 59171239 0
16 66 rs1053874 3707747 3 -0.00157356946949254 3706668 3707747 1079
16 69 rs3025697 3831602 1 0.00156524118762548 3831602 3913995 82393
16 2048 rs372395 85774917 1 -0.0015606580012861 85774917 85774917 0
16 798 rs11074843 27090311 1 0.00155087214422473 27090311 27090311 0
16 639 rs42750 21630698 1 -0.0015372957050476 21630698 21639322 8624
16 279 rs1015989 8342171 2 -0.00153418428736534 8341756 8342171 415
16 2191 rs11076770 89205510 1 0.00153102884922488 89205510 89206483 973
16 1347 rs9635520 65891847 1 0.00152509636381403 65891847 65891847 0
16 1469 rs9934948 73439355 1 0.0015198956065505 73439355 73439355 0
16 217 rs2346617 7291127 3 -0.00151599356771388 7288268 7295515 7247
16 1098 rs4783932 56274501 2 0.00150503297621798 56248135 56311774 63639
16 1720 rs4271604 79980883 2 -0.00150418943008612 79976222 79981630 5408
16 983 rs3095668 52463687 1 -0.00147510965114284 52454486 52478215 23729
16 1924 rs16961072 83662293 1 0.00146956715195308 83662283 83665269 2986
16 937 rs1874494 50922120 6 -0.00146541561665569 50913577 50922786 9209
16 1592 rs12927467 77814179 1 0.00145929013028825 77814179 77816078 1899
16 1784 rs12924670 81433070 1 -0.00145928134380698 81433070 81433120 50
16 1007 rs9922619 53831771 2 -0.00144618212361732 53825488 53839135 13647
16 1697 rs3923760 79460198 2 0.00143411670909975 79460198 79460567 369
16 1231 rs17821987 60402342 1 0.00143149781978532 60380470 60402342 21872
16 188 rs6500824 6820960 1 -0.00143035021238891 6816914 6820960 4046
16 1845 rs6565043 82607991 1 -0.0014156385902885 82607991 82609532 1541
16 941 rs1566045 51021803 1 -0.00140405312549752 51021803 51021803 0
16 268 rs3112664 8100712 2 0.00139892971601491 8091952 8102290 10338
16 1268 rs1834088 62456481 4 0.00139732282320564 62426551 62456500 29949
16 1659 rs2656620 78913387 2 -0.00139107487059745 78911326 78914000 2674
16 1479 rs12920607 73728620 1 -0.0013856478320104 73728620 73728620 0
16 1773 rs61734110 81232294 1 0.00136633940067519 81232275 81233614 1339
16 766 rs11074780 26459921 2 0.00136523887853403 26454266 26459921 5655
16 837 rs1646122 29143040 1 -0.00134135941024342 29143040 29143040 0
16 1459 rs11863839 73181874 2 0.00133695907865278 73177225 73197239 20014
16 2000 rs4782638 84608584 1 0.00132853322194413 84608584 84616885 8301
16 448 rs9926239 12673270 2 -0.00132500850964451 12665244 12674377 9133
16 1433 rs7203231 71837477 2 0.00132212697394748 71773190 71837477 64287
16 541 rs9933070 17082360 1 -0.00132077974595176 17077040 17088734 11694
16 1677 rs9319535 79091328 2 -0.00131974934323355 79086731 79091328 4597
16 785 rs1040287 26818126 1 -0.00128993364361318 26818126 26818126 0
16 317 rs35317 9402523 4 -0.00128666212513761 9398894 9403613 4719
16 2102 rs8055638 86491267 1 0.00127555000240168 86491267 86493418 2151
16 211 rs13334230 7235448 2 0.0012634518733218 7225456 7235947 10491
16 361 rs3852745 10248860 1 -0.00126159165129196 10239794 10248860 9066
16 312 rs1048687 9212987 3 0.00124367311690571 9212987 9216948 3961
16 706 rs985729 24394451 1 -0.00123935142892189 24394451 24394451 0
16 178 rs11640341 6703929 1 -0.00123212437867261 6699749 6709509 9760
16 23 rs2941955 1522176 3 0.00123059358240865 1522176 1522224 48
16 1022 rs907007 54249150 1 0.00122258269741849 54249150 54255346 6196
16 1036 rs4783845 54497854 1 0.00120445173796858 54497854 54503953 6099
16 1778 rs6564860 81278138 2 0.00120374941524477 81277960 81278265 305
16 1236 rs17241739 60518966 1 -0.00119827114492991 60518966 60518966 0
16 260 rs4396517 7973527 1 -0.00119549315922046 7967110 7975357 8247
16 1881 rs7201956 83100661 1 0.00119445077699445 83100661 83102072 1411
16 975 rs2540764 52207769 1 0.00118520985481815 52207769 52212124 4355
16 133 rs6500721 5846135 1 0.00117160632945332 5846135 5853704 7569
16 932 rs3743781 50831256 1 -0.00117045467241466 50831256 50842077 10821
16 1560 rs4888608 77237983 1 0.00116352463830519 77237983 77245139 7156
16 700 rs9921802 24297521 2 0.00115178195510022 24297521 24306170 8649
16 861 rs1919040 31676924 2 0.00114496898420674 31659915 31769624 109709
16 1702 rs173645 79594409 2 0.00114487640533065 79594409 79605274 10865
16 2059 rs875527 85966730 2 -0.00114241681053691 85966527 85966801 274
16 1492 rs7187327 74176712 1 -0.00114227654998724 74154364 74191113 36749
16 705 rs11860503 24375802 2 -0.00114216393962069 24375802 24384711 8909
16 1160 rs1801255 57689805 1 -0.0011363354322289 57689805 57689805 0
16 1886 rs6565126 83140243 2 0.00112924415064934 83140243 83145350 5107
16 1131 rs1684575 57057619 1 0.00111289596052942 57057619 57060353 2734
16 524 rs4148351 16170568 6 0.00110926581755319 16169465 16177687 8222
16 998 rs9922011 53412272 1 0.00109717883139081 53412272 53416622 4350
16 527 rs3902401 16243973 1 0.00109384776550105 16227147 16252382 25235
16 449 rs17224848 12677946 2 0.001084938642426 12677321 12681184 3863
16 1771 rs1453324 81190613 1 0.00107776096931886 81187635 81190613 2978
16 7 rs2071915 426432 1 0.0010758639495948 426432 426432 0
16 1602 rs8058686 77963712 2 0.00107459096481654 77963488 77965017 1529
16 947 rs7185437 51289593 3 -0.00107172975858698 51279824 51297031 17207
16 758 rs6497933 26212447 1 -0.00105882766317437 26208742 26212447 3705
16 1169 rs9934916 57916776 1 0.00105751702216076 57916776 57916776 0
16 617 rs9933126 20312192 2 0.00105676403157764 20312192 20314682 2490
16 1927 rs12932980 83718063 1 0.00105074173779981 83718063 83727833 9770
16 33 rs1742424 1904506 4 -0.00104336364740905 1877558 1918125 40567
16 623 rs59025904 20432605 2 -0.00104296287286223 20432605 20432605 0
16 956 rs11076016 51557928 2 0.00104032149861639 51557928 51557928 0
16 721 rs7202826 25106206 1 0.00103736400251 25106206 25106206 0
16 91 rs3848374 4674149 3 0.0010287729956265 4643452 4677190 33738
16 751 rs3923425 25974037 2 0.00102713178408643 25970232 25978057 7825
16 493 rs2113334 13976356 2 0.00102050681060097 13957323 13976356 19033
16 341 rs1362327 9797639 2 0.00101361461991596 9797639 9798087 448
16 653 rs457812 22836249 1 0.00101118930727678 22836249 22836249 0
16 1897 rs16960006 83297261 1 -0.00100947550446489 83296232 83297261 1029
16 2046 rs13339618 85580716 1 0.00100324199746605 85580716 85580716 0
16 1772 rs11641758 81205590 1 0.001003153012442 81200224 81205590 5366
16 2108 rs11646450 86594178 1 -9.996570361206405e-4 86594178 86594178 0
16 701 rs12599474 24313653 2 -9.779940278089052e-4 24313653 24313653 0
16 56 rs393461 3239518 1 9.714779643580954e-4 3233737 3239518 5781
16 1497 rs12446095 74527618 1 -9.664556984438166e-4 74527618 74540097 12479
16 727 rs1013534 25426202 4 -9.584929014614402e-4 25426202 25445588 19386
16 240 rs7190647 7616856 1 -9.547776946851372e-4 7616856 7622241 5385
16 1759 rs7191668 80934813 2 9.505104152703252e-4 80934813 80938833 4020
16 2142 rs7342713 87160954 2 9.49569856150994e-4 87159237 87160954 1717
16 480 rs8056716 13643974 1 -9.4703033039884e-4 13643974 13643974 0
16 899 rs12445189 49615387 1 -9.358119789893576e-4 49612461 49615587 3126
16 2118 rs169944 86690125 1 -9.275393490073474e-4 86690125 86690125 0
16 1109 rs8062645 56606138 1 9.21906297164854e-4 56598904 56606138 7234
16 1918 rs11861722 83568046 1 -9.182083279069608e-4 83567818 83572237 4419
16 1055 rs6499743 55088225 2 9.069600487505104e-4 55076604 55088225 11621
16 1734 rs9319551 80315306 2 9.043979197734834e-4 80305551 80315306 9755
16 905 rs1477023 49727574 1 8.84444402722691e-4 49727574 49727574 0
16 299 rs1731017 8839954 1 8.843248742037389e-4 8839954 8839954 0
16 392 rs876457 11143726 2 8.763387599956171e-4 11092319 11143726 51407
16 1488 rs2526050 74080346 1 -8.689849360784933e-4 74080346 74080346 0
16 1270 rs1394553 62536176 1 8.688474030890973e-4 62535243 62558165 22922
16 1359 rs1116185 66086080 3 8.571749491707508e-4 66084787 66091892 7105
16 64 rs3810813 3639827 2 -8.493393351184099e-4 3594296 3640784 46488
16 2126 rs11117210 86824616 2 8.467873461372905e-4 86823486 86824616 1130
16 1006 rs1121980 53809247 1 8.447082131642152e-4 53804965 53819169 14204
16 614 rs8059941 20231496 2 -8.419379106868376e-4 20231496 20231496 0
16 985 rs3803662 52586341 1 -8.366872734561985e-4 52543645 52609033 65388
16 168 rs2795545 6481586 1 8.320800404766337e-4 6481586 6481586 0
16 1787 rs16955383 81493555 2 8.31469092618201e-4 81488893 81493555 4662
16 970 rs8043960 51978616 1 8.283605746896317e-4 51969082 51981775 12693
16 635 rs9922402 21206593 1 -8.267137419879592e-4 21206593 21206593 0
16 2088 rs2665336 86306097 1 8.164741215010678e-4 86301948 86307192 5244
16 213 rs7188981 7250111 1 8.096485586838112e-4 7246541 7251152 4611
16 542 rs16968289 17108374 2 7.997920780551788e-4 17096476 17108374 11898
16 170 rs802695 6556585 1 7.905724501627466e-4 6546624 6559062 12438
16 526 rs2299670 16220858 1 7.886200660476861e-4 16220858 16220858 0
16 1415 rs4985547 69829875 1 7.795650359231525e-4 69803443 69878161 74718
16 1432 rs139380794 71686754 3 7.788055885954279e-4 71646525 71705215 58690
16 1926 rs11149599 83711369 3 7.765922379077912e-4 83690250 83711369 21119
16 901 rs34214571 49671177 1 7.691759668632038e-4 49659681 49671177 11496
16 406 rs4076823 11481845 1 7.65367269257076e-4 11481845 11486046 4201
16 792 rs17638206 26972093 1 7.635010892169871e-4 26972093 26972405 312
16 760 rs1424220 26263239 1 -7.547490070176448e-4 26263239 26264310 1071
16 922 rs8054797 50419204 2 7.494788171211052e-4 50415011 50420145 5134
16 1857 rs1564029 82710869 1 7.429575803808166e-4 82706126 82713551 7425
16 1016 rs11863548 54123512 3 -7.412279809974285e-4 54114824 54123512 8688
16 2137 rs6539999 87079002 1 -7.374789819559401e-4 87079002 87084966 5964
16 1122 rs2217332 56969148 1 -7.362047129232979e-4 56969148 56973461 4313
16 1645 rs2194340 78706825 1 -7.345443149175568e-4 78706825 78706825 0
16 1414 rs1131341 69748869 1 7.324359492201515e-4 69588572 69757828 169256
16 669 rs12162045 23331743 1 -7.230001951858084e-4 23331743 23336365 4622
16 254 rs3112740 7836297 1 7.214747420039326e-4 7836297 7836297 0
16 1698 rs4888984 79509334 1 7.087206740209377e-4 79509334 79519633 10299
16 916 rs4785367 49956194 1 7.068200486191511e-4 49956194 49956194 0
16 401 rs1559393 11368749 1 7.036254081964182e-4 11366589 11368749 2160
16 1788 rs1471152 81512636 1 6.972188509189558e-4 81511806 81514505 2699
16 1916 rs4782543 83552798 1 6.949305584640184e-4 83552798 83552798 0
16 578 rs2072076 19236181 2 -6.906013153891207e-4 19234492 19240711 6219
16 201 rs7187213 7093767 1 6.894591122655095e-4 7091954 7093767 1813
16 674 rs8058061 23653020 1 -6.80893268371966e-4 23653020 23709026 56006
16 166 rs9931078 6448291 1 -6.723640441402028e-4 6448291 6448291 0
16 286 rs4586417 8507929 1 -6.624464612378086e-4 8496035 8508059 12024
16 595 rs8060000 19628968 1 -6.536112933259371e-4 19628968 19628968 0
16 383 rs1548956 10757192 2 6.480372364104089e-4 10757192 10772501 15309
16 615 rs7191955 20238586 1 -6.476208882799272e-4 20234096 20238586 4490
16 855 rs11574637 31368874 2 -6.41580394537881e-4 31363977 31368874 4897
16 1395 rs1111571 68363181 1 6.409606255861662e-4 68363181 68415246 52065
16 1480 rs7184882 73737373 1 -6.363935332847492e-4 73737373 73742236 4863
16 141 rs735919 6022280 1 -6.353212760241823e-4 6022280 6022750 470
16 697 rs198156 24237859 1 -6.328540236917198e-4 24237859 24237859 0
16 74 rs11649287 4039968 1 6.287239430917523e-4 4039968 4039968 0
16 724 rs962974 25224437 1 -6.274189216159802e-4 25224437 25224437 0
16 376 rs4780954 10681997 1 6.26307991341968e-4 10681997 10681997 0
16 377 rs12924231 10691516 1 -6.206137530206277e-4 10691516 10691516 0
16 604 rs2521478 20028998 2 -6.199428578895802e-4 20023218 20046956 23738
16 631 rs9930730 21017270 1 6.193230121251383e-4 21017270 21033614 16344
16 20 rs11642118 1388618 1 -6.190108224172593e-4 1388618 1388618 0
16 1958 rs10514603 84193560 1 -6.088254015964017e-4 84193560 84193560 0
16 2183 rs11646212 88677118 1 6.039925974162927e-4 88677118 88677118 0
16 63 rs40363 3509056 1 5.995220387542027e-4 3509056 3510737 1681
16 1649 rs9929519 78808383 1 5.992264833928028e-4 78807234 78814629 7395
16 223 rs9935198 7370591 2 -5.987596767332987e-4 7369266 7370591 1325
16 920 rs1420686 50227986 1 -5.986347388580493e-4 50219449 50227986 8537
16 1577 rs282969 77577415 1 5.979948288724439e-4 77572955 77577415 4460
16 2181 rs7185018 88464220 1 5.960703499676868e-4 88464220 88465992 1772
16 2008 rs16974538 84783658 1 5.957204280635601e-4 84783658 84786175 2517
16 1069 rs31046 55334783 1 5.900837775729743e-4 55330376 55334783 4407
16 259 rs8063561 7955873 1 -5.889395744356675e-4 7952180 7959835 7655
16 832 rs4788102 28873398 1 -5.872770979219271e-4 28837515 28885659 48144
16 1285 rs1510213 63119549 1 5.872274872467149e-4 63092069 63120000 27931
16 618 rs7188098 20326407 1 5.814472541114909e-4 20326407 20336591 10184
16 2151 rs141912735 87339450 2 -5.778735431124193e-4 87325912 87341700 15788
16 518 rs8050881 16037261 1 -5.751431566830519e-4 16037261 16037261 0
16 1976 rs4782612 84384326 1 5.715480904601309e-4 84384326 84384326 0
16 172 rs1476977 6586384 1 -5.690488925793574e-4 6586384 6586384 0
16 1871 rs17674675 82935671 1 -5.652682805224369e-4 82932901 82939373 6472
16 1629 rs7189823 78482142 1 5.650774867470491e-4 78482142 78482142 0
16 868 rs13332786 47411203 1 5.64862841965856e-4 47411203 47885484 474281
16 2055 rs11646550 85938835 1 5.624824936058715e-4 85935573 85938835 3262
16 1517 rs11640018 75328308 3 -5.622025769388262e-4 75327916 75377933 50017
16 1766 rs9923732 81110903 1 5.564921638030365e-4 81094951 81114183 19232
16 435 rs16959252 12434674 1 -5.431129535413876e-4 12423557 12434674 11117
16 387 rs9939578 10903108 1 -5.378627867176006e-4 10903108 10903108 0
16 755 rs4787348 26094599 2 5.345489688577695e-4 26089288 26098605 9317
16 445 rs1641895 12641115 1 -5.341824290241925e-4 12641115 12641115 0
16 1904 rs6563901 83422851 2 5.333182108023303e-4 83422851 83423535 684
16 1083 rs1502004 55602395 1 -5.326260335165027e-4 55602395 55602395 0
16 2106 rs1046200 86564671 1 5.30763046127723e-4 86558534 86566042 7508
16 324 rs1035944 9557542 1 -5.30331407221701e-4 9557542 9562589 5047
16 1898 rs17679225 83304743 1 5.290202402527069e-4 83304743 83304743 0
16 235 rs7193689 7534239 1 -5.09974109852543e-4 7534239 7536036 1797
16 499 rs4781572 14202188 1 -5.092293441294332e-4 14202188 14238139 35951
16 1403 rs3785076 68850783 1 -5.05123170535492e-4 68850783 68850783 0
16 1721 rs10514477 80024839 1 -5.033026492813274e-4 80023489 80024839 1350
16 246 rs2079753 7692186 1 5.00706541012392e-4 7692186 7692186 0
16 323 rs1594041 9528277 1 -4.871660318221109e-4 9522660 9535518 12858
16 2066 rs7196849 86033810 1 4.82643089754371e-4 86033186 86033810 624
16 1615 rs17652533 78251616 1 4.82124303323247e-4 78251616 78251616 0
16 2209 rs1110400 89986130 1 4.734261876731748e-4 89953773 89998794 45021
16 1827 rs4082514 82379953 1 -4.712852556395799e-4 82378044 82379953 1909
16 155 rs17139612 6281293 2 -4.6739813562900407e-4 6270479 6283228 12749
16 76 rs2601828 4103871 1 4.6580437867425146e-4 4103871 4103871 0
16 98 rs1468734 5001304 1 -4.621417616129374e-4 5001304 5008034 6730
16 911 rs750589 49836271 1 -4.614854397325583e-4 49828405 49839248 10843
16 2212 rs2302513 90097748 2 -4.614684273169883e-4 90084561 90097748 13187
16 845 rs1057451 29833488 1 4.581171647370451e-4 29833488 29850705 17217
16 2100 rs2353695 86467111 3 4.563413558368573e-4 86465914 86470082 4168
16 1760 rs7205092 80945538 1 -4.511920483643078e-4 80944668 80951145 6477
16 672 rs9929545 23453221 1 4.443853174475575e-4 23453221 23556561 103340
16 1699 rs821237 79567790 1 4.4184640223516783e-4 79567790 79573751 5961
16 794 rs8058203 27005455 1 4.387231270574335e-4 27005455 27010762 5307
16 1541 rs11149905 76509237 1 -4.381521635981286e-4 76505990 76516652 10662
16 1935 rs889492 83799720 2 -4.3746462899497474e-4 83799679 83804704 5025
16 966 rs4783960 51848382 1 4.3302848452917017e-4 51848382 51848382 0
16 972 rs1861329 52056757 2 4.249378105797563e-4 52056757 52058404 1647
16 1587 rs4567733 77745350 1 4.2409546232805695e-4 77743758 77745712 1954
16 1938 rs11643607 83840892 1 4.2361967102679513e-4 83840892 83840892 0
16 1504 rs11643354 74884097 1 4.2223186336783834e-4 74876612 74884097 7485
16 1085 rs17307096 55694283 1 -4.1927871191415114e-4 55690425 55694692 4267
16 1208 rs12443741 59475044 1 -4.1254412091070965e-4 59458981 59489435 30454
16 971 rs7185294 51989927 1 4.1208628149153466e-4 51989927 52021630 31703
16 1858 rs10514564 82741256 1 4.118669367910348e-4 82741256 82741256 0
16 1861 rs735922 82788510 1 -4.069748359444993e-4 82784943 82790046 5103
16 131 rs9302806 5793163 1 4.050695478084921e-4 5786389 5794312 7923
16 925 rs4785426 50493430 1 4.046887916020871e-4 50493430 50493430 0
16 1235 rs3990579 60513639 1 -4.02531816150113e-4 60496338 60516934 20596
16 1187 rs12447862 58672763 1 -3.995292758072382e-4 58672763 58672763 0
16 1687 rs13335710 79289673 1 3.9931876332208345e-4 79288234 79289673 1439
16 1498 rs7193541 74664743 1 3.975463264663595e-4 74647795 74709233 61438
16 205 rs17736941 7143815 1 -3.8944018098033154e-4 7143815 7143815 0
16 1835 rs1865228 82498047 1 3.8767099063256167e-4 82498047 82498047 0
16 336 rs11646265 9720982 1 3.837110988614102e-4 9720982 9721951 969
16 597 rs11866218 19684392 2 -3.8147035458328094e-4 19666048 19684392 18344
16 1409 rs2232229 69143816 2 3.7575504656879865e-4 69143816 69220451 76635
16 2042 rs4783187 85415838 1 3.7573995627928594e-4 85415838 85415838 0
16 954 rs1345467 51482321 1 -3.742556106564129e-4 51482321 51482321 0
16 1196 rs4404061 59010501 1 -3.708749283043547e-4 59010501 59010501 0
16 1864 rs12934135 82820866 1 -3.6549684866299414e-4 82820866 82822712 1846
16 1732 rs8050061 80265836 1 -3.579764460037948e-4 80237726 80268320 30594
16 715 rs117821015 24788549 1 -3.5669365165317635e-4 24728783 24812512 83729
16 366 rs2434209 10355745 1 -3.5002302347066175e-4 10355745 10355745 0
16 1834 rs4783035 82489484 1 -3.4735084071945663e-4 82489484 82493355 3871
16 1987 rs2241639 84495770 1 3.4403570556722197e-4 84488173 84495770 7597
16 1978 rs13336802 84412028 2 -3.415530115260349e-4 84412028 84413926 1898
16 869 rs16945716 47980267 1 3.3840575895917855e-4 47916236 47980267 64031
16 2101 rs11117500 86478363 1 3.377775769425722e-4 86478363 86478363 0
16 1714 rs11150222 79860772 1 3.367358593254034e-4 79853267 79860772 7505
16 2124 rs8053860 86770330 1 3.2938936069251614e-4 86769827 86770330 503
16 630 rs2301620 20959918 2 3.261691943046907e-4 20959918 20982832 22914
16 1855 rs8045995 82697948 1 3.237331611232896e-4 82697948 82699726 1778
16 13 rs556179 885032 1 3.163716530690483e-4 885032 885032 0
16 1840 rs9937823 82573032 3 -3.133339963469642e-4 82562455 82573032 10577
16 1983 rs247805 84459557 1 -3.122829751739453e-4 84457584 84459557 1973
16 425 rs3850997 12043512 1 3.1131925311643277e-4 12043512 12060163 16651
16 2139 rs17836147 87105899 1 -3.077067316015109e-4 87101185 87105899 4714
16 1709 rs12923295 79740249 1 -3.0454404210788816e-4 79738425 79750512 12087
16 503 rs12924081 14408175 3 -3.022743571509776e-4 14405428 14408175 2747
16 533 rs11646528 16910133 1 -2.997384379695075e-4 16910133 16910133 0
16 1503 rs4556811 74812676 1 -2.933387441526523e-4 74812676 74846046 33370
16 1569 rs9934527 77427887 1 -2.922505461512495e-4 77420288 77428972 8684
16 1683 rs369487 79236908 1 2.8918323380863547e-4 79235804 79236908 1104
16 1678 rs9930132 79104622 1 -2.880331568978503e-4 79104622 79104622 0
16 864 rs166161 46760715 1 -2.862965119911127e-4 46760715 46784220 23505
16 1407 rs193968 69000588 1 2.860634936126967e-4 68956625 69058613 101988
16 501 rs9889180 14372873 1 -2.8591369362091217e-4 14372873 14372873 0
16 476 rs7200899 13572974 2 -2.829055165914114e-4 13567671 13575263 7592
16 29 rs8049972 1593606 2 2.8150933762644003e-4 1593606 1616201 22595
16 1847 rs8063330 82627952 1 2.7968385761522365e-4 82625705 82629029 3324
16 97 rs1029966 4972963 1 2.7694588349855596e-4 4969222 4972963 3741
16 1245 rs2113316 60890312 1 -2.7651669124365637e-4 60869051 60890312 21261
16 256 rs4787088 7864620 1 -2.7595101531567194e-4 7861921 7874445 12524
16 1583 rs1449210 77664810 1 2.7518343003179373e-4 77664810 77664810 0
16 26 rs2745098 1536535 1 -2.7387443716356356e-4 1536535 1536535 0
16 1204 rs1820258 59270830 1 2.7150664085308823e-4 59270830 59270830 0
16 1186 rs7188697 58622178 4 2.7056633713471324e-4 58566304 58653838 87534
16 1956 rs11149623 84110943 1 -2.701363725000862e-4 84110943 84115279 4336
16 88 rs6500596 4470027 2 2.683620460882812e-4 4470027 4487486 17459
16 432 rs6498267 12248380 1 2.653322021518963e-4 12247810 12248380 570
16 71 rs17256169 3993253 1 2.648209657509304e-4 3993253 3998630 5377
16 990 rs2020425 52891483 1 -2.604432294070928e-4 52891483 52912299 20816
16 579 rs3785351 19250219 1 2.563109920783173e-4 19250219 19250219 0
16 1930 rs3784956 83748952 1 2.532485423894765e-4 83748122 83750984 2862
16 1652 rs6564588 78831587 1 -2.5269145002415453e-4 78829975 78831587 1612
16 1862 rs11640522 82800368 1 2.505955692317647e-4 82798934 82801388 2454
16 117 rs11646351 5533292 1 -2.4976004691092373e-4 5533292 5533292 0
16 1543 rs4533312 76568849 2 2.4723548726618053e-4 76558450 76568849 10399
16 2043 rs2035489 85459134 1 2.418704670726629e-4 85459134 85459134 0
16 214 rs10153066 7257971 1 -2.3926272757218977e-4 7254202 7257971 3769
16 161 rs2191423 6387348 1 -2.3067121927772792e-4 6382434 6388290 5856
16 773 rs1363766 26579370 1 2.2803271076506904e-4 26579370 26593604 14234
16 2114 rs12600123 86638949 1 2.278018287312152e-4 86638949 86645780 6831
16 459 rs4780476 12862007 1 -2.262542706719339e-4 12862007 12862007 0
16 467 rs204018 13227829 1 2.2091176314657625e-4 13227088 13238897 11809
16 2190 rs7200676 89168911 2 2.1837999159926984e-4 89167094 89185019 17925
16 143 rs12709148 6046935 1 2.1816013714598637e-4 6046935 6046935 0
16 338 rs17550532 9744095 2 2.145349537287662e-4 9743499 9744095 596
16 2156 rs11648852 87493737 1 -2.1341922189775983e-4 87492449 87493737 1288
16 2131 rs12051139 86918674 1 -2.098957703491737e-4 86914742 86920181 5439
16 1259 rs13336134 61848954 1 -2.0780731181027997e-4 61848515 61852034 3519
16 229 rs4352066 7451726 2 2.064627009388334e-4 7450546 7455781 5235
16 1781 rs12597835 81395688 2 -1.997516620119839e-4 81392690 81398318 5628
16 569 rs10451103 18094687 1 1.9956775395019977e-4 18094687 18094687 0
16 940 rs11076545 51015161 2 1.980774726474279e-4 51015161 51015654 493
16 1940 rs824544 83876991 2 1.9736423252113288e-4 83876991 83883988 6997
16 478 rs9928897 13605058 1 -1.967962180695676e-4 13600342 13608690 8348
16 875 rs11076566 48479935 2 1.9627547299112683e-4 48479935 48479935 0
16 1591 rs16946429 77775672 1 1.9563289202950083e-4 77775672 77775672 0
16 315 rs9939864 9351258 2 -1.955148783281242e-4 9325775 9351258 25483
16 1997 rs2326282 84586132 1 1.9343352895134512e-4 84586132 84586132 0
16 1148 rs223848 57460493 1 -1.9054220996034545e-4 57460493 57486613 26120
16 1127 rs289747 57023938 2 1.8972467266835315e-4 57023938 57023938 0
16 333 rs2192635 9690029 1 -1.885959652636224e-4 9690029 9697817 7788
16 1439 rs34682685 72096227 1 -1.829653448474783e-4 72075341 72146570 71229
16 1818 rs4889467 82169385 1 -1.822214143654517e-4 82160399 82182418 22019
16 538 rs4782058 17004238 1 1.7924891257622307e-4 17004032 17004238 206
16 412 rs9939731 11557982 2 -1.780294942400392e-4 11557982 11572419 14437
16 891 rs8055192 49348754 1 -1.767960520687333e-4 49348754 49368641 19887
16 2213 rs868045 90102835 1 1.7316033226253704e-4 90102835 90103659 824
16 109 rs12927295 5246014 1 1.7275876958043287e-4 5246014 5246014 0
16 1542 rs7206446 76525278 2 1.7194076000861635e-4 76525249 76532583 7334
16 1074 rs1610101 55460729 1 -1.6980165711420368e-4 55460729 55460729 0
16 3 rs6600191 295795 1 1.687214687338204e-4 293562 304514 10952
16 1914 rs1489311 83510967 1 -1.6848223237798745e-4 83510815 83510967 152
16 634 rs16970881 21113272 2 -1.6838511881811906e-4 21113272 21154467 41195
16 238 rs8050946 7592161 1 1.643258022827727e-4 7590617 7594652 4035
16 1531 rs4888484 76236787 1 1.5432136184991523e-4 76235710 76236787 1077
16 86 rs10974 4404620 1 1.5296758744449886e-4 4404620 4404620 0
16 261 rs4559892 7987743 1 -1.5242277708875138e-4 7985225 7991865 6640
16 513 rs2293736 15841830 1 1.5211913916529445e-4 15818842 15850204 31362
16 169 rs2215408 6518668 1 -1.5040166756353016e-4 6518668 6534369 15701
16 528 rs41278174 16259596 1 1.4783052015779e-4 16259596 16259596 0
16 1968 rs1345893 84307087 1 -1.4382326830402506e-4 84307087 84307087 0
16 1859 rs7194615 82769498 1 -1.3913583486606766e-4 82769498 82772868 3370
16 1947 rs4782865 83983071 1 1.3739761716900588e-4 83983071 83983071 0
16 1967 rs7198433 84302585 1 -1.3550907558019422e-4 84302585 84302585 0
16 1264 rs16964300 62203902 1 -1.3397174264666772e-4 62199299 62203902 4603
16 1216 rs981666 59726281 4 1.3311141040872956e-4 59725056 59731455 6399
16 1080 rs17301608 55518610 1 1.3174650897210927e-4 55518610 55527113 8503
16 714 rs7184410 24714032 1 1.3058811473818258e-4 24700215 24714679 14464
16 1878 rs9888896 83065403 1 1.271419545574921e-4 83065403 83065403 0
16 658 rs9931159 22931029 1 -1.2495897402790254e-4 22931029 22941167 10138
16 584 rs1004101 19346639 1 1.2332914591696177e-4 19337707 19346639 8932
16 933 rs11863019 50847819 1 1.2018881027736504e-4 50847819 50848973 1154
16 1356 rs11649437 66047360 2 1.194115433274834e-4 66037973 66050995 13022
16 1513 rs10871304 75223491 1 -1.1890869341470072e-4 75223491 75225548 2057
16 2013 rs4782674 84888295 1 1.1876738105827927e-4 84888295 84888310 15
16 771 rs4787850 26547937 2 1.1639348857640608e-4 26538412 26552379 13967
16 1324 rs12708865 64925933 1 1.1571851331153762e-4 64925933 64925933 0
16 1425 rs2356417 71356135 2 1.1570782810473438e-4 71356135 71361886 5751
16 334 rs7192817 9703561 1 -1.111260683123555e-4 9702989 9703561 572
16 1081 rs837550 55562466 1 1.0995278827685958e-4 55539614 55562466 22852
16 491 rs743672 13907188 1 -1.0339160370284797e-4 13902747 13907188 4441
16 2024 rs3829514 85094998 1 1.0130119786325406e-4 85092575 85096556 3981
16 543 rs11643270 17133539 1 9.185594795303812e-5 17132437 17135449 3012
16 236 rs3785267 7574054 1 -8.84496783264454e-5 7559219 7574054 14835
16 465 rs11859818 13144001 1 8.829212669673661e-5 13127010 13144688 17678
16 659 rs6497614 22957866 1 8.779998981591587e-5 22951967 22958684 6717
16 852 rs749670 31088625 1 -8.517984056561568e-5 31044897 31129942 85045
16 849 rs7197475 30642867 1 8.149335977690015e-5 30635659 30642867 7208
16 337 rs7202071 9732549 1 -8.0950309354643e-5 9729149 9738961 9812
16 964 rs8063143 51803936 2 8.04378649452814e-5 51803225 51813861 10636
16 857 rs4889658 31450817 1 -7.88205984109456e-5 31436932 31450817 13885
16 968 rs1110495 51914974 1 7.772685514753352e-5 51909122 51936243 27121
16 2204 rs258322 89755903 1 -7.70270232019535e-5 89755903 89755903 0
16 1296 rs7205517 63673032 1 7.55174027554705e-5 63673032 63680366 7334
16 2090 rs16940784 86337062 2 -7.029869031094978e-5 86337062 86337062 0
16 1423 rs9889153 71327334 7 7.020553918328683e-5 71286676 71327334 40658
16 509 rs153001 15493046 1 -6.934599112213348e-5 15493046 15493046 0
16 1001 rs16952304 53578713 1 -6.911595520318202e-5 53577519 53593871 16352
16 683 rs7192816 24013524 1 6.815820052436962e-5 24013524 24013524 0
16 551 rs12324928 17409998 1 6.683626560485907e-5 17409998 17415786 5788
16 199 rs17141940 7036716 1 6.61618139836438e-5 7036048 7036716 668
16 1405 rs16958438 68901415 1 6.496267169550784e-5 68881495 68905444 23949
16 1801 rs4405545 81858172 2 6.019621583983303e-5 81858172 81858172 0
16 1383 rs2271023 66948130 1 5.913600176447611e-5 66948130 66948130 0
16 1961 rs4150116 84219849 1 5.812402247542329e-5 84218951 84219849 898
16 558 rs4438287 17807037 1 5.8054172586324304e-5 17807037 17816980 9943
16 1152 rs8050345 57575812 1 5.4539776774237435e-5 57575812 57575812 0
16 265 rs4787108 8047081 1 5.2538732761572933e-5 8047081 8047081 0
16 1410 rs28545584 69329590 1 4.758111253858699e-5 69329590 69349738 20148
16 610 rs7199599 20130754 1 4.6429271980441375e-5 20130754 20137441 6687
16 805 rs6498001 27217239 1 -4.518959186962205e-5 27217239 27217239 0
16 1348 rs8062968 65908562 1 4.4308908892142914e-5 65908562 65908562 0
16 1123 rs9989419 56985139 2 -3.8133396980493714e-5 56985139 56985139 0
16 874 rs9302760 48471330 1 3.8019912427207346e-5 48471330 48471330 0
16 795 rs1515879 27028924 4 3.764944867828924e-5 27028924 27031939 3015
16 1262 rs8050940 62100211 1 3.6987510192704426e-5 62100211 62100211 0
16 1989 rs34628943 84513562 1 -3.6758817580382494e-5 84513562 84513562 0
16 1159 rs16958462 57667120 1 3.4152786203684615e-5 57666356 57667120 764
16 452 rs10500388 12715480 1 3.206345624215868e-5 12710955 12715480 4525
16 322 rs12325488 9509850 1 -3.102837066860581e-5 9509850 9519225 9375
16 1466 rs12149821 73408674 1 2.911174649065757e-5 73408674 73413933 5259
16 1059 rs1825730 55122421 1 2.669568807595173e-5 55122421 55122421 0
16 620 rs12917707 20367690 1 2.4980728447854027e-5 20364588 20367690 3102
16 531 rs11649230 16859801 1 -2.4657532737408317e-5 16859425 16859801 376
16 951 rs1507041 51413204 1 2.4144118609228943e-5 51397797 51416422 18625
16 1632 rs16947641 78509079 1 -2.335824322031157e-5 78509079 78509079 0
16 318 rs249292 9412804 1 -2.1167373836875548e-5 9409310 9417288 7978
16 1609 rs2287972 78143607 1 -2.0744916543944137e-5 78132274 78143607 11333
16 1313 rs7184164 64281609 1 2.013231822873168e-5 64281609 64302397 20788
16 884 rs1972586 49019194 1 1.7519375163747632e-5 49014233 49019194 4961
16 75 rs12935810 4049365 1 -1.6369916681440718e-5 4049365 4065677 16312
16 1663 rs2134993 78961207 1 -1.6296656343511094e-5 78961207 78961207 0
16 665 rs35541113 23079621 1 1.54786425191565e-5 23079621 23114849 35228
16 1957 rs3785028 84136622 1 1.4942941204496008e-5 84120005 84136622 16617
16 1638 rs2738501 78569070 1 -1.1291696535421643e-5 78563832 78573060 9228
16 1035 rs4784390 54485833 1 -9.022533373817484e-6 54485833 54486421 588
16 1456 rs4788700 73137924 1 -7.422435387666722e-6 73137924 73137924 0
16 904 rs8062654 49708845 1 7.206724762091904e-6 49708845 49708845 0
16 352 rs3848333 10117555 1 6.711200684669782e-6 10112199 10128523 16324
16 378 rs1990716 10695871 2 6.2774941683009055e-6 10695871 10697435 1564
16 1620 rs4267317 78326209 1 1.96690247616716e-6 78323530 78332174 8644
16 2023 rs3803638 85081588 1 -8.523953037886008e-7 85080542 85081588 1046
16 1951 rs7201492 84032023 1 -1.461182114104241e-7 84032023 84032023 0
