CHR Group SNP.lead BP.lead Size W BP.min BP.max BP.width
6 61 rs12529318 32434314 67 0.5326617697185834 32019769 32899296 879527
6 62 rs2281389 33059796 46 0.3594732009970801 32900642 33817929 917287
6 60 rs2523544 31333562 26 0.2017367499430721 31207692 31947460 739768
6 59 rs2233976 31079994 51 0.1774176561165011 30075843 31206979 1131136
6 138 rs535490 106564434 16 0.10639144547908765 106328676 106915830 587154
6 57 rs806794 26200677 39 0.06588928459863914 25414846 28667448 3252602
6 231 rs3093024 167532793 12 0.0647511077032245 167360389 167833557 473168
6 176 rs2327832 137973068 16 0.06396824843209609 137692864 138283265 590401
6 174 rs6912539 137108757 11 0.05922548442248981 137017749 137500786 483037
6 74 rs10807248 40844002 14 0.05064736255288093 40801731 41366838 565107
6 130 rs12212298 99531172 26 -0.04575494975356758 99221669 100257668 1035999
6 114 rs9449501 83284573 10 0.04376475958321084 82763865 83894382 1130517
6 84 rs660953 44645943 16 0.04259872055880002 44549333 45520719 971386
6 66 rs6457940 36663357 14 0.04199341944729659 36304505 36744778 440273
6 58 rs1633005 29764472 28 0.04132140929778753 28689672 30073847 1384175
6 105 rs1418677 71788265 27 0.03981639097360492 71675774 73171594 1495820
6 64 rs4713755 34135235 19 0.03848962749585691 33991368 34982599 991231
6 85 rs3777594 45933157 3 0.03738970955403467 45536080 45992333 456253
6 77 rs12208813 42025318 11 0.03663476076055805 41744948 42099371 354423
6 67 rs9357239 37060809 6 0.03495780416339266 36772000 37257787 485787
6 165 rs6569765 132228577 16 0.03382683549126392 131995313 132460724 465411
6 117 rs6919366 87113172 40 0.03272156016631639 86056783 88466990 2410207
6 97 rs7758052 57710238 12 -0.03241036119426951 56115894 58547058 2431164
6 23 rs2068361 7736743 18 0.03003365002171755 7528113 7913556 385443
6 95 rs991286 54166054 22 0.02982999380918344 53921981 55185043 1263062
6 113 rs6935142 81856665 28 0.02957765177300345 80715838 82741794 2025956
6 193 rs11963544 150549998 10 0.02930049116335232 150318351 150591429 273078
6 41 rs236968 16583147 11 0.02924067449343608 16570089 16801866 231777
6 65 rs9368895 35913096 26 0.02857209854554798 35008247 36293083 1284836
6 39 rs6933491 16268408 18 0.0272171949168758 15089151 16289328 1200177
6 19 rs9405920 6397716 9 0.02710046225461378 6355950 6662286 306336
6 71 rs1328388 39379854 2 0.02613495807875213 39219300 39796910 577610
6 203 rs1293928 154640746 3 0.02577529561823402 154478440 154800018 321578
6 122 rs1145743 91412651 10 0.02561045110678318 91105896 91636139 530243
6 218 rs1893895 162440687 14 0.02491721456509727 162344712 162927803 583091
6 212 rs6924755 159264974 16 0.02489561719810475 158973475 159572922 599447
6 31 rs1569731 11825414 10 0.0247134066381745 11346572 11825414 478842
6 75 rs16894733 41460739 2 0.02447501762035351 41389484 41474727 85243
6 124 rs1761783 92401171 9 0.0243054305143056 92365086 93378969 1013883
6 36 rs12529514 14096658 12 0.02411669748152442 13836672 14329647 492975
6 116 rs6935503 85234404 24 0.02376541739808006 85038395 86039744 1001349
6 150 rs9489193 117769728 16 0.02363633630108285 117083172 118496796 1413624
6 140 rs311218 107408585 10 0.02317755228026374 107380837 107992074 611237
6 226 rs576853 165943163 9 0.02315896369380081 165901124 166051508 150384
6 79 rs3805931 43089429 13 0.02293316653641801 42462055 43418528 956473
6 137 rs9398033 106009443 9 0.022653346908438 105756525 106292430 535905
6 120 rs9362681 90476452 17 0.02263849397325136 89421027 90631504 1210477
6 98 rs1723535 64136886 24 0.02236927521559007 62284240 65750892 3466652
6 159 rs719727 127414838 9 0.02232894992039276 125731930 127532381 1800451
6 45 rs6910563 19610835 10 0.02228257071263482 19569044 19959784 390740
6 167 rs8192646 132938842 7 -0.02194603045964078 132938842 133768525 829683
6 178 rs1188873 139221850 12 0.02120461071316139 138821708 139513381 691673
6 54 rs528715 23944129 5 -0.02119300657466697 23680434 24090497 410063
6 1 rs6918152 542159 8 0.02061153653811093 526744 877124 350380
6 115 rs9449593 83932731 9 0.02048064140329453 83911334 84997747 1086413
6 214 rs7754295 160061229 22 0.02015863703673026 159991083 161082695 1091612
6 188 rs6933618 147955887 8 -0.01989808840272903 147888927 148162328 273401
6 228 rs10946116 166480503 8 0.01940045722141613 166374108 166830696 456588
6 9 rs7760989 3496602 7 -0.01922459375951662 3262501 3569274 306773
6 109 rs6900948 76876104 15 0.01902039989163997 75847036 77268990 1421954
6 26 rs2206553 9590282 11 -0.01884183858725621 9267801 10088295 820494
6 13 rs4960015 4672839 10 -0.01876836783499584 4644601 4737179 92578
6 151 rs9489537 119220748 37 -0.01858789573632374 118532549 120277828 1745279
6 146 rs9384814 112207195 19 0.01848984816330194 111415640 112644225 1228585
6 222 rs206704 164528619 4 0.01836852327529235 164350087 164589462 239375
6 55 rs1856839 24193869 18 0.01831715146427053 24107093 24943900 836807
6 139 rs3747787 106967778 14 0.01826979294044476 106924458 107307003 382545
6 133 rs1933992 103010088 10 0.01802710058638295 102017666 103169903 1152237
6 107 rs382041 74307685 10 -0.01788457333394673 73875255 74381926 506671
6 136 rs2211033 104992395 8 0.017695686838898 104742765 105670495 927730
6 219 rs571644 163477104 10 -0.01731068955772522 162941618 163661513 719895
6 8 rs2165125 2934641 9 0.01703110308782193 2759201 3174947 415746
6 43 rs9297068 18353562 15 0.01696146661080714 17773790 18353562 579772
6 156 rs4310075 124332238 9 0.01685688812425021 124153758 124640584 486826
6 101 rs6900918 68783499 10 -0.01648579439120407 67920632 68838783 918151
6 49 rs6909060 21986847 17 0.01646343493228173 21497929 22021230 523301
6 96 rs4715555 55448610 12 0.01643591588770166 55196587 56033094 836507
6 201 rs687508 153406657 15 0.0162176506878632 153119212 153690928 571716
6 121 rs370409 90921740 7 0.01599257201854505 90643281 91084452 441171
6 88 rs7740768 47788531 11 0.01521695741324891 47318885 48329893 1011008
6 110 rs9343469 77288517 11 0.01521005085377355 77284830 78162536 877706
6 220 rs9347738 163769090 5 0.01519865914883943 163683522 163822296 138774
6 235 rs9717830 169663638 15 -0.01487578885030092 169663638 170279658 616020
6 46 rs2457345 20089466 3 0.01480751744514965 20015205 20200420 185215
6 166 rs9321348 132864548 7 0.01461875406383837 132560968 132925613 364645
6 127 rs9398152 97063724 4 0.01461341684891885 95836160 97077504 1241344
6 163 rs9375674 130216510 21 0.01395767293543521 130071629 130810954 739325
6 14 rs2791458 5455161 9 -0.01330163571513674 4799647 5475485 675838
6 170 rs6569937 134620673 3 0.01327678070061356 134539179 134674309 135130
6 102 rs1321980 70003609 28 0.01326908483043399 68898262 70349202 1450940
6 134 rs9404361 103799673 9 -0.01305978470053594 103287274 103962411 675137
6 180 rs3946063 140173634 21 0.01284979160470668 139721842 142259172 2537330
6 80 rs1096699 43528441 9 0.01284918530979516 43479067 43742579 263512
6 208 rs2819066 156809036 8 -0.01245439215428061 156641429 156963231 321802
6 17 rs640887 6037327 10 0.01244618730916491 5898375 6223294 324919
6 141 rs17854547 108214694 11 0.01232508022672831 108006922 108381347 374425
6 200 rs2623958 152841248 10 0.01226168693081916 152540278 153066078 525800
6 126 rs515814 94845639 11 0.01223303487295271 94388836 95643248 1254412
6 183 rs2128977 143846791 17 0.01216803204266796 143765778 144268954 503176
6 207 rs9371942 156234522 8 0.01177186541036615 156122600 156586753 464153
6 149 rs4304201 115940684 31 0.01163761326858166 114676827 117075632 2398805
6 234 rs4708508 169265795 9 -0.01161816731422727 169049871 169617726 567855
6 230 rs2178806 167218762 7 0.01118008240500502 167122054 167311818 189764
6 160 rs7738609 128295502 14 0.01114033597756034 127600630 128320912 720282
6 11 rs12110567 4016348 4 0.01075836640122275 3895914 4297286 401372
6 87 rs926774 47121275 1 -0.01062883129045446 47028167 47310938 282771
6 223 rs6915442 164663686 2 0.01018319727159819 164596778 164752315 155537
6 171 rs11549504 135286230 13 0.01017370056233405 134740564 135560157 819593
6 161 rs17056876 129483375 18 0.01014886800763719 128442857 129704589 1261732
6 123 rs10944534 91994620 5 0.00981834788447163 91642307 92344201 701894
6 217 rs7760443 162172718 1 0.0094099327422824 162158580 162317269 158689
6 16 rs2145980 5737122 3 0.00939102739762786 5666064 5884859 218795
6 56 rs6940230 25247120 17 0.00937057761352208 24957511 25411464 453953
6 185 rs9399525 145313726 15 0.00923363860956002 144811319 145472281 660962
6 118 rs9342127 88577115 3 -0.00908255037731781 88556885 88818965 262080
6 2 rs9501682 1067284 5 0.00903205857028005 915792 1226045 310253
6 148 rs1011910 114417219 10 0.00898757514858273 113708819 114601774 892955
6 21 rs7738221 6908368 5 -0.00890183813057847 6854766 6973630 118864
6 204 rs1022404 154899702 4 0.00887359884544665 154815891 155194880 378989
6 52 rs9358603 22922389 8 -0.00873563873719327 22755319 23358040 602721
6 154 rs4434492 123789271 18 -0.0085753936654469 123131515 123838281 706766
6 184 rs6929066 144402945 5 -0.00849519880975979 144281385 144771845 490460
6 99 rs6455077 66821492 21 -0.00836297094066702 65801996 66957869 1155873
6 227 rs7738923 166077866 8 0.00831656156383526 166070424 166366509 296085
6 172 rs9376124 135979220 15 0.00802213682804501 135606565 136340592 734027
6 34 rs1223521 13137859 8 -0.00800158504288673 12536342 13206282 669940
6 90 rs2397060 51611470 13 0.00799788385039303 50715407 51705624 990217
6 182 rs7738387 143437284 4 0.00784015450782436 143256102 143706420 450318
6 69 rs6931131 38515995 13 -0.00751201720807109 37727508 38679676 952168
6 22 rs2876098 7374207 11 0.00748249303554683 6994388 7476908 482520
6 44 rs9348385 19548810 16 0.00745521932553683 18424299 19548810 1124511
6 153 rs1357053 122298807 9 -0.00744449150180719 121907968 123095188 1187220
6 0 rs7757906 412741 5 0.00738645510650866 212548 486193 273645
6 106 rs1147570 73308513 16 0.00734207886365466 73185309 73845366 660057
6 12 rs4959299 4492079 4 0.00723864877703806 4338841 4604939 266098
6 40 rs2237209 16420840 6 -0.00698426374265303 16318811 16560159 241348
6 73 rs10498750 40616890 7 -0.00689326445940663 40449290 40766466 317176
6 152 rs4946572 121809450 21 0.00679582037848508 120342199 121895061 1552862
6 202 rs7762407 154165415 7 -0.00667472406647424 153742076 154428666 686590
6 70 rs1678657 38742793 14 -0.00662818272894621 38702959 39174922 471963
6 7 rs9503232 2621887 12 -0.00648749162202601 2509443 2743245 233802
6 100 rs9360207 67154649 17 0.00646760120747123 67054961 67895080 840119
6 3 rs2252693 1277151 1 0.00641477379558938 1264403 1361844 97441
6 112 rs2746319 80415428 11 -0.00625621835288137 79887759 80683626 795867
6 6 rs9328072 1828165 5 0.00614765937433052 1784096 2449186 665090
6 215 rs1652500 161192189 14 -0.00613358725794591 161128812 161793319 664507
6 210 rs675658 158101911 9 0.00610256985430818 157939801 158184853 245052
6 89 rs488132 49696473 9 0.00602370302514235 48413873 50357617 1943744
6 155 rs6905496 123868992 5 -0.00593274639937954 123868992 124083410 214418
6 24 rs365936 7920904 5 0.00593260405210706 7918311 8230771 312460
6 232 rs902393 168463624 12 0.00588825704615019 168289199 168531451 242252
6 135 rs10872782 104290530 10 0.0058598685310145 103986702 104707641 720939
6 158 rs9482645 125672037 5 0.00557911606457662 125227328 125672037 444709
6 91 rs7757370 52357260 11 -0.00551292163844088 51728998 52564490 835492
6 187 rs325129 147807143 8 0.0054650264583285 147035035 147834827 799792
6 236 rs6909815 170814626 8 0.0052976948201989 170330196 170847181 516985
6 35 rs445714 13280958 10 -0.00523755450423063 13231980 13777209 545229
6 213 rs9364510 159726375 4 -0.00516328597963871 159626072 159978469 352397
6 86 rs9296510 46713805 20 -0.00500405446700465 46047140 46985955 938815
6 92 rs4715384 53080337 9 -0.00473533341890716 52598501 53130285 531784
6 5 rs1962432 1680806 4 0.00463129948532513 1641007 1763561 122554
6 206 rs6919626 155766362 7 0.00462480400418587 155755404 156101388 345984
6 129 rs6940828 98760918 3 -0.00440739496903382 98202741 99214884 1012143
6 4 rs731394 1405284 3 0.00424706543114268 1405284 1591011 185727
6 119 rs990060 89074336 9 0.00418428962735609 88843390 89272446 429056
6 205 rs34434986 155597134 5 -0.00411495769446605 155279785 155728232 448447
6 169 rs2811676 134327815 5 0.00381491882540273 134260676 134447959 187283
6 181 rs765875 143185683 17 0.00369379461140298 142328981 143235252 906271
6 94 rs1409098 53882340 13 0.00366276096524952 53420503 53889975 469472
6 144 rs2334324 110617709 7 0.00363179358241796 109726739 110617709 890970
6 229 rs7752989 167082896 5 0.00361934726405436 166859572 167110134 250562
6 131 rs2658139 100772281 9 -0.0035945969122158 100296024 100862051 566027
6 28 rs9295586 10571260 4 -0.00357656314790405 10433825 10580910 147085
6 168 rs12110683 133854670 7 -0.00356743017956764 133789728 134141309 351581
6 32 rs9380902 12201764 13 0.00330587643413406 11942371 12230804 288433
6 194 rs9397900 150665752 7 0.00330310711641837 150649726 150967130 317404
6 50 rs6924146 22238088 3 0.00316097133867007 22064639 22238088 173449
6 47 rs4429936 20527017 20 -0.00309670286871631 20285619 21130870 845251
6 225 rs7748041 165871066 2 0.00298272059527182 165622183 165871066 248883
6 143 rs1268160 109075953 5 0.00295128141633502 109049607 109641411 591804
6 221 rs6914455 164311616 7 -0.00283795826522822 164008408 164316375 307967
6 108 rs4291066 74787457 9 -0.00276191430333982 74421677 75835305 1413628
6 68 rs1757171 37487044 3 -0.00253598719333432 37348920 37700947 352027
6 164 rs10457562 131189874 15 0.00233168615028232 130839788 131893463 1053675
6 147 rs1606213 112818452 6 0.00229785164779056 112661761 113642991 981230
6 145 rs964080 110710018 3 0.0022588680871253 110657142 111381468 724326
6 132 rs241819 100910798 8 0.00204688485620133 100894587 102007227 1112640
6 186 rs12200797 146615383 7 0.0020255238963152 145528057 147002401 1474344
6 53 rs17412056 23493761 4 0.00199123156603059 23390147 23640863 250716
6 224 rs7356835 165273510 14 -0.00191157733457518 164783891 165569308 785417
6 211 rs6455990 158494775 2 -0.00188914220412635 158201121 158941011 739890
6 157 rs535492 124863962 6 0.0018156372035183 124673700 125156890 483190
6 103 rs3806014 70795455 10 -0.00155116525961324 70363194 71008339 645145
6 15 rs9405273 5524393 6 -0.00153733068180358 5482597 5632356 149759
6 111 rs10943608 79674929 24 -0.00152270058031804 78172750 79861169 1688419
6 128 rs9320409 97530846 3 0.00146015492291412 97096065 98169324 1073259
6 18 rs1674070 6338541 2 -0.00140409815923636 6253017 6343177 90160
6 192 rs6570947 149469655 17 -0.00136549535984148 149279188 150298842 1019654
6 177 rs666769 138415087 6 0.00135850058489203 138343019 138794628 451609
6 198 rs2207396 152382382 6 -0.00135509898193725 151663560 152385236 721676
6 162 rs929103 129993162 3 0.00130936591290372 129799682 130050610 250928
6 72 rs9394632 39859102 8 0.00125717139064929 39815595 40391564 575969
6 48 rs7772439 21452964 4 -0.0012472176429993 21191928 21462277 270349
6 199 rs2256135 152464839 2 0.00117933023714943 152436158 152517503 81345
6 27 rs13195786 10163968 5 -0.00112905536865081 10148486 10395572 247086
6 33 rs9369394 12512344 4 -0.0011180206624059 12286838 12512344 225506
6 142 rs1536057 108885623 6 -0.00109636336863188 108442222 109032557 590335
6 196 rs7752450 151301951 3 0.00107850294392688 151252917 151467445 214528
6 125 rs1492964 94031097 21 0.00103933179499388 93443329 94325460 882131
6 30 rs6908326 11247387 1 -9.890871306180644e-4 11247387 11310419 63032
6 51 rs6903568 22274766 6 -9.328385972134888e-4 22272753 22743403 470650
6 195 rs6900518 151004289 5 9.114460082999136e-4 150988903 151213211 224308
6 81 rs943072 43795968 1 -9.051615098739094e-4 43758485 43927050 168565
6 20 rs1294421 6743149 3 -8.858378388630296e-4 6684357 6788490 104133
6 63 rs12523795 33876434 3 -8.328900681894755e-4 33822865 33948624 125759
6 10 rs6596999 3781719 4 8.207955109796885e-4 3579754 3860010 280256
6 42 rs910042 17446523 10 -6.869962353908965e-4 16814304 17688693 874389
6 233 rs6924059 168666768 15 -6.589381016544188e-4 168558846 169033082 474236
6 37 rs1883155 14486933 9 -6.519485325754536e-4 14352513 14664322 311809
6 189 rs646839 148258033 11 5.861694232912832e-4 148185587 148761603 576016
6 29 rs2076258 10876036 4 -5.267724425024999e-4 10606611 11227987 621376
6 38 rs4715925 14807697 1 4.902827369058829e-4 14691612 15015659 324047
6 216 rs2223768 161942019 1 -4.73744740370192e-4 161869692 162096342 226650
6 209 rs17088067 157398175 1 4.414308611172364e-4 157059428 157442540 383112
6 104 rs2691482 71331467 2 -3.4076560794393617e-4 71037050 71598545 561495
6 78 rs61758087 42232509 2 3.2585105679757635e-4 42125482 42407020 281538
6 190 rs8641 148869910 3 3.2285292649371784e-4 148803550 149092757 289207
6 82 rs4714732 44000031 5 2.8664011766948755e-4 43941645 44119338 177693
6 93 rs1429143 53264485 4 -1.617103119752203e-4 53239608 53401587 161979
6 25 rs6901566 8835912 6 1.5158873798143575e-5 8349511 9142017 792506
6 191 rs9390633 149237490 3 7.564066288958044e-6 149125116 149266798 141682
