CHR Group SNP.lead BP.lead Size W BP.min BP.max BP.width
20 253 rs4810485 44747947 5 0.04623103220033196 44688665 44777295 88630
20 279 rs543477 48209718 7 0.04435212690424503 48205055 48323380 118325
20 243 rs6130568 42834765 7 0.04346784250373795 42803776 42989714 185938
20 242 rs6017247 42657841 3 0.03692394595806762 42657841 42763717 105876
20 409 rs755017 62421622 8 0.03288410265940469 62212928 62473704 260776
20 302 rs6063841 51214293 6 0.03120988785165971 50823305 51333439 510134
20 397 rs944893 60902389 4 0.03118267613694561 60890375 60902402 12027
20 37 rs6076524 3452447 4 0.02950000852248048 3445445 3643653 198208
20 107 rs8118592 10996304 6 0.02534963905036211 10897878 10996304 98426
20 296 rs6021318 50228751 5 0.02464834954019267 50189220 50459530 270310
20 67 rs2326748 6293824 9 0.02356092840326315 6126302 6404281 277979
20 184 rs6048822 23454758 3 0.02328454471116609 23328004 23642458 314454
20 310 rs6063942 52037947 5 0.0232593825853117 51932381 52037947 105566
20 52 rs1543452 4974106 1 0.02274429240832679 4952923 5024237 71314
20 161 rs6045989 19292926 10 0.02248391792581424 19113918 19372443 258525
20 326 rs6127423 53807443 7 0.02182421819533116 53757603 53883417 125814
20 127 rs6033981 14572059 3 0.02132469935193025 14511168 14688519 177351
20 284 rs6067448 49053871 6 0.01911098739947206 48959241 49063113 103872
20 128 rs2208083 14771194 4 0.01686023378989199 14759169 14927862 168693
20 180 rs6082866 22803909 2 0.0160942488549811 22790548 22939045 148497
20 264 rs6018359 45873923 3 0.01558302418176755 45761700 45905856 144156
20 169 rs17307939 20148329 5 0.01510015948224508 20006368 20169641 163273
20 305 rs16997342 51574683 2 0.01492462432622296 51571802 51620301 48499
20 105 rs6040095 10680221 2 0.01480838184441568 10456586 10705007 248421
20 215 rs13042600 38442513 9 0.01475173186018835 38438771 38648634 209863
20 100 rs6104550 10068488 4 0.01447747405436288 10055467 10108941 53474
20 165 rs13036479 19797038 9 0.01414933309299419 19751330 19843894 92564
20 344 rs61733436 55758929 3 0.01410190672237666 55758929 55918939 160010
20 368 rs3934412 58120733 5 0.01403092455419079 58105747 58190157 84410
20 186 rs6114429 24023945 4 0.01391436017547937 23930543 24024259 93716
20 281 rs1555317 48643650 2 0.01377039536858589 48454671 48643650 188979
20 304 rs2031979 51475632 4 0.01359281462801797 51436401 51535828 99427
20 313 rs6013772 52344919 4 0.01341415529935323 52328338 52394238 65900
20 183 rs6048661 23251415 6 0.01323007908904764 23245623 23305768 60145
20 176 rs2424433 22303261 17 0.01254038140596598 21770908 22403287 632379
20 292 rs6126195 49869862 1 0.01113776317083322 49848254 49869862 21608
20 311 rs2766664 52171241 3 0.0107133950432153 52068141 52172404 104263
