CHR Group SNP.lead BP.lead Size W BP.min BP.max BP.width
14 719 rs8017161 103563195 8 0.17237352071775242 103539669 103584674 45005
14 392 rs3784099 68749927 4 0.08994354263754674 68749927 68808398 58471
14 585 rs17184313 93102251 6 0.0770372385810162 93064069 93118038 53969
14 181 rs712314 35408548 9 0.06313828278290619 35390146 35802483 412337
14 601 rs11621961 94769476 7 0.05101874408052462 94769476 94847415 77939
14 183 rs696 35871093 4 0.04270134877298255 35871093 35887431 16338
14 584 rs737522 93014672 2 0.04254519401655778 93014672 93047936 33264
14 496 rs11623789 82450632 5 0.03999427292393607 82347524 82458472 110948
14 539 rs12883250 88446876 7 0.03590777877452381 88407888 88628106 220218
14 37 rs3748366 22204911 4 0.03182935287365964 22098295 22204911 106616
14 369 rs8008058 63777253 6 0.02923556795379633 63777253 63857808 80555
14 209 rs8008452 39336152 4 -0.02895641966699923 39202690 39370726 168036
14 143 rs2300835 33207522 3 0.02852248068690446 33183958 33237374 53416
14 393 rs10132294 68887667 7 0.02394575625814658 68818976 68963746 144770
14 283 rs35657569 52520746 7 -0.02392754690125167 52469647 52567361 97714
14 265 rs7160618 50992936 7 -0.02319252526733355 50810390 51124227 313837
14 542 rs8018774 88798458 5 0.02242784536604844 88798458 89171711 373253
14 343 rs755011 59815040 7 0.02134186469328304 59813702 60087380 273678
14 714 rs62000389 102912150 3 0.02100705455048247 102614961 102933347 318386
14 481 rs7141420 79899454 4 0.02041259042318747 79698367 79945162 246795
14 210 rs6571897 39587438 7 0.02025473530829393 39376359 39669491 293132
14 237 rs1959379 44974966 12 0.01939551399108895 44903433 45129864 226431
14 461 rs17811635 77573757 3 0.01887149843005844 77497666 77600937 103271
14 736 rs3924892 105494262 7 0.01849118863386866 105457161 105596054 138893
14 386 rs1434903 66703569 3 0.01843519925249805 66690914 67862371 1171457
14 1 rs12882648 20492492 6 0.01806794642796784 20480547 20529177 48630
14 401 rs2185492 69765077 5 0.01763744729258499 69721780 69780678 58898
14 543 rs1287662 89290630 3 0.01737287147577307 89276431 89393381 116950
14 535 rs8017892 87851097 6 0.01731552759765962 87765589 87967266 201677
14 472 rs8018430 78657672 3 -0.01702449170496372 78641734 78697830 56096
14 102 rs17112865 28038607 6 0.01617383034639193 27925765 28215325 289560
14 574 rs2202955 92118160 5 0.01611636092277485 92104196 92126827 22631
14 200 rs177899 38139214 2 0.01603696595753512 38005128 38179163 174035
14 207 rs2415482 38958967 7 0.01590703646439645 38786620 38984665 198045
14 186 rs7147797 36449424 3 0.01548148877173106 36437005 36454851 17846
14 661 rs966047 98273349 2 0.01527006681060502 98273349 98282225 8876
14 2 rs11850259 20645916 6 -0.01523605014236899 20568700 20656645 87945
14 6 rs3093921 20822308 5 -0.01477217505425582 20743269 20837033 93764
14 693 rs3742384 100800103 4 0.01445319325388816 100800103 100933471 133368
14 279 rs1002132 52285373 2 0.01377999285806713 52250365 52308314 57949
14 444 rs2300603 76005557 2 0.01359073216427989 75947712 76028680 80968
14 117 rs718545 30489623 6 0.01352477844768414 30454892 30524538 69646
14 582 rs10134832 92928693 4 0.01320527658948053 92928693 92959940 31247
14 438 rs2193596 75234101 6 0.01318889911860556 75110437 75558163 447726
14 425 rs2526896 73055107 6 0.0129334018618886 73052019 73096614 44595
14 403 rs1275824 70194563 4 0.01281948610837291 69984560 70198189 213629
14 259 rs7146952 49773025 6 0.01266520165567627 49609056 49838397 229341
14 250 rs2416120 48301760 1 -0.01263970892785372 48182641 48342605 159964
14 78 rs1461650 25213422 6 -0.01263960817081719 25182686 25253343 70657
14 735 rs4465542 105407798 5 -0.01260221855631596 105368733 105435649 66916
14 567 rs1286083 91442779 4 0.0125283271082243 91305899 91515577 209678
14 563 rs1286496 91027608 5 0.01249411910335802 90983296 91043669 60373
14 295 rs10147611 54234753 3 0.01229714353596075 54206171 54263851 57680
14 372 rs11621026 64389502 6 0.01220894847218815 64232386 64564680 332294
14 382 rs6573638 66328997 1 0.0120845042969886 66294143 66336423 42280
14 433 rs2336561 74288871 7 -0.01202836624909591 74263752 74683937 420185
14 544 rs879803 89448739 3 -0.01202058724148551 89417252 89474929 57677
14 696 rs12897601 101182284 4 0.01201493404262452 101170488 101224922 54434
14 508 rs229776 83902685 4 0.01193116330040512 83875349 83979888 104539
14 269 rs3783273 51395083 4 -0.01175216458144277 51352345 51395384 43039
14 647 rs10145396 97255679 3 0.01140331982853282 97181785 97345806 164021
14 68 rs1159372 24391713 2 -0.01137846670421737 24336007 24395483 59476
14 43 rs1474476 22607502 3 0.01137837782448277 22595277 22611467 16190
14 306 rs8009181 55583424 4 0.01117756230368646 55583424 55918302 334878
14 380 rs2411915 65794692 1 0.01102656032173586 65746566 66016212 269646
14 194 rs2764962 37228220 6 -0.01101954450921932 37190065 37278964 88899
14 263 rs4900974 50462432 2 0.01070457079576387 50462432 50484040 21608
14 218 rs8005565 41097075 5 0.01059892689191509 40896108 41103660 207552
14 342 rs17095842 59668648 4 -0.01048387644550172 59604251 59792874 188623
14 717 rs2075771 103242725 5 0.01040552253522347 103222398 103342049 119651
14 471 rs177143 78590808 3 0.01037606330070597 78566596 78608741 42145
14 502 rs7148115 83176013 4 0.01034413226122236 83153368 83256589 103221
14 373 rs10151658 64612858 4 -0.01014079504747919 64580075 64833333 253258
14 358 rs1959316 62496224 5 -0.010131954124554 62435628 62502992 67364
14 330 rs268819 58032340 5 0.01006330273829696 57931920 58042753 110833
14 395 rs2145157 69067638 3 -0.00996028905014308 69060068 69071599 11531
14 454 rs3813545 76967305 1 0.00992808549487646 76967305 76967305 0
14 702 rs8181978 101475770 1 -0.00986255158304173 101475770 101529414 53644
14 261 rs12435094 49992347 8 0.00961844076696207 49966883 50164452 197569
14 109 rs7155255 29695661 2 0.00953179802449947 29444668 29695661 250993
14 51 rs970348 23069853 1 0.00943768567004417 23041656 23094134 52478
14 212 rs1980523 40016353 6 -0.00922460752385257 39983128 40164269 181141
14 673 rs902811 99467956 4 -0.00913259751754385 99434288 99474165 39877
14 676 rs1257499 99566723 3 0.00913202402653608 99529685 99567351 37666
14 312 rs7153071 56408735 3 0.00907401403538354 56387951 56441092 53141
14 430 rs2242613 73719984 4 -0.00898860010453972 73403321 73725050 321729
14 523 rs12882910 86011813 6 -0.00894672527595247 85964610 86037541 72931
14 733 rs4247027 105139894 2 0.00894152861217423 105100021 105139894 39873
14 664 rs7144501 98495938 2 0.00886099962581577 98449920 98498951 49031
14 377 rs35179634 65417070 6 -0.00881969458907615 65306442 65446357 139915
14 448 rs11159175 76571855 5 -0.00881270460751014 76482168 76581121 98953
14 627 rs716315 96009307 10 -0.00872865755718187 96009307 96091222 81915
14 144 rs1950214 33283757 1 -0.00860312487597827 33271488 33305020 33532
14 492 rs45541932 81744076 5 0.00860142266295217 81622935 81778644 155709
14 280 rs10133203 52355387 2 0.00857810302992153 52331224 52358917 27693
14 81 rs10147992 25503799 3 -0.00855863162555363 25443592 25580659 137067
14 222 rs1957863 42302552 8 0.00845101073746208 42184671 42408943 224272
14 653 rs10131135 97717525 2 0.00842237049894963 97656628 97745959 89331
14 322 rs198232 57239056 7 -0.00824233518447423 57204584 57246017 41433
14 332 rs1535574 58140574 6 -0.00824121471278586 58119752 58236413 116661
14 134 rs11156725 32496696 3 0.0082401343438031 32496696 32534297 37601
14 655 rs2781407 97959474 1 -0.00819334509286668 97905286 97959474 54188
14 274 rs10147918 51898181 3 0.00795138193795405 51867607 51952408 84801
14 406 rs7142362 70416718 3 0.00793078361999083 70401814 70466081 64267
14 408 rs41286548 70633411 3 0.00791602726108168 70583312 70648166 64854
14 710 rs10144492 101991506 2 0.00779007389972443 101947144 101991506 44362
14 513 rs1947722 84598224 4 -0.00773271462894899 84505181 84598224 93043
14 341 rs3759700 59563136 6 0.00772013780288796 59452572 59580956 128384
14 606 rs12895360 95038922 4 0.00766109113142265 95016836 95089440 72604
14 120 rs12436395 30706026 2 0.00755735944311051 30697199 30706026 8827
14 316 rs10149559 56882189 4 0.00754497883833787 56803764 56882605 78841
14 667 rs8021007 98943569 4 0.00747528081093017 98815056 98964100 149044
14 660 rs1350922 98246190 1 0.00742767945339061 98229487 98263147 33660
14 389 rs7161368 67983868 4 0.00739384798680627 67964355 67984540 20185
14 520 rs10149105 85615940 5 0.00725280839801939 85569284 85740426 171142
14 300 rs115333865 55004449 3 0.00724719294693791 54833945 55042615 208670
14 645 rs11847642 97153198 1 0.00719925394390509 97080601 97153198 72597
14 203 rs2415438 38577533 2 0.00718594855134127 38539949 38590205 50256
14 715 rs4906220 103009367 1 -0.00712043349746307 103009367 103009367 0
14 691 rs12588659 100587813 5 0.0070595690963932 100465652 100620013 154361
14 663 rs11844589 98430427 2 -0.00702055856407686 98352431 98444106 91675
14 72 rs7158744 24717791 7 0.00700946819082006 24653954 24724663 70709
14 267 rs7493885 51317418 3 -0.00689839607326993 51279108 51318220 39112
14 415 rs917065 71397846 2 0.00688378913618473 71352648 71640689 288041
14 311 rs7148125 56358841 1 -0.00671746774978046 56358841 56379595 20754
14 40 rs4981390 22390103 4 -0.00666527521689038 22381668 22433866 52198
14 711 rs7141459 102258662 3 0.00664109720833193 102094630 102302907 208277
14 5 rs12894242 20716025 3 -0.00646844595073125 20712322 20731947 19625
14 405 rs1079903 70365001 1 0.00644499636870769 70339755 70366437 26682
14 600 rs1956451 94620193 2 0.00640460097101231 94585064 94756750 171686
14 284 rs10151177 52575512 6 0.00638093802949167 52575512 52670514 95002
14 490 rs917986 81470655 6 0.00636861069388404 81300687 81480822 180135
14 130 rs61754287 31819145 3 -0.00628131367674952 31720844 32008055 287211
14 85 rs11844629 26021281 4 -0.00612422255837004 25934244 26024780 90536
14 357 rs217676 62363763 6 0.00610484011559059 62360464 62375195 14731
14 60 rs17256141 23726814 3 0.00602335653707887 23721880 23766591 44711
14 465 rs45527334 77844265 2 -0.00601744993530839 77843384 77957377 113993
14 230 rs1389565 43836526 6 0.00593609912026625 43712564 43980703 268139
14 233 rs6572224 44370788 3 -0.00586238997192555 44344532 44535160 190628
14 720 rs2763531 103668317 4 -0.00586177018138625 103617950 103679153 61203
14 309 rs12887389 56237212 3 0.00583294508098894 56221073 56240420 19347
14 629 rs911678 96137935 2 -0.00581191901106894 96133913 96146893 12980
14 293 rs10141869 54132654 4 0.00579722571266191 54107791 54148442 40651
14 402 rs11622064 69810354 3 0.00578462898848636 69795199 69948858 153659
14 226 rs1712719 43173574 1 0.00577548336476821 43152763 43173574 20811
14 687 rs4905879 100124648 2 -0.00576737323356187 100109824 100172729 62905
14 531 rs1420813 87476592 2 0.00576420365821049 87340357 87476592 136235
14 581 rs7149167 92919443 3 -0.00576195403555202 92918793 92923032 4239
14 39 rs2874146 22374399 1 0.0056596901394263 22340127 22377905 37778
14 723 rs6575979 103841018 4 0.00561765359796969 103841018 104165753 324735
14 555 rs243202 90048612 2 0.00550851188106894 90031107 90066451 35344
14 149 rs17460823 33586563 3 0.00544520812086836 33555133 33588166 33033
14 442 rs10134442 75841937 2 -0.00541901748017438 75795458 75867306 71848
14 576 rs2430343 92345665 2 -0.00536366160825708 92345665 92390365 44700
14 391 rs932554 68293923 7 -0.00534698723914192 68159269 68703741 544472
14 139 rs1951187 32908192 2 0.00533049112382524 32903616 32923626 20010
14 397 rs1465788 69263599 10 0.00522953692522458 69164958 69273905 108947
14 239 rs61753893 45636328 1 0.00521859133920133 45289062 45783546 494484
14 568 rs4900070 91590988 4 -0.00516055869940571 91590988 91611001 20013
14 253 rs8013630 48696063 3 -0.00510641611554342 48576462 48868609 292147
14 88 rs17110557 26496873 2 -0.0050572965493955 26436743 26500262 63519
14 593 rs8013763 94240020 3 -0.00503507131827314 94236801 94240020 3219
14 666 rs1780864 98694584 5 -0.0050301841568042 98682107 98793610 111503
14 689 rs7152866 100253163 2 -0.00501776173640769 100248780 100283248 34468
14 299 rs7149949 54473799 10 0.00499100406514478 54451302 54798595 347293
14 355 rs10129270 62181954 2 0.00496468640804261 62108125 62213848 105723
14 362 rs1844455 63036495 6 0.00493276304914106 62925448 63047648 122200
14 558 rs979742 90241445 2 -0.00491900380058874 90233310 90270557 37247
14 451 rs12893597 76812695 4 -0.0048361248039377 76780467 76867629 87162
14 428 rs17781655 73325384 3 0.00482174285384466 73260377 73329055 68678
14 499 rs799099 82717397 2 -0.00478572541028384 82669795 82857376 187581
14 287 rs3783449 53154350 4 0.00474226612205967 52908825 53154350 245525
14 75 rs17795070 24883630 1 -0.00469606396207778 24883630 24898751 15121
14 254 rs11157637 48920886 3 -0.00465899679863652 48891210 48999279 108069
14 158 rs12881368 33979974 4 0.00463834774499517 33970530 33990825 20295
14 506 rs10131371 83587297 1 0.00462092917855478 83507309 83591673 84364
14 466 rs17105930 78007165 1 0.00457911587246845 77968581 78121359 152778
14 255 rs17120305 49063187 4 0.00456287007920425 49025952 49187445 161493
14 182 rs8016947 35832666 5 0.00455512562038561 35809244 35853388 44144
14 319 rs4901702 57090588 2 0.00453047897856752 57032809 57122815 90006
14 32 rs1061026 21967109 1 0.00452207595032009 21831112 21968876 137764
14 552 rs243224 89954050 1 0.00451073645688026 89954050 89954050 0
14 304 rs17127855 55208397 1 -0.0044431506692357 55196524 55211833 15309
14 63 rs222670 23984843 2 -0.00440496590358715 23977010 23985973 8963
14 507 rs162654 83778352 2 0.0042428269041864 83617067 83867535 250468
14 52 rs943889 23169536 2 0.00406024614892554 23102784 23169536 66752
14 331 rs1745690 58073401 4 -0.00404102330545759 58054979 58106625 51646
14 360 rs1514928 62678303 1 0.00403549861606031 62611803 62678303 66500
14 476 rs11629205 79156785 2 0.00402842993981342 79152411 79188468 36057
14 292 rs7149928 54098459 1 0.00396455419771852 54010575 54098459 87884
14 352 rs2181985 61940910 4 0.00395595601400541 61908332 61990319 81987
14 468 rs2302944 78390880 4 0.00393816080783411 78390060 78406473 16413
14 713 rs7152164 102536073 5 0.00391719793645993 102347792 102536073 188281
14 121 rs6571342 30802421 2 0.00391048386381484 30802421 30816797 14376
14 173 rs1154104 34660676 3 -0.00390818210920469 34658420 34683420 25000
14 484 rs7156557 80297163 5 0.00390611670470346 80187637 80355341 167704
14 220 rs1431034 41881857 1 -0.00389299957940006 41749630 41918350 168720
14 556 rs4904594 90122106 2 0.00382971806227148 90106316 90137426 31110
14 350 rs1033908 61816227 1 -0.00381776242977956 61816227 61817533 1306
14 628 rs7161223 96127082 3 0.00378490719878427 96096022 96127082 31060
14 533 rs2533005 87627303 2 0.00371347937148483 87546785 87627303 80518
14 225 rs7151320 43107060 2 -0.00371332480311113 43072132 43135974 63842
14 374 rs745686 64930632 3 0.00371161811767495 64882380 64995694 113314
14 272 rs11851025 51803928 3 0.00369510503622897 51586467 51821239 234772
14 421 rs8010242 72739064 3 0.00362853333656822 72691607 72832975 141368
14 512 rs10484118 84353192 4 0.00362277305152703 84277147 84470583 193436
14 107 rs1002750 29145878 1 0.00360593528178353 29049457 29172829 123372
14 528 rs8010573 86862533 3 -0.00360417778536408 86840851 86995594 154743
14 413 rs4902841 71179711 4 -0.00345483942955342 71179711 71314581 134870
14 340 rs17254871 59345637 1 -0.0034501517790219 59328230 59447625 119395
14 57 rs10149569 23563895 4 0.00331063640344605 23545799 23568376 22577
14 216 rs11623348 40623598 1 -0.00328061189909967 40572241 40698064 125823
14 317 rs1307538 56920207 2 -0.00327121073140213 56895162 56920900 25738
14 58 rs4982731 23585333 2 -0.00320280311285338 23584265 23598976 14711
14 337 rs311817 59079985 5 0.00319168355906773 58684804 59112677 427873
14 400 rs45557240 69704434 2 0.00317980467653342 69433208 69704434 271226
14 566 rs1286310 91277103 2 -0.00315913988654273 91189977 91293447 103470
14 215 rs8013386 40343703 2 0.00310964458059813 40343703 40519413 175710
14 577 rs4548800 92586567 3 0.00306650713320632 92409103 92627138 218035
14 135 rs10483395 32638913 2 0.00302281680727977 32635572 32689556 53984
14 474 rs918270 79018345 5 0.00301662381455852 78889839 79018345 128506
14 725 rs1557012 104581072 2 -0.00295690649007527 104581072 104608068 26996
14 114 rs7160881 30032637 4 -0.00293542225162033 30003238 30137407 134169
14 578 rs11624846 92729757 2 -0.0028737429664826 92656568 92736604 80036
14 399 rs12050161 69360631 2 -0.00287028873728911 69360631 69414378 53747
14 416 rs11158907 71987065 2 0.00286822450192012 71652617 72183309 530692
14 286 rs11851457 52782956 3 -0.00286317174201212 52782956 52892612 109656
14 390 rs2064928 68025448 3 -0.00283414756389093 68019608 68065321 45713
14 732 rs7147000 105007815 2 0.00282674164276993 105007815 105007815 0
14 136 rs17098611 32695421 2 -0.00281239742336836 32695421 32781804 86383
14 38 rs12897392 22246805 7 0.00280054979799659 22220569 22337393 116824
14 24 rs2771358 21422666 3 0.00277469657390736 21343164 21436124 92960
14 638 rs1889374 96603723 3 0.0027462514339467 96603723 96642598 38875
14 345 rs216526 60650086 8 -0.00271822317469906 60494285 60782370 288085
14 251 rs9672030 48387621 7 -0.00270226521268021 48356630 48484814 128184
14 289 rs7160009 53642201 5 -0.0026923476128818 53485358 53690253 204895
14 199 rs10145536 37738197 4 -0.00266718228355193 37449287 37738197 288910
14 234 rs10220539 44586864 1 0.0026311120096406 44566484 44612482 45998
14 190 rs12146978 36837037 5 -0.00260808949510666 36789729 36843139 53410
14 208 rs10498342 39001036 3 -0.00260441934492725 39001036 39181097 180061
14 264 rs6572641 50518636 1 -0.00256933638007655 50518636 50802727 284091
14 338 rs311864 59214542 3 -0.00256348380478093 59169665 59214542 44877
14 495 rs11848661 82198081 4 0.00255996216749834 82075469 82294185 218716
14 467 rs11622293 78203636 11 0.00254848544584753 78130579 78370261 239682
14 646 rs4905522 97167721 1 -0.00254395128878479 97165610 97173569 7959
14 115 rs4424825 30292318 2 -0.00253587556661728 30230638 30298091 67453
14 290 rs12434047 53837485 6 -0.00250185418636976 53700341 53850018 149677
14 95 rs6575139 27174402 2 0.00249704418951756 26935221 27200025 264804
14 424 rs10146857 73037708 2 -0.00248524392652662 72970502 73037708 67206
14 223 rs8013963 42431239 4 -0.00246845626050652 42431239 42710883 279644
14 463 rs8021745 77649524 3 -0.0024315877855183 77625148 77713146 87998
14 361 rs1913627 62725776 1 0.00243100981447721 62718847 62910868 192021
14 232 rs4906500 44162164 7 -0.00242992022357786 44150766 44293020 142254
14 590 rs12895695 93595051 4 -0.00242392783468006 93565816 93684814 118998
14 83 rs17278020 25715736 4 0.00240869437481314 25631999 25724322 92323
14 662 rs7150469 98308170 1 -0.00240377427976534 98301261 98336618 35357
14 118 rs190123 30585634 3 -0.0023789550522635 30552778 30601445 48667
14 301 rs7155636 55067637 2 0.00236783491441253 55064712 55085624 20912
14 599 rs3790045 94519199 4 -0.00236509096861003 94460833 94572431 111598
14 252 rs12883763 48528028 3 -0.00236366756557594 48525340 48570466 45126
14 550 rs2401823 89889586 1 -0.00236249615898541 89852894 89889586 36692
14 378 rs11621526 65634797 6 -0.0023339035087248 65475411 65649000 173589
14 704 rs915365 101585954 3 -0.00229406592399849 101585205 101639874 54669
14 175 rs1952627 34712318 1 -0.00228552038029422 34708351 34754717 46366
14 589 rs12435423 93459859 5 0.00227435063262466 93412743 93528114 115371
14 166 rs1958058 34260635 2 0.00226740182137634 34239296 34260635 21339
14 178 rs4982180 34921900 1 0.00226736227686491 34879025 34921900 42875
14 79 rs854368 25264662 4 -0.00223726794481282 25264662 25350288 85626
14 65 rs7142207 24164243 1 0.00215520858371147 24117528 24164243 46715
14 41 rs3827932 22481705 1 0.00214418255877186 22481705 22483101 1396
14 242 rs420705 46322471 1 -0.00214221052081015 46322471 46458696 136225
14 688 rs1957516 100208990 1 -0.00210297911479218 100208156 100209154 998
14 381 rs2229678 66082793 1 -0.00210161200884234 66046534 66283754 237220
14 722 rs8008665 103771310 2 -0.00206971481159908 103764818 103811249 46431
14 525 rs12050395 86210504 6 0.00206374353165461 86161446 86322284 160838
14 665 rs10484125 98660236 3 0.00204916943996498 98503520 98675398 171878
14 417 rs36453 72334903 4 0.00204414715953558 72265949 72375278 109329
14 409 rs6573960 70857022 10 -0.00201064685950051 70671567 70940766 269199
14 77 rs10873219 25101706 3 0.00201048665412608 25070503 25162082 91579
14 296 rs1952748 54310925 2 -0.00200689680707941 54290830 54345797 54967
14 652 rs943587 97636701 2 0.00200373398554837 97618412 97636701 18289
14 184 rs4981309 36304368 2 -0.00200326085995325 35908656 36304368 395712
14 123 rs720046 30978745 3 -0.00195874238204199 30870187 30978745 108558
14 398 rs12590404 69331653 3 0.00195509921655499 69328022 69352230 24208
14 336 rs17094363 58602550 2 0.00194938023778391 58560475 58624198 63723
14 510 rs7157077 84223384 7 -0.00193940025384486 84094388 84229254 134866
14 514 rs7147015 84635493 2 0.00189627565696507 84635493 84775969 140476
14 180 rs7156153 35308074 3 0.00189178400495816 35173418 35369479 196061
14 620 rs999986 95803856 3 -0.00185465514626557 95758559 95803856 45297
14 171 rs980464 34568993 1 0.001854556733489 34554548 34575688 21140
14 516 rs10498576 85047455 3 -0.00184106817508653 85046837 85180203 133366
14 84 rs10148615 25917248 1 -0.00183700290229898 25757475 25917248 159773
14 154 rs10148795 33845322 2 0.00183321639008602 33845322 33845322 0
14 617 rs12147295 95478036 1 0.00180617199661528 95472704 95523851 51147
14 349 rs872147 61778915 3 0.0017815356730432 61692955 61798825 105870
14 622 rs1212182 95846518 4 0.00176666088032971 95844779 95877337 32558
14 470 rs12590451 78541015 2 0.00176152335504606 78541015 78560462 19447
14 671 rs4616230 99363855 1 -0.00174975457515449 99272231 99365099 92868
14 187 rs386958 36470707 1 -0.00174878020052692 36469009 36524098 55089
14 19 rs750142 21130632 1 0.0017481332098224 21130632 21153788 23156
14 14 rs8011671 21020554 1 0.00174772273189136 21006107 21020554 14447
14 201 rs8016889 38246440 1 0.00172240914768656 38198213 38269869 71656
14 142 rs4981997 33151914 3 0.00171758953112486 33041232 33168063 126831
14 690 rs1191090 100365357 1 -0.00168647173080794 100345279 100404067 58788
14 434 rs3742800 74761584 2 -0.00168066629010081 74694849 74808105 113256
14 185 rs1169014 36347986 1 -0.00167834283422378 36347986 36403990 56004
14 211 rs11157053 39759088 2 0.00164750159427042 39682485 39975927 293442
14 446 rs1184086 76142995 1 -0.00164474038128905 76090978 76316065 225087
14 125 rs179562 31224458 11 -0.00163295089525437 31097345 31237170 139825
14 17 rs17308457 21078596 1 0.00162585895501037 21077476 21087223 9747
14 497 rs8006798 82464577 1 -0.00160412501739105 82464577 82505045 40468
14 423 rs1548685 72958725 2 0.00160087578864094 72895442 72959826 64384
14 680 rs807567 99672966 1 -0.00158553193471988 99654322 99688743 34421
14 609 rs8016615 95187870 2 0.00152094143584121 95179707 95229777 50070
14 482 rs1544726 80041983 4 0.00148658336719957 79967761 80131977 164216
14 473 rs7158445 78719220 4 0.00146952722681269 78716226 78796967 80741
14 517 rs2765915 85224213 1 -0.00144969940626208 85184561 85283933 99372
14 61 rs3759614 23837101 2 -0.00142889098271102 23824114 23845244 21130
14 587 rs6650495 93354844 7 -0.00141842138171276 93239329 93372370 133041
14 594 rs927236 94266671 3 -0.00139719208855071 94264690 94279265 14575
14 540 rs3825679 88658483 1 -0.00137989664381192 88651006 88695342 44336
14 432 rs17782124 74203789 6 0.0013652118954381 74184192 74250126 65934
14 167 rs10137683 34308644 1 0.00136441686773103 34285469 34311717 26248
14 122 rs12887448 30832394 1 -0.00135816158611592 30832394 30839557 7163
14 441 rs8013053 75790221 1 0.00134117226056845 75790221 75790221 0
14 469 rs1955571 78455537 2 0.00133588643873913 78434352 78531784 97432
14 25 rs1263871 21484086 1 0.00131783857496744 21469151 21484183 15032
14 738 rs17113281 107139583 3 -0.00131724134931744 107139583 107274052 134469
14 313 rs12893970 56474502 2 0.00131274934949049 56445406 56511463 66057
14 244 rs17659488 46794184 3 -0.00130500276487489 46777209 46949249 172040
14 701 rs17172 101429659 1 0.00127134149834726 101395706 101459060 63354
14 294 rs7155858 54187064 1 -0.00126453472332512 54172855 54187064 14209
14 521 rs4904245 85789611 2 0.00126320281250587 85780554 85809911 29357
14 308 rs7145545 56185501 2 0.00124844653254873 56007846 56197878 190032
14 55 rs1042704 23312594 3 -0.00123235537398211 23312594 23313633 1039
14 96 rs12435275 27213441 1 -0.001204392141372 27213441 27271382 57941
14 53 rs6572731 23237835 1 0.00120339555336813 23214356 23242828 28472
14 346 rs7152548 61122040 1 -0.00115235869283393 60789176 61550315 761139
14 219 rs17111162 41279247 3 0.0011471134556587 41279247 41596555 317308
14 240 rs4900672 45897330 2 0.00114001825331629 45850323 46079277 228954
14 491 rs2080306 81576139 5 0.00111418646641586 81531754 81610869 79115
14 547 rs8017349 89648421 1 -0.00110351312967066 89612967 89648421 35454
14 7 rs2945461 20863070 2 0.0010886247921393 20846950 20863070 16120
14 258 rs2352918 49460174 3 0.00107439415738863 49423399 49575029 151630
14 375 rs45482504 65053999 3 -0.00106163980686343 65049394 65174586 125192
14 76 rs12323581 24944564 4 -0.00103656212164442 24908047 25045130 137083
14 639 rs872116 96652649 3 -0.00103650925090822 96651465 96661993 10528
14 505 rs12437252 83491618 3 0.00103440439439912 83437617 83499467 61850
14 379 rs7160062 65691545 2 -0.00102962892522117 65659664 65691545 31881
14 537 rs1959720 88206607 2 0.00101547581089314 88206607 88206607 0
14 291 rs1954332 53889138 1 0.00100914313203774 53879670 53980388 100718
14 678 rs1273226 99607842 1 9.991216552220183e-4 99607842 99623030 15188
14 734 rs1132975 105222037 2 -9.87541154998296e-4 105163532 105222037 58505
14 718 rs10140685 103455008 1 9.872544657150038e-4 103404159 103490892 86733
14 23 rs17254450 21325687 1 9.864101170695494e-4 21325687 21325687 0
14 335 rs8013464 58513874 3 -9.83185687994658e-4 58460588 58533854 73266
14 48 rs11845994 22843437 4 -9.727663753981764e-4 22795270 22930158 134888
14 546 rs10133171 89592955 1 -9.720330634590532e-4 89592955 89592955 0
14 228 rs1470658 43409682 4 9.647387876791382e-4 43367596 43433535 65939
14 268 rs11157776 51341887 1 9.638648570953515e-4 51324884 51341887 17003
14 116 rs1958988 30334967 1 9.62606815558492e-4 30334967 30372765 37798
14 49 rs2128997 22961102 1 -9.581110716072624e-4 22961102 22963646 2544
14 503 rs1959017 83269601 3 -9.5806029267759e-4 83267946 83311943 43997
14 394 rs999737 69034682 2 9.566057818463914e-4 68997635 69039588 41953
14 651 rs7494256 97603527 2 -9.450625589006798e-4 97594218 97610702 16484
14 27 rs10146416 21519599 2 9.43821867229446e-4 21519599 21530532 10933
14 368 rs718362 63742585 1 9.2862684212023e-4 63721611 63753078 31467
14 214 rs1953200 40267514 1 9.06364536095349e-4 40267514 40319433 51919
14 435 rs11625669 74870543 1 -9.040157174349854e-4 74860214 74957153 96939
14 282 rs1032583 52433115 1 -9.004493011255243e-4 52433115 52437224 4109
14 366 rs8021399 63503099 2 -8.992127597587357e-4 63434918 63566055 131137
14 298 rs12323369 54389587 1 8.798747097953618e-4 54389587 54433533 43946
14 151 rs4982062 33695922 4 -8.733509928035628e-4 33663668 33740086 76418
14 111 rs12433083 29895001 1 8.609935461839555e-4 29889699 29896499 6800
14 245 rs1381645 47212110 1 8.574388215541217e-4 47115140 47212110 96970
14 455 rs4142176 77039784 1 -8.567662794958039e-4 77039784 77049704 9920
14 205 rs2228497 38679473 1 -8.085175374354334e-4 38668993 38706711 37718
14 243 rs858893 46732338 2 -8.011200994358654e-4 46528754 46738855 210101
14 9 rs1953225 20897676 1 8.00953279903455e-4 20897676 20903778 6102
14 648 rs1885162 97371939 1 7.975959568074144e-4 97362657 97516313 153656
14 104 rs10131751 28681216 1 -7.968380611377147e-4 28473408 28726466 253058
14 112 rs4513008 29943239 3 -7.909127992426797e-4 29916912 29945203 28291
14 511 rs10137825 84265662 1 7.798400129214791e-4 84252205 84265662 13457
14 385 rs1899815 66521223 2 -7.745180875507028e-4 66485947 66630366 144419
14 597 rs11848280 94358100 2 7.629596868081764e-4 94358100 94378321 20221
14 515 rs11624797 84917069 1 7.598669580761428e-4 84859706 85013821 154115
14 364 rs2101551 63181642 1 7.520646805031393e-4 63175105 63271562 96457
14 249 rs17118504 47858021 3 -7.423025881828289e-4 47855051 48170885 315834
14 571 rs933528 91705188 1 7.375039115056672e-4 91705188 91773494 68306
14 22 rs1951419 21240673 2 -6.906321695984685e-4 21238862 21265637 26775
14 328 rs11849276 57734577 2 -6.747364866336641e-4 57640808 57822974 182166
14 623 rs1187751 95894578 1 6.523994250923885e-4 95891142 95894578 3436
14 229 rs12888788 43517553 1 6.437606799207456e-4 43472877 43630817 157940
14 351 rs1951966 61884022 1 -6.337653663599906e-4 61865279 61898580 33301
14 202 rs10145136 38418967 2 6.333058445676353e-4 38318447 38438536 120089
14 365 rs243147 63304636 1 6.321971003223755e-4 63304384 63400786 96402
14 529 rs1289253 87039711 2 -6.307034162880668e-4 87039711 87223394 183683
14 541 rs4904441 88737398 3 -6.257577881604401e-4 88734104 88787478 53374
14 603 rs1885137 94912896 2 6.205906656573987e-4 94910363 94936062 25699
14 241 rs1906786 46163550 1 5.926311514772752e-4 46091372 46268185 176813
14 90 rs12887511 26602961 1 -5.617188965183664e-4 26575000 26602961 27961
14 288 rs8004624 53197711 6 -5.606253277727741e-4 53196348 53469891 273543
14 191 rs3909622 36888567 2 5.531202753943224e-4 36888567 36926030 37463
14 562 rs2282032 90758891 3 -5.431366467558527e-4 90685594 90890278 204684
14 192 rs2073241 37128936 5 -5.367598531128312e-4 36999637 37128936 129299
14 86 rs1951039 26164609 1 5.356589809974929e-4 26150510 26308279 157769
14 712 rs1746596 102315459 1 -5.297093782532272e-4 102315459 102328945 13486
14 318 rs9652345 57020196 1 -5.293920848860156e-4 56972072 57020196 48124
14 504 rs1959730 83401758 1 -5.272945925195317e-4 83348149 83417466 69317
14 236 rs17114817 44723232 1 -5.256776603206534e-4 44723232 44862795 139563
14 224 rs1499378 42930316 1 5.086493164082067e-4 42731966 43030843 298877
14 363 rs8016446 63143743 1 5.000301683715384e-4 63125927 63159182 33255
14 489 rs17110817 81050435 2 4.992704044229573e-4 81008723 81207288 198565
14 522 rs4904248 85881928 3 4.87829650074064e-4 85870837 85924741 53904
14 133 rs944464 32453861 1 4.806865490988114e-4 32427796 32460060 32264
14 97 rs4127782 27326991 2 -4.661171835874027e-4 27293442 27404781 111339
14 699 rs3825569 101350298 1 -4.606332804859849e-4 101349454 101350298 844
14 153 rs12433171 33818271 1 -4.5590540433998217e-4 33807653 33825093 17440
14 458 rs117254981 77294729 2 4.557153750391722e-4 77231722 77305508 73786
14 193 rs4477602 37151655 3 -4.54508252575629e-4 37150160 37178991 28831
14 668 rs8017036 99016766 1 4.4868328033207126e-4 98996159 99053964 57805
14 633 rs11626868 96329369 1 -4.4188355919572793e-4 96329369 96389594 60225
14 42 rs8022578 22570185 1 4.381725694460704e-4 22544393 22590996 46603
14 538 rs12323760 88346850 1 -4.33932381749687e-4 88256925 88383098 126173
14 565 rs1742098 91168417 3 4.270756172087455e-4 91124934 91183327 58393
14 45 rs3811266 22747055 4 -4.1981274372279807e-4 22741734 22756270 14536
14 54 rs2065047 23266749 1 -4.167551357082503e-4 23259699 23284168 24469
14 737 rs3825762 105752404 3 4.095528703477152e-4 105673692 105752404 78712
14 56 rs4982704 23363537 1 4.060037415371307e-4 23322613 23467280 144667
14 376 rs170680 65271311 4 -4.006700484092997e-4 65230358 65281944 51586
14 248 rs4900734 47744407 3 3.991801256099717e-4 47580825 47824521 243696
14 608 rs7143120 95163142 1 3.7857495336514265e-4 95154860 95170852 15992
14 630 rs1951990 96206984 1 3.7799344891972336e-4 96151754 96222770 71016
14 140 rs1111692 32942539 1 -3.770136440299954e-4 32942539 32949330 6791
14 724 rs10147939 104378232 1 -3.75773707999599e-4 104194228 104516262 322034
14 246 rs12590500 47426637 1 -3.7313103741794896e-4 47241493 47447920 206427
14 478 rs8020920 79226876 1 3.66817409346836e-4 79219967 79226876 6909
14 440 rs3742768 75759060 1 3.666101034735716e-4 75759060 75782101 23041
14 197 rs712399 37389296 1 3.552320112392137e-4 37352231 37430306 78075
14 231 rs7142687 44144630 1 3.4747313585294407e-4 44034561 44144630 110069
14 591 rs36099812 93708759 1 -3.450260314704229e-4 93708759 94160611 451852
14 327 rs8010711 57612996 1 3.3194306496045733e-4 57612996 57620026 7030
14 536 rs1288748 88120070 5 3.2399747885315214e-4 88063092 88174839 111747
14 439 rs741847 75722496 2 3.2345220393010556e-4 75709566 75734471 24905
14 407 rs13379247 70521763 4 -3.226276236070074e-4 70474008 70553891 79883
14 573 rs1285838 91877512 4 3.2148348304272394e-4 91846680 92073188 226508
14 270 rs4901067 51417886 5 -3.1286754149139695e-4 51417886 51489582 71696
14 101 rs203596 27769725 3 -3.1186054504230064e-4 27720455 27895275 174820
14 89 rs12432888 26538918 1 3.0744007554657174e-4 26538918 26563796 24878
14 607 rs12886622 95116465 2 3.0205907518545197e-4 95096255 95145969 49714
14 370 rs10152067 63916963 1 -2.8869824822301657e-4 63916963 64029781 112818
14 367 rs17824323 63690297 4 2.855883618431839e-4 63591740 63692593 100853
14 100 rs2146630 27558363 2 2.8015599417952666e-4 27558363 27705881 147518
14 485 rs17175506 80408653 8 2.742006579144738e-4 80408653 80551109 142456
14 15 rs12590446 21024786 1 2.501677073837895e-4 21024619 21024786 167
14 50 rs1154153 23001547 2 2.4367067064261984e-4 22999617 23009999 10382
14 206 rs8013066 38747106 2 -2.435217393345825e-4 38721995 38752752 30757
14 324 rs709998 57426795 1 2.4143987391758633e-4 57375058 57454439 79381
14 36 rs2049786 22091105 1 2.3605076084724937e-4 22091105 22091105 0
14 315 rs3912200 56594745 2 2.2948925699892468e-4 56594745 56794315 199570
14 323 rs7161116 57309063 2 2.130596488102688e-4 57249778 57319132 69354
14 305 rs3783637 55348118 2 2.1268657304691235e-4 55236176 55546326 310150
14 621 rs942328 95823078 1 2.1079662369237053e-4 95823078 95823870 792
14 339 rs10149208 59243338 3 1.993281175409303e-4 59231914 59318961 87047
14 634 rs8011771 96431357 1 1.9247847445987633e-4 96399382 96526471 127089
14 595 rs4905092 94300230 4 1.8986930853806777e-4 94295459 94322629 27170
14 618 rs3742332 95645872 1 1.8783868239982104e-4 95645872 95666260 20388
14 169 rs9322931 34488042 1 -1.829831175083937e-4 34467340 34488042 20702
14 561 rs4508365 90600701 1 -1.8213351963854464e-4 90600701 90660139 59438
14 494 rs11499034 81972441 4 1.815912940984776e-4 81945991 82044026 98035
14 437 rs2304707 75022271 1 -1.8084014428309595e-4 75022271 75083881 61610
14 155 rs3742932 33873238 1 1.8065565204857285e-4 33865515 33885682 20167
14 74 rs3212251 24809185 2 1.786465081530307e-4 24799358 24852046 52688
14 44 rs12881142 22736520 7 -1.7330018905229502e-4 22652562 22737591 85029
14 281 rs8020243 52378020 6 -1.7144179601821365e-4 52378020 52425506 47486
14 26 rs113995906 21502431 1 -1.6906814678173285e-4 21502110 21502431 321
14 127 rs4981796 31305751 1 -1.6632407000180112e-4 31305751 31329598 23847
14 73 rs10134537 24760764 1 1.5691801172536417e-4 24736390 24775846 39456
14 456 rs1676284 77063816 1 -1.5592547369215327e-4 77063816 77219310 155494
14 549 rs11846050 89811286 1 1.4905936220822256e-4 89748882 89811286 62404
14 431 rs78901745 73989145 2 1.4889514022459194e-4 73750002 73989816 239814
14 695 rs12892451 101139536 1 1.4613940739149087e-4 101130576 101139536 8960
14 614 rs732964 95346359 1 1.3882416834255085e-4 95345487 95346359 872
14 179 rs12433953 34958175 3 1.385692092022656e-4 34958175 35139380 181205
14 559 rs4900016 90305660 2 -1.36573998037571e-4 90295697 90451500 155803
14 708 rs9324033 101869029 1 1.271217128117318e-4 101835195 101872299 37104
14 129 rs10149122 31553136 3 -1.1533197012932104e-4 31433473 31583512 150039
14 613 rs11160219 95335491 1 1.1516648033806505e-4 95335491 95337680 2189
14 80 rs8012205 25426899 4 1.1003575187342776e-4 25352748 25426899 74151
14 498 rs1652583 82542096 1 -1.0451152923793256e-4 82542096 82646801 104705
14 262 rs7159113 50406826 1 1.0363774792782466e-4 50406826 50442658 35832
14 575 rs12589892 92161018 1 -9.9779315655896e-5 92159558 92293518 133960
14 580 rs8018746 92907993 1 -9.791507452960846e-5 92849593 92911351 61758
14 138 rs3784182 32876958 1 9.484967557124708e-5 32842066 32876958 34892
14 564 rs8010410 91095838 1 -9.232935051672483e-5 91095838 91116870 21032
14 669 rs1951094 99070367 1 -9.124960667831854e-5 99067777 99137635 69858
14 487 rs2195583 80805862 1 -8.811575191227411e-5 80792090 80827438 35348
14 674 rs4905794 99479669 1 8.760135565425044e-5 99479669 99479669 0
14 152 rs912854 33765935 1 -8.185362413104156e-5 33744464 33792989 48525
14 387 rs8021730 67886781 1 -7.965077629383432e-5 67886781 67886781 0
14 334 rs9323319 58331315 1 -7.943965637597519e-5 58331315 58446570 115255
14 445 rs2287016 76045858 1 -7.67065443164752e-5 76031313 76063344 32031
14 586 rs9791 93170993 1 -7.492080237458387e-5 93134376 93170993 36617
14 396 rs12890235 69089903 2 6.944862497770181e-5 69077457 69126744 49287
14 404 rs10130729 70307792 1 -6.717663378095794e-5 70226487 70307792 81305
14 21 rs1888567 21213861 2 -6.71713398766702e-5 21203159 21236181 33022
14 604 rs11160187 94978997 1 6.049092827792295e-5 94940717 94978997 38280
14 592 rs8018220 94223599 2 -5.900994161246776e-5 94204438 94223599 19161
14 619 rs17091967 95717610 1 -5.807263725416367e-5 95705236 95749011 43775
14 106 rs2224437 28990427 1 5.644209969515018e-5 28990427 29007707 17280
14 518 rs4904228 85478932 1 5.291481109869429e-5 85312811 85478932 166121
14 615 rs1768111 95362152 1 -4.967498453132933e-5 95361596 95390794 29198
14 131 rs12432377 32282564 2 -4.9486135535019494e-5 32048488 32368934 320446
14 132 rs12878913 32390458 1 4.7697789055060224e-5 32389856 32413685 23829
14 420 rs2190631 72587872 1 4.745332322834721e-5 72553387 72658681 105294
14 596 rs12587750 94339156 2 4.6088579769881094e-5 94331816 94339156 7340
14 414 rs12589331 71343331 1 4.1290952953762335e-5 71343331 71343331 0
14 527 rs1394706 86723836 6 3.403799777687089e-5 86722953 86821900 98947
14 359 rs7142146 62555111 3 2.6281671557516805e-5 62518883 62599405 80522
14 464 rs1861889 77763801 1 -2.5083516745111768e-5 77726516 77810543 84027
14 649 rs10130832 97564255 1 2.3348134983796277e-5 97530928 97565056 34128
14 247 rs1539224 47535917 1 2.2987410755074412e-5 47473866 47562060 88194
14 198 rs718998 37442671 1 -1.7396318772032758e-5 37442671 37442671 0
14 488 rs10146560 80891078 2 -9.787843151570514e-6 80862160 80971261 109101
14 119 rs720761 30641789 2 -5.8758858453030296e-6 30619554 30678400 58846
14 501 rs10131165 83048812 1 5.691428024034402e-6 83037118 83116478 79360
14 103 rs1954596 28335353 5 5.220141987832307e-6 28333418 28446721 113303
