CHR Group SNP.lead BP.lead Size W BP.min BP.max BP.width
18 91 rs1059442 56416693 16 0.06020818590218775 55859854 56518513 658659
18 113 rs1788103 67538824 5 0.04836030327774895 67493884 68027361 533477
18 49 rs2278664 21719327 15 0.03887191990909796 20879217 21762678 883461
18 65 rs61735998 34289285 16 0.03377853559222055 33802526 34810178 1007652
18 70 rs1835499 40335882 16 0.03345833725842975 39428052 41083535 1655483
18 95 rs17773430 57963117 7 0.02627481236468033 57529291 58067037 537746
18 111 rs17080654 66898945 11 0.01941958016809353 66800137 67160595 360458
18 68 rs4476248 36384352 13 -0.01885694378852494 36083127 37896596 1813469
18 106 rs12455246 63498880 8 0.01846328140505514 63204981 64205891 1000910
18 75 rs6507741 44999857 16 -0.01842033260158455 44335724 45118805 783081
18 57 rs8088478 26413621 13 0.01793068081566963 25941461 27223970 1282509
18 78 rs937019 45981769 11 0.01601340062708099 45821540 46217774 396234
18 109 rs17078903 65982452 4 0.0140379239718048 65848177 66175662 327485
18 3 rs11081461 923230 10 -0.01367906623647062 920151 1466512 546361
18 115 rs649809 69160304 10 0.01336697751853453 68723356 69334079 610723
18 31 rs4798712 8890011 5 0.01312613279357982 8711942 8950560 238618
18 43 rs2096847 12415136 8 0.01214017263786211 12300936 13271319 970383
18 9 rs1785272 3314310 4 0.01193870720288942 3162390 3347813 185423
18 105 rs1179816 62813641 5 -0.01192774857627831 62608159 63196837 588678
18 64 rs1540043 33691313 7 0.01181888269335663 33063368 33781725 718357
18 89 rs12958967 55315959 3 0.01179884684572869 55247454 55682592 435138
18 14 rs8085726 4370882 1 0.01176836631677007 4237574 4376022 138448
18 92 rs17835556 56818766 6 0.01117624244944797 56578953 56828687 249734
18 19 rs7242770 5647875 5 0.01089002252308929 5643417 5843069 199652
18 38 rs12608436 10797856 10 -0.0107839536738717 10663094 10843483 180389
18 122 rs1573486 71955979 7 0.0104046580575643 71671333 72073178 401845
18 45 rs1648618 13487485 9 -0.00970007445556516 13458063 14090271 632208
18 102 rs7230508 61226159 9 0.00936174432335157 60966397 61631447 665050
18 48 rs2278452 20774097 4 0.00935592073235533 20010336 20819090 808754
18 54 rs11083175 24217557 7 -0.00871004123615069 24111764 24414687 302923
18 58 rs4420605 27907683 9 0.00849125737209018 27239696 28545570 1305874
18 136 rs7228520 77385879 5 -0.0084434700431399 77232709 77916015 683306
18 74 rs948570 44292598 10 -0.00808278035949069 43897107 44292598 395491
18 4 rs8090522 1542523 4 0.00783745969002757 1481898 1901534 419636
18 116 rs4572503 69935826 7 0.00757984596754047 69401163 70054042 652879
18 123 rs2887 72252137 6 -0.00752098031519553 72081736 72774673 692937
18 0 rs618671 362199 3 0.00717747597529401 139767 491967 352200
18 36 rs535164 10187078 8 -0.00710567267337679 10167139 10295284 128145
18 25 rs8088532 7082526 1 0.006781626559589 7054431 7169723 115292
18 40 rs7239176 11452145 8 0.006764853555196 11232515 11583447 350932
18 88 rs1657393 54699493 10 -0.00559865783398395 54265847 55201461 935614
18 33 rs7228240 9729894 5 0.0053635810948036 9710554 9787464 76910
18 82 rs17805042 48324575 12 0.00523230404973306 48250288 48974344 724056
18 41 rs787554 11862697 4 0.00521869125717265 11666215 11878535 212320
18 99 rs567629 59641926 6 0.00519048691756226 59472346 60000477 528131
18 32 rs16955101 9429811 10 0.0051171952424329 8972284 9685268 712984
18 55 rs590651 25128787 8 0.00494073847740185 24489062 25298983 809921
18 60 rs8094212 29034304 9 0.00477897882789952 29018114 29558592 540478
18 24 rs7244230 6939755 6 0.00473270476608568 6851557 7034508 182951
18 28 rs1441002 7887531 2 0.00469040141041029 7706347 8135770 429423
18 56 rs8090764 25416758 8 -0.00435158203155151 25313101 25904868 591767
18 67 rs7236386 35577756 13 -0.00421090309237889 35078723 36060187 981464
18 121 rs11151899 71499151 4 -0.00409657441758939 71499151 71626962 127811
18 53 rs17224558 23854692 8 0.00375832539079996 23014701 24062211 1047510
18 51 rs4800201 22636415 9 -0.00353980651844307 22135024 22731360 596336
18 100 rs6567313 60702324 9 0.00350115624919223 60014463 60754772 740309
18 47 rs1465501 19814796 8 0.00336763367875626 18570235 19954143 1383908
18 93 rs12606330 57182339 15 0.00334510284626184 56849429 57212391 362962
18 107 rs3886594 65223793 9 -0.00322343238945037 64255420 65263773 1008353
18 108 rs7230431 65421671 15 -0.00316933442250672 65290714 65804001 513287
18 8 rs11665524 2978535 4 0.00309172120431087 2951876 3133302 181426
18 112 rs4891764 67320971 6 0.00301444122474909 67180067 67469275 289208
18 6 rs2346918 2444569 4 -0.00298267870762884 2308245 2639451 331206
18 96 rs17701572 58680913 6 -0.00285289551889859 58104556 58809023 704467
18 126 rs4144440 73630428 9 -0.00276760899775154 73528080 74055588 527508
18 124 rs652015 72898905 2 0.00265329473929211 72813958 72933187 119229
18 84 rs9951523 49867224 1 0.00264791678305099 49804768 50135346 330578
18 52 rs4131294 22772210 2 -0.00254893019465826 22772069 22989234 217165
18 114 rs17082769 68204223 4 0.00245078391844392 68062874 68695033 632159
18 129 rs966782 74772891 1 0.00239332410693655 74496416 74782069 285653
18 20 rs6506355 5971493 1 0.00239098555779184 5926216 6092335 166119
18 81 rs12959102 47786639 14 0.00238527816965457 47566647 48226068 659421
18 26 rs461096 7192456 2 -0.00238367422569682 7188754 7360317 171563
18 10 rs8083633 3522006 4 0.00238170668710939 3373062 3522006 148944
18 37 rs206605 10335737 3 0.00228677966562124 10323659 10597874 274215
18 59 rs976751 28748936 5 0.00204942183545016 28584556 28988468 403912
18 12 rs11081080 3954314 2 0.00203371528174725 3736629 4025719 289090
18 104 rs7227796 62502996 4 0.0019729316610037 62100203 62540568 440365
18 128 rs17649837 74372433 9 0.00194039100784352 74327084 74449883 122799
18 76 rs9965294 45536694 3 -0.00186088433293726 45132081 45599434 467353
18 77 rs4940250 45625755 5 -0.00182514800305867 45624977 45793917 168940
18 72 rs2543016 42963726 6 -0.00180136111138514 42313262 42966587 653325
18 90 rs4528665 55715670 2 0.00174174769275413 55709155 55839162 130007
18 63 rs657018 32558960 10 -0.00164666858537236 31906011 32891656 985645
18 46 rs785989 14902902 3 0.00161602817677696 14352092 14978677 626585
18 11 rs12457197 3680476 2 0.00158775766417963 3606272 3693772 87500
18 117 rs9966507 70308101 2 0.00156438487500664 70099656 70488219 388563
18 134 rs2015066 76496620 5 0.00154232789584538 76242139 76502001 259862
18 1 rs577110 603871 1 -0.00146980919552084 533191 603871 70680
18 29 rs12965261 8218296 6 0.00145358501772394 8207445 8410522 203077
18 30 rs12607517 8436239 3 0.00144121830486598 8436239 8656598 220359
18 34 rs8082842 9814778 2 0.00135517547201844 9814778 10029510 214732
18 18 rs1965652 5448728 1 0.00132499201048396 5351610 5590926 239316
18 133 rs1876021 75954881 3 0.00129917315921035 75858655 76187084 328429
18 119 rs17087818 71218924 13 -0.00123120174920394 70741699 71239581 497882
18 79 rs4939826 46453406 1 0.00118653614004391 46263316 46539469 276153
18 135 rs12457377 76558607 5 -0.00107934461499273 76512308 77147472 635164
18 69 rs226663 38292951 10 0.00105612766689989 37945427 39408516 1463089
18 16 rs188357 5071785 4 -0.00104847960501766 4772807 5079328 306521
18 13 rs11660659 4056012 4 9.517970870281796e-4 4056012 4201153 145141
18 94 rs4940906 57477991 3 -8.905650433958939e-4 57218840 57503378 284538
18 87 rs421544 54123365 2 8.899238654335965e-4 53813720 54243554 429834
18 27 rs6506515 7503516 2 -8.286658926337375e-4 7377381 7635681 258300
18 17 rs599322 5148001 1 8.072065201465133e-4 5096936 5298759 201823
18 80 rs2000813 47093864 7 -7.782497761755006e-4 46564559 47521160 956601
18 22 rs1941500 6547131 1 -7.501591534967231e-4 6547131 6603954 56823
18 15 rs16946716 4425743 4 -6.728385863699919e-4 4400387 4718609 318222
18 110 rs9963985 66407942 4 6.703393543113044e-4 66234749 66600079 365330
18 85 rs16955409 50230957 14 -6.477644682389254e-4 50158120 51183679 1025559
18 21 rs882838 6429648 1 5.835787564767445e-4 6283038 6487465 204427
18 5 rs1940670 2042445 1 -4.607463523159302e-4 1970379 2200876 230497
18 103 rs2193860 62053185 5 -3.391829871736789e-4 61663317 62085800 422483
18 83 rs10520816 49517302 6 3.370917998450874e-4 49043350 49777309 733959
18 131 rs6566009 75295978 2 -2.953015590290118e-4 75127574 75377547 249973
18 130 rs1667923 74885751 4 2.767124065579569e-4 74848698 75108039 259341
18 127 rs689902 74119969 1 -2.4064469150180036e-4 74086826 74277674 190848
18 132 rs6566047 75652876 2 -2.344949031082193e-4 75390648 75822359 431711
18 62 rs10502621 31383571 7 2.1085707170637484e-4 30268788 31763797 1495009
18 71 rs2124710 41875201 6 -1.9612633894919537e-4 41168311 42298323 1130012
18 98 rs2032366 59266371 3 -1.6180320442361331e-4 59246069 59404286 158217
18 97 rs242654 58855021 3 1.5873355016079795e-4 58824736 59166541 341805
18 50 rs12968809 22104886 1 -1.56785379222423e-4 21800299 22124418 324119
18 61 rs16963205 29930576 5 -1.420592231796275e-4 29621938 30259109 637171
18 125 rs7228334 73500233 9 -1.173881119419188e-4 72943863 73515143 571280
18 86 rs8305 51820805 8 -1.1460492194757636e-4 51213366 53729156 2515790
18 101 rs17756073 60809783 2 -9.837245089189218e-5 60809783 60936047 126264
18 23 rs4798481 6693107 3 7.228112806096569e-5 6635800 6834651 198851
18 120 rs11663487 71472843 1 -6.463448812700243e-5 71294169 71472843 178674
18 44 rs9953274 13317297 3 6.312454805358029e-5 13294262 13434152 139890
18 73 rs10502868 43153949 7 -4.8058701718520225e-5 42973922 43840064 866142
18 2 rs1059393 672836 1 1.0786862468654955e-5 631435 900789 269354
