CHR Group SNP.lead BP.lead Size W BP.min BP.max BP.width
3 356 rs10513547 159672597 16 0.48924964616371786 159635428 159899731 264303
3 270 rs2293370 119219934 18 0.14930478286898594 119107277 119506880 399603
3 70 rs6799397 16951768 14 0.08331111237331842 16667968 17147963 479995
3 273 rs9282641 121796768 15 0.06369065329601614 121340955 121970020 629065
3 336 rs11919764 149187235 10 0.06215808613735231 149178661 149302530 123869
3 92 rs4681018 25384461 6 0.05646068492923955 25335519 25495637 160118
3 69 rs538525 16376279 12 0.04264668588054266 16293151 16656331 363180
3 318 rs10935453 141747640 4 0.04067472984780947 141440993 141867638 426645
3 139 rs1042779 52821011 14 0.04013144662896291 51863322 53147886 1284564
3 126 rs9842265 39337941 13 0.04004171764180561 39280034 39565281 285247
3 352 rs2128535 156789192 10 0.03773920499585756 156372191 157272382 900191
3 194 rs9828629 71530346 7 0.0372127772254569 71360708 71697761 337053
3 282 rs867805 124909866 4 0.03643921415593856 124840018 124926054 86036
3 86 rs4131864 23985809 9 0.03533119607224245 23748920 24169361 420441
3 337 rs2130319 149493646 4 0.03247440172190875 149347571 149737819 390248
3 269 rs2117768 118800404 18 0.03231936283660953 118543021 119067735 524714
3 393 rs6789946 177374031 4 0.02947702124516611 177189575 177474472 284897
3 187 rs7611476 69269236 13 0.02889088583948603 68603563 69269236 665673
3 174 rs7638389 64729892 19 0.02876436582415459 64677505 65021946 344441
3 435 rs9856076 190987344 5 0.02839899006869412 190873984 190987344 113360
3 312 rs1426033 139710090 3 0.02839695236549792 139393833 139827472 433639
3 245 rs6779094 108081277 13 0.02686341352878509 107737386 108633112 895726
3 353 rs963354 157393770 16 0.02603458043508603 157313589 158674592 1361003
3 335 rs977333 149070226 3 0.02489895927602559 148993158 149104849 111691
3 84 rs7609845 23615762 16 0.02487982495625197 22686512 23642466 955954
3 24 rs3804993 4750674 6 0.02425930091234417 4713093 4838819 125726
3 192 rs6790743 70957896 8 0.0241691900303908 70606921 71208815 601894
3 355 rs1675497 159582382 5 0.023284251177563 159402180 159609989 207809
3 308 rs10935263 137415813 2 0.02134332927753025 137253713 137482363 228650
3 62 rs1865884 14411655 12 0.02119065489750705 13864338 14411655 547317
3 342 rs3971191 151041513 11 0.02114581698015974 150792444 151342245 549801
3 229 rs6440719 99328500 7 0.02005854696101935 98798173 99367869 569696
3 108 rs6550005 30650064 14 0.01923300104774523 30540436 30725645 185209
