CHR Group SNP.lead BP.lead Size W BP.min BP.max BP.width
1 370 rs3790566 67814440 9 0.26067739631773224 67811356 67982128 170772
1 819 rs12134279 197781198 12 0.10675991833401266 197313189 197919693 606504
1 831 rs3767498 201020727 7 0.0703673351425617 200877562 201052199 174637
1 641 rs3761959 157669278 9 0.05985238883474526 157485504 157804260 318756
1 6 rs3748816 2526746 4 0.05711946945683011 2513216 2713327 200111
1 951 rs11118895 222093006 15 0.04911622553322301 221915967 222211329 295362
1 588 rs10924106 117053745 4 0.04537369157027504 117053745 117127417 73672
1 868 rs1772145 205695695 10 0.04003734974674439 205648707 205857654 208947
1 172 rs11247963 26855401 2 0.03802391219679747 26741106 26877708 136602
1 976 rs2036775 229377038 1 0.03797279264701355 229377014 229462625 85611
1 873 rs3024505 206939904 4 0.03581972679990061 206939904 207035647 95743
1 59 rs4908830 9297871 5 0.03467029490001731 9292282 9341038 48756
1 910 rs340839 214161820 7 0.03212857732079283 213965429 214161820 196391
1 613 rs267738 150940625 9 0.03188372967298138 150551327 151316324 764997
1 624 rs4240872 154436195 3 0.03128807790400749 154410955 154681950 270995
1 773 rs1689797 182150978 4 0.03081834307265132 182053214 182269701 216487
1 739 rs2205960 173191475 6 0.03070143966972583 173103273 173284199 180926
1 166 rs12403541 25382556 4 0.03019148091219087 25322574 25421990 99416
1 357 rs12409333 65417839 7 0.0300017369548553 65190713 65439566 248853
1 369 rs41313262 67705900 9 0.02687863157012366 67599657 67760140 160483
1 512 rs1543421 101315934 3 0.02680496480165644 101222807 101638999 416192
1 159 rs12401982 24372971 2 0.02666583111841378 24372971 24421474 48503
1 805 rs2816316 192536813 4 0.02651024524163977 192502783 192544795 42012
