CHR Group SNP.lead BP.lead Size W BP.min BP.max BP.width
4 458 rs7665090 103551603 8 0.11548583678005096 103448582 104340317 891735
4 737 rs11733331 175076940 3 0.04576513136523857 175025442 175076940 51498
4 2 rs3755963 894255 10 0.04328353642251482 712222 941290 229068
4 447 rs6849832 101120472 8 0.04081213635844152 100740709 101131209 390500
4 466 rs7678440 106178902 10 0.04045426047742471 106048291 106472577 424286
4 261 rs11931912 48134118 11 0.03646456281229156 47731360 48222818 491458
4 403 rs11097166 88611344 7 -0.03530811805312583 88601464 88856733 255269
4 338 rs4600889 72337490 2 0.03175828619423587 72149030 72412029 262999
4 542 rs4446326 126688743 4 -0.02821505705088403 126524825 126696308 171483
4 44 rs16838780 6417785 3 0.02790880906128441 6401102 6507841 106739
4 326 rs1371863 68192816 7 0.02706659605347092 68061633 68453189 391556
4 10 rs17681870 2702115 4 0.02336465768566881 2460546 2826400 365854
4 97 rs10155296 15175539 2 0.02248907719064483 15154795 15223639 68844
4 700 rs2322122 166455839 6 0.02244067299707483 166453722 166592304 138582
4 171 rs13110484 27757391 3 0.02202498007520127 27715503 27814738 99235
4 655 rs7692387 156635309 1 -0.02140218879680973 156622727 156727377 104650
4 646 rs2404903 155071496 1 0.02117143776430408 155062069 155243604 181535
4 439 rs9997401 98209654 2 -0.0207019009920594 98098473 98432390 333917
4 467 rs1374530 106523977 2 -0.0205559348448355 106516028 106926748 410720
4 85 rs2903351 12707180 5 0.02027551476690088 12361202 12725738 364536
4 72 rs4697909 9896760 2 0.01969672805101227 9804556 9912101 107545
4 165 rs6855865 27011357 4 0.01882963837263516 26831827 27045049 213222
4 629 rs2290847 151199497 7 -0.01881256818857877 150955500 151284982 329482
4 521 rs1587734 120809455 5 0.01857561072457494 120704766 120968070 263304
4 401 rs10433937 88230100 7 -0.01790527344999426 88159940 88468852 308912
4 668 rs6849580 159950990 1 0.01770619935605348 159881479 160132990 251511
4 260 rs4695248 47555196 3 0.01765095917251996 47548254 47705578 157324
4 642 rs6535930 154540056 2 0.01737006356942633 154513627 154540743 27116
4 405 rs4693933 89139002 6 -0.01733028970820786 89050998 89228455 177457
4 531 rs6836610 123601697 5 0.01732123810931065 123578850 123752017 173167
4 721 rs12510576 171044796 3 0.01633226493816979 171009360 171244684 235324
4 547 rs17011836 127827145 6 0.01595079662754019 127438435 128167093 728658
4 365 rs147332320 79176444 6 0.01569922881208613 79118533 79432455 313922
4 319 rs4364313 66289167 4 0.01480007852790147 66142596 66381581 238985
4 626 rs6826460 149605653 4 -0.01467088667585514 149461969 149713872 251903
4 271 rs17230634 55480024 3 0.01460841322651151 55434828 55575144 140316
4 427 rs7694491 95290250 5 -0.01435192460275602 95035175 95589337 554162
4 774 rs1546680 180411508 5 0.01431450605410693 180313511 180542333 228822
4 335 rs17148759 71221837 13 -0.01428337976820676 71051031 71426541 375510
4 383 rs953534 83617849 5 0.01407208034075702 83527733 83673572 145839
4 455 rs10031210 102714886 5 0.01374319535042909 102714886 103016878 301992
4 827 rs12650715 185776850 1 0.01358783942525699 185767176 185791901 24725
4 859 rs4862860 189022420 3 -0.01316914099289031 188971489 189101773 130284
4 545 rs11938961 127255447 1 0.01310830590010783 127201582 127265065 63483
4 823 rs6812958 185325242 1 0.01300512124082122 185278885 185325242 46357
4 355 rs10025494 77189380 7 0.01297577252457434 77139510 77424167 284657
4 769 rs1947202 179705308 4 -0.01284837147565798 179563805 179705308 141503
4 216 rs10018389 38046569 10 -0.01282309728992065 37903382 38092096 188714
4 425 rs9991641 94733470 1 -0.01278962313493263 94616814 94741522 124708
4 614 rs6537382 146867376 4 0.01258379901661494 146685889 146870683 184794
4 648 rs10014500 155420487 3 -0.01249855889149576 155364122 155542248 178126
4 240 rs6447066 41407668 2 -0.01243816411509216 41406368 41526749 120381
4 392 rs1442164 85274948 4 -0.012412856083871 85090749 85294388 203639
4 51 rs9991298 7170562 2 0.01219417436309428 7170562 7183984 13422
4 317 rs9918005 65423635 6 -0.01201850176673259 65309971 65549349 239378
4 738 rs12651020 175121923 3 0.01201831290337102 175103590 175126378 22788
4 288 rs12642622 57902276 4 0.01193028730072577 57686657 57923774 237117
4 528 rs6534309 122609929 5 0.01174967334166762 122473563 122653300 179737
4 270 rs17747127 55241063 3 0.01172782821231428 55225121 55424655 199534
4 689 rs950565 164529829 1 -0.01169753313105183 164492395 164564775 72380
4 576 rs17239822 137716037 4 0.01165697382356767 137650213 137775757 125544
4 701 rs1380355 166602585 4 -0.01145186844678623 166602585 166679175 76590
4 332 rs1432316 70463600 2 -0.0111713345744791 70299686 70516520 216834
4 354 rs10008757 76903036 7 0.01106196076839455 76857309 77128026 270717
4 733 rs17264076 174605859 5 -0.01103271042982486 174530927 174606591 75664
4 762 rs12498926 178514984 1 0.0110207362516063 178514984 178598308 83324
4 361 rs7679224 78321522 3 -0.01049397040823738 78168932 78330433 161501
4 111 rs2697707 17427573 6 0.01040935996145934 17385551 17451760 66209
4 386 rs13122305 84152973 5 0.01009236729228786 84140400 84216941 76541
4 404 rs2725264 89026109 2 -0.01003548306641493 88889605 89026109 136504
4 530 rs1022234 123563078 6 -0.00996424654354894 122947939 123563078 615139
4 20 rs12504020 4524826 2 -0.00994399456372815 4445315 4562916 117601
4 114 rs740672 17782264 8 0.00985439761059312 17781209 18203435 422226
4 724 rs715990 172108672 5 -0.00983030550813066 171788150 172203928 415778
4 573 rs2897153 137105336 3 0.00976844815788164 136993300 137359917 366617
4 739 rs7685956 175422196 3 0.00974243227211765 175246203 175422289 176086
4 18 rs2980164 4297389 7 0.00972432175179623 4267298 4360381 93083
4 391 rs2091745 84961080 3 0.00968652634583568 84957198 85056551 99353
4 89 rs2058579 13689343 2 -0.00966411314746136 13600993 13783235 182242
4 623 rs7660368 148987972 6 0.00952061832205404 148936414 149131264 194850
4 577 rs1589127 137885582 1 0.00930219344285908 137874783 137964269 89486
4 61 rs12641498 7917574 3 0.00921563776761606 7752091 7917574 165483
4 555 rs6836368 130751286 4 0.00915438817886389 130661821 131062875 401054
4 740 rs2877818 175475479 2 -0.00915079548211772 175434394 175479552 45158
4 399 rs12507758 87351740 4 -0.00911311755882519 87231768 87743984 512216
4 100 rs2286461 15963673 4 0.00906853680081294 15930961 15964863 33902
4 400 rs447990 88033352 6 0.00905187843526102 87754419 88148812 394393
4 50 rs6836687 7151812 1 0.00903729046982019 7146033 7151812 5779
4 106 rs283029 16698184 4 0.00901578889369566 16698184 16786858 88674
4 420 rs4455379 92673841 4 0.00897330878479565 92651110 93198845 547735
4 0 rs6817633 181832 1 0.00876765112590176 85422 181832 96410
4 636 rs7664303 153829996 1 0.00863542856568501 153629791 153879878 250087
4 703 rs904246 167044948 3 0.00853145935937986 166996347 167083575 87228
4 206 rs13131463 36323014 5 -0.00845876675443857 36310049 36517634 207585
4 87 rs10939464 13081396 5 -0.00844795171499129 13023307 13118169 94862
4 101 rs2286455 16020162 3 0.00844091495312601 15982480 16034634 52154
4 630 rs6839352 151887280 5 0.0084051509183525 151303318 152147441 844123
4 659 rs1123714 157409735 6 0.00837917260708703 157349944 157449624 99680
4 149 rs10517056 24885284 5 -0.00832944824041486 24836416 24940002 103586
4 298 rs6819968 59835266 9 -0.0083110071142234 59541966 59953116 411150
4 190 rs1510810 31665898 4 -0.00821782056255984 31413759 31758426 344667
4 348 rs4859417 75683161 3 -0.00812087444092824 75659256 75745515 86259
4 278 rs11729403 56267182 4 0.00811797876308297 56131739 56527767 396028
4 845 rs11931790 187340688 8 0.00805130681687045 187247089 187388958 141869
4 684 rs17042829 163671744 3 -0.00780741841305861 163432830 163713049 280219
4 799 rs9312290 183067139 1 0.00769231920071626 183047776 183111871 64095
4 67 rs4696796 8303557 2 -0.00761630695507198 8220029 8304137 84108
4 139 rs13118539 23631863 4 0.00751902159339858 23631863 23759757 127894
4 279 rs3214045 56874517 5 -0.00750404274472713 56551185 56874517 323332
4 653 rs1155097 156414715 4 0.00749266942974437 156153446 156517289 363843
4 212 rs17604934 37542764 1 0.00733035568705342 37542764 37542764 0
4 140 rs2932965 23805486 2 0.00731416128149777 23805486 23829314 23828
4 443 rs2032349 100062819 2 -0.00722226481360285 99719961 100238998 519037
4 220 rs6531631 38396739 4 0.00716556832158434 38395949 38492765 96816
4 601 rs3098027 142204581 4 0.00714876158775657 142117424 142331924 214500
4 511 rs10024264 117468423 2 0.00712650544002547 117245430 117475813 230383
4 620 rs17612742 148414651 2 0.00706931101813885 148306058 148491480 185422
4 717 rs6553418 170019039 3 0.00699136579590409 170008947 170077789 68842
4 714 rs7679564 169693353 4 0.00690708251131056 169689516 169745078 55562
4 694 rs12513081 165490671 2 0.00659936367777026 165490671 165516166 25495
4 88 rs10008923 13213672 1 0.00657770906949403 13130251 13526386 396135
4 587 rs10020229 139687856 3 0.00649955863526476 139636653 139717020 80367
4 398 rs12646076 87149917 5 0.00649330283986362 86935890 87151468 215578
4 549 rs1603886 129450677 3 -0.00630984535318735 129336928 129471494 134566
4 131 rs1913330 21929301 2 -0.00621485034298312 21707905 21986877 278972
4 438 rs7659471 97915370 3 -0.00621340669384076 97889973 98045861 155888
4 772 rs1379410 180131863 1 -0.00616287960624215 180131863 180193914 62051
4 442 rs12502429 99682017 5 0.00612969109949215 99541283 99703142 161859
4 76 rs13143997 10980181 6 -0.00610897365177226 10931588 11050420 118832
4 8 rs2236998 2256716 1 0.0060719665277694 2176454 2275835 99381
4 631 rs361191 152761633 8 0.00607095424514061 152172980 152779838 606858
4 13 rs16844747 3668328 2 -0.00598563729125548 3652592 3668328 15736
4 471 rs2672469 108462490 6 0.0058806305427132 108167905 108587771 419866
4 252 rs4326040 44870506 7 0.00583834923195889 44526544 44935266 408722
4 189 rs6448771 31397618 4 -0.00576017081186677 31319406 31397618 78212
4 557 rs1459288 131528197 6 -0.00573153044788713 131301036 131596752 295716
4 803 rs6552568 183449806 1 0.00569812163437214 183382591 183504017 121426
4 842 rs6852642 186917039 1 0.00567792203767813 186915297 186972741 57444
4 529 rs2071486 122740162 2 0.00560791505534612 122659704 122896734 237030
4 660 rs10005961 157558509 3 0.00548983523261021 157492586 157574035 81449
4 524 rs2122512 121830057 8 -0.00545577340003385 121645012 121974645 329633
4 824 rs890193 185343635 2 0.00538455640469143 185331977 185353799 21822
4 644 rs4286502 154865878 3 -0.00537794638523221 154787090 154938328 151238
4 750 rs4690665 177095908 1 -0.00533389412354724 176993039 177121983 128944
4 665 rs1410789 159179862 4 -0.00530452921453557 159127462 159189417 61955
4 184 rs6841092 30439397 1 -0.00524838502160747 30397570 30439397 41827
4 509 rs1940309 116086961 1 -0.00519535427653702 116074054 116667561 593507
4 710 rs590272 169181074 3 0.00517339433159235 168985670 169338127 352457
4 266 rs728587 54574680 2 0.00513458943984893 54557933 54638662 80729
4 227 rs16995300 39478264 4 0.00511033351621037 39452290 39748523 296233
4 593 rs1350038 140744599 2 0.00510229586644078 140724600 140795327 70727
4 495 rs6533631 113578266 8 -0.00508882029137402 113337560 113779891 442331
4 463 rs2051788 105450529 8 0.00498889756182643 105333354 105511810 178456
4 742 rs2029570 175675480 7 0.00495902835457967 175667606 175954859 287253
4 346 rs11725706 75328108 1 -0.00491963643815689 75199609 75410911 211302
4 456 rs10049581 103192893 6 0.0048963175225181 103105685 103218446 112761
4 143 rs6448251 24230323 3 -0.00488418276410805 24144512 24264901 120389
4 417 rs13148851 91917763 1 -0.00487841416550812 91819988 91974658 154670
4 481 rs61745483 110773048 3 0.00477473121081566 110663642 110953909 290267
4 210 rs3910363 37264831 1 0.00473265659838436 37264831 37335699 70868
4 662 rs4234914 158468178 3 0.00472672836393768 158131579 158468178 336599
4 679 rs13141240 162473868 5 0.00468104738733123 162382240 162607930 225690
4 613 rs4835012 146560838 1 -0.00464870936259646 146509970 146644389 134419
4 344 rs10518118 74751978 3 -0.00462887891038404 74667727 74863997 196270
4 166 rs2041627 27102429 3 -0.00460193398311866 27060775 27122947 62172
4 129 rs11730849 21438786 2 0.00457029717942857 21425057 21494981 69924
4 597 rs3104107 141449275 3 0.00454574840165819 141181146 141537771 356625
4 763 rs7677777 178683194 4 -0.00451373560120452 178646542 178812009 165467
4 211 rs6816980 37417596 5 0.00451063953846312 37390658 37528493 137835
4 116 rs4697637 18754324 1 -0.00443384866051059 18754324 18803502 49178
4 185 rs13115999 30641018 3 0.00441922044507224 30455150 30689598 234448
4 388 rs1674338 84571718 1 -0.00439824314929626 84374480 84604639 230159
4 606 rs7686660 144003159 4 -0.00438496845790036 143960787 144406061 445274
4 617 rs9784489 147216213 9 -0.00436225781513121 147180527 147469133 288606
4 619 rs2357604 148077418 7 0.00434705384313709 147941013 148289389 348376
4 242 rs2043905 41718139 1 -0.00432771850675371 41714272 41805686 91414
4 79 rs4916640 11507454 5 -0.00429910417724103 11424898 11524263 99365
4 182 rs6836424 30161847 3 -0.00427061455808485 30132119 30161847 29728
4 215 rs2290741 37849004 1 -0.00416526369770197 37768780 37862522 93742
4 248 rs920152 43068604 2 -0.00411313468834138 43019669 43260134 240465
4 222 rs6824105 38754189 8 0.00402443870500919 38570708 38754189 183481
4 251 rs7673940 44161454 3 -0.00400571466360245 44144150 44435685 291535
4 536 rs640246 125280852 8 0.0038982964160164 125073255 125465163 391908
4 628 rs10021126 150678416 4 -0.00389827200450024 150678416 150924437 246021
4 255 rs957858 45737256 4 0.00388077356483771 45737256 46152332 415076
4 498 rs10022885 114038963 1 0.00386707717941161 114038963 114080240 41277
4 223 rs6851685 38893843 9 -0.00381734412494613 38774785 38893843 119058
4 704 rs6826162 167450233 4 0.00381484488848072 167104872 167540460 435588
4 454 rs4640677 102658075 1 -0.00381185989524738 102574367 102679337 104970
4 770 rs7670541 179770149 3 0.00381150736913603 179770149 179930635 160486
4 847 rs1280100 187538133 3 -0.00376307016912873 187508057 187580706 72649
4 612 rs7662543 146464773 2 0.00372266217295679 146309232 146488327 179095
4 54 rs11734491 7350677 1 -0.00369365370857053 7347203 7352477 5274
4 861 rs952719 189271272 1 0.00366922074642029 189227731 189344863 117132
4 293 rs11725660 58328884 10 0.00362680457808542 58296826 58572081 275255
4 490 rs9307366 112233572 3 -0.00362419240216495 112217944 112497952 280008
4 522 rs12644766 121095379 6 -0.00361326427426509 120988552 121371794 383242
4 429 rs4552469 95708539 6 -0.00356695619632564 95703047 95892128 189081
4 725 rs12505546 172228547 4 0.00356522696735602 172228547 172540259 311712
4 299 rs1858317 60340339 2 -0.00356411468526046 59988095 60442490 454395
4 6 rs17680881 1732978 3 0.00354633394436005 1701317 1737262 35945
4 321 rs6815570 66797440 4 0.00354215943663191 66610307 67029494 419187
4 217 rs1344603 38109847 5 0.00352588176694625 38109847 38193772 83925
4 264 rs11939189 54089331 4 -0.00349521668227269 53893156 54377540 484384
4 339 rs2177921 72531761 1 0.0034879406454097 72425863 72545947 120084
4 444 rs729147 100333267 3 0.00347645259286936 100247351 100335586 88235
4 205 rs13152028 36060318 3 0.00347377966079193 36046629 36293143 246514
4 563 rs12501689 133786573 1 0.00347054179874475 133772334 134083486 311152
4 757 rs13124830 178036711 2 -0.00344277082522048 178001276 178100729 99453
4 213 rs3849016 37648708 2 -0.0034351597763975 37575251 37648845 73594
4 658 rs13149529 157324100 3 -0.00343038998028817 157166746 157345022 178276
4 41 rs1801212 6302519 1 -0.00339660764168687 6270056 6342213 72157
4 565 rs17025316 134409421 1 -0.00336885903368698 134409421 134626218 216797
4 357 rs17002218 77725091 1 -0.00335873600663813 77725091 77763831 38740
4 306 rs6854914 62076443 3 0.00333649659732087 61984568 62140177 155609
4 709 rs17525095 168768607 4 -0.00332726396572184 168626439 168898057 271618
4 378 rs6819863 82667620 4 0.00329735109225424 82659400 82680686 21286
4 203 rs5011112 35751033 2 0.00326790124989625 35673557 35916584 243027
4 98 rs4303974 15375984 6 0.00326448690068292 15369280 15835844 466564
4 451 rs2850611 101904205 3 -0.00325918940080159 101904205 101931826 27621
4 474 rs1003169 109176161 3 0.00323958234760531 109163035 109298935 135900
4 729 rs333384 173245389 3 0.00321533002807634 172997356 173356104 358748
4 854 rs3911752 188294980 2 -0.00321429614776744 188283805 188469538 185733
4 520 rs12644283 120133549 1 0.00320883475483723 120055799 120695322 639523
4 225 rs11096969 39005601 1 -0.00319942063833784 39005601 39005601 0
4 863 rs6553202 189449669 4 0.00319579515234422 189447377 189522110 74733
4 525 rs3817171 122063735 2 0.00318850604233207 122004252 122143664 139412
4 366 rs1834519 79616556 2 0.00318037006124435 79485876 79846570 360694
4 302 rs1378566 61264831 2 0.00315519754112745 60929487 61370159 440672
4 672 rs4691640 161103592 5 -0.00315126283399866 160889694 161109431 219737
4 793 rs4299631 182615625 2 -0.00314764353081157 182537084 182615625 78541
4 430 rs2571038 96135553 2 -0.00314640690937826 95948640 96161342 212702
4 176 rs1402492 28923633 1 0.00314097902968065 28901589 28935317 33728
4 499 rs11933707 114109593 2 -0.00311945747289287 114105776 114224764 118988
4 423 rs1816432 94289256 4 -0.00309681561887038 94233967 94390998 157031
4 81 rs6845061 11624085 3 0.00308110724407787 11571164 11758071 186907
4 846 rs28383653 187455399 1 -0.00302112571427865 187394590 187485933 91343
4 292 rs2177642 58197731 4 0.00301798134432744 58136668 58289649 152981
4 300 rs9312186 60674843 2 -0.00301440159524878 60480763 60681208 200445
4 706 rs1427623 167953101 1 -0.00299349453102116 167866712 168150023 283311
4 413 rs11931074 90639515 9 -0.00297565152658311 90516679 90857479 340800
4 379 rs2045772 82824944 10 0.00296336016318356 82717546 83045736 328190
4 123 rs2168802 20585883 1 -0.00290564363375318 20495135 20585883 90748
4 464 rs578265 105543843 5 0.00290068914624505 105528877 105716540 187663
4 23 rs10212960 4822309 4 -0.00283891287469066 4761862 4852354 90492
4 507 rs7675371 115829919 1 0.00282812309178245 115701304 115829919 128615
4 29 rs7678335 5452895 1 0.00282724074307997 5413525 5463535 50010
4 559 rs4133013 132242896 2 0.00281923499976795 131861798 132413729 551931
4 112 rs1031326 17488064 5 0.0027969302398235 17467715 17550349 82634
4 282 rs11732236 57132047 5 -0.0027959276676409 57116323 57156379 40056
4 627 rs10019047 150459436 5 0.0027725162930697 149742690 150576943 834253
4 198 rs10023150 34595824 2 0.00271889315853957 34370370 34731172 360802
4 27 rs989707 5210283 2 0.00271808239322642 5154673 5216320 61647
4 150 rs4235326 25009491 1 -0.00271749293707204 24954586 25009491 54905
4 688 rs6815345 164471823 5 0.00271105447114042 164260276 164471823 211547
4 147 rs12507254 24673420 1 0.00269908387296402 24673420 24736258 62838
4 241 rs1061597 41691601 2 -0.00269804875889196 41639999 41691601 51602
4 453 rs13142024 102089849 2 0.00269802302085884 102084331 102526313 441982
4 142 rs1316861 23977778 3 0.00266060661767356 23957254 24118165 160911
4 351 rs1391010 76081553 4 0.00265677005115928 75992533 76281282 288749
4 582 rs12374402 138678024 5 0.00260336942925133 138577151 138801711 224560
4 257 rs17539445 47231416 5 0.00258827220028796 46890143 47243813 353670
4 819 rs2871385 184875120 1 -0.00258025452288638 184875120 184930646 55526
4 485 rs939213 111420577 3 0.00256248371584648 111269842 111463277 193435
4 370 rs9991949 80634958 8 -0.00255171379203994 80608250 80959926 351676
4 104 rs10805350 16531401 1 0.0024853944255318 16531401 16551836 20435
4 336 rs10015958 71629537 1 0.00248245072328081 71629537 71685092 55555
4 226 rs2711943 39062436 3 -0.00239764390695403 39055870 39419322 363452
4 286 rs12642085 57549528 2 0.00238240253787071 57516896 57597210 80314
4 707 rs11132983 168256989 3 0.00236256598760282 168256989 168390470 133481
4 574 rs10519392 137485929 3 0.00234329405202189 137413277 137534902 121625
4 209 rs10031432 37133279 3 -0.00232171059461751 37111552 37240580 129028
4 768 rs2715520 179514388 5 -0.00226914795139074 179470439 179541387 70948
4 90 rs7684636 13807335 1 -0.00224793525213814 13807335 13807335 0
4 850 rs754548 187860363 1 -0.00224209734755882 187860363 187916373 56010
4 74 rs17467273 10500431 4 0.00222483436624451 10419465 10693222 273757
4 810 rs4862210 184399833 2 0.00221829357598557 184334102 184415338 81236
4 682 rs6852854 163237790 1 -0.00221500237722155 163190862 163237809 46947
4 826 rs4862417 185690601 2 -0.00221116167161843 185491838 185725416 233578
4 527 rs79300690 122250654 9 -0.002206744060659 122249743 122450475 200732
4 645 rs6835823 154972357 1 0.00220560925175778 154951914 155008496 56582
4 92 rs12499480 14167488 1 0.00218465868426253 14037934 14280826 242892
4 479 rs10005272 110250481 3 0.00217738645031867 110220384 110466758 246374
4 229 rs2381499 40211997 2 -0.00217714848953235 40207190 40279534 72344
4 191 rs12513173 32001509 4 0.00217152298930562 31784698 32259822 475124
4 807 rs17271644 183809272 2 0.00217072346165188 183809272 183916674 107402
4 68 rs1678272 8353829 4 0.00214484059675027 8320126 8554894 234768
4 691 rs11100528 164845121 3 -0.00214235664198719 164797386 164972450 175064
4 591 rs12646059 140668096 6 -0.00209733631964384 140593264 140678281 85017
4 434 rs1579627 96636651 3 0.00209531120849956 96508701 96647588 138887
4 777 rs1814673 180878172 2 -0.00208959463577781 180696728 180905257 208529
4 340 rs1352844 72647749 10 0.00208564259622268 72578724 72792667 213943
4 470 rs17549820 108118301 3 0.00208105605645014 108000247 108120955 120708
4 562 rs4864123 133529212 3 -0.00205094792350325 133156160 133707298 551138
4 462 rs960345 105230647 4 0.00198886560508233 104944893 105231848 286955
4 402 rs1381626 88552784 2 -0.00195641350075483 88502642 88552784 50142
4 753 rs2167095 177373302 4 0.0019377337332659 177350693 177531472 180779
4 60 rs17466657 7730560 1 -0.00191103152712237 7714212 7730560 16348
4 731 rs7658148 174235624 2 0.00190737348814083 173962425 174251422 288997
4 194 rs6855223 32626298 4 0.00187092582012484 32609134 32932415 323281
4 228 rs17585937 40045687 3 0.00186309901797145 39818522 40139719 321197
4 373 rs6837827 81225455 5 0.00184838832626851 81225455 81829660 604205
4 428 rs6812065 95626444 2 0.00183925678487871 95618987 95678443 59456
4 744 rs1711988 176226337 1 -0.00183831520333092 176200230 176391372 191142
4 246 rs7684005 42449874 4 -0.00177455010201894 42368901 42652004 283103
4 615 rs719091 146903211 2 0.00174123153871567 146883385 146999111 115726
4 78 rs10034384 11235941 2 0.00173596498164492 11201074 11401087 200013
4 65 rs1105616 8111117 1 -0.00172889525896417 8111117 8120120 9003
4 356 rs4859697 77538555 5 0.00171484030504005 77454497 77701909 247412
4 73 rs1001216 10168849 2 0.00171169872727622 9920347 10388610 468263
4 416 rs1355993 91661745 5 0.00165665326259653 91567112 91775468 208356
4 519 rs9784534 119963646 2 0.0016504869793179 119947135 120013590 66455
4 156 rs6448388 25654566 1 0.00164701997282289 25638736 25674194 35458
4 556 rs11944858 131198147 1 -0.00161328554664428 131127633 131207582 79949
4 265 rs1077966 54517341 1 0.00161250445260502 54396077 54517341 121264
4 657 rs6833995 157152021 8 -0.00159714546653055 156991316 157152021 160705
4 253 rs7659184 45133240 2 0.00158518065803454 45030609 45182527 151918
4 535 rs1560738 124791509 4 -0.00157743914523835 124592367 124970239 377872
4 571 rs4146972 136503631 2 0.00157711894611635 136068696 136549624 480928
4 120 rs10027583 20176829 1 -0.00156410200211726 20088468 20229873 141405
4 776 rs12500438 180613345 5 0.00156053792084461 180608655 180687498 78843
4 7 rs1923775 2103096 1 0.00155343865698126 1996670 2103096 106426
4 641 rs13119846 154415184 4 -0.00151834575385214 154288126 154469214 181088
4 541 rs2710562 126275373 4 0.00150993002021324 126239986 126462071 222085
4 377 rs13116901 82624148 3 0.00148060632259863 82492363 82624148 131785
4 504 rs4834359 114762343 4 0.00147303871152345 114690439 114898691 208252
4 419 rs10516896 92356118 1 0.00146827581554645 92231314 92544404 313090
4 94 rs905043 14539140 1 0.00144636223511483 14397827 14572063 174236
4 422 rs1993030 93467486 3 -0.00144493164073538 93467486 94159658 692172
4 514 rs6852211 118445531 2 0.00140871763269691 118244984 118473924 228940
4 254 rs4267772 45308763 2 -0.00140739082095529 45191856 45548380 356524
4 352 rs11941369 76319424 11 -0.00140553879089445 76296421 76730195 433774
4 84 rs13108906 12218164 2 -0.00140402425639931 12212637 12317409 104772
4 718 rs11736716 170235438 1 -0.00139177561356415 170212576 170676328 463752
4 303 rs1553862 61395456 2 0.00138835966631561 61395456 61552933 157477
4 103 rs16893287 16293152 7 0.00138438667328014 16257677 16513748 256071
4 238 rs7659645 41181161 1 -0.00135904971258064 41153134 41212997 59863
4 56 rs4613570 7466980 3 -0.00135763024942167 7466980 7522239 55259
4 864 rs2377458 189756940 5 0.00134919893811519 189584353 189759697 175344
4 294 rs343549 58614509 2 -0.0013405491284392 58614509 58670994 56485
4 364 rs7699864 79023544 5 0.00133397450400484 78655778 79048490 392712
4 376 rs2868215 82377329 1 -0.00132874700765582 82347502 82432524 85022
4 353 rs13120456 76809074 2 0.00132514471868477 76769442 76837098 67656
4 781 rs6847807 181247685 2 -0.00132373501913636 181205991 181266001 60010
4 482 rs16997129 110989719 2 0.00132365427761553 110975433 111055435 80002
4 186 rs13140818 30837989 4 -0.00132023685365705 30799850 31017642 217792
4 695 rs12651422 165578100 1 -0.0012918849899293 165576740 165697040 120300
4 674 rs1992108 161548582 5 0.00124525780965088 161300559 161699005 398446
4 552 rs1450727 129965026 5 -0.00124434628911661 129737089 130129275 392186
4 26 rs12651470 5128511 1 0.00122473020706828 5121450 5128511 7061
4 604 rs11930321 143305002 1 0.00121666789475766 143234593 143406773 172180
4 102 rs10516298 16164230 4 0.00121489640320185 16063055 16189136 126081
4 469 rs7695009 107654943 3 0.00120162910259651 107517238 107849340 332102
4 809 rs6821104 184292528 3 0.00120140795397242 184292528 184305340 12812
4 743 rs6820739 176028487 2 0.00119022145257729 176028487 176110924 82437
4 304 rs1486492 61830190 4 -0.00118301765180812 61592332 61836190 243858
4 792 rs17071724 182458937 3 0.00117389874052244 182431113 182514392 83279
4 734 rs11941310 174705265 2 0.00117333851323366 174630567 174731952 101385
4 624 rs6855341 149183374 1 -0.00117124560647147 149170058 149332071 162013
4 75 rs10516215 10878115 4 0.00116096277767041 10706422 10909225 202803
4 749 rs1106568 176861301 2 0.00113482580130392 176850196 176971792 121596
4 152 rs1553876 25317277 6 0.00111630839781932 25168417 25444762 276345
4 465 rs764275 106016627 2 -0.00111201448061629 105872720 106036545 163825
4 805 rs2309777 183722743 1 0.00110771161032117 183709536 183722743 13207
4 380 rs2101680 83096524 2 0.00109533185047278 83094251 83118318 24067
4 285 rs7667406 57503077 3 -0.00107705716904604 57442004 57503077 61073
4 259 rs4450898 47436404 1 -0.00107604485123581 47421325 47541849 120524
4 57 rs4689808 7632223 1 -0.00106866276698829 7588936 7632223 43287
4 735 rs7700171 174777061 1 -0.00106362996673676 174772568 174824576 52008
4 468 rs1522207 107420809 2 -0.00105928133281368 106979479 107499928 520449
4 865 rs722595 189875591 1 -0.001054972434636 189818663 189885883 67220
4 86 rs7692324 12757442 6 -0.00104945779898097 12733389 13002341 268952
4 331 rs6833862 69923096 4 -0.00104608362294484 69646009 70031620 385611
4 95 rs4698295 14812935 1 0.00104134166221586 14660437 14813651 153214
4 643 rs1105491 154726634 1 0.00103323508131687 154557616 154726634 169018
4 33 rs2286282 5843266 1 0.00101028000863492 5830296 5843328 13032
4 609 rs2657799 145282779 2 0.0010077020490329 145210834 145513053 302219
4 829 rs6820983 185916343 1 -0.00100151875016022 185894655 185929310 34655
4 501 rs17630012 114432254 3 9.936832849212363e-4 114332705 114472402 139697
4 681 rs1388837 163072871 2 9.91251049175989e-4 162737097 163149785 412688
4 180 rs16882209 29743040 1 -9.82251574427066e-4 29740429 29892538 152109
4 838 rs6858186 186734480 2 -9.797356101470076e-4 186710312 186758065 47753
4 274 rs6835585 55839848 1 -9.76781688281195e-4 55760897 55839848 78951
4 512 rs12649613 117946646 2 9.728483074311208e-4 117569522 117993779 424257
4 208 rs1870504 36847609 1 9.678074315744774e-4 36684936 37072029 387093
4 696 rs4541465 165800154 2 -9.625399651860528e-4 165721118 165800154 79036
4 118 rs12374356 19174530 3 -9.529287122678544e-4 19092157 19795105 702948
4 839 rs13140248 186842789 2 -9.513262673836178e-4 186782009 186855364 73355
4 342 rs12644269 73518909 3 -9.336787226012052e-4 73311640 73645351 333711
4 480 rs10017480 110548394 2 -9.156212104804086e-4 110523044 110659067 136023
4 19 rs12512085 4372439 1 9.134207311650236e-4 4372439 4392357 19918
4 181 rs6840125 30025294 4 -9.119168904957396e-4 29909867 30068213 158346
4 551 rs11098986 129700043 1 -9.09423220729612e-4 129646870 129700043 53173
4 538 rs1395327 125804337 2 -9.06870339287268e-4 125681587 125856465 174878
4 782 rs4437296 181310570 1 -8.887507571045065e-4 181303512 181350463 46951
4 170 rs2034472 27661645 1 -8.836797734661312e-4 27584802 27680483 95681
4 245 rs1487609 42301360 1 -8.78997309092097e-4 42226924 42344051 117127
4 28 rs10001177 5249944 1 -8.702591906806451e-4 5249944 5367985 118041
4 639 rs10001638 154055176 2 8.595175835522184e-4 154017805 154087520 69715
4 808 rs10520555 184204777 3 8.486284050749728e-4 183942308 184281811 339503
4 821 rs11724229 185128641 1 8.433211292479782e-4 185086713 185128641 41928
4 567 rs10026364 135522740 1 8.430802099138833e-4 135473527 135643583 170056
4 702 rs1018139 166848001 2 -8.224604357592166e-4 166705990 166939154 233164
4 526 rs4833711 122193376 1 8.211000129490466e-4 122156142 122203163 47021
4 787 rs1357353 181935405 1 8.142561280029068e-4 181897552 181942406 44854
4 193 rs733046 32432985 2 8.074060748912915e-4 32368307 32588326 220019
4 239 rs11735648 41319962 1 7.941904005049742e-4 41222917 41359965 137048
4 493 rs1544382 113244313 1 7.876324723712684e-4 113243456 113244470 1014
4 532 rs12650569 123989201 2 -7.772163453543251e-4 123788495 124242996 454501
4 436 rs11943079 97132023 7 -7.565294238233446e-4 96916758 97430897 514139
4 832 rs2310155 186029032 1 -7.551525598901295e-4 186026909 186302406 275497
4 473 rs2107028 108968221 2 -7.434179042118886e-4 108829343 109111726 282383
4 828 rs10001154 185849906 1 7.35944382193451e-4 185810760 185885897 75137
4 483 rs2035415 111084981 1 -7.242860411907869e-4 111072985 111144049 71064
4 93 rs4698737 14368628 1 6.880097239029783e-4 14296613 14370747 74134
4 794 rs13113072 182646450 1 -6.854610143901556e-4 182631262 182704551 73289
4 822 rs12503492 185179394 2 6.756448383120205e-4 185172565 185249147 76582
4 382 rs953186 83433406 1 -6.610967792351081e-4 83379826 83457572 77746
4 115 rs11733969 18377649 5 -6.585092234341013e-4 18277716 18722405 444689
4 625 rs2248038 149364999 1 -6.562221067911887e-4 149357475 149385504 28029
4 580 rs5020420 138333658 7 -6.483929210121414e-4 138238306 138382556 144250
4 671 rs4690958 160766276 1 6.358797009166355e-4 160477041 160766276 289235
4 160 rs10006741 25976544 2 6.352511995219651e-4 25970163 25983887 13724
4 174 rs16880558 28378505 2 -6.344644606291863e-4 28194516 28473048 278532
4 32 rs4689312 5749784 4 6.294639753366465e-4 5746620 5816938 70318
4 141 rs10213440 23866339 1 6.280055290020961e-4 23864412 23921453 57041
4 318 rs1440931 65902264 2 6.234158793802693e-4 65613269 65908016 294747
4 34 rs10004248 5895798 2 -6.22452423575235e-4 5847493 5931208 83715
4 534 rs1452731 124397309 2 6.20661317967644e-4 124395024 124531422 136398
4 258 rs6848790 47365544 1 6.144485313714929e-4 47291135 47406635 115500
4 736 rs10520267 174956412 1 -6.096875430475934e-4 174873969 175009881 135912
4 472 rs7665836 108731771 2 6.0923267883713e-4 108611941 108794544 182603
4 410 rs11733183 90170094 1 6.091302222790951e-4 90137336 90211918 74582
4 128 rs1390264 21386247 2 -5.997047765181139e-4 21300290 21407759 107469
4 268 rs871606 54799245 1 -5.942424365990299e-4 54796220 54799245 3025
4 816 rs13106255 184762700 1 -5.87492201855244e-4 184762700 184792187 29487
4 368 rs1922286 80357377 1 -5.861779625643373e-4 80272792 80365765 92973
4 127 rs17448392 21189870 2 5.85401798973251e-4 21033853 21268543 234690
4 119 rs4516715 19847106 2 -5.85301990524124e-4 19821565 20064263 242698
4 341 rs4296652 72938462 1 5.83370555650075e-4 72927226 73146274 219048
4 362 rs1992489 78373883 1 -5.809925471865435e-4 78335569 78505578 170009
4 91 rs515454 14005478 6 5.803250801427844e-4 13824647 14026708 202061
4 686 rs2320331 163990008 1 -5.793103411751436e-4 163896310 163990008 93698
4 167 rs13101823 27175502 3 5.638138756832271e-4 27139247 27254091 114844
4 125 rs10013103 20827366 1 -5.572736593204698e-4 20767337 20866469 99132
4 505 rs4376209 114961812 1 5.554703668177838e-4 114938478 115271601 333123
4 667 rs11559290 159601676 2 -5.52450334708306e-4 159481490 159873196 391706
4 433 rs10856917 96390834 3 -5.45590738141602e-4 96372611 96434992 62381
4 323 rs1397453 67501423 1 -5.396882586968084e-4 67126645 67525255 398610
4 841 rs7676342 186901587 1 5.253946239600287e-4 186893350 186901587 8237
4 412 rs1495556 90458283 1 5.21651841266989e-4 90334129 90492766 158637
4 632 rs1631928 152851437 3 -5.189523306700623e-4 152801922 152991825 189903
4 262 rs11722603 52969732 1 5.061105321168633e-4 48229886 53061395 4831509
4 790 rs17071211 182286222 4 -4.986353867133784e-4 182179570 182286222 106652
4 767 rs2702432 179423869 1 -4.9789354721579e-4 179399523 179423869 24346
4 124 rs9291412 20727464 3 -4.95992927708123e-4 20605594 20755240 149646
4 237 rs6817509 40885144 4 4.799454226984279e-4 40881353 41140233 258880
4 844 rs4241824 187191787 1 4.625064499184192e-4 187116227 187223583 107356
4 862 rs13114765 189390949 1 4.611916027752942e-4 189365509 189430792 65283
4 661 rs1816164 157696636 1 4.601574751649595e-4 157626640 158051385 424745
4 394 rs6849318 85449323 3 -4.5795493069501736e-4 85449323 86338233 888910
4 445 rs13143848 100443720 4 4.5141706662575e-4 100341861 100642113 300252
4 581 rs151070417 138442527 1 4.483985943677804e-4 138395132 138520936 125804
4 784 rs3113765 181535808 2 4.4564866977789904e-4 181535808 181584314 48506
4 437 rs10024940 97621871 1 -4.371702163905811e-4 97552346 97779789 227443
4 426 rs12641765 94962497 3 4.337265521835851e-4 94793323 94968451 175128
4 135 rs12507337 22661136 2 4.262675832488657e-4 22631389 22812879 181490
4 804 rs17325360 183556869 1 -4.262419482469015e-4 183553276 183664522 111246
4 566 rs1486993 135290385 2 -4.2110061234243223e-4 134640333 135440831 800498
4 820 rs4862298 184988203 1 4.182212435547927e-4 184952645 185062880 110235
4 440 rs10516428 99237439 2 4.1379074195983193e-4 98652689 99411237 758548
4 539 rs13145439 126103475 1 4.089124805882479e-4 125892629 126136137 243508
4 214 rs2995976 37754104 1 -4.068163761833788e-4 37690582 37754104 63522
4 517 rs10518293 119331363 3 4.0585794213207193e-4 118941387 119790013 848626
4 723 rs10012640 171603479 3 4.0583243937089705e-4 171576294 171762217 185923
4 489 rs17042997 112145870 1 4.0346716252433087e-4 112061855 112198777 136922
4 548 rs1008995 128487450 1 4.023156467727131e-4 128367991 129287011 919020
4 315 rs13353631 64253631 2 3.950561526152983e-4 64174876 64473271 298395
4 435 rs1836899 96747103 2 -3.94641568394366e-4 96688897 96816411 127514
4 108 rs16894315 17092275 1 3.8475340581597744e-4 17063786 17224345 160559
4 817 rs2309942 184839829 1 3.8116625569500255e-4 184825696 184839829 14133
4 715 rs2047633 169815472 2 -3.8039233325099967e-4 169764489 169928842 164353
4 347 rs11099492 75575898 1 -3.689300313305771e-4 75525096 75619533 94437
4 755 rs1545089 177854130 1 3.665801076308635e-4 177650866 177854130 203264
4 506 rs11938586 115458057 4 -3.6426307422519867e-4 115368816 115656533 287717
4 11 rs7664480 3084269 1 3.5800171202049377e-4 2906285 3376302 470017
4 290 rs4579186 58015899 1 3.553363086171984e-4 58015899 58072932 57033
4 837 rs12503317 186671599 1 -3.541983736089522e-4 186602210 186674804 72594
4 421 rs1513460 93309526 1 3.5008767464591195e-4 93241587 93428415 186828
4 697 rs7671851 166007269 1 3.4133508008639884e-4 165827749 166014766 187017
4 312 rs11131413 63667799 1 -3.39674496241915e-4 63509409 63704039 194630
4 720 rs11723530 170880883 2 -3.299381839701954e-4 170801265 170937348 136083
4 492 rs10025530 112568464 2 -3.2796793130030643e-4 112568464 113150559 582095
4 578 rs1542389 138016196 1 -3.0757152435126095e-4 137984231 138080761 96530
4 263 rs2306601 53740236 1 2.996741909166855e-4 53136123 53778384 642261
4 48 rs7675928 6890937 3 -2.9039580338307603e-4 6854060 6890937 36877
4 515 rs11562865 118727351 5 2.8611942862924434e-4 118497403 118727351 229948
4 607 rs1822842 144784844 3 -2.813908338313645e-4 144451912 144894260 442348
4 579 rs768728 138227898 2 2.7866619731558174e-4 138087831 138227898 140067
4 163 rs10517097 26430147 1 2.758288923926736e-4 26308792 26487989 179197
4 460 rs2106987 104789707 1 -2.660571586264962e-4 104574265 104789707 215442
4 783 rs2546614 181426359 1 2.6573313471504797e-4 181382631 181499684 117053
4 236 rs765850 40842367 3 -2.5579323015679026e-4 40739635 40843288 103653
4 53 rs17755381 7282506 2 2.5513360407124685e-4 7280033 7330107 50074
4 487 rs577781 111804131 2 -2.488089591456843e-4 111739156 111869115 129959
4 765 rs1458717 179114110 2 2.4843789537640676e-4 179009622 179326362 316740
4 858 rs7439650 188904235 1 2.480202409847352e-4 188904235 188936629 32394
4 598 rs6843792 141682299 1 -2.414006815042862e-4 141578155 141682299 104144
4 110 rs16894953 17361114 1 2.3977787682353592e-4 17291396 17361114 69718
4 327 rs6818816 68629070 2 2.3838625607796904e-4 68460255 68629070 168815
4 508 rs6820993 115897055 1 -2.318372260299511e-4 115897055 116029548 132493
4 105 rs6818414 16600664 1 2.3078181848212943e-4 16594879 16648246 53367
4 848 rs6553020 187668886 1 2.271602791296088e-4 187591526 187678866 87340
4 791 rs4861478 182411624 2 2.15168345068455e-4 182292227 182416097 123870
4 284 rs4280802 57398752 2 2.1348084827174657e-4 57176832 57426688 249856
4 310 rs2445034 63309015 1 -2.1318845395002376e-4 63258627 63323188 64561
4 602 rs17007695 142709723 1 2.1207146461430591e-4 142478548 142797440 318892
4 175 rs6833159 28832788 3 2.11522471522325e-4 28503413 28863159 359746
4 367 rs1545805 79914407 1 -2.0521731837663755e-4 79914407 80234648 320241
4 221 rs11723479 38506777 1 1.9579411379436773e-4 38506777 38548187 41410
4 673 rs11939980 161229808 1 1.9072249710007063e-4 161116677 161280429 163752
4 384 rs11099549 83697854 1 -1.857158855724565e-4 83697854 83697854 0
4 21 rs4689174 4579042 1 -1.758284591535225e-4 4579042 4678511 99469
4 130 rs13131360 21510962 2 -1.7144213544012516e-4 21506851 21689430 182579
4 746 rs1845732 176662797 1 -1.6448944153219967e-4 176601113 176662797 61684
4 818 rs2309944 184858078 1 1.6240550374388524e-4 184858078 184866656 8578
4 773 rs6826259 180257370 1 1.608343166939322e-4 180250564 180298293 47729
4 800 rs7694663 183162284 1 -1.5946004110593636e-4 183137216 183162284 25068
4 59 rs2079169 7685529 2 -1.5921792506049632e-4 7683417 7689152 5735
4 825 rs3775574 185370066 1 -1.503190671051552e-4 185370066 185469914 99848
4 503 rs11098200 114635782 1 -1.492974294973469e-4 114626620 114678786 52166
4 374 rs751296 82086345 1 -1.4645935172759105e-4 81897005 82118996 221991
4 375 rs1452373 82284055 1 1.4017767084498664e-4 82134787 82315470 180683
4 424 rs17020861 94538850 1 1.389041528189881e-4 94413681 94594845 181164
4 449 rs1396286 101642607 2 1.3762660104612223e-4 101238386 101642607 404221
4 96 rs11726071 14872639 1 -1.3706859656923714e-4 14872639 15145180 272541
4 267 rs1498828 54736988 1 1.3442589094978235e-4 54676030 54761404 85374
4 37 rs16838138 6058701 1 1.324206556422167e-4 6026877 6058701 31824
4 533 rs300572 124320924 1 -1.3136740195850258e-4 124297449 124371328 73879
4 363 rs920666 78511203 2 1.2931852617317503e-4 78511203 78562040 50837
4 393 rs12650179 85324586 1 -1.2767384565191386e-4 85324586 85430800 106214
4 599 rs7658326 141853440 2 -1.223759400562781e-4 141779593 141875683 96090
4 183 rs1369184 30180666 2 1.2170414389245356e-4 30173651 30371605 197954
4 603 rs1390993 143094698 6 -1.1001233262108783e-4 142848136 143224296 376160
4 406 rs12651141 89287709 1 -1.0657893718598688e-4 89243818 89287709 43891
4 107 rs13126845 16914239 1 -1.037198490653754e-4 16823900 17054262 230362
4 230 rs10009228 40356422 2 1.0291207806488536e-4 40303633 40379061 75428
4 730 rs12512152 173797669 1 -1.0176794107581576e-4 173541374 173797669 256295
4 247 rs1562839 42813800 5 1.0066048513335924e-4 42694179 42975329 281150
4 732 rs4695731 174457800 1 9.820520139747944e-5 174327618 174471671 144053
4 219 rs12502507 38343533 1 -8.219657978791298e-5 38308761 38367538 58777
4 585 rs10018963 139409081 2 -7.828591157263121e-5 139326271 139541397 215126
4 155 rs10013819 25577184 1 7.319618031758616e-5 25576330 25587743 11413
4 868 rs10001776 190276865 1 -6.985734191840241e-5 190106915 190328590 221675
4 305 rs12501471 61903366 1 -6.924445587707072e-5 61903366 61966273 62907
4 683 rs11931857 163332375 1 -6.653190856683512e-5 163264951 163392037 127086
4 314 rs7693548 63901897 1 -6.624384266416698e-5 63883185 64103715 220530
4 390 rs1847819 84894991 1 6.616296464382912e-5 84831724 84901327 69603
4 161 rs1567649 26026002 2 6.202831974150757e-5 26016156 26094755 78599
4 608 rs4423828 145141405 1 6.200128688300053e-5 145030701 145141405 110704
4 494 rs7681983 113328669 1 5.847745240471329e-5 113248536 113328669 80133
4 590 rs8191998 140585089 1 5.6045834617954904e-5 140537671 140585089 47418
4 693 rs7662252 165262655 1 -5.593955697449375e-5 165234545 165404456 169911
4 692 rs919574 165013565 3 -5.5301325499207074e-5 164982057 165203351 221294
4 159 rs6818008 25908919 1 4.905972110980796e-5 25874058 25961788 87730
4 250 rs4695447 44093499 1 4.89011988049058e-5 43968054 44093499 125445
4 409 rs1795731 89976882 1 -4.613520692738098e-5 89751858 90116432 364574
4 199 rs1912842 34872926 1 4.592568616734308e-5 34869949 35128162 258213
4 408 rs11736472 89458051 1 4.461742342394442e-5 89456219 89742764 286545
4 771 rs12643053 180051555 1 -4.0022227256892494e-5 179942389 180085436 143047
4 553 rs1514572 130160706 2 3.533977399985521e-5 130136648 130364383 227735
4 158 rs959903 25810096 2 3.381643949248742e-5 25803830 25863375 59545
4 676 rs4128879 161878992 2 -3.36692596363446e-5 161808304 162105557 297253
4 325 rs1481245 67763820 1 3.2243916022809617e-5 67733857 68038559 304702
4 654 rs11722434 156584397 1 -3.129540740908314e-5 156540258 156586949 46691
4 640 rs6833828 154196082 1 -2.538845787438259e-5 154138086 154244315 106229
4 745 rs2333233 176538654 2 2.392611327170453e-5 176538654 176568582 29928
4 618 rs1347655 147905897 3 2.163718714672815e-5 147473314 147935557 462243
4 316 rs11930994 65164696 2 -2.057527960247272e-5 64625606 65274937 649331
4 414 rs34001515 91025850 2 1.5359030115191753e-5 90916437 91289294 372857
4 834 rs13123635 186504441 1 1.4870125134716425e-5 186423637 186504441 80804
4 3 rs13109112 1290481 2 9.907306708346515e-6 1052488 1415698 363210
4 856 rs10866305 188844211 2 3.93059280397641e-6 188724806 188844211 119405
4 207 rs12507648 36546041 1 3.086929380470357e-6 36543025 36656080 113055
4 610 rs11939984 145812728 1 -2.858708591871561e-6 145544836 145986668 441832
