CHR Group SNP.lead BP.lead Size W BP.min BP.max BP.width
1 110 rs3790566 67814440 20 0.2747650450172182 67412261 68106197 693936
1 233 rs2488401 197702401 15 0.11392057817725722 196186750 197919693 1732943
1 185 rs3761959 157669278 13 0.07841043234100441 157485504 158073254 587750
1 236 rs3767498 201020727 9 0.06748702835604825 200154474 201052199 897725
1 2 rs3748816 2526746 6 0.05817789374960372 2513216 2944527 431311
1 255 rs2272866 209929453 12 0.05252211311705673 209844517 210736508 891991
1 147 rs1543421 101315934 14 0.04852962574022937 100079760 101638999 1559239
1 271 rs11118895 222093006 18 0.04767608078476691 221864710 222595058 730348
1 168 rs10924106 117053745 3 0.04546940017636554 116768898 117127417 358519
1 248 rs1772145 205695695 12 0.04200624874666921 205648707 205916699 267992
1 249 rs3024505 206939904 6 0.03995941188954099 206595069 207035647 440578
1 184 rs2644623 156862126 12 0.03979436969755693 156862126 157463366 601240
1 51 rs12401982 24372971 10 0.03828772408898184 23937261 24519920 582659
1 221 rs1689797 182150978 14 0.03794831984024669 181841744 182746231 904487
1 279 rs2036775 229377038 6 0.03736973088545618 229377014 230207433 830419
1 55 rs11247963 26855401 13 0.03490931953591234 26741106 27800482 1059376
1 160 rs1418426 111498111 18 0.03132705269488023 111137811 111684276 546465
1 19 rs4908830 9297871 7 0.03087173996563851 9073801 9341038 267237
1 61 rs4949294 31235936 11 0.03063644732646797 31231680 32019153 787473
1 260 rs340839 214161820 5 0.03060559117850606 213854151 214161820 307669
1 241 rs705731 202298894 11 -0.03032098027007183 202228042 203041457 813415
1 107 rs12409333 65417839 11 0.03031215091171877 65161230 65678454 517224
1 212 rs2205960 173191475 20 0.03007784291202504 173103273 175378694 2275421
1 91 rs2096086 56744527 12 0.02821593976627065 55523984 56794965 1270981
1 187 rs2814779 159098713 14 0.02780062394301058 158922287 159723619 801332
1 208 rs7418292 170744889 21 0.02779148394068479 169580885 170958136 1377251
1 274 rs3949347 225582816 37 0.0273788160121343 224454099 226015116 1561017
1 258 rs3123537 212811947 8 0.02701015518940953 212350975 213536488 1185513
1 177 rs267738 150940625 9 0.02699182214421329 149815536 151524275 1708739
1 72 rs883220 38616871 6 0.02639079798897447 38570853 38932405 361552
1 15 rs11120917 7478076 11 -0.02413411104120323 6572175 7482205 910030
1 53 rs12403541 25382556 7 0.02412489715021041 25322574 25499030 176456
1 191 rs528095 160738146 12 0.02347350431775818 160652476 161272441 619965
1 216 rs6680476 178676965 9 0.0230218728765038 177751488 178927427 1175939
1 180 rs4240872 154436195 10 0.02254765409548208 153335384 154681950 1346566
1 229 rs2816316 192536813 7 0.0222691231937842 192502783 192768324 265541
1 264 rs2211118 216864218 14 0.02226833131133032 216707012 217082385 375373
1 22 rs2480777 10597551 4 0.02141322025839851 10029913 10796866 766953
1 261 rs6682783 214418139 17 0.02138448471962836 214318748 215112145 793397
1 40 rs2743208 19017855 2 0.02124075739479869 18876408 19017855 141447
1 222 rs10911269 183134719 11 0.02109981249603716 182784022 183979966 1195944
1 108 rs17451451 66388153 10 0.02094805341862414 65703484 66766222 1062738
1 52 rs185511 24857086 7 0.02073908532693619 24564127 25305607 741480
1 250 rs11120211 207276379 11 0.02055772034229141 207074905 208179552 1104647
1 324 rs6671837 247778888 4 -0.02055766018629 247552084 247840784 288700
1 269 rs4240926 219983926 18 0.02037464010999047 219298539 220568157 1269618
1 316 rs12404604 244829280 12 0.02033142629771827 244464197 244921530 457333
1 286 rs6687497 233279256 8 0.02028481598408397 232831301 233412485 581184
1 262 rs4655420 215884095 13 -0.02006113668551771 215140251 215955937 815686
1 3 rs6670328 3219950 4 0.0197701450394527 3047252 3248098 200846
1 79 rs10789439 44123191 20 -0.01936650161452616 43401499 44844958 1443459
1 56 rs7349137 29569212 8 0.01933163087548771 28209305 29621460 1412155
1 88 rs4927084 54760066 1 0.01921278334635887 54730036 54992939 262903
1 290 rs10797557 234754829 5 0.01878917725471922 234492059 234754829 262770
1 210 rs479336 172199573 3 -0.01870253005133624 171415856 172452087 1036231
1 95 rs9436174 59321745 6 -0.01842963889712488 58872522 59482626 610104
1 85 rs11205983 53102133 6 0.01822443853699884 51541808 53630531 2088723
1 175 rs1390510 147031323 7 0.01799537525729683 146508934 147375981 867047
1 66 rs912537 35127074 9 -0.01755808665426667 34658231 35170887 512656
1 150 rs1330408 104546820 14 0.01739246219238418 102922025 104981506 2059481
1 268 rs601175 219141960 5 0.01724024204576107 218841163 219222948 381785
1 151 rs2034525 105574256 14 0.0171095117268228 104989780 106063610 1073830
1 116 rs1338654 73857724 14 0.01699870539449529 72517928 74175290 1657362
1 77 rs12067645 41425864 9 0.01678324586483974 41323882 41971227 647345
1 206 rs10800399 168956784 8 -0.01659212514438249 168665974 169070450 404476
1 18 rs301806 8482078 7 0.0165385006838136 8395560 9049032 653472
1 140 rs2893248 94160787 13 0.01638966815509109 92975938 94492773 1516835
1 139 rs10493860 92212703 14 0.01637644828538665 91919058 92865160 946102
1 44 rs1416819 20193622 12 0.01630915457342227 20066490 20434402 367912
1 223 rs7531736 184409965 8 -0.01628661280287097 184001499 185422604 1421105
1 141 rs497511 94523113 14 0.01586189003295141 94512565 95312659 800094
1 159 rs4839417 111018598 11 0.01539114848944624 110788825 111105514 316689
1 312 rs9943068 242946169 4 0.01531176262438303 242628042 243034750 406708
1 232 rs16839132 195909700 5 -0.01523342780702746 195859022 196120613 261591
1 148 rs1418931 101995341 15 -0.0151493885181365 101698388 102243101 544713
1 275 rs4369199 226280915 8 0.01472839642434666 226026406 226729492 703086
1 190 rs6427528 160516308 4 0.01463815876789873 160145298 160630143 484845
1 311 rs10926744 242619825 8 0.01400660238173544 242243178 242619825 376647
1 45 rs10916761 20637374 11 0.01383087646025223 20487743 20745485 257742
1 103 rs10493344 63734114 5 -0.01379552264264036 63470519 63775056 304537
1 226 rs776797 187888914 6 -0.0136179390693104 187607223 188484287 877064
1 200 rs6681 165619079 20 0.01330231577627378 165465281 166364063 898782
1 120 rs1004878 77324640 6 0.01306320773032112 76976522 77531780 555258
1 96 rs182816 59601907 4 -0.01273523838832475 59526466 60173734 647268
1 242 rs2494295 203218176 5 0.01252392393753879 203102728 203374751 272023
1 13 rs1890191 5887140 3 0.01239861401791427 5829039 6117171 288132
1 263 rs619803 216408083 14 -0.01232673910023676 215974257 216657848 683591
1 76 rs11208727 41170670 12 0.01218406559800717 40499302 41297411 798109
1 130 rs17124345 85726103 5 0.01206678628500033 85568972 85955709 386737
1 43 rs3748748 20018195 4 0.01202054788172315 19827780 20056631 228851
1 167 rs10923633 116391331 2 0.01194883037211749 116128484 116675909 547425
1 165 rs2476601 114377568 5 0.01193739264891716 113844824 114807559 962735
1 161 rs10494129 111787072 10 0.01172633589797072 111773600 112329551 555951
1 194 rs10917640 162881307 10 0.01150145060959649 162458412 163126417 668005
1 97 rs298147 60838146 21 -0.01114818488160263 60213519 61355010 1141491
1 163 rs6671645 113129128 3 0.01084595787222778 112886545 113268225 381680
1 253 rs6685963 209222499 8 0.0106577457945653 209113459 209581483 468024
1 278 rs342834 229351259 4 0.01064225286209665 229091234 229367115 275881
1 38 rs4920459 18527213 6 -0.01060287645679014 18335916 18572901 236985
1 178 rs2495396 151744928 18 0.0105203920913061 151542176 152530510 988334
1 0 rs2649588 1314015 2 0.01037448547680235 1030565 1888193 857628
1 81 rs911909 47609668 8 -0.01012074778922768 46905802 47637999 732197
1 69 rs219002 37126512 2 -0.01005006409546015 37115263 37303737 188474
1 215 rs2902103 177341802 7 -0.00993836132018428 176465969 177742007 1276038
1 1 rs2459994 2024064 4 0.00982871981110699 2024064 2339074 315010
1 234 rs9803750 198644124 14 0.00961490643020493 197960889 199250270 1289381
1 297 rs11583513 237199183 6 -0.0095486323596639 237194523 237401055 206532
1 4 rs2493291 3329384 3 0.00954353230589558 3280253 3507861 227608
1 183 rs6685228 156486009 2 -0.00930962392935511 156456301 156805803 349502
1 123 rs1549555 80858466 14 0.00925065540724049 79729175 81059253 1330078
1 83 rs320025 49080074 9 0.00916794184693916 48509053 49135204 626151
1 284 rs9660187 232218784 6 -0.00909333885912719 232107814 232411985 304171
1 219 rs3827706 181160271 5 0.00892987799269865 181126503 181309400 182897
1 109 rs2991356 67305306 16 0.00884906464132684 66785930 67327894 541964
1 47 rs3767150 21894214 14 0.00879589256263049 21785981 22345093 559112
1 201 rs558843 166634216 6 0.00867150550866107 166389338 167097070 707732
1 304 rs6679031 240490119 14 0.0084757359650614 240253320 240639611 386291
1 149 rs2022858 102608577 9 0.00820228606835003 102304094 102869841 565747
1 318 rs6692143 245228886 1 -0.00818540366331511 245102866 245276494 173628
1 37 rs620547 18231349 2 -0.00808911085197344 18006550 18312084 305534
1 80 rs4233496 45763650 8 0.00806746632886604 44925508 46885940 1960432
1 220 rs12402123 181490018 5 -0.00803996553870574 181372624 181816509 443885
1 32 rs6667220 15347640 9 0.00793116590678747 15244761 15566803 322042
1 257 rs2970582 212080831 5 0.00782589160749626 211774350 212332294 557944
1 199 rs10918196 165448157 4 0.00782156587191781 165199023 165448157 249134
1 193 rs3897374 162168958 11 -0.00776306568376136 161984197 162440134 455937
1 128 rs11163923 84700766 6 -0.00766967661761088 83474843 84722166 1247323
1 164 rs749956 113667837 5 -0.00739832794925882 113284079 113818120 534041
1 230 rs6694727 193369701 8 0.00739304802498175 192818018 194089817 1271799
1 152 rs17016826 106687949 3 0.00736689900653834 106091316 106752234 660918
1 214 rs1409143 175756501 4 -0.00734686407153074 175735380 176429364 693984
1 247 rs3789461 205588637 5 0.00731997509475515 205418134 205615442 197308
1 87 rs4575030 54024808 10 0.0071960748738763 53976188 54661262 685074
1 303 rs6429178 240225460 7 -0.00705015343480201 239934541 240228189 293648
1 292 rs908329 235051501 3 0.0070062052808491 235017637 235119382 101745
1 34 rs904910 16200163 16 0.00693081347636234 15808767 16782995 974228
1 225 rs10494593 187158671 14 -0.00687906836396493 186225257 187501925 1276668
1 202 rs16859085 167453334 4 0.00676249094180136 167103023 167455145 352122
1 54 rs742391 25525711 4 0.00672245260860011 25525711 26714205 1188494
1 60 rs7555715 31183812 6 0.00663492972481953 30919030 31184368 265338
1 181 rs6699043 154913021 3 0.00654532920054038 154701218 155019710 318492
1 84 rs1110220 50815397 6 0.00645830141406476 49174405 51475488 2301083
1 224 rs10798035 186050417 4 0.00641629774802993 185453884 186143052 689168
1 14 rs61740145 6531124 1 0.00638153116401477 6187086 6531124 344038
1 46 rs3026913 21544601 9 -0.00635864311400031 20770887 21723308 952421
1 321 rs10754458 245774993 10 -0.00624022228531053 245728083 246116352 388269
1 294 rs927730 236209883 6 -0.00614608712008226 236105308 236296079 190771
1 196 rs2210960 164153205 9 0.00603310712764602 163836720 164422044 585324
1 119 rs942699 76820435 2 -0.00602576738616808 76610397 76945339 334942
1 172 rs6678854 119729171 4 -0.00592598436175396 119452758 120110175 657417
1 157 rs11102001 110299691 2 0.00587799675982903 110253241 110450177 196936
1 62 rs4295917 32173360 12 -0.00587054686523229 32085637 32842319 756682
1 211 rs2859228 172613241 5 0.00581875728975544 172469707 173049073 579366
1 288 rs6671309 233911242 8 -0.00581232338222063 233766695 234352899 586204
1 317 rs10927330 244997953 1 0.00580602705526365 244957186 245005828 48642
1 235 rs4369252 199610237 10 -0.00563229993331927 199266874 200132084 865210
1 92 rs7539051 57042954 4 0.00558204676159524 56826300 57273172 446872
1 58 rs7540340 30365857 8 -0.00556423171013212 30067017 30382007 314990
1 218 rs4543756 180394629 5 -0.00555652272017272 180235728 181109478 873750
1 186 rs980937 158140205 13 0.005465764646792 158140205 158891391 751186
1 245 rs2802809 204969586 3 -0.00540640294886992 204682411 204971485 289074
1 20 rs2095904 9447371 4 0.00538802055103735 9367908 9526956 159048
1 82 rs6695969 47927545 15 -0.00525935808087202 47676233 48480638 804405
1 28 rs12757529 13909211 7 -0.00512772542367251 13783354 13914909 131555
1 277 rs61730829 228565329 6 0.00491964729830517 228126470 229038351 911881
1 101 rs17379608 62673365 9 0.00479178358032475 62420303 62788511 368208
1 104 rs4915899 63844736 3 -0.00455628307010623 63818393 64166213 347820
1 296 rs4659470 236935938 8 -0.0044724690223028 236706278 237151125 444847
1 117 rs730645 75118172 6 0.00441821357901628 74245076 75252764 1007688
1 154 rs17019810 108268801 4 0.0044140516766872 107980407 108514072 533665
1 254 rs2072941 209811595 3 0.00436969396621048 209588509 209811595 223086
1 295 rs10924790 236389999 5 -0.00436198239538559 236310024 236677586 367562
1 207 rs12731646 169090660 9 0.00434953249738171 169087665 169572645 484980
1 94 rs12726314 58792030 13 0.0043033733555818 58208267 58859197 650930
1 138 rs164898 91569689 8 0.00426470306966445 91122149 91784088 661939
1 155 rs12039852 109075236 5 0.00422871988665887 108554161 109696968 1142807
1 133 rs12402858 87845112 4 0.00413686361464861 87702635 88001013 298378
1 137 rs10922869 90993868 7 0.00411280604410202 90336244 91062107 725863
1 306 rs10802917 241148960 8 0.00390903553666013 240856523 241161648 305125
1 135 rs12039248 88899860 6 -0.00389547080438134 88481128 89673196 1192068
1 270 rs12032166 220608142 10 0.00382026100349676 220599845 221843191 1243346
1 256 rs11119751 211663221 9 -0.00375769120468502 210800547 211712690 912143
1 7 rs10915535 4491460 7 0.00366957494059992 4315204 4535148 219944
1 27 rs7521256 12600396 3 -0.00363831212461049 12316584 12835158 518574
1 57 rs927727 29793205 3 0.00354372636470705 29678774 29867677 188903
1 71 rs11210870 38449910 6 0.00352041468746566 37561638 38522092 960454
1 142 rs6671200 95697529 20 -0.00348905494523158 95324990 96564857 1239867
1 287 rs10797465 233633819 3 0.00348337399533733 233440166 233743103 302937
1 24 rs2273346 11090897 4 -0.00340418350803767 10974329 11318236 343907
1 171 rs2884876 119153514 5 0.00339558004233124 118131205 119431014 1299809
1 179 rs10888510 152681835 7 0.0033737194418909 152550018 153321584 771566
1 30 rs9803674 14490497 6 0.00337055939296276 14418186 14876032 457846
1 166 rs4367784 115685684 13 0.00332652914137083 114900678 116011901 1111223
1 124 rs1195854 81698720 5 0.00327847403305687 81070850 81766935 696085
1 314 rs10927118 244229199 2 0.00323965505780361 244155946 244249487 93541
1 129 rs2945133 85091557 5 -0.00318057232925435 84795283 85556791 761508
1 8 rs763238 4743704 6 0.00315719392667553 4548088 4996185 448097
1 131 rs3737672 86896541 5 -0.00315408997945396 86035513 86932265 896752
1 273 rs12080565 223905833 7 -0.00309205003891671 223449017 224411596 962579
1 158 rs615204 110759796 4 0.00299910848710234 110478803 110759796 280993
1 228 rs1418808 190104227 9 0.00297225133457608 189912146 192461456 2549310
1 280 rs4846908 230285056 6 0.00294080678962127 230244869 230523609 278740
1 21 rs4240895 9713386 3 -0.00281356613996389 9627103 9922245 295142
1 283 rs480902 231531627 5 0.00280452605610277 231301889 232078614 776725
1 12 rs6690868 5701323 2 0.002772769840745 5671786 5774876 103090
1 192 rs2490420 161964536 9 -0.00274696097803951 161312656 161967681 655025
1 113 rs4650137 69685100 10 0.00272273333639732 69500815 70459886 959071
1 231 rs10494714 194802115 20 -0.00270622447024974 194158003 195853219 1695216
1 301 rs10495437 239297423 7 0.00266785353009546 238712017 239321213 609196
1 213 rs7539097 175669902 2 -0.00261061510138793 175403509 175713962 310453
1 132 rs10493796 87614175 4 -0.00260710407314898 86959173 87649865 690692
1 65 rs9425986 34541724 5 0.00258587149684868 34432484 34620770 188286
1 285 rs2357070 232658363 3 0.0025592815184152 232429661 232804107 374446
1 307 rs4660032 241304206 2 -0.00252977745910417 241186056 241455756 269700
1 281 rs2071404 230850940 8 0.00252389681134208 230594749 230878561 283812
1 173 rs11249433 121280613 5 0.00244584034394718 120138083 121280613 1142530
1 67 rs6693844 35304141 4 -0.00238609134624522 35301579 35687815 386236
1 239 rs1043823 201845432 4 -0.0023466867886355 201603081 202013757 410676
1 145 rs1329464 99410959 10 -0.00226814162510617 98755006 99416102 661096
1 64 rs911216 34375199 1 0.00222269899733225 34071525 34382423 310898
1 143 rs7513333 97663530 5 0.00219195822497024 96624820 97721392 1096572
1 78 rs6672120 42577444 16 0.00214053071772931 42027561 43353134 1325573
1 276 rs12033364 226965174 8 0.00210170978107632 226772889 228088271 1315382
1 174 rs4636400 145444556 4 0.00206215207230036 145394955 145723645 328690
1 209 rs140445002 171107737 6 -0.00201352979458332 171050589 171398925 348336
1 237 rs16848195 201243739 11 -0.00180411480430598 201081943 201385061 303118
1 98 rs1419336 61477603 1 0.00178890666422714 61383717 61659786 276069
1 252 rs17013392 208968409 2 0.00178045260250279 208662959 209083609 420650
1 217 rs551607 179903031 8 0.00176241436395686 178989464 180201184 1211720
1 182 rs2296373 156386787 7 -0.00172380100017942 155031376 156386787 1355411
1 300 rs259654 238459434 9 -0.00170598723759676 238126784 238696036 569252
1 322 rs12404422 246441421 3 0.00162653063778676 246122871 246805265 682394
1 86 rs943514 53930551 3 -0.00160563398113949 53646557 53952141 305584
1 6 rs16840866 4212493 4 -0.00159960407071348 4009071 4282786 273715
1 310 rs12568965 242070731 1 0.00159118375982716 242035382 242098415 63033
1 289 rs628407 234432465 1 0.00158964848468035 234382599 234475832 93233
1 17 rs12756299 7758760 8 -0.00154933016045472 7713021 8313894 600873
1 144 rs7545340 97979726 6 -0.00154836957128501 97748929 98689392 940463
1 50 rs2811946 23902416 5 0.00149659336718936 23206684 23902416 695732
1 315 rs4333836 244303822 3 -0.00148155005211841 244275252 244404834 129582
1 267 rs1473526 218620747 5 -0.0014159427523042 218353211 218786549 433338
1 169 rs624988 117263790 4 -0.00135660971253144 117263790 117547790 284000
1 205 rs6662401 168553057 4 0.00133462328813898 168413221 168633890 220669
1 325 rs61730474 247875313 11 -0.00131717434685153 247874551 248496863 622312
1 89 rs1755588 55044940 5 0.0012889823859228 55033869 55224773 190904
1 293 rs2841873 235743992 6 -0.00128235380627113 235359879 236077778 717899
1 259 rs320379 213677091 3 0.00126833046259691 213617738 213825023 207285
1 243 rs16852826 204068110 3 0.00125832714184059 203575667 204110547 534880
1 127 rs389112 83172684 10 -0.0012319492702523 82575142 83465396 890254
1 308 rs7540470 241625863 2 0.00123052259415416 241522325 241708059 185734
1 246 rs4951161 205020566 2 0.00122359532114582 205019226 205404878 385652
1 282 rs12724252 230914229 11 -0.00120985525683795 230883073 231277763 394690
1 42 rs6661421 19755204 5 0.00118970344051326 19199448 19809758 610310
1 25 rs2817614 11564507 3 -0.00115529861518049 11395283 11774956 379673
1 99 rs7544358 61733856 2 0.00110911558374138 61671468 61895257 223789
1 291 rs4626924 234909298 1 0.00106509749388035 234805957 234909298 103341
1 29 rs7515525 13952864 7 0.00104344095262087 13938511 14372163 433652
1 320 rs819876 245555664 3 0.00102322026374151 245530282 245668132 137850
1 162 rs7520740 112787396 9 9.096476176352576e-4 112349568 112829454 479886
1 244 rs2942133 204369875 6 8.719839992933644e-4 204136628 204646295 509667
1 323 rs1691255 247065472 17 8.580575840088922e-4 246840223 247513049 672826
1 156 rs76186504 109840169 7 -8.26363593776273e-4 109723188 110173775 450587
1 238 rs608356 201560163 1 -8.122330253369011e-4 201400088 201561620 161532
1 251 rs12058868 208424905 5 8.066052318628662e-4 208184956 208622869 437913
1 49 rs12734877 22977883 2 8.047966790001787e-4 22899011 23171706 272695
1 102 rs12024707 63396290 3 -7.82867616656851e-4 62836976 63457362 620386
1 48 rs17360017 22495215 6 -7.678376412811171e-4 22373624 22835677 462053
1 90 rs6682884 55474325 2 7.298890748681174e-4 55273580 55512995 239415
1 59 rs267720 30497242 10 6.95643641026276e-4 30414182 30887894 473712
1 299 rs10802632 237928221 1 6.67030677097318e-4 237908911 238103501 194590
1 204 rs204267 167810373 4 6.531229073440762e-4 167652272 168359043 706771
1 240 rs9427477 202032235 2 -6.107965561937827e-4 202032235 202193981 161746
1 118 rs5745343 76273805 15 6.029344195516741e-4 75290369 76602605 1312236
1 33 rs12144738 15591641 3 -5.952916212110249e-4 15583819 15733394 149575
1 75 rs17570439 40324210 1 5.44541792327779e-4 40183922 40439598 255676
1 63 rs5007951 34034649 3 -5.271485512364444e-4 32975903 34046066 1070163
1 265 rs10779284 217092655 6 5.150016351464662e-4 217088584 217604654 516070
1 136 rs928655 89849574 1 5.097860583434175e-4 89776233 90278842 502609
1 111 rs11801053 68512171 4 -5.032742216080788e-4 68128130 68661751 533621
1 114 rs8179355 71093805 1 -4.8520982829861926e-4 70541127 71365983 824856
1 266 rs10495060 217727217 5 4.5892203492139115e-4 217680035 218333741 653706
1 227 rs421604 189548411 2 4.057208873889378e-4 188761359 189887715 1126356
1 170 rs2764867 117597901 2 -4.004142227009703e-4 117573173 118087384 514211
1 39 rs542634 18672774 5 3.9695013052032103e-4 18643632 18851113 207481
1 41 rs6685177 19156866 2 -3.3709519172936127e-4 19059471 19170078 110607
1 195 rs10917787 163492245 4 -3.3426225584123523e-4 163149325 163805912 656587
1 26 rs630542 12206866 3 3.2915222360738834e-4 11836450 12253062 416612
1 146 rs863686 99610153 9 3.242957501420783e-4 99449969 100051580 601611
1 74 rs6703320 40145297 2 3.199893595941725e-4 39295972 40145297 849325
1 319 rs6671796 245358619 4 3.078529284031371e-4 245288493 245498162 209669
1 68 rs3754076 36549157 8 2.8988226733577677e-4 36156432 37074351 917919
1 189 rs2789428 159959505 1 2.416018206018966e-4 159922959 160129495 206536
1 126 rs9659808 82199372 4 2.1749663909336652e-4 81994844 82561559 566715
1 115 rs10518395 72482645 2 2.1568276889113408e-4 71373738 72500375 1126637
1 121 rs3104467 77971047 12 2.0843756689394423e-4 77550431 78938777 1388346
1 105 rs2819130 64231541 1 1.8871489201143047e-4 64173484 64531564 358080
1 188 rs41264831 159863028 4 -1.5665150789170574e-4 159753183 159863028 109845
1 36 rs4920374 17872028 1 1.55491319742409e-4 17541949 17916962 375013
1 298 rs7526759 237446556 1 -1.390867650901769e-4 237420086 237815546 395460
1 176 rs1763457 147795678 1 -1.3879787599880525e-4 147782284 147826658 44374
1 106 rs11208377 64647608 3 1.348955070004244e-4 64579157 65147002 567845
1 305 rs10802887 240714030 2 -1.3187565715870375e-4 240674472 240740757 66285
1 112 rs12039098 68765106 9 1.165083576232344e-4 68686391 69422680 736289
1 93 rs10493223 57934034 3 1.1212589100671448e-4 57320444 58121100 800656
1 134 rs2503273 88273790 1 9.188219768143676e-5 88083782 88445213 361431
1 11 rs9660967 5581798 2 8.196077522703096e-5 5485177 5623965 138788
1 198 rs10494434 165117237 6 7.464404918631823e-5 164666940 165158705 491765
1 153 rs10430083 107316651 7 4.35910266115341e-5 106781612 107865978 1084366
1 203 rs1737476 167530546 1 -3.796164660355646e-5 167477937 167641292 163355
1 122 rs2996692 79337233 7 -1.669606861654958e-5 79079566 79659418 579852
