CHR Group SNP.lead BP.lead Size W BP.min BP.max BP.width
2 1927 rs10931468 191538562 6 0.09380822792997748 191504064 191701184 197120
2 1930 rs10168266 191935804 3 0.07954486268239033 191875901 191935804 59903
2 1926 rs4638823 191312906 5 0.06702103817095535 191251643 191469731 218088
2 374 rs7583409 25491056 3 0.06447989220319605 25491056 25548902 57846
2 2307 rs2048054 228652347 3 0.06164475284105112 228639557 228653164 13607
2 2019 rs3087243 204738919 8 0.04716068487211367 204693876 204802578 108702
2 146 rs10174949 8442248 5 0.04522776927952937 8438959 8447979 9020
2 1437 rs842362 135341120 5 0.04071451603511532 135341120 135493304 152184
2 1206 rs1398030 111972005 4 0.03232609304446144 111957894 112000058 42164
2 1225 rs12998926 114546660 6 0.0321677392815695 114432293 114563960 131667
2 1360 rs4662775 128870808 6 0.03094525549176223 128829192 129007898 178706
