CHR Group SNP.lead BP.lead Size W BP.min BP.max BP.width
21 472 rs7283760 45640629 4 0.04488329718258112 45611950 45647421 35471
21 278 rs2834109 34521087 4 0.03531065820610316 34515010 34535415 20405
21 417 rs2280807 42821265 4 0.02735781988798587 42821113 42862936 41823
21 309 rs9975836 36514505 1 -0.02674607054667863 36469177 36514505 45328
21 281 rs9981243 34594878 2 0.02671114313274696 34594878 34610487 15609
21 228 rs2832310 30768350 1 0.02522756831701801 30615513 30768350 152837
21 239 rs565489 31523734 2 0.02403019491865574 31511924 31531438 19514
21 432 rs2839452 43466047 4 -0.02199937835684183 43466047 43492329 26282
21 456 rs3737434 44437142 7 0.01861429680924439 44362904 44454301 91397
21 373 rs447480 41221971 6 0.01792279269951314 41136712 41225542 88830
21 148 rs12483180 24720653 1 0.01648796152003228 24696982 24739422 42440
21 240 rs2832660 31593066 1 0.01601226253417752 31554936 31609467 54531
21 250 rs762194 32493031 4 0.01319138284965467 32485200 32493031 7831
21 348 rs2836074 39346333 1 0.0130593053124087 39332384 39346333 13949
21 488 rs8129133 46454237 1 0.0126874193049989 46454237 46454237 0
21 345 rs9983351 39176328 4 0.01260188519073494 39176328 39217680 41352
21 431 rs220229 43448797 1 0.01236368419154248 43448797 43453662 4865
21 130 rs2827079 23196432 7 0.01213875494786829 23173531 23236900 63369
21 38 rs1449525 17762328 4 0.01209908874741025 17759486 17762328 2842
21 224 rs6516861 30057145 3 -0.01153336829047256 30004254 30128595 124341
21 357 rs2836550 39968482 6 -0.01131729282670604 39967076 40059292 92216
21 37 rs453644 17743767 2 0.01065096243189409 17743767 17744507 740
21 16 rs2822964 16229925 5 -0.0105870943298415 16229925 16247212 17287
21 336 rs2277784 38380225 4 0.00958921564147327 38371327 38429389 58062
21 399 rs2210270 42132802 3 -0.00941965530761956 42110235 42168325 58090
21 171 rs7281937 26021230 2 0.00935143756553532 26017301 26021230 3929
21 82 rs458984 20312086 3 -0.00921521675499074 20290322 20312086 21764
21 284 rs9978223 34770358 3 0.00886661159556848 34770358 35056247 285889
21 143 rs641698 24402455 3 -0.00885685106312399 24402455 24425226 22771
21 174 rs2829413 26196506 9 0.00881638875433934 26183724 26362354 178630
21 194 rs9984180 27891664 1 -0.00862203940534251 27891664 27911452 19788
21 350 rs2211860 39552192 8 0.00859581371268674 39493232 39626421 133189
21 57 rs8129963 18989513 2 0.00851295807102177 18968320 19026337 58017
21 253 rs1855703 32753155 4 -0.00797098291185469 32747521 32759208 11687
21 115 rs1009164 22217613 2 -0.0079187466661047 22217613 22237121 19508
21 13 rs1292747 16115679 2 0.0078747617891143 16077016 16115679 38663
21 109 rs12482055 21918415 3 -0.00784013577257643 21916740 21921412 4672
21 450 rs373700 44039966 2 0.00782473558838681 44039013 44039966 953
21 232 rs420121 31146608 6 -0.00781711024089335 31062070 31181420 119350
21 274 rs10427540 34374530 3 0.00762247463585589 34374072 34375854 1782
21 48 rs859172 18629416 1 -0.00744917190906855 18629416 18629416 0
21 118 rs7509723 22403814 1 0.0073871151410215 22403814 22430692 26878
21 311 rs2008256 36583687 1 0.00733008587468805 36565278 36597915 32637
21 358 rs2836643 40093658 1 -0.0072958597632068 40087153 40103951 16798
21 56 rs1784913 18938080 2 -0.00722896712851929 18926653 18938080 11427
21 78 rs2825011 20078424 3 0.00722132668284912 20075866 20126875 51009
21 316 rs4817726 36943564 3 0.00721976464174801 36892781 36947659 54878
21 179 rs10154112 26819664 1 -0.00719276185469404 26798089 26866666 68577
21 495 rs2236462 46897221 1 0.00713221043064268 46883153 46897221 14068
21 296 rs8129311 35922006 3 0.0071134817743725 35880072 35934476 54404
21 219 rs2831503 29481474 2 -0.00695720581719484 29481474 29485359 3885
21 499 rs4819138 47061267 1 0.00684187762071907 47061267 47287226 225959
21 500 rs3827270 47379816 3 -0.00676126551657281 47342116 47383056 40940
21 298 rs2834585 36064321 2 0.00658227527230119 36015246 36071202 55956
21 364 rs2836845 40395343 1 -0.00647963788780766 40389724 40434499 44775
21 200 rs229092 28255787 2 0.00640623739087238 28220730 28273228 52498
21 132 rs2827147 23321380 1 -0.00631782572036586 23294509 23321380 26871
21 434 rs220126 43531008 2 0.00617691102832481 43510427 43531632 21205
21 36 rs2823748 17675675 2 0.00614938668379632 17675675 17675675 0
21 120 rs1028983 22457771 1 0.00600950945898893 22457771 22479797 22026
21 317 rs2222959 36978680 3 0.00597729855198267 36978680 37054507 75827
21 497 rs944422 46982335 3 0.00589356726055452 46982335 46987198 4863
21 180 rs17001080 26908384 3 0.00582190762187593 26908384 27027297 118913
21 367 rs2297256 40558421 6 -0.00575570279210557 40547310 40772484 225174
21 249 rs2833214 32423084 2 -0.00567798396114628 32415227 32454561 39334
21 421 rs2247788 43067245 2 0.00564714215207566 43059884 43068319 8435
21 6 rs2822641 15747503 1 -0.00560606978855635 15729775 15790187 60412
21 67 rs13048405 19522891 3 0.00560272718272706 19506651 19522891 16240
21 0 rs3115512 15215814 1 -0.00559604971283553 15215814 15215814 0
21 360 rs992244 40252150 3 0.00550208190809347 40237762 40261157 23395
21 439 rs2276235 43715013 2 -0.00546800077503156 43708018 43718611 10593
21 223 rs2831829 29833572 1 -0.00540877482706796 29833572 29912452 78880
21 458 rs2027745 44508020 2 0.00509441258442008 44508020 44519655 11635
21 463 rs496300 44779680 3 0.00503917353678898 44779343 44788262 8919
21 117 rs2826605 22300960 4 -0.00499332942474154 22300960 22362499 61539
21 104 rs2989314 21812972 1 -0.00494893512511391 21811981 21814838 2857
21 390 rs16999738 41780398 2 0.00493369135321241 41780398 41792388 11990
21 276 rs9984627 34471603 7 0.00489567786895605 34436973 34499426 62453
21 423 rs9917486 43102097 2 0.0048234243045632 43102097 43107623 5526
21 441 rs4920091 43778036 3 -0.00478156449536157 43770283 43786540 16257
21 247 rs2833162 32296251 3 0.00474268968326884 32294481 32296251 1770
21 352 rs970115 39721888 1 0.00471482904954719 39707132 39721888 14756
21 370 rs498027 41016873 1 0.00471324829797109 40987887 41016873 28986
21 269 rs2833803 33795961 6 0.00470872726266312 33782887 33832331 49444
21 165 rs7283527 25706768 1 0.00460271998350009 25691370 25770592 79222
21 382 rs2837393 41423346 5 -0.00454835008509039 41417215 41437081 19866
21 155 rs2828515 25134728 2 -0.00453054309571222 25095694 25141149 45455
21 42 rs2824091 18219506 1 -0.00442922822401355 18171830 18219506 47676
21 234 rs2832458 31239497 1 -0.00439772541910722 31233994 31256868 22874
21 226 rs2243521 30431730 2 0.0043617324043142 30221409 30494250 272841
21 66 rs2824639 19494749 2 0.00419911729950474 19487468 19497606 10138
21 267 rs2833697 33556137 6 0.00419030650829381 33548880 33669542 120662
21 507 rs9979500 48029698 1 -0.00411080800440393 47978421 48029698 51277
21 262 rs12165267 33364621 1 0.00406559265934896 33364621 33409932 45311
21 378 rs1629521 41344489 1 -0.00397015435398497 41322812 41344489 21677
21 393 rs16999939 41906601 2 -0.00393722841127904 41897530 41910637 13107
21 166 rs1119268 25798660 2 0.00390291611549447 25798591 25801836 3245
21 372 rs11909296 41082511 3 0.00387508366673894 41082511 41092950 10439
21 59 rs171477 19150133 3 0.00385586635606648 19139775 19150133 10358
21 288 rs12627530 35269964 3 0.00379533890536928 35265524 35355410 89886
21 235 rs2832484 31297409 1 -0.00376024513622519 31289931 31302472 12541
21 503 rs2839102 47501261 1 -0.00374817528597954 47501261 47501261 0
21 97 rs9979641 21120177 4 0.0037404338524633 21116540 21200612 84072
21 505 rs35785446 47614553 1 0.00367786090887907 47614553 47686152 71599
21 297 rs2300392 35970346 4 -0.00363701798605388 35950431 36009296 58865
21 14 rs7283943 16126805 3 0.003617942246683 16126805 16128671 1866
21 44 rs7276116 18318167 2 0.00358298733503828 18297166 18347660 50494
21 447 rs2839535 43905327 1 -0.00347930540904476 43905327 43943658 38331
21 175 rs2829535 26451776 3 0.00346288509481753 26386645 26453241 66596
21 379 rs926084 41368110 3 -0.00340939419874701 41354868 41371229 16361
21 504 rs9978018 47526240 1 0.00335232823866361 47526240 47544838 18598
21 168 rs2408971 25913510 1 -0.00331590593973092 25912293 25918197 5904
21 339 rs12483205 38740824 2 0.00324411649743585 38721309 38918608 197299
21 152 rs9978900 24902807 4 0.00307789065142582 24902807 24951271 48464
21 209 rs2167597 28745816 2 -0.00302423118067562 28721847 28755225 33378
21 492 rs13047971 46778772 4 -0.00302001630294411 46778772 46797389 18617
21 412 rs441810 42698907 3 0.00295582251087944 42682644 42698907 16263
21 46 rs2026857 18433749 3 -0.0028886706434638 18381304 18457828 76524
21 392 rs11088518 41852932 4 0.00281633158064786 41823356 41884157 60801
21 12 rs458525 15970507 4 0.00275101484145991 15970507 16054626 84119
21 321 rs9305578 37514155 2 0.00273636424565785 37490655 37538397 47742
21 205 rs914130 28574546 3 -0.00268765428024563 28568502 28576387 7885
21 167 rs2829098 25836660 2 0.00264418205809648 25811144 25896423 85279
21 362 rs7276778 40335046 2 0.00262675918043713 40323728 40349600 25872
21 359 rs457705 40191431 6 0.00237537420440113 40157281 40210516 53235
21 72 rs2824746 19707768 1 -0.00237022002712379 19707768 19707768 0
21 96 rs218331 21083982 1 -0.00231968534299358 21069156 21083982 14826
21 198 rs467785 28187020 6 -0.00225858291683467 28162797 28194581 31784
21 188 rs985456 27625716 1 0.00219472022493483 27616602 27666882 50280
21 403 rs10222193 42324388 2 0.00219374142931461 42324388 42324388 0
21 202 rs2830607 28368464 2 0.00215462046079184 28348083 28375935 27852
21 328 rs8127136 38034172 3 0.00212187612847607 38009239 38034172 24933
21 266 rs4817463 33490340 2 -0.00210915231868205 33487695 33523381 35686
21 164 rs1910614 25591352 1 -0.00200758897843381 25591352 25603521 12169
21 292 rs2834450 35702083 1 0.0019948489272285 35631938 35716371 84433
21 186 rs2830076 27502468 3 0.00198650926498712 27502468 27544041 41573
21 182 rs3787620 27255117 1 -0.00194786344967044 27195389 27264584 69195
21 197 rs2830466 28127508 1 -0.00194624427572935 28111563 28139912 28349
21 333 rs2850106 38134511 1 0.00191032775775622 38134511 38147602 13091
21 145 rs20461 24521301 3 0.00190608693768596 24506241 24613586 107345
21 377 rs2299787 41290971 3 -0.0018855212724281 41285481 41301355 15874
21 319 rs6517312 37277069 1 0.00185279854128439 37164716 37301361 136645
21 24 rs2823233 16691926 1 -0.00181189768333753 16682922 16691926 9004
21 384 rs9982099 41527915 1 0.00180899778103659 41518280 41527915 9635
21 263 rs2833624 33427293 2 -0.00180404213521659 33426886 33431995 5109
21 354 rs3746880 39795202 2 0.00179940575279441 39776562 39797764 21202
21 293 rs34016792 35757915 1 0.00178337763208822 35757915 35757915 0
21 51 rs207005 18735621 1 -0.00176576627634409 18735621 18737223 1602
21 216 rs1986059 29362621 2 -0.00175710812642842 29305612 29362621 57009
21 196 rs2830402 28066700 2 -0.00175588461477255 28025911 28078159 52248
21 337 rs2835688 38651111 1 -0.00166775112527441 38444881 38651111 206230
21 242 rs9636832 31763618 3 -0.0016615969819026 31763618 32038030 274412
21 189 rs2830165 27676592 3 0.00165414704021288 27676401 27728434 52033
21 413 rs424992 42711936 1 -0.00165278208935203 42710175 42720579 10404
21 361 rs2836757 40294024 4 0.00157233018201903 40289113 40315316 26203
21 5 rs2205253 15725162 3 -0.00156702528979137 15671024 15725868 54844
21 11 rs2822787 15954660 1 0.00152053969797107 15954660 15954660 0
21 444 rs2254368 43862466 3 -0.00144091134404991 43829758 43862466 32708
21 203 rs12481871 28436131 4 -0.00143747315275167 28419053 28489705 70652
21 402 rs730625 42296882 3 0.001430056024628 42277689 42307342 29653
21 483 rs2838677 46189767 2 0.00141378912829618 46189767 46226566 36799
21 244 rs2833124 32214655 2 0.00133645129596381 32214655 32214655 0
21 436 rs4148082 43619415 1 0.00131392027638804 43556691 43619415 62724
21 254 rs13052373 32844980 1 -0.00128304472846082 32832384 32919601 87217
21 210 rs2830909 28771875 1 -0.00125612207764501 28769385 28791676 22291
21 482 rs2838666 46158738 1 -0.00120481585357101 46158738 46158738 0
21 28 rs2823321 16892903 1 -0.00119980825842182 16883021 16922965 39944
21 375 rs2244084 41277049 4 0.00115966166992884 41265911 41277049 11138
21 473 rs7354779 45670770 1 -0.00115706240850224 45665330 45670770 5440
21 489 rs729895 46515421 3 0.00114096813636701 46491341 46548611 57270
21 248 rs2833192 32389498 1 0.00111266779943054 32325587 32389498 63911
21 136 rs2096727 23608099 2 -0.00110607387553548 23590556 23608099 17543
21 26 rs1736148 16813212 1 0.0010217327028381 16793467 16815872 22405
21 237 rs2832547 31410125 2 0.00100247292560134 31391595 31410125 18530
21 315 rs2205112 36853517 1 9.829322393128646e-4 36834597 36873163 38566
21 411 rs2837996 42626706 1 -9.81716678157997e-4 42626362 42655515 29153
21 131 rs4818644 23251216 1 9.772816061911283e-4 23251216 23264430 13214
21 279 rs9305523 34545377 4 -9.731844800836216e-4 34545377 34552200 6823
21 129 rs1155463 23140523 2 -9.657996446510564e-4 23140523 23141845 1322
21 127 rs236085 22960166 2 -9.610742907884002e-4 22942136 23044990 102854
21 291 rs4817616 35444498 3 -9.558761723513788e-4 35444498 35551600 107102
21 102 rs12627037 21738573 1 -9.54916350434436e-4 21738573 21742922 4349
21 452 rs4920137 44140117 1 9.466389230107596e-4 44112366 44145777 33411
21 89 rs2825560 20773423 1 9.292529161959896e-4 20754462 20848066 93604
21 80 rs4818429 20207582 3 -9.16474016961792e-4 20202738 20235268 32530
21 445 rs8130358 43875848 2 9.152225570345594e-4 43875500 43875848 348
21 85 rs2825314 20418452 1 -9.082607848688968e-4 20410051 20418452 8401
21 440 rs480449 43740749 5 -9.070800196094027e-4 43740749 43763726 22977
21 481 rs2838659 46128238 6 8.999385510245505e-4 46060222 46128238 68016
21 310 rs4459802 36530416 2 8.913333206025264e-4 36530416 36530556 140
21 151 rs1354481 24836014 1 8.856098793214903e-4 24824466 24836014 11548
21 295 rs11701051 35839963 5 -8.628101459595859e-4 35838907 35858097 19190
21 190 rs2032258 27775118 2 -8.61253829210774e-4 27763523 27775118 11595
21 349 rs2252355 39440942 1 -8.608314204817967e-4 39363949 39440942 76993
21 486 rs2838737 46335580 2 8.515581449215693e-4 46333802 46335580 1778
21 490 rs2838809 46621438 3 -8.426234617024326e-4 46610842 46646005 35163
21 144 rs198123 24468555 1 8.137141420363093e-4 24449684 24475368 25684
21 156 rs207481 25211216 3 7.97119440658913e-4 25163987 25214100 50113
21 398 rs7276043 42085920 1 7.841769955508444e-4 42067941 42085920 17979
21 501 rs1053312 47423389 2 -7.799615553425281e-4 47423389 47445791 22402
21 30 rs761231 17059038 1 -7.706693532690621e-4 17023498 17059038 35540
21 126 rs2826896 22917558 1 7.539487185779194e-4 22888198 22917558 29360
21 135 rs1041416 23542443 1 -7.272971546188334e-4 23508050 23542443 34393
21 383 rs2837426 41454734 1 7.191034765205027e-4 41454734 41454734 0
21 470 rs62229686 45391272 2 7.062599894867311e-4 45391272 45398853 7581
21 275 rs2834072 34410464 1 -7.036623627853779e-4 34399401 34422738 23337
21 163 rs12627020 25510293 2 7.035238302791828e-4 25510293 25544579 34286
21 161 rs2828789 25441375 2 6.985458287996939e-4 25428737 25441897 13160
21 351 rs2836285 39656505 9 6.967234523508233e-4 39631464 39696476 65012
21 229 rs363501 30927772 3 6.961675478751891e-4 30861858 30927772 65914
21 137 rs2827373 23672710 1 6.853295941215857e-4 23654246 23681095 26849
21 427 rs4920118 43319984 2 6.727511960735412e-4 43306101 43319984 13883
21 122 rs2826672 22503372 1 6.522157773469607e-4 22503372 22503372 0
21 212 rs2830976 28860822 1 6.500028797853342e-4 28839532 28927839 88307
21 368 rs6517549 40823981 3 6.182209118155138e-4 40780560 40887185 106625
21 325 rs170183 37848334 1 -6.17312865028694e-4 37829040 37848334 19294
21 369 rs8127751 40964553 5 -6.105670802975687e-4 40909706 40968460 58754
21 214 rs2831046 29025638 1 6.078761708426328e-4 29015007 29112277 97270
21 329 rs2845795 38064902 2 -5.891817738306136e-4 38064902 38064902 0
21 19 rs975336 16451845 2 -5.551118285544927e-4 16451845 16451845 0
21 138 rs2827461 23771749 1 -5.545367510832342e-4 23771749 23776582 4833
21 65 rs158014 19451271 1 5.385628477552618e-4 19433441 19474777 41336
21 40 rs13047224 18040023 3 5.026168075445937e-4 18040023 18048206 8183
21 391 rs718099 41816354 1 4.899563716011283e-4 41813127 41816354 3227
21 502 rs13051923 47489546 2 4.831917026608438e-4 47473588 47489546 15958
21 147 rs7282341 24683471 2 -4.7481469715625167e-4 24667856 24684174 16318
21 506 rs2839315 47962186 6 -4.730303439243657e-4 47739146 47963149 224003
21 195 rs2830286 27954042 2 4.4855613706375994e-4 27926088 28023370 97282
21 425 rs1054761 43218520 1 4.482948672498111e-4 43218520 43221826 3306
21 91 rs9978286 20925657 1 4.425669022434989e-4 20919209 20935961 16752
21 3 rs2822531 15650119 1 4.067234445441963e-4 15591689 15653065 61376
21 264 rs4817450 33437648 1 4.053843930213e-4 33437648 33450081 12433
21 39 rs13047709 17816981 1 -4.041096291823217e-4 17789829 17826260 36431
21 177 rs2829558 26514597 2 3.9585826059216137e-4 26514597 26616200 101603
21 457 rs2124458 44475680 3 3.905335482923336e-4 44473062 44487404 14342
21 484 rs235305 46298869 1 -3.816064828971688e-4 46246940 46298869 51929
21 376 rs3819595 41282698 1 3.811890051017548e-4 41282698 41282698 0
21 1 rs2822391 15412399 1 -3.747947491420858e-4 15412399 15445468 33069
21 139 rs1501220 23848588 1 3.5120052775448077e-4 23841677 23860926 19249
21 230 rs363528 31014359 4 -3.495303766102971e-4 30981245 31020875 39630
21 397 rs1022424 42047446 2 3.4645249059081214e-4 42047446 42047910 464
21 204 rs1788324 28558373 3 3.4554038290203996e-4 28505656 28558373 52717
21 320 rs2178812 37312721 7 -3.325610336058372e-4 37312721 37460164 147443
21 446 rs4920108 43891321 2 -3.258153891656184e-4 43887160 43892641 5481
21 479 rs464504 45998768 1 3.135429809006041e-4 45979255 45998768 19513
21 344 rs2835927 39120344 1 3.1277868194802034e-4 39096903 39132864 35961
21 480 rs398680 46021934 2 -2.956339418796456e-4 46021934 46032094 10160
21 79 rs8129581 20136039 1 2.912002387828954e-4 20133449 20186304 52855
21 87 rs13052468 20636566 1 -2.9061676456812956e-4 20537661 20676645 138984
21 27 rs2823307 16865946 1 2.8102538694757317e-4 16865946 16865946 0
21 93 rs2825686 20996612 1 -2.7671911655396324e-4 20986798 20996612 9814
21 272 rs4817502 34175240 2 2.733499048003336e-4 33998027 34199847 201820
21 241 rs2226821 31715081 1 -2.708520333637712e-4 31617443 31719836 102393
21 465 rs2838331 45026728 1 2.6613434290364895e-4 45026728 45128454 101726
21 268 rs2833770 33701693 1 -2.6408074547574703e-4 33695276 33752626 57350
21 314 rs8132760 36771337 1 2.5911209512150365e-4 36771337 36816352 45015
21 110 rs2826401 21939786 1 -2.4936608265386725e-4 21939786 21970649 30863
21 18 rs1056930 16336804 1 -2.449518522094219e-4 16331523 16422603 91080
21 187 rs2409168 27573945 1 2.4359932471544805e-4 27573945 27581283 7338
21 207 rs1158932 28657200 1 -2.3999304957042928e-4 28649659 28659396 9737
21 101 rs2407647 21709136 1 2.3338353805803705e-4 21649595 21711607 62012
21 222 rs2831744 29761086 4 -2.323800817087291e-4 29739928 29799861 59933
21 225 rs8131527 30196904 1 2.2197165805292043e-4 30133077 30205143 72066
21 394 rs73364974 41917406 1 2.168469741877246e-4 41917406 41917406 0
21 15 rs2822942 16189981 2 2.1452890250931532e-4 16145761 16189981 44220
21 233 rs2832447 31197963 1 1.919492980726535e-4 31197963 31200503 2540
21 43 rs2824098 18235587 4 1.9145108373046227e-4 18228575 18281526 52951
21 153 rs7278243 25015303 1 -1.8861973052916275e-4 24987949 25052229 64280
21 178 rs2829726 26764074 1 1.777878766025082e-4 26645083 26764074 118991
21 170 rs10482951 25982886 2 -1.6668747866980328e-4 25971850 25985248 13398
21 289 rs2834331 35366934 2 -1.613043120054986e-4 35357025 35375649 18624
21 99 rs2825878 21278832 1 -1.6019463108385044e-4 21278832 21352899 74067
21 100 rs4818561 21635038 1 1.5876077323107222e-4 21472584 21636664 164080
21 448 rs451954 43995954 1 -1.5023300043350043e-4 43960077 44006330 46253
21 236 rs2832527 31381600 1 1.4126559710078162e-4 31381600 31385507 3907
21 415 rs466092 42774541 1 -1.280474903667294e-4 42756996 42774541 17545
21 77 rs8131046 19999399 1 1.167512903872109e-4 19957829 20054442 96613
21 406 rs13050861 42485808 2 -1.1344813229546954e-4 42440714 42485808 45094
21 2 rs431864 15548739 1 1.1148769326216748e-4 15463956 15554030 90074
21 107 rs2155889 21889841 2 1.0624536650338395e-4 21884955 21889841 4886
21 47 rs11702385 18541509 1 1.0338163304769996e-4 18471041 18542872 71831
21 419 rs9975623 42920296 1 1.0066563968942152e-4 42920296 42920296 0
21 201 rs146717299 28305324 2 9.55336428747755e-5 28286853 28327495 40642
21 308 rs928282 36433963 1 -8.866797900654971e-5 36433963 36433963 0
21 220 rs7278583 29533040 2 8.143197025452297e-5 29533040 29590755 57715
21 453 rs75225742 44190901 1 -7.562625892759472e-5 44190901 44190901 0
21 355 rs1041795 39852396 2 -7.165059887384649e-5 39838825 39897553 58728
21 341 rs928723 38970666 1 7.118865548340285e-5 38968030 38970666 2636
21 287 rs2298679 35247460 1 -6.478963652260744e-5 35227484 35254293 26809
21 464 rs2838305 44873060 1 -5.6367154235771654e-5 44859686 44873795 14109
21 438 rs225386 43682938 1 -4.1322590680447813e-5 43678808 43702023 23215
21 149 rs7278309 24777708 1 -3.929946890653807e-5 24748624 24790421 41797
21 366 rs2836889 40485574 2 -2.925349678448706e-5 40485574 40506194 20620
21 307 rs2834737 36396167 2 -2.3009621448508155e-5 36396167 36396167 0
21 343 rs1709806 39055489 3 1.399782385064132e-5 39037636 39083309 45673
21 496 rs17255281 46932614 1 1.1007967214870602e-5 46931109 46958299 27190
21 430 rs12627125 43399915 1 6.006531092075672e-6 43393669 43438674 45005
21 424 rs3746894 43162150 1 5.363548489290937e-6 43161357 43195637 34280
