CHR Group SNP.lead BP.lead Size W BP.min BP.max BP.width
18 828 rs1788103 67538824 3 0.05659510224328361 67529014 67556646 27632
18 706 rs17773430 57963117 2 0.02582107291404698 57922526 57963117 40591
18 434 rs1540043 33691313 2 0.02001473963895921 33691313 33781725 90412
18 498 rs1835499 40335882 4 0.01798544738240816 40324824 40468883 144059
18 200 rs8082842 9814778 1 -0.01715340103862667 9814778 9835419 20641
18 681 rs7228600 56508351 4 0.01656396664759374 56457396 56518513 61117
18 51 rs11665524 2978535 2 0.01575932748818957 2951876 3002230 50354
18 806 rs17078903 65982452 4 0.01468345281427088 65942408 65982452 40044
18 365 rs8088478 26413621 4 0.01454084927833083 26323792 26498677 174885
18 276 rs11873019 13907526 2 -0.0138818543208491 13907526 13913563 6037
18 686 rs17835556 56818766 2 0.01367095355361133 56802550 56828687 26137
18 818 rs2364201 67088062 3 0.01353366966233643 67086620 67134392 47772
18 88 rs8085726 4370882 1 0.01329425641035775 4370882 4376022 5140
18 862 rs9959846 70015150 2 -0.01310083720989644 69986743 70015831 29088
18 675 rs4309483 56085917 2 0.0126841094250823 56085917 56118999 33082
18 927 rs7228334 73500233 3 0.01263756073810935 73486030 73515143 29113
18 59 rs1785272 3314310 2 0.01238652039374852 3305738 3330062 24324
18 441 rs1390431 34119428 6 0.01224465699195961 34098851 34127383 28532
18 850 rs649809 69160304 2 0.01219770470979054 69153026 69188891 35865
18 443 rs61735998 34289285 5 0.01214733266356053 34220737 34324091 103354
18 680 rs1059442 56416693 3 0.01183749009934908 56331663 56446902 115239
18 296 rs2278452 20774097 1 0.0114257807769606 20774097 20774097 0
18 678 rs7238217 56227820 7 0.01141961714445675 56227820 56270997 43177
18 579 rs2000813 47093864 1 0.01140882430627207 47069033 47109955 40922
18 257 rs2096847 12415136 1 0.01125308912483308 12392308 12415136 22828
18 918 rs652015 72898905 1 -0.01106941372682729 72898905 72914280 15375
18 563 rs937019 45981769 4 0.01103618490891208 45969470 46044052 74582
18 299 rs1652362 21176770 4 -0.01093782105907697 21112206 21178845 66639
18 773 rs12455246 63498880 1 0.01041155001988245 63470003 63498880 28877
18 298 rs7238618 20913598 9 0.00941589083293095 20879217 21068118 188901
18 749 rs6567383 61375683 6 -0.0093647735406959 61364844 61398078 33234
18 502 rs2622781 41081332 1 0.00895656037389647 40992698 41083535 90837
18 984 rs2002842 76409597 3 -0.00891773551549134 76379213 76421267 42054
18 733 rs2048794 60224101 1 -0.00879467889502422 60147412 60253761 106349
18 677 rs17065127 56202231 1 0.00867860665623141 56156233 56205551 49318
18 24 rs8090522 1542523 1 0.0086700630103799 1512430 1567186 54756
18 623 rs10083941 50282122 1 -0.0086009853256685 50282122 50355807 73685
18 228 rs12608436 10797856 4 -0.00848988335247604 10769803 10809196 39393
18 903 rs1573486 71955979 1 0.00833725874362517 71955979 71993111 37132
18 376 rs4420605 27907683 4 0.00826424991786542 27826653 27935931 109278
18 429 rs998626 33257120 1 -0.00819752897885326 33187340 33285609 98269
18 243 rs7239176 11452145 2 0.00813166848584328 11452145 11512551 60406
18 205 rs571890 10026087 1 -0.00810694079273544 10026087 10029510 3423
18 816 rs17080654 66898945 5 0.00780803920542763 66898157 67012528 114371
18 570 rs1317625 46380182 2 -0.00772455860218415 46361441 46381448 20007
18 591 rs10460085 47918639 4 -0.00758712863920105 47829944 47918639 88695
18 278 rs7238647 14027616 3 -0.00743126074517905 14019830 14090271 70441
18 690 rs7243056 57021549 10 0.00738374160230735 56946086 57056907 110821
18 659 rs12958967 55315959 2 0.00727593220596209 55315959 55349914 33955
18 145 rs8088532 7082526 1 0.00707830422099092 7054431 7082526 28095
18 111 rs7242770 5647875 1 0.00707132902724515 5643417 5655381 11964
18 302 rs1131521 21513768 2 0.00700095173687969 21496166 21580492 84326
18 181 rs4798712 8890011 2 0.0069332671341067 8876666 8912044 35378
18 590 rs11082811 47763296 3 0.00654623615831188 47739631 47802971 63340
18 714 rs149427 58798483 1 -0.00654003392598129 58746681 58809023 62342
18 725 rs567629 59641926 1 0.0063430862303495 59594659 59645371 50712
18 391 rs8094212 29034304 1 0.00628299106206259 29018114 29057719 39605
18 748 rs4261645 61239806 2 0.0062193665827654 61183511 61294936 111425
18 910 rs11151964 72201918 1 -0.00618154245232559 72201918 72210190 8272
18 405 rs16963287 29967333 4 -0.00603040742035039 29898479 30032385 133906
18 777 rs2715335 63671513 1 0.00591457866272049 63671513 63689939 18426
18 845 rs17083850 68848130 1 0.00590716580236197 68837291 68848130 10839
18 720 rs2032366 59266371 3 -0.00585682959237881 59246069 59296381 50312
18 538 rs732109 44135050 1 -0.00579841522240422 44135050 44137400 2350
18 490 rs987380 39448009 1 0.00568896758817231 39428052 39461087 33035
18 523 rs10502868 43153949 1 0.00554959327483723 43144642 43153949 9307
18 435 rs1057251 33848581 1 0.00554099153495643 33802526 33852617 50091
18 494 rs7229024 39948375 2 0.00552519672165504 39895631 39954132 58501
18 562 rs1038670 45898195 3 0.00543548607272762 45877135 45913212 36077
18 223 rs687784 10663094 1 -0.0054091287061585 10663094 10665770 2676
18 268 rs1785113 13483636 2 -0.00531068386070326 13458063 13487485 29422
18 425 rs11872966 32765310 4 -0.00522260328405021 32618893 32765310 146417
18 306 rs35693789 21747400 4 0.0050994347935946 21689394 21762678 73284
18 636 rs1942263 52817175 2 -0.00507252944845343 52717725 52821124 103399
18 905 rs11661821 72073056 3 0.00505875122999679 72067682 72073178 5496
18 323 rs4131293 22772069 2 -0.00504680562969602 22772069 22774712 2643
18 912 rs948615 72345890 3 -0.00500387044345642 72252137 72414096 161959
18 877 rs17087091 70868766 3 -0.00496491153943738 70868766 70914071 45305
18 328 rs4800216 23038218 1 -0.00484363008512736 23014701 23041828 27127
18 572 rs4939826 46453406 2 -0.00479227447906576 46453406 46453929 523
18 221 rs16974966 10562575 1 -0.0047624041550299 10491281 10562575 71294
18 761 rs6650712 62194615 2 -0.00470440439020143 62181984 62194615 12631
18 163 rs12965261 8218296 5 -0.00464178918356287 8207445 8247249 39804
18 381 rs9304561 28252925 2 -0.00462498481329623 28183475 28252948 69473
18 287 rs1465501 19814796 6 0.00448943713795888 19786854 19890598 103744
18 858 rs753575 69842000 1 -0.00443142049988912 69779136 69868296 89160
18 116 rs8088340 5836382 2 0.00438282108534574 5836382 5843069 6687
18 796 rs2448731 65376601 9 0.00427124748219037 65359829 65404933 45104
18 632 rs694498 51812205 2 -0.00421768985339574 51795329 51958845 163516
18 189 rs2377961 9099554 2 -0.00417018313700366 9095067 9299538 204471
18 364 rs8088603 26188052 6 0.0040918099183788 26075587 26256806 181219
18 387 rs976751 28748936 2 -0.00408437185796584 28732160 28765530 33370
18 598 rs17805042 48324575 1 0.00406547441450645 48290668 48324575 33907
18 355 rs2851758 25316814 2 -0.00405596658215077 25313101 25316814 3713
18 626 rs1988344 50822738 4 0.00403662746160058 50792090 50931599 139509
18 616 rs9951523 49867224 1 0.00401267105038717 49804768 49892325 87557
18 593 rs2045531 48087649 5 -0.00391923688852047 48075258 48146048 70790
18 860 rs4572503 69935826 4 0.00391815137346055 69908670 69935826 27156
18 934 rs8086933 73870880 4 -0.00380366618180019 73849753 73890904 41151
18 68 rs8083633 3522006 1 0.00373882011797651 3522006 3522006 0
18 928 rs9946424 73546163 5 -0.00369492937779298 73528080 73557030 28950
18 926 rs2105738 73465168 1 -0.00368919396297858 73409626 73465168 55542
18 317 rs6508330 22379964 2 0.00368906883381512 22328172 22430986 102814
18 3 rs618671 362199 3 0.00366803863079317 354439 362199 7760
18 455 rs12970162 35562926 2 -0.00366473041781008 35557827 35577756 19929
18 478 rs226663 38292951 3 -0.00365893544076593 38253818 38346383 92565
18 247 rs16976596 11696613 1 0.00365044380387871 11696613 11696613 0
18 737 rs6567313 60702324 1 0.00353258563103167 60693026 60702324 9298
18 196 rs7228240 9729894 2 0.0035300881264074 9710554 9732627 22073
18 565 rs11875657 46141721 3 0.00350297764301423 46141721 46183078 41357
18 546 rs6507741 44999857 12 -0.00346916821201363 44983381 45064406 81025
18 337 rs16942310 24015007 6 -0.00345485859685671 23825857 24016157 190300
18 362 rs4800860 25871048 4 -0.00343709253868677 25763595 25904868 141273
18 249 rs787554 11862697 1 0.0034051855450421 11862697 11862697 0
18 989 rs2931002 76513505 1 -0.00336505695312005 76512308 76513505 1197
18 507 rs1380835 41493047 1 -0.00327576395303753 41480527 41509655 29128
18 74 rs7230741 3784627 2 -0.0032394727437803 3784627 3797659 13032
18 641 rs9945732 53593297 4 0.00323510956755796 53577346 53676203 98857
18 823 rs4891764 67320971 4 -0.00319508685116321 67304729 67323641 18912
18 160 rs1441002 7887531 3 0.00312989119752091 7871278 7914057 42779
18 452 rs8092743 35279922 1 -0.00308253610379199 35214006 35279922 65916
18 665 rs4591234 55582254 1 0.00304884409345611 55582254 55608446 26192
18 101 rs366730 5152737 1 -0.00303080463825847 5145389 5152737 7348
18 1003 rs891488 77637424 2 -0.00295165527253313 77630073 77721125 91052
18 649 rs7233847 54451284 1 0.00294381383137256 54265847 54451284 185437
18 198 rs9951109 9762933 2 -0.00290082706712186 9762933 9762933 0
18 885 rs9944985 71198937 1 -0.00285584044743841 71159126 71218924 59798
18 277 rs6505863 13974987 1 -0.00284303140595021 13944255 13993454 49199
18 7 rs12970203 475155 2 -0.00284138974569504 473288 491967 18679
18 754 rs213129 61693335 2 -0.00280651032224237 61680926 61751058 70132
18 703 rs17066458 57654067 3 -0.00280137192520932 57645433 57658779 13346
18 371 rs6508610 27217230 4 0.0027763163004382 27157000 27223970 66970
18 94 rs8089250 4772807 1 0.00271849983367148 4772807 4772807 0
18 622 rs2054289 50238954 2 -0.00268312894814847 50187873 50267296 79423
18 191 rs16955101 9429811 2 0.00264492439953825 9429811 9429811 0
18 774 rs2587406 63532187 2 0.00262612486943985 63530016 63614124 84108
18 486 rs2587625 39135598 2 -0.00261948717376895 39109891 39135598 25707
18 611 rs72916677 49381082 4 -0.00260639945727794 49379001 49443797 64796
18 327 rs7240975 22989234 1 -0.00260355825545371 22989234 22989234 0
18 941 rs17649837 74372433 6 0.00260191417367612 74351381 74380643 29262
18 631 rs588705 51763722 1 0.0025714693173585 51678367 51773841 95474
18 179 rs8084760 8792044 3 -0.0025661801524426 8792044 8819246 27202
18 744 rs2850761 60966397 3 0.00255878294416834 60966397 61019455 53058
18 605 rs321881 48951046 2 -0.00254323604978917 48928763 48974344 45581
18 610 rs2655910 49293736 2 -0.00254323530384893 49278632 49360609 81977
18 382 rs1970694 28283411 3 0.00242995694940662 28263619 28398821 135202
18 415 rs10502621 31383571 4 0.00241691595549676 31313124 31392833 79709
18 950 rs966782 74772891 2 0.0024090286440617 74765400 74782069 16669
18 922 rs4891266 73056716 2 -0.0024006539026457 73021081 73056716 35635
18 836 rs17082769 68204223 2 0.00234538802712033 68199224 68319148 119924
18 517 rs10853530 42742998 4 -0.00230571999718059 42725529 42785997 60468
18 656 rs667508 55139617 1 -0.00222596502561035 55118992 55179142 60150
18 265 rs16940343 13309150 2 0.00222059689964825 13294262 13366862 72600
18 437 rs2000662 33966135 2 0.00220608287995661 33907628 33989375 81747
18 369 rs1849885 26938613 1 -0.0022011020396307 26881864 27014331 132467
18 401 rs168058 29621938 1 0.00219781545845166 29621938 29625685 3747
18 71 rs12457197 3680476 3 0.00219044033201962 3645894 3693772 47878
18 216 rs206605 10335737 1 0.00214700750765845 10333499 10335737 2238
18 662 rs2850243 55453784 1 0.0020772795753718 55448382 55453784 5402
18 400 rs12606084 29558592 1 0.00206871589346589 29542204 29558592 16388
18 225 rs2277860 10696227 3 0.00206246260934663 10691192 10699129 7937
18 353 rs11083222 25225633 3 -0.00205524145973289 25152084 25238114 86030
18 436 rs7239113 33879397 1 0.00205283389584749 33873415 33885091 11676
18 393 rs1791235 29126670 3 0.00201259580829964 29096919 29126670 29751
18 119 rs6506355 5971493 1 0.00191704772763402 5971039 5983611 12572
18 151 rs11878039 7342567 1 -0.0019084452184489 7329035 7360317 31282
18 169 rs12607517 8436239 2 0.00188352627741731 8436239 8439366 3127
18 359 rs6508522 25557873 1 -0.00183731132079806 25532304 25559158 26854
18 467 rs4239413 36473798 2 -0.00183022899487811 36384352 36544530 160178
18 917 rs1828098 72857946 3 0.00182958892225132 72852959 72857946 4987
18 91 rs12958338 4483453 1 -0.00182338526113056 4483453 4488582 5129
18 879 rs6566715 70986258 3 0.00181780546940009 70965861 70986258 20397
18 698 rs1788897 57419473 3 0.00180752900554249 57383568 57419473 35905
18 856 rs9957008 69633468 3 -0.00179334878990326 69633468 69663285 29817
18 595 rs11662719 48183313 1 -0.00177700864678542 48177860 48203725 25865
18 61 rs16944782 3374132 1 0.00176139316947192 3373062 3380115 7053
18 764 rs7227796 62502996 1 0.00172853467147295 62397699 62516332 118633
18 146 rs4798534 7109600 1 -0.00171753523275859 7109600 7109600 0
18 260 rs2847297 12797694 8 0.0017136736989228 12797694 12870038 72344
18 833 rs10513986 68081085 2 -0.00170807408856839 68062874 68081085 18211
18 238 rs9945206 11232515 1 -0.00169605901605642 11232515 11232515 0
18 462 rs2959219 35998626 3 0.00168939004334207 35998626 36053643 55017
18 180 rs668620 8864811 1 0.00168455341370565 8833087 8869780 36693
18 349 rs8089993 24854314 2 0.00164233280493123 24775819 24857568 81749
18 963 rs4890948 75226899 1 -0.00163657335989327 75220303 75232689 12386
18 18 rs789029 1053252 2 0.00163648760989674 1050812 1063447 12635
18 580 rs8090363 47133828 2 -0.00163336507332506 47118923 47146125 27202
18 724 rs12604169 59583446 1 0.00160799862841732 59535428 59583446 48018
18 585 rs17800291 47393991 2 -0.0016034212286133 47293738 47447432 153694
18 131 rs11081250 6640510 3 0.00160303726760656 6635800 6640510 4710
18 80 rs7505745 4099242 1 0.00159949100283902 4099242 4099242 0
18 108 rs1965652 5448728 1 0.00159832927763886 5444240 5478295 34055
18 667 rs4528665 55715670 1 0.00158468247146764 55709155 55728452 19297
18 705 rs1893512 57787559 3 0.00156072228716197 57732689 57884750 152061
18 685 rs4940448 56789998 3 -0.00155692005414466 56756133 56798344 42211
18 758 rs2193860 62053185 1 0.00155428290629555 62017237 62062517 45280
18 729 rs4524035 60028244 2 0.00155099907392678 60014463 60032949 18486
18 239 rs8091999 11288105 1 0.00153972352244937 11245830 11307693 61863
18 492 rs1461712 39825978 4 -0.00152198076800322 39724275 39828781 104506
18 472 rs307078 37642885 2 0.00152088202929509 37642885 37675866 32981
18 867 rs9966507 70308101 1 0.00151611527448744 70308101 70308101 0
18 336 rs9955678 23759474 1 0.00150858553014339 23562519 23776435 213916
18 604 rs321899 48910603 1 0.001507071097307 48895003 48924702 29699
18 651 rs1657424 54662887 1 0.00149564754429556 54658824 54689619 30795
18 142 rs12961939 6997818 1 0.00148199688396844 6997818 6997818 0
18 79 rs12963271 4056394 2 -0.00146251342955856 4056012 4056394 382
18 269 rs1940916 13510974 2 -0.00143201662834365 13510974 13512266 1292
18 811 rs9963985 66407942 2 0.00141257596961901 66407942 66408427 485
18 853 rs8088887 69334079 1 0.00140483010728361 69325983 69334079 8096
18 352 rs590651 25128787 3 0.00138979412055942 25065432 25144165 78733
18 421 rs7240718 32356810 3 0.00137147526842348 32350725 32448251 97526
18 334 rs17799466 23471816 2 0.00137107783666851 23440992 23501282 60290
18 815 rs884006 66871719 2 0.00135669409598324 66800137 66873244 73107
18 193 rs7231531 9604611 2 -0.00134772360470091 9545961 9625750 79789
18 709 rs12606949 58165167 1 0.00132705378158364 58165167 58177942 12775
18 487 rs16975117 39229518 1 -0.00130893036978365 39149367 39240054 90687
18 564 rs1567656 46094791 1 -0.00127526543484677 46079852 46094791 14939
18 600 rs7240170 48361675 5 -0.0012692540336874101 48359730 48382668 22938
18 933 rs17058811 73785500 3 -0.00124822349562448 73782636 73831078 48442
18 974 rs2411416 75858892 2 -0.00123737063353115 75858655 75872492 13837
18 464 rs2033104 36097853 2 -0.00123624424546581 36083127 36102946 19819
18 738 rs6567316 60717894 1 0.00121087116247254 60708726 60754772 46046
18 710 rs614729 58229212 1 0.00117084821438984 58183931 58229503 45572
18 60 rs1791078 3346530 1 -0.00114625451688461 3344851 3347813 2962
18 558 rs1124349 45718309 1 0.00113034316227566 45718309 45735556 17247
18 103 rs10972 5236926 1 -0.00109280467530924 5206566 5279960 73394
18 428 rs1241077 33133859 2 0.00109082711879706 33096799 33135111 38312
18 581 rs1943973 47179516 2 0.00108286546713817 47157004 47179516 22512
18 77 rs11081080 3954314 2 0.00107605334889343 3918823 3958843 40020
18 996 rs7239390 77052242 4 0.00105010681407477 77013918 77147472 133554
18 574 rs3736242 46474746 1 -0.00104767521866743 46474746 46500453 25707
18 504 rs12455397 41231361 3 -0.00104389669379404 41221014 41339382 118368
18 691 rs11152148 57107212 3 -0.00103924570387791 57096896 57128956 32060
18 780 rs4520935 63971905 4 -0.00103388304372474 63959330 63976053 16723
18 529 rs61734402 43523997 1 -0.0010294794412932 43420177 43537275 117098
18 350 rs7230264 24927434 1 0.00101446212143762 24880578 24938196 57618
18 36 rs11659972 2168420 1 -0.00101343672908274 2164155 2172406 8251
18 612 rs10520816 49517302 2 -0.00101152486317414 49500742 49590264 89522
18 203 rs29109 9952670 2 -9.952753831418493e-4 9942075 9959118 17043
18 294 rs8093542 20709123 1 9.54511760509248e-4 20672555 20709123 36568
18 73 rs3959690 3768254 1 -9.544537974409688e-4 3768254 3768254 0
18 736 rs8089409 60688656 1 -9.498763037483218e-4 60661358 60688656 27298
18 217 rs12454438 10384633 1 9.49103491807815e-4 10378142 10395219 17077
18 897 rs4552099 71610943 1 9.465260683768476e-4 71610943 71626962 16019
18 872 rs12963148 70514119 2 -9.41586849106148e-4 70512587 70523025 10438
18 211 rs12954327 10199279 2 9.301777031089656e-4 10199279 10199279 0
18 689 rs10469215 56915473 2 9.262413733124184e-4 56906961 56934358 27397
18 589 rs17729191 47641808 2 9.175461507069416e-4 47641401 47726830 85429
18 859 rs4268850 69892689 1 9.127376825724684e-4 69875724 69892689 16965
18 28 rs7227078 1804120 1 9.115789079851452e-4 1800231 1804120 3889
18 730 rs2957145 60076799 1 9.022385515134412e-4 60050641 60082093 31452
18 946 rs12717037 74496416 3 -8.962992707094603e-4 74496416 74691112 194696
18 456 rs16969543 35602386 2 8.959828730903778e-4 35584240 35701204 116964
18 838 rs1529209 68491127 1 -8.958635197090815e-4 68481094 68552596 71502
18 528 rs550201 43341772 2 -8.924154474756263e-4 43309911 43383705 73794
18 512 rs10502840 42315109 1 -8.921955502991579e-4 42313262 42361969 48707
18 784 rs4891569 64411679 2 -8.671665068224967e-4 64394086 64575231 181145
18 475 rs12455644 37896596 1 -8.671402647402778e-4 37812658 37896596 83938
18 195 rs8083190 9665351 3 8.621895876516586e-4 9665351 9685268 19917
18 842 rs12606801 68726105 1 -8.386265542859939e-4 68723356 68735006 11650
18 374 rs7244666 27549727 1 -8.165921410880886e-4 27549727 27634282 84555
18 75 rs3915772 3848826 1 8.122132521031758e-4 3842566 3848826 6260
18 15 rs11081461 923230 3 -7.816724598136019e-4 920151 923230 3079
18 793 rs3886594 65223793 2 -7.723408101350604e-4 65220234 65263773 43539
18 356 rs4800820 25376473 1 -7.704094252218932e-4 25362221 25398940 36719
18 613 rs9963534 49642058 1 7.695513019773957e-4 49642058 49692009 49951
18 501 rs11664719 40640843 2 7.344841725448357e-4 40629416 40884989 255573
18 500 rs9304289 40545736 2 -7.260905806491252e-4 40545736 40612823 67087
18 713 rs1532486 58684235 4 7.207365098991934e-4 58542737 58717342 174605
18 783 rs9949882 64255420 1 -7.147713351340861e-4 64255420 64390003 134583
18 913 rs17243850 72507292 1 7.124610707649528e-4 72490940 72519457 28517
18 723 rs4520933 59481081 3 -7.11906228245361e-4 59472346 59508211 35865
18 540 rs34589386 44157764 1 7.02198058763857e-4 44157764 44197963 40199
18 32 rs1940646 2002665 1 -6.993035450891499e-4 1986214 2029423 43209
18 708 rs9946357 58130414 1 -6.987780802191984e-4 58104556 58156977 52421
18 683 rs8091043 56672598 1 -6.947343046075562e-4 56672598 56706822 34224
18 787 rs9967525 64782143 1 6.728010397478873e-4 64767560 64833335 65775
18 668 rs17064331 55761864 1 -6.70949383355849e-4 55761864 55772235 10371
18 445 rs655931 34907964 1 -6.68958034719073e-4 34882659 34907964 25305
18 305 rs4043679 21653838 1 -6.429487102421383e-4 21653838 21665224 11386
18 524 rs12604591 43184311 1 -6.372953251560541e-4 43182342 43206985 24643
18 461 rs1196939 35965413 1 -6.318404085427635e-4 35942974 35977068 34094
18 553 rs7226941 45579668 1 -6.252902912355473e-4 45577201 45579668 2467
18 370 rs4502305 27150116 2 6.248773537453396e-4 27081969 27150116 68147
18 940 rs3829636 74335247 1 6.17920340530882e-4 74327084 74335247 8163
18 647 rs215029 54114020 2 6.135701908902754e-4 54050693 54152121 101428
18 309 rs931356 21891666 1 -6.039671985587654e-4 21863589 21891666 28077
18 138 rs7244230 6939755 4 5.998143206559069e-4 6939755 6942997 3242
18 530 rs590694 43562102 1 5.99060004970645e-4 43562102 43567199 5097
18 481 rs7245050 38594348 2 -5.956654271760494e-4 38527296 38652375 125079
18 635 rs1344011 52605188 1 -5.953046101952554e-4 52570345 52700963 130618
18 477 rs203170 38067013 1 -5.896375883197126e-4 38019899 38146351 126452
18 930 rs4144440 73630428 1 -5.757386272836364e-4 73625498 73692820 67322
18 819 rs1372776 67160595 4 5.671470461881046e-4 67139253 67160595 21342
18 792 rs1480673 65186331 1 5.654996133307594e-4 65109829 65197580 87751
18 992 rs4030882 76659706 1 5.595065796748691e-4 76641125 76661677 20552
18 948 rs12967352 74720556 1 -5.566129204803494e-4 74717615 74720556 2941
18 602 rs9304408 48674356 1 5.481039157937088e-4 48674356 48783342 108986
18 258 rs12961307 12513416 1 -5.476541089236194e-4 12447303 12718593 271290
18 125 rs882838 6429648 1 5.387648111493195e-4 6429648 6429648 0
18 4 rs11663304 381704 1 5.326817461383487e-4 372041 381704 9663
18 42 rs2139661 2460332 1 5.300612288028476e-4 2460332 2463095 2763
18 639 rs17512836 53194961 1 5.294195527558814e-4 53167520 53337939 170419
18 240 rs459329 11315010 1 5.277983805833644e-4 11315010 11320782 5772
18 513 rs12454763 42434615 3 5.055638639604626e-4 42428724 42505799 77075
18 259 rs888265 12750499 1 -5.026149373484913e-4 12747012 12750499 3487
18 813 rs2051301 66540223 2 -4.953799815011033e-4 66513615 66563036 49421
18 542 rs328118 44268379 1 -4.929699417840965e-4 44246897 44292598 45701
18 624 rs9945571 50529171 3 -4.89748908931118e-4 50370920 50529171 158251
18 508 rs3819128 41795393 1 4.8347320245790347e-4 41626891 41796551 169660
18 1004 rs1134231 77730807 1 -4.7301765338538177e-4 77728135 77916015 187880
18 779 rs717832 63912698 1 -4.685579126341312e-4 63874442 63939483 65041
18 325 rs7230778 22927757 1 4.5619877447095465e-4 22914709 22927757 13048
18 849 rs9807205 69123267 1 4.52224144758818e-4 69067694 69131848 64154
18 408 rs1980034 30259109 1 4.51765713920146e-4 30249433 30259109 9676
18 799 rs507664 65564060 1 -4.4784295184459094e-4 65560835 65573535 12700
18 999 rs4799067 77336836 1 -4.474320380245681e-4 77321874 77340427 18553
18 30 rs312998 1901534 1 -4.472722092525907e-4 1853561 1901534 47973
18 496 rs4514768 40157251 1 4.471536243688415e-4 40140404 40188744 48340
18 389 rs9959147 28887090 1 4.380155258727981e-4 28850260 28919913 69653
18 423 rs8098687 32519272 1 -4.367382591814836e-4 32518790 32527959 9169
18 194 rs676629 9648130 1 4.3615794958622487e-4 9648130 9648419 289
18 987 rs2015066 76496620 2 4.3592725164016776e-4 76496620 76496620 0
18 888 rs12954862 71362823 1 -4.349129934510299e-4 71327754 71362823 35069
18 629 rs11660594 51250663 2 -4.339925619689813e-4 51213366 51444327 230961
18 283 rs786045 14949001 1 4.1967280598873783e-4 14949001 14978677 29676
18 491 rs9948753 39491873 1 4.193903814316856e-4 39468269 39686943 218674
18 704 rs2187176 57679365 1 -4.1505574082099526e-4 57679365 57713553 34188
18 868 rs4892024 70335003 1 -4.1043121918273793e-4 70335003 70358882 23879
18 898 rs1540032 71700987 1 4.0848865279272985e-4 71671333 71704019 32686
18 110 rs1785382 5590926 1 -4.0559735234768385e-4 5590926 5590926 0
18 642 rs1364417 53693949 2 4.054333268691812e-4 53686306 53729156 42850
18 474 rs16972876 37738581 1 -4.022745920084784e-4 37729761 37765354 35593
18 414 rs11878169 31147930 1 3.948630689251293e-4 31147930 31284008 136078
18 707 rs8083721 58064351 1 3.907345233531847e-4 58028057 58067037 38980
18 333 rs1941232 23408770 1 3.9031542608854576e-4 23408770 23431790 23020
18 420 rs16965818 32312012 1 -3.892146372950427e-4 32312012 32340130 28118
18 556 rs4479321 45642989 2 3.879506823958839e-4 45642989 45691715 48726
18 56 rs1962519 3188976 1 3.8470109150637224e-4 3188976 3192682 3706
18 732 rs878663 60114270 2 -3.808933089603693e-4 60111781 60114270 2489
18 594 rs2118369 48161483 3 3.7979839040766327e-4 48152084 48166556 14472
18 78 rs1442385 4025719 1 -3.687497638198486e-4 4025719 4025719 0
18 750 rs12959692 61429252 1 -3.647368908310081e-4 61429252 61429252 0
18 170 rs10502370 8454501 1 -3.619939469752042e-4 8454501 8458190 3689
18 44 rs9955021 2502416 1 3.5144152888240074e-4 2502416 2521602 19186
18 741 rs12457700 60860246 2 -3.509309919450153e-4 60857793 60860246 2453
18 884 rs17241824 71104038 2 3.4833427970291865e-4 71095012 71115113 20101
18 952 rs1667923 74885751 1 3.4257575005573174e-4 74879392 74885941 6549
18 505 rs1460514 41394771 1 -3.4106839787093757e-4 41355267 41406519 51252
18 465 rs2027730 36112086 1 3.334745523911112e-4 36112086 36153889 41803
18 829 rs2169348 67843104 1 3.3177050438991455e-4 67747484 67847323 99839
18 847 rs2597831 68997002 1 3.304567935457662e-4 68923199 69033385 110186
18 144 rs483480 7031103 2 3.297053808808913e-4 7027438 7034508 7070
18 449 rs2027755 35042998 1 -3.244702394530298e-4 35038483 35062163 23680
18 801 rs6566335 65657162 1 -3.1938734960921953e-4 65628156 65669704 41548
18 489 rs1115001 39406192 1 3.1735292231438954e-4 39377737 39408516 30779
18 93 rs9958563 4653942 1 3.0539047421406087e-4 4609374 4718609 109235
18 174 rs4798656 8579817 2 -3.023302737234535e-4 8563622 8579817 16195
18 168 rs9966297 8402646 1 3.0231240148975057e-4 8383862 8410522 26660
18 980 rs12327418 76085704 1 -2.841309439466272e-4 76082033 76116277 34244
18 424 rs657018 32558960 1 2.8168254978284447e-4 32555153 32594072 38919
18 756 rs6567416 61840388 1 2.7528216206514777e-4 61840388 61840388 0
18 186 rs9941409 9006277 2 2.5016086130452497e-4 8991193 9006277 15084
18 285 rs4632227 19513517 2 -2.498511998238387e-4 19513517 19626195 112678
18 484 rs17699014 38806860 1 -2.4935453398315687e-4 38770460 38842906 72446
18 214 rs12957808 10284623 2 2.4400310346202377e-4 10284623 10295284 10661
18 975 rs1876021 75954881 2 -2.437088672453514e-4 75921478 75967549 46071
18 687 rs9955734 56863165 1 2.392418769860777e-4 56849429 56863165 13736
18 790 rs7241995 64985476 1 2.3596857323407336e-4 64952213 65017147 64934
18 399 rs11660777 29426669 2 2.3535252705255728e-4 29378538 29432624 54086
18 192 rs9952325 9532097 1 -2.33675528769863e-4 9448360 9537010 88650
18 896 rs4146451 71570874 1 2.283235897473396e-4 71570861 71591298 20437
18 870 rs4892042 70430087 2 2.246571918469426e-4 70398386 70456290 57904
18 559 rs12606236 45784926 1 -2.2186809153686312e-4 45784926 45793917 8991
18 446 rs4799915 34928639 1 -2.173921794783493e-4 34928639 34928639 0
18 45 rs770221 2534877 1 2.168701857041486e-4 2533130 2593662 60532
18 923 rs4891065 73089473 4 2.1378211394435217e-4 73086616 73107145 20529
18 361 rs17446875 25728693 1 -2.0560477833515828e-4 25674859 25731500 56641
18 282 rs9709917 14791236 2 -2.02605257163663e-4 14791236 14902902 111666
18 824 rs17200441 67359360 1 2.006109251265474e-4 67343438 67368356 24918
18 846 rs4614837 68901689 1 1.9930027038806932e-4 68867258 68908351 41093
18 229 rs16975413 10816924 1 -1.9679270794239017e-4 10816924 10843483 26559
18 555 rs4940250 45625755 2 -1.9370799262697171e-4 45624977 45625755 778
18 760 rs7233409 62170058 1 -1.9195903572734107e-4 62100203 62170726 70523
18 679 rs8082808 56318033 1 1.917686784484873e-4 56296138 56318033 21895
18 55 rs9951849 3171473 2 1.878109843397171e-4 3162390 3176377 13987
18 385 rs9304077 28644841 1 1.842538207426887e-4 28639548 28669839 30291
18 739 rs17070739 60819383 1 1.7644693913390505e-4 60809783 60819383 9600
18 670 rs8088164 55828612 1 -1.7460215725436274e-4 55811058 55839162 28104
18 510 rs1511757 42085852 4 1.688757777179137e-4 42044962 42192418 147456
18 832 rs2053418 68023049 1 1.6806695232711525e-4 67967279 68027361 60082
18 463 rs9284421 36060187 1 -1.605956117554838e-4 36060187 36060187 0
18 1001 rs2279103 77473127 1 1.570261280001438e-4 77417934 77533618 115684
18 397 rs985492 29311034 1 -1.541105099193377e-4 29311034 29311034 0
18 863 rs4892008 70054042 1 -1.5073182113790046e-4 70054042 70054042 0
18 763 rs8087195 62339224 1 1.5028197493888995e-4 62300768 62339224 38456
18 188 rs9973049 9055545 1 1.4940492786646545e-4 9055545 9055545 0
18 599 rs4940025 48344777 3 1.466410796648408e-4 48331524 48349191 17667
18 210 rs535164 10187078 1 1.4293160507411197e-4 10187078 10187078 0
18 578 rs9964222 46912301 1 -1.394488853747183e-4 46786058 47037399 251341
18 262 rs16940004 12998355 1 1.374078653700952e-4 12927114 13116432 189318
18 671 rs7243662 55859854 1 1.3607692067445966e-4 55859854 55881103 21249
18 826 rs2575177 67468452 2 -1.2909350059402843e-4 67451522 67469275 17753
18 466 rs10853457 36165617 1 1.234784832097545e-4 36164249 36348735 184486
18 458 rs8094570 35775236 2 1.2241810538096844e-4 35767744 35824345 56601
18 113 rs1880723 5737329 2 1.2173749462897348e-4 5723342 5749496 26154
18 586 rs1974410 47478503 1 -1.2148804891598762e-4 47460085 47485894 25809
18 608 rs322548 49137340 1 1.194358709263576e-4 49137340 49180597 43257
18 864 rs17352438 70123101 1 1.1852556794671834e-4 70099656 70123101 23445
18 955 rs4890812 74940312 2 1.1739632768031764e-4 74940312 74959841 19529
18 837 rs1282628 68449616 2 -1.1153616089623184e-4 68388018 68475617 87599
18 830 rs3862700 67862224 1 1.0800546788293887e-4 67862224 67869834 7610
18 742 rs1005793 60890160 2 1.0694115929972547e-4 60890160 60922851 32691
18 0 rs485211 166277 1 -1.0573411515221464e-4 139767 286971 147204
18 273 rs3760533 13760290 1 -1.0433387869164086e-4 13662150 13780084 117934
18 342 rs1370901 24240801 1 1.0146872219320052e-4 24232373 24249965 17592
18 281 rs3879098 14727931 1 9.670474338162728e-5 14727931 14735684 7753
18 384 rs1313586 28586964 1 9.068113952569344e-5 28584556 28624817 40261
18 968 rs4890856 75558694 1 -9.01301485965824e-5 75477351 75558694 81343
18 95 rs8086761 4812752 1 8.756234440714342e-5 4780620 4824346 43726
18 483 rs2552493 38751659 1 -8.184340727633436e-5 38729426 38751659 22233
18 841 rs2698153 68695033 1 -8.167330174753483e-5 68687749 68695033 7284
18 552 rs3923814 45493026 1 7.674445626564238e-5 45493026 45539806 46780
18 715 rs242654 58855021 3 6.757146526035153e-5 58824736 58910315 85579
18 770 rs681307 63126211 2 6.615769120600363e-5 63126211 63196837 70626
18 700 rs4940906 57477991 1 5.884111572828642e-5 57477991 57503378 25387
18 972 rs7504612 75682928 2 5.822036815767468e-5 75652876 75682928 30052
18 911 rs12960862 72234635 1 5.642220319758053e-5 72234635 72234635 0
18 115 rs9960331 5821072 1 5.210056384537358e-5 5821072 5832745 11673
18 865 rs11660328 70171910 1 4.565254422960884e-5 70150939 70172683 21744
18 81 rs1543229 4130516 2 -4.33523111144302e-5 4130516 4130516 0
18 123 rs7241700 6293561 1 -4.1638762705157085e-5 6283038 6337218 54180
18 66 rs238129 3488151 1 -3.075285126314849e-5 3488151 3488151 0
18 267 rs16940509 13431471 1 2.7916152810094465e-5 13431471 13434152 2681
18 655 rs990729 54979396 1 2.5637050763374175e-5 54976972 55066546 89574
18 184 rs7236054 8972284 2 -2.5537453695205167e-5 8972284 8978829 6545
18 224 rs8095590 10674815 1 1.910020642077727e-5 10674815 10676435 1620
18 807 rs17078976 66040483 1 1.7252813421144626e-5 66004354 66055389 51035
18 89 rs16946716 4425743 1 -1.6685309928261278e-5 4400387 4425743 25356
18 684 rs12327532 56744666 1 1.6604517279035994e-5 56722944 56744666 21722
18 543 rs117151539 44392443 1 -1.5586044343907957e-5 44335724 44580082 244358
18 855 rs2887043 69549683 1 -1.277790016694465e-5 69485182 69549683 64501
18 768 rs6566162 62956303 1 -1.1330390702814328e-5 62927921 63031236 103315
18 469 rs7234386 36932889 1 -9.603362940165204e-6 36883108 36968880 85772
18 965 rs8098340 75331597 2 8.290010246859801e-6 75314973 75371460 56487
18 417 rs4552083 31667019 1 5.843653978473134e-6 31539739 31763797 224058
18 293 rs10853489 20646281 1 2.20552117708229e-6 20646281 20646281 0
