CHR Group SNP.lead BP.lead Size W BP.min BP.max BP.width
21 1440 rs2832310 30768350 2 0.02669797968788647 30768350 30768350 0
21 2704 rs2280807 42821265 1 0.02108510081348833 42821265 42821265 0
21 231 rs2824098 18235587 2 -0.01826995153700864 18235587 18235587 0
21 1807 rs9981243 34594878 2 0.01782327815423704 34594878 34594878 0
21 1527 rs2832660 31593066 1 0.01752151569761432 31593066 31593066 0
21 2019 rs4817726 36943564 1 -0.01650467675457317 36943564 36943564 0
21 1519 rs565489 31523734 1 0.01560448186463261 31523734 31523734 0
21 991 rs10154112 26819664 1 -0.0154892589350621 26819664 26819664 0
21 2774 rs220229 43448797 1 0.01512681037488121 43448797 43448797 0
21 798 rs12483180 24720653 2 0.01496810289815164 24720653 24720653 0
21 3005 rs7283760 45640629 2 0.01476042042340629 45640629 45640629 0
21 3064 rs8129133 46454237 1 0.01404467300747736 46454237 46454237 0
21 1787 rs2834109 34521087 2 0.01377893585081186 34521087 34521087 0
21 587 rs1009164 22217613 1 -0.0137421574618684 22217613 22217613 0
21 1267 rs1986059 29362621 1 -0.01372199906821626 29362621 29362621 0
21 999 rs17001080 26908384 1 0.01251633824834535 26908384 26908384 0
21 775 rs198128 24548784 1 -0.01241874295111241 24548784 24548784 0
21 1615 rs2070409 32492492 1 -0.01232375400625165 32492492 32492492 0
21 206 rs1449525 17762328 1 0.01225151055639844 17762328 17762328 0
21 2273 rs2836074 39346333 2 0.01206997514452564 39346333 39346333 0
21 1272 rs2831503 29481474 2 -0.0119531443497285 29481474 29481474 0
21 1765 rs10427540 34374530 2 -0.01188512736984086 34374530 34374530 0
21 609 rs7509723 22403814 1 0.01181282602268856 22403814 22403814 0
21 1808 rs1131964 34610487 1 0.01165964826211375 34610487 34610487 0
21 754 rs641698 24402455 1 -0.01161640078615123 24402455 24402455 0
21 2340 rs2836550 39968482 1 -0.01149748152657991 39968482 39968482 0
21 2418 rs2297256 40558421 1 -0.01104652436063024 40558421 40558421 0
21 2187 rs2277784 38380225 1 0.01097206034056394 38380225 38380225 0
21 2923 rs3737434 44437142 1 0.01028012919019869 44437142 44437142 0
21 2374 rs2836722 40250008 1 -0.01008583283162035 40250008 40250008 0
21 88 rs2205253 15725162 1 -0.01008471321799019 15725162 15725162 0
21 2305 rs2836285 39656505 1 -0.01000618625140323 39656505 39656505 0
21 3115 rs4819138 47061267 1 0.0096873667168112 47061267 47061267 0
21 950 rs1892732 26198457 1 -0.00966307331526331 26198457 26198457 0
21 1518 rs633074 31520760 1 0.00926243299836354 31520760 31520760 0
21 202 rs453644 17743767 1 0.00926080492491387 17743767 17743767 0
21 2258 rs9983351 39176328 2 -0.00921495744400605 39176328 39176328 0
21 3180 rs2839315 47962186 1 0.00920712033010049 47962186 47962186 0
21 1979 rs2008256 36583687 1 0.00917461395687311 36583687 36583687 0
21 2460 rs8127751 40964553 1 -0.00901551618150339 40964553 40964553 0
21 2069 rs20572 37444973 1 -0.00888989830393997 37444973 37444973 0
21 2951 rs496300 44779680 1 0.00886933923715178 44779680 44779680 0
21 3102 rs2236462 46897221 1 0.00873735752745275 46897221 46897221 0
21 0 rs3115512 15215814 1 -0.00871967282972809 15215814 15215814 0
21 2480 rs8129968 41142932 1 0.00869649009041543 41142932 41142932 0
21 709 rs2827093 23221088 2 -0.00869323465525491 23221088 23221088 0
21 2877 rs2839535 43905327 1 -0.00847898505627837 43905327 43905327 0
21 714 rs4818644 23251216 2 -0.00842696430843635 23251216 23251216 0
21 352 rs2824746 19707768 1 -0.00834282905059534 19707768 19707768 0
21 1456 rs7282163 31002803 1 -0.00830284587943091 31002803 31002803 0
21 2203 rs2835699 38721309 1 -0.00823665878704146 38721309 38721309 0
21 1298 rs9983789 29739928 1 0.007993537193702 29739928 29739928 0
21 201 rs2823748 17675675 2 -0.00791389467019125 17675675 17675675 0
21 132 rs1292747 16115679 2 -0.00787429268046815 16115679 16115679 0
21 2637 rs6517623 42204137 1 -0.00786178569599963 42204137 42204137 0
21 374 rs2825006 20075947 2 -0.00776130178326652 20075947 20075947 0
21 1912 rs8129311 35922006 1 0.00774797335806878 35922006 35922006 0
21 2316 rs970115 39721888 2 -0.00772985835451421 39721888 39721888 0
21 2887 rs373700 44039966 2 0.00770775460214072 44039966 44039966 0
21 3066 rs729895 46515421 2 -0.00766535446928837 46515421 46515421 0
21 2965 rs3819607 45216110 1 -0.00749003859080187 45216110 45216110 0
21 2730 rs9917486 43102097 1 0.00747993461484259 43102097 43102097 0
21 1815 rs9978223 34770358 2 0.00746905078370648 34770358 34770358 0
21 1934 rs2834585 36064321 1 0.00744916682714643 36064321 36064321 0
21 2713 rs9305744 42842988 2 -0.00735620357691639 42842988 42842988 0
21 335 rs2824639 19494749 1 0.00734078361944043 19494749 19494749 0
21 480 rs218331 21083982 1 -0.00721624340402455 21083982 21083982 0
21 2278 rs2252355 39440942 1 -0.00720636686854371 39440942 39440942 0
21 1904 rs4817656 35841186 1 -0.00716643034291764 35841186 35841186 0
21 2279 rs61731605 39493232 2 -0.00716410207187676 39493232 39493232 0
21 902 rs1119268 25798660 1 0.00709862389496537 25798660 25798660 0
21 2998 rs743479 45611950 2 -0.00708934357197431 45611950 45611950 0
21 1625 rs12482796 32759208 1 -0.00705910035959379 32759208 32759208 0
21 3145 rs35785446 47614553 1 0.0067775921340726 47614553 47614553 0
21 666 rs2826896 22917558 1 -0.00676576096601126 22917558 22917558 0
21 239 rs7276116 18318167 1 0.00666590759443342 18318167 18318167 0
21 894 rs7283527 25706768 1 0.00660054123734155 25706768 25706768 0
21 2395 rs2836789 40338995 1 -0.00652396386621735 40338995 40338995 0
21 1718 rs2211789 33782887 1 -0.00643340178992955 33782887 33782887 0
21 2022 rs2222959 36978680 2 0.00629850750705796 36978680 36978680 0
21 2901 rs75225742 44190901 1 -0.00627707953682374 44190901 44190901 0
21 2503 rs447480 41221971 2 0.00625850646567384 41221971 41221971 0
21 1335 rs2831985 30097505 1 -0.00624766790598405 30097505 30097505 0
21 2143 rs8127136 38034172 1 0.0061891993421096 38034172 38034172 0
21 707 rs2150389 23217877 1 -0.00610107338624721 23217877 23217877 0
21 1705 rs2833736 33582722 1 -0.00608793468071494 33582722 33582722 0
21 2727 rs2247788 43067245 2 0.00593549466174311 43067245 43067245 0
21 1675 rs12165267 33364621 1 0.00589279314173202 33364621 33364621 0
21 2633 rs2210270 42132802 1 -0.00574200559106123 42132802 42132802 0
21 1076 rs2830165 27676592 2 -0.00568201351075112 27676592 27676592 0
21 3051 rs2838677 46189767 1 0.00561448380667028 46189767 46189767 0
21 1303 rs2831744 29761086 2 0.00559994862554282 29761086 29761086 0
21 2265 rs2836021 39217408 1 0.00555111340543001 39217408 39217408 0
21 468 rs2825663 20955904 1 -0.00552513678082307 20955904 20955904 0
21 2646 rs730625 42296882 2 -0.005499096256114 42296882 42296882 0
21 704 rs7349018 23208604 1 -0.00547589176079608 23208604 23208604 0
21 297 rs8129963 18989513 1 0.0054681311902086 18989513 18989513 0
21 2468 rs498027 41016873 1 0.00540298814970739 41016873 41016873 0
21 1211 rs2830909 28771875 1 -0.00537717572099638 28771875 28771875 0
21 2870 rs2254368 43862466 1 0.00534956679522611 43862466 43862466 0
21 2654 rs2011706 42416146 1 -0.00533441784546551 42416146 42416146 0
21 342 rs13048405 19522891 2 0.00527579290086102 19522891 19522891 0
21 134 rs7275823 16126946 1 -0.00523131619663602 16126946 16126946 0
21 736 rs2827373 23672710 1 0.00520982000933251 23672710 23672710 0
21 2484 rs2837216 41152306 1 0.00517515829961085 41152306 41152306 0
21 2383 rs2836757 40294024 1 0.00516915218202009 40294024 40294024 0
21 2795 rs220126 43531008 1 0.00508345894243132 43531008 43531008 0
21 1592 rs16987408 32294481 1 0.00502709850357961 32294481 32294481 0
21 2175 rs2843637 38332768 1 -0.00488877868249108 38332768 38332768 0
21 3143 rs9978018 47526240 1 0.00486989732731795 47526240 47526240 0
21 1136 rs229055 28263220 2 -0.00481592209864395 28263220 28263220 0
21 1844 rs12627530 35269964 1 0.00480104087956636 35269964 35269964 0
21 1060 rs985456 27625716 1 0.00474777888246826 27625716 27625716 0
21 2932 rs2124458 44475680 1 0.00473968932839202 44475680 44475680 0
21 3078 rs2838809 46621438 1 -0.00470760526112275 46621438 46621438 0
21 1698 rs2833670 33505090 1 0.00468282314292321 33505090 33505090 0
21 339 rs2824646 19506651 2 0.00457878609372328 19506651 19506651 0
21 614 rs1028983 22457771 2 -0.00456541305542967 22457771 22457771 0
21 2190 rs2835569 38429389 2 -0.00450006100202776 38429389 38429389 0
21 2662 rs13050861 42485808 1 0.00449747186584304 42485808 42485808 0
21 2161 rs7280984 38231868 1 -0.00445966855172589 38231868 38231868 0
21 151 rs975336 16451845 2 -0.00445802432073879 16451845 16451845 0
21 2920 rs234781 44430325 1 -0.00437936278600076 44430325 44430325 0
21 2148 rs2850106 38134511 1 0.00431522733418477 38134511 38134511 0
21 2429 rs2836995 40748801 1 -0.00427894455659024 40748801 40748801 0
21 1406 rs2243521 30431730 2 -0.00426630032246091 30431730 30431730 0
21 975 rs7277220 26453241 1 -0.00426027217535696 26453241 26453241 0
21 2689 rs441810 42698907 2 0.00422750146953138 42698907 42698907 0
21 503 rs9982120 21526261 1 -0.00422694948990825 21526261 21526261 0
21 1508 rs440113 31391595 1 -0.00420269056883548 31391595 31391595 0
21 312 rs171477 19150133 1 0.00411913236439386 19150133 19150133 0
21 973 rs2829535 26451776 2 0.00410028101250328 26451776 26451776 0
21 1452 rs363501 30927772 1 0.00407160607656916 30927772 30927772 0
21 2558 rs9982099 41527915 1 0.00405084902160069 41527915 41527915 0
21 691 rs1155463 23140523 2 -0.00403515736239108 23140523 23140523 0
21 2936 rs1789956 44519655 1 0.00400023744818879 44519655 44519655 0
21 697 rs2827079 23196432 1 0.00399635879590554 23196432 23196432 0
21 2545 rs2142123 41418208 1 0.00394531698461829 41418208 41418208 0
21 2499 rs2837241 41208606 1 -0.0039213823370383 41208606 41208606 0
21 814 rs9978900 24902807 1 0.00391066145674965 24902807 24902807 0
21 1694 rs2833640 33450081 1 -0.0038912241343353 33450081 33450081 0
21 815 rs13051045 24905803 2 -0.00386708891128714 24905803 24905803 0
21 2935 rs2027745 44508020 2 0.0038514563688426 44508020 44508020 0
21 2046 rs2178812 37312721 1 0.00383600479758949 37312721 37312721 0
21 483 rs9979641 21120177 1 0.00382307243330621 21120177 21120177 0
21 2686 rs2838008 42685044 1 -0.0038129292929741 42685044 42685044 0
21 3141 rs13051923 47489546 1 0.00376323317506996 47489546 47489546 0
21 909 rs2829098 25836660 1 0.00375403435999744 25836660 25836660 0
21 1749 rs4817502 34175240 1 0.00374989637557026 34175240 34175240 0
21 2813 rs8131660 43615559 1 -0.00374759558971286 43615559 43615559 0
21 1094 rs9984180 27891664 1 -0.0037191582376704 27891664 27891664 0
21 435 rs2825493 20655418 1 -0.00368448258152217 20655418 20655418 0
21 2377 rs992244 40252150 2 0.00364849913703888 40252150 40252150 0
21 1877 rs8131205 35520797 1 -0.00364745350906807 35520797 35520797 0
21 726 rs7278329 23415818 1 -0.00361397574680421 23415818 23415818 0
21 1796 rs17634662 34552200 1 0.00360304353600988 34552200 34552200 0
21 825 rs2828286 24951271 1 0.00359189959675809 24951271 24951271 0
21 2321 rs3746880 39795202 1 0.00358537906886291 39795202 39795202 0
21 121 rs2822787 15954660 1 0.00355998496806439 15954660 15954660 0
21 772 rs20461 24521301 1 -0.00355702579454631 24521301 24521301 0
21 1821 rs1125036 35031226 1 -0.00355065021461712 35031226 35031226 0
21 215 rs13047224 18040023 1 0.00354880571157821 18040023 18040023 0
21 482 rs8134910 21117409 2 -0.00352781779764969 21117409 21117409 0
21 1623 rs1855703 32753155 2 0.00349178463100018 32753155 32753155 0
21 1893 rs34016792 35757915 1 0.00346251897005291 35757915 35757915 0
21 2551 rs2837405 41429710 1 -0.00344803309843908 41429710 41429710 0
21 2514 rs2244084 41277049 1 0.00343529446632156 41277049 41277049 0
21 2127 rs170183 37848334 1 -0.003433206126546 37848334 37848334 0
21 413 rs458984 20312086 1 0.00342733531109653 20312086 20312086 0
21 3185 rs2839357 48022887 1 -0.0033978894298653 48022887 48022887 0
21 983 rs9977253 26645083 1 -0.00338870464956943 26645083 26645083 0
21 1153 rs2830607 28368464 1 0.00338224456910331 28368464 28368464 0
21 1098 rs2830286 27954042 1 0.00338222877092817 27954042 27954042 0
21 1891 rs2834450 35702083 1 0.00335313938058905 35702083 35702083 0
21 3142 rs2839102 47501261 1 -0.00333700105244993 47501261 47501261 0
21 1120 rs1111134 28167643 1 0.00329945503537087 28167643 28167643 0
21 3186 rs9979500 48029698 1 -0.00329134882926487 48029698 48029698 0
21 2915 rs442981 44412735 1 -0.00326614833395836 44412735 44412735 0
21 598 rs2826609 22308168 1 -0.0032520314617278 22308168 22308168 0
21 3112 rs8129350 46987198 1 0.00325110286431135 46987198 46987198 0
21 1509 rs2832547 31410125 1 0.00319325235689539 31410125 31410125 0
21 2986 rs62229686 45391272 2 0.00317628817953966 45391272 45391272 0
21 977 rs2829558 26514597 1 0.00315367002860665 26514597 26514597 0
21 1567 rs9636832 31763618 1 0.00315049749060204 31763618 31763618 0
21 3169 rs1023355 47892806 2 0.00313582610581114 47892806 47892806 0
21 1366 rs8131527 30196904 1 0.00309692707250863 30196904 30196904 0
21 1829 rs2245099 35201281 1 -0.00308591409931577 35201281 35201281 0
21 1587 rs2833124 32214655 2 0.00304995514601102 32214655 32214655 0
21 2636 rs736976 42168325 1 0.00304365180661442 42168325 42168325 0
21 2648 rs7283892 42306097 1 0.00304112851606277 42306097 42306097 0
21 262 rs2824205 18431228 1 -0.00302438858054288 18431228 18431228 0
21 2285 rs55870334 39579012 1 0.00301297274194919 39579012 39579012 0
21 2892 rs11702318 44112366 1 -0.00300018062210542 44112366 44112366 0
21 2472 rs11909296 41082511 1 0.00297074765586132 41082511 41082511 0
21 164 rs2823233 16691926 1 -0.00295286272574715 16691926 16691926 0
21 2796 rs220128 43531553 2 0.00294768945502085 43531553 43531553 0
21 1905 rs11911509 35841740 1 0.00293943222457132 35841740 35841740 0
21 2593 rs11088518 41852932 1 0.00293655623219039 41852932 41852932 0
21 1792 rs9305523 34545377 1 0.00293424452037223 34545377 34545377 0
21 1966 rs4459802 36530416 1 0.00289272552864019 36530416 36530416 0
21 2841 rs692544 43759441 2 0.00288158218822835 43759441 43759441 0
21 171 rs1736148 16813212 2 -0.00287451952216239 16813212 16813212 0
21 1049 rs364048 27544041 1 0.00286871749469905 27544041 27544041 0
21 1721 rs2833810 33796960 1 0.00284042054413755 33796960 33796960 0
21 135 rs9636594 16128671 2 -0.00283850232286576 16128671 16128671 0
21 3049 rs2838659 46128238 2 -0.00283326699432942 46128238 46128238 0
21 1612 rs2833270 32487354 2 -0.00277245462203139 32487354 32487354 0
21 935 rs7281937 26021230 2 0.0027517452246788 26021230 26021230 0
21 927 rs2408971 25913510 1 -0.0027468766102533 25913510 25913510 0
21 755 rs2027717 24407465 2 0.00272911659015093 24407465 24407465 0
21 1119 rs11702216 28165330 1 0.00272864829338595 28165330 28165330 0
21 948 rs1125492 26193099 1 -0.00270817762257726 26193099 26193099 0
21 532 rs2989314 21812972 1 -0.00268936736023649 21812972 21812972 0
21 1307 rs2831772 29772530 1 0.0026862045437811 29772530 29772530 0
21 2835 rs480449 43740749 1 0.00265765721456927 43740749 43740749 0
21 232 rs442995 18244220 1 0.00264256928670421 18244220 18244220 0
21 2918 rs2839616 44425399 2 0.00261478545155564 44425399 44425399 0
21 2849 rs1547374 43778895 2 0.00259135827093048 43778895 43778895 0
21 1797 rs1475837 34558232 1 -0.00257653227389354 34558232 34558232 0
21 1777 rs9984627 34471603 1 0.0025696431009112 34471603 34471603 0
21 606 rs2826637 22348985 1 -0.00256304511963596 22348985 22348985 0
21 1407 rs139906177 30439335 1 0.00252884669595076 30439335 30439335 0
21 3091 rs2838899 46795214 2 -0.00248191521749771 46795214 46795214 0
21 2650 rs10222193 42324388 1 0.00244976073871338 42324388 42324388 0
21 2651 rs2150422 42343159 1 -0.0024280011416785 42343159 42343159 0
21 2284 rs8131705 39576807 1 0.00242775035216079 39576807 39576807 0
21 1604 rs2833214 32423084 1 -0.00239938678366082 32423084 32423084 0
21 2631 rs7276043 42085920 1 0.00239919586188637 42085920 42085920 0
21 2371 rs2836720 40243237 1 -0.00238151448916306 40243237 40243237 0
21 947 rs8130245 26190030 1 -0.00237607845955893 26190030 26190030 0
21 308 rs2824457 19070558 1 0.00236872420826402 19070558 19070558 0
21 311 rs2824483 19139775 1 0.00235327640776263 19139775 19139775 0
21 1274 rs7278583 29533040 1 0.00230576693678325 29533040 29533040 0
21 2814 rs4148082 43619415 1 0.00230236625353083 43619415 43619415 0
21 556 rs2155889 21889841 1 0.00229796602414047 21889841 21889841 0
21 1700 rs8127350 33548880 1 0.00228611474091487 33548880 33548880 0
21 1606 rs7282590 32438284 2 -0.002270710321187 32438284 32438284 0
21 1178 rs2830772 28576387 1 0.00226970973599713 28576387 28576387 0
21 3090 rs4819077 46792424 1 0.00224658153927331 46792424 46792424 0
21 276 rs859172 18629416 1 -0.00224582178328337 18629416 18629416 0
21 2872 rs8130358 43875848 2 -0.00223942448343781 43875848 43875848 0
21 410 rs419684 20300281 1 0.00223092116133189 20300281 20300281 0
21 129 rs455547 16054626 1 0.00222822956569434 16054626 16054626 0
21 463 rs1387618 20924545 1 -0.0022234106053002998 20924545 20924545 0
21 1589 rs2833135 32224934 1 0.00221237568131044 32224934 32224934 0
21 1782 rs2409472 34499426 1 -0.0022045732453492 34499426 34499426 0
21 122 rs458525 15970507 1 0.00220017295652633 15970507 15970507 0
21 2071 rs9024 37445313 1 -0.00217988770443255 37445313 37445313 0
21 3175 rs2839307 47954252 2 -0.00216215139485472 47954252 47954252 0
21 138 rs2822964 16229925 2 -0.00209298947171251 16229925 16229925 0
21 2555 rs2837426 41454734 1 0.00204995918019329 41454734 41454734 0
21 2252 rs2835927 39120344 1 0.00204584964398781 39120344 39120344 0
21 3029 rs411254 46032094 1 -0.00204365402512009 46032094 46032094 0
21 203 rs451885 17744507 1 0.00202344846859116 17744507 17744507 0
21 1040 rs2830079 27506241 1 0.00201450764762355 27506241 27506241 0
21 54 rs2822531 15650119 1 0.00201300896502177 15650119 15650119 0
21 1601 rs2833192 32389498 1 0.0020115797571887 32389498 32389498 0
21 2944 rs10084596 44744540 1 -0.00198962232322071 44744540 44744540 0
21 2628 rs1022424 42047446 1 0.00198699570991363 42047446 42047446 0
21 766 rs198123 24468555 1 0.00198688897471026 24468555 24468555 0
21 273 rs11702385 18541509 1 -0.00198568705254478 18541509 18541509 0
21 2674 rs7278856 42598887 1 -0.00198171462516877 42598887 42598887 0
21 799 rs200687 24739422 1 -0.0019750455695564 24739422 24739422 0
21 2134 rs409231 37935548 1 -0.00197407534531469 37935548 37935548 0
21 295 rs1784913 18938080 1 -0.001970266681352 18938080 18938080 0
21 514 rs4818561 21635038 1 0.00195918293779693 21635038 21635038 0
21 1126 rs467797 28194528 1 0.00194936033725125 28194528 28194528 0
21 1611 rs2833268 32486883 1 -0.00194344247922957 32486883 32486883 0
21 2959 rs9981291 45031458 1 -0.00194076767663074 45031458 45031458 0
21 1207 rs239601 28747823 1 -0.00193099385805349 28747823 28747823 0
21 330 rs158014 19451271 1 0.00191885065394983 19451271 19451271 0
21 2604 rs16999939 41906601 1 -0.00191681383319226 41906601 41906601 0
21 204 rs9305763 17759486 1 0.00191646837636263 17759486 17759486 0
21 2005 rs2205112 36853517 1 0.00191018987189111 36853517 36853517 0
21 1775 rs2834086 34465267 1 -0.0019008171655103 34465267 34465267 0
21 608 rs2826648 22362499 1 -0.00188862622926806 22362499 22362499 0
21 443 rs2825560 20773423 1 0.00188476656843329 20773423 20773423 0
21 1463 rs363512 31050817 1 0.00187019968924905 31050817 31050817 0
21 870 rs2186439 25433818 1 0.00186712451251315 25433818 25433818 0
21 484 rs13433388 21147348 1 0.00185895713141682 21147348 21147348 0
21 2144 rs2845795 38064902 1 0.00180790384871556 38064902 38064902 0
21 2137 rs914147 37987916 1 -0.00180621489019894 37987916 37987916 0
21 854 rs207481 25211216 1 0.00180404378077867 25211216 25211216 0
21 2735 rs12483161 43167406 1 -0.00179954322189732 43167406 43167406 0
21 2204 rs12483205 38740824 2 0.00179293861240635 38740824 38740824 0
21 938 rs2829247 26041588 1 0.001784962489729 26041588 26041588 0
21 2740 rs1054761 43218520 1 0.00177543078587399 43218520 43218520 0
21 1809 rs2834167 34640788 1 -0.00177481881747287 34640788 34640788 0
21 1908 rs727957 35880072 1 0.00177099853312168 35880072 35880072 0
21 622 rs2826672 22503372 1 0.00175692691163861 22503372 22503372 0
21 1009 rs17001274 27027297 1 0.00173985548118381 27027297 27027297 0
21 2996 rs4818886 45589727 1 -0.00173896571460121 45589727 45589727 0
21 3133 rs3827270 47379816 1 -0.0017310594485847 47379816 47379816 0
21 2529 rs1629521 41344489 1 0.00173033147097746 41344489 41344489 0
21 2361 rs457705 40191431 1 0.00172690877390932 40191431 40191431 0
21 388 rs8129581 20136039 1 0.00170426633956284 20136039 20136039 0
21 1781 rs8132749 34493297 1 0.00170018462357453 34493297 34493297 0
21 878 rs12627020 25510293 2 0.00169024432451015 25510293 25510293 0
21 2708 rs8127664 42832638 1 0.00167076191195947 42832638 42832638 0
21 2188 rs2835561 38401539 1 0.00167013568398315 38401539 38401539 0
21 3137 rs16978755 47431031 1 -0.00165754678629997 47431031 47431031 0
21 375 rs2825011 20078424 2 0.00165377115167008 20078424 20078424 0
21 534 rs1735894 21814838 1 -0.00164252911249613 21814838 21814838 0
21 1996 rs8132760 36771337 1 0.00163697450763132 36771337 36771337 0
21 2516 rs4143343 41285481 1 0.00163483122636377 41285481 41285481 0
21 2597 rs2837668 41884157 1 0.00163375848909192 41884157 41884157 0
21 2351 rs2836618 40048295 1 0.0016217516499136 40048295 40048295 0
21 1973 rs2248159 36576601 1 -0.00161203462989309 36576601 36576601 0
21 401 rs7276040 20235268 1 0.00158777405757147 20235268 20235268 0
21 871 rs2828789 25441375 1 0.00158122370173552 25441375 25441375 0
21 1906 rs2834494 35856504 1 0.00156117765489722 35856504 35856504 0
21 123 rs1000728 15984178 1 -0.00154370894890665 15984178 15984178 0
21 1794 rs2834128 34546574 1 0.00153887473364975 34546574 34546574 0
21 904 rs2829083 25811144 1 0.00153076028345 25811144 25811144 0
21 140 rs2178999 16247212 2 0.00152269580904691 16247212 16247212 0
21 1843 rs2834291 35269767 1 -0.00151117295492929 35269767 35269767 0
21 3076 rs6518216 46610842 1 -0.00150565057729296 46610842 46610842 0
21 1466 rs2832427 31073435 1 -0.00149904400011609 31073435 31073435 0
21 1214 rs239677 28774869 1 -0.00149206234385456 28774869 28774869 0
21 3062 rs2838737 46335580 2 0.00148672742726149 46335580 46335580 0
21 1247 rs2831046 29025638 1 0.00148084071897426 29025638 29025638 0
21 2281 rs986363 39529937 1 -0.0014775579524048 39529937 39529937 0
21 20 rs431864 15548739 1 0.00147066800663827 15548739 15548739 0
21 1050 rs2409168 27573945 1 0.00146480144669687 27573945 27573945 0
21 706 rs4818638 23213331 1 -0.00146150058830893 23213331 23213331 0
21 2483 rs143191361 41151163 1 -0.00143556308743044 41151163 41151163 0
21 2569 rs2837577 41733191 1 0.0014275755314446 41733191 41733191 0
21 259 rs2824197 18424082 1 0.00142568163206594 18424082 18424082 0
21 1772 rs2834083 34436973 1 0.00142427410863608 34436973 34436973 0
21 2403 rs9979861 40389724 1 0.00141472088133239 40389724 40389724 0
21 1472 rs462606 31132624 1 -0.00141004060863774 31132624 31132624 0
21 1911 rs2284579 35915722 1 -0.0014085153193736 35915722 35915722 0
21 289 rs208894 18814568 1 0.00140805235628867 18814568 18814568 0
21 2546 rs2837388 41419552 2 -0.00139800714899689 41419552 41419552 0
21 103 rs2822676 15844481 1 -0.00139435690150895 15844481 15844481 0
21 2653 rs2837905 42410459 1 -0.00138762693701603 42410459 42410459 0
21 2140 rs2252884 38014106 1 0.0013850172955125 38014106 38014106 0
21 1919 rs8130447 35950431 2 -0.00138288367369322 35950431 35950431 0
21 898 rs2829031 25758848 1 -0.0013804834021093 25758848 25758848 0
21 218 rs2211994 18047593 1 0.00138032216322864 18047593 18047593 0
21 2283 rs2211860 39552192 1 0.00137327610342337 39552192 39552192 0
21 700 rs8127247 23202004 1 -0.0013627964262657 23202004 23202004 0
21 660 rs8134582 22861778 1 -0.00136176999749839 22861778 22861778 0
21 2116 rs7279231 37656134 1 0.00134504630104674 37656134 37656134 0
21 929 rs2829170 25946431 1 -0.00133967063102698 25946431 25946431 0
21 3047 rs2838647 46119770 1 -0.00133643744236191 46119770 46119770 0
21 1174 rs1788324 28558373 2 0.00133176465555589 28558373 28558373 0
21 130 rs9978604 16077016 1 0.00132082128146845 16077016 16077016 0
21 2511 rs2837283 41274744 1 -0.00131920464069119 41274744 41274744 0
21 1448 rs738772 30915007 1 -0.00130572319322072 30915007 30915007 0
21 294 rs437470 18937758 1 -0.00130534549886607 18937758 18937758 0
21 2758 rs4920118 43319984 1 0.001293704025641 43319984 43319984 0
21 569 rs70431 21990601 1 -0.0012924475190816 21990601 21990601 0
21 2070 rs2230192 37445039 1 0.00128233902071629 37445039 37445039 0
21 573 rs2826445 22043207 1 -0.00128113928214762 22043207 22043207 0
21 2474 rs12233349 41084884 2 -0.00127409317496829 41084884 41084884 0
21 2286 rs6517451 39581136 1 0.00127113211043167 39581136 39581136 0
21 2840 rs225424 43746695 2 0.00126397449331264 43746695 43746695 0
21 2515 rs3819595 41282698 2 0.00125846869594825 41282698 41282698 0
21 879 rs12627523 25511445 2 -0.00125665920078707 25511445 25511445 0
21 1957 rs2834737 36396167 2 0.0012500987209835 36396167 36396167 0
21 847 rs2828515 25134728 2 0.00123942627173233 25134728 25134728 0
21 1590 rs928775 32267244 1 -0.00123666027910971 32267244 32267244 0
21 1170 rs1631667 28521499 1 -0.00123484282567338 28521499 28521499 0
21 2583 rs718099 41816354 2 -0.00122896344466991 41816354 41816354 0
21 3111 rs944422 46982335 2 -0.00122230506458285 46982335 46982335 0
21 2157 rs2835482 38214047 1 -0.00121867246401842 38214047 38214047 0
21 1277 rs2831626 29563947 1 0.00120555532338176 29563947 29563947 0
21 2632 rs2837801 42110235 1 -0.00120248094770509 42110235 42110235 0
21 1341 rs2832009 30110080 1 -0.00119412378939454 30110080 30110080 0
21 589 rs742720 22234963 1 -0.00119339220613736 22234963 22234963 0
21 2189 rs2835562 38409876 1 0.00119275662249501 38409876 38409876 0
21 1135 rs229092 28255787 1 0.00118920344033474 28255787 28255787 0
21 2266 rs2836022 39217680 1 0.00117120126845637 39217680 39217680 0
21 2898 rs4920137 44140117 2 0.00117052942419049 44140117 44140117 0
21 314 rs2257906 19163803 1 0.00116790302617249 19163803 19163803 0
21 945 rs2262265 26183724 1 0.00116757847921748 26183724 26183724 0
21 685 rs2223148 23035381 1 -0.00115922427712955 23035381 23035381 0
21 1494 rs2832468 31245860 1 0.00115200602062401 31245860 31245860 0
21 412 rs430166 20303456 1 0.00115042320866554 20303456 20303456 0
21 813 rs1354481 24836014 1 0.00114587422892789 24836014 24836014 0
21 29 rs2822450 15600595 1 0.00114388590128981 15600595 15600595 0
21 1778 rs7283689 34476169 2 0.0011326388094408 34476169 34476169 0
21 1476 rs420121 31146608 2 0.00113133247491484 31146608 31146608 0
21 743 rs1609154 23850155 1 -0.0011229408471617 23850155 23850155 0
21 2619 rs459825 41963871 1 -0.00111644742522562 41963871 41963871 0
21 2324 rs1041795 39852396 1 0.00111630373857067 39852396 39852396 0
21 2799 rs220146 43539293 1 0.00110699250189673 43539293 43539293 0
21 1095 rs222935 27899198 2 -0.00110521547883103 27899198 27899198 0
21 1506 rs2832527 31381600 1 0.0011048575436848 31381600 31381600 0
21 1947 rs2284617 36245902 1 0.00109471650953632 36245902 36245902 0
21 2015 rs2834988 36934980 1 -0.00109283714394332 36934980 36934980 0
21 136 rs2822924 16145761 1 -0.00107740031848326 16145761 16145761 0
21 205 rs1449524 17762041 2 0.00107725154559719 17762041 17762041 0
21 182 rs11911998 16916883 2 0.00107562888584637 16916883 16916883 0
21 2767 rs12627125 43399915 1 0.00107477528064437 43399915 43399915 0
21 661 rs233771 22868864 1 0.00107373534432657 22868864 22868864 0
21 2578 rs16999738 41780398 2 0.00107251153607433 41780398 41780398 0
21 1967 rs4581976 36530556 2 -0.001070681689398 36530556 36530556 0
21 1086 rs222151 27770611 1 0.00106959609615324 27770611 27770611 0
21 3103 rs12483377 46931109 2 -0.00106886230302268 46931109 46931109 0
21 1504 rs2832484 31297409 1 -0.00106818161431908 31297409 31297409 0
21 2773 rs220198 43438674 1 -0.00106610702956331 43438674 43438674 0
21 733 rs979916 23607112 1 0.0010651206936103301 23607112 23607112 0
21 1491 rs2832458 31239497 1 0.00106251209402914 31239497 31239497 0
21 2438 rs6517549 40823981 1 0.00104745152580063 40823981 40823981 0
21 1940 rs7282726 36127330 1 0.00103408423589768 36127330 36127330 0
21 2260 rs3787835 39189570 1 0.00103403563750809 39189570 39189570 0
21 630 rs2826768 22661090 1 -0.00102093762819534 22661090 22661090 0
21 2356 rs1209927 40157281 1 0.00101755752357573 40157281 40157281 0
21 967 rs2829480 26323800 1 0.00101054669292018 26323800 26323800 0
21 3086 rs13047971 46778772 2 0.0010064221515497 46778772 46778772 0
21 1918 rs2251817 35934476 1 0.00100319962423928 35934476 35934476 0
21 2522 rs2238703 41301355 1 9.952828615562455e-4 41301355 41301355 0
21 1868 rs13051558 35375649 1 9.938362943385354e-4 35375649 35375649 0
21 62 rs1014539 15659731 1 9.92474222167653e-4 15659731 15659731 0
21 2513 rs2837286 41276290 1 -9.894621749448197e-4 41276290 41276290 0
21 1614 rs2833276 32490292 1 9.849625842953977e-4 32490292 32490292 0
21 2001 rs11910142 36816352 1 -9.771494651399776e-4 36816352 36816352 0
21 2347 rs464484 40003117 1 9.732798914412162e-4 40003117 40003117 0
21 932 rs10482951 25982886 2 9.710723290462406e-4 25982886 25982886 0
21 2146 rs2835449 38106209 1 -9.615321050135048e-4 38106209 38106209 0
21 1039 rs2830076 27502468 1 9.608483654807298e-4 27502468 27502468 0
21 3043 rs17284014 46087583 1 9.575196166105744e-4 46087583 46087583 0
21 1332 rs2831968 30080833 1 9.557519964507116e-4 30080833 30080833 0
21 3030 rs9978560 46060222 1 9.377112294176194e-4 46060222 46060222 0
21 2539 rs760168 41386931 1 -9.367299771277732e-4 41386931 41386931 0
21 2282 rs2836177 39541447 1 -9.36728941587554e-4 39541447 39541447 0
21 1264 rs4817202 29351268 1 9.366571747445618e-4 29351268 29351268 0
21 242 rs10470201 18335498 1 -9.321421452935208e-4 18335498 18335498 0
21 1974 rs11911625 36578363 1 -9.259219803832644e-4 36578363 36578363 0
21 901 rs1119267 25798591 1 9.131676105278745e-4 25798591 25798591 0
21 428 rs1015566 20566037 1 -9.130837781213574e-4 20566037 20566037 0
21 1365 rs2832096 30173301 1 -9.112055091687656e-4 30173301 30173301 0
21 2292 rs2836257 39635549 1 9.062295505654844e-4 39635549 39635549 0
21 2082 rs9305578 37514155 2 -8.992043169149689e-4 37514155 37514155 0
21 2988 rs2838458 45398656 1 8.988684559020066e-4 45398656 45398656 0
21 547 rs2826324 21861047 1 8.911455469402029e-4 21861047 21861047 0
21 1789 rs2834112 34526350 2 8.898371467524768e-4 34526350 34526350 0
21 1547 rs2832758 31660689 1 -8.892681766886386e-4 31660689 31660689 0
21 689 rs1735934 23073684 1 -8.884551257182908e-4 23073684 23073684 0
21 998 rs2829778 26866666 1 -8.847749272761416e-4 26866666 26866666 0
21 2610 rs73364974 41917406 1 8.82906083151173e-4 41917406 41917406 0
21 180 rs2823357 16914905 1 8.727100759453743e-4 16914905 16914905 0
21 369 rs2824954 19991636 1 -8.671852364672087e-4 19991636 19991636 0
21 2566 rs8133535 41664277 1 8.644956052894376e-4 41664277 41664277 0
21 2025 rs2225423 36990673 1 8.642461629643199e-4 36990673 36990673 0
21 2909 rs61746238 44324329 2 -8.619992920006109e-4 44324329 44324329 0
21 2876 rs2839531 43892641 1 8.601144368822336e-4 43892641 43892641 0
21 2518 rs2299787 41290971 1 8.595491451469133e-4 41290971 41290971 0
21 2600 rs2205132 41899191 1 -8.567398394375422e-4 41899191 41899191 0
21 1956 rs2834730 36382552 1 8.52005479858217e-4 36382552 36382552 0
21 2720 rs9975623 42920296 2 8.454653711408453e-4 42920296 42920296 0
21 1926 rs2300392 35970346 1 -8.433990636734807e-4 35970346 35970346 0
21 596 rs2826605 22300960 1 -8.313432487483801e-4 22300960 22300960 0
21 2657 rs10211942 42442773 1 8.138932869810247e-4 42442773 42442773 0
21 2971 rs1573338 45250839 1 -8.119982593953782e-4 45250839 45250839 0
21 1521 rs473561 31531438 1 -8.119195164762114e-4 31531438 31531438 0
21 2676 rs2837996 42626706 1 -8.111352782191187e-4 42626706 42626706 0
21 3135 rs1053312 47423389 1 8.066975196972389e-4 47423389 47423389 0
21 267 rs2824226 18457828 1 8.01367379149602e-4 18457828 18457828 0
21 1848 rs4842 35281421 1 7.99409072378679e-4 35281421 35281421 0
21 2816 rs225446 43658508 2 -7.956967064326743e-4 43658508 43658508 0
21 2247 rs858027 39104180 1 -7.930409087438471e-4 39104180 39104180 0
21 1497 rs2223023 31253144 2 -7.920440574110967e-4 31253144 31253144 0
21 873 rs1699679 25488946 1 7.822921458804177e-4 25488946 25488946 0
21 2442 rs7281425 40884871 1 7.818615153452717e-4 40884871 40884871 0
21 895 rs2829017 25738344 1 -7.761020214194096e-4 25738344 25738344 0
21 2997 rs2838511 45589980 1 -7.724820539393317e-4 45589980 45589980 0
21 1713 rs2833770 33701693 1 -7.72079411122851e-4 33701693 33701693 0
21 2984 rs2838446 45367152 1 7.648195957437879e-4 45367152 45367152 0
21 2886 rs10483088 44039013 2 -7.608140259461346e-4 44039013 44039013 0
21 2549 rs2837396 41425261 1 -7.527209941484602e-4 41425261 41425261 0
21 1997 rs7282740 36773278 1 7.521364463428559e-4 36773278 36773278 0
21 2497 rs741864 41207795 1 -7.446555379124546e-4 41207795 41207795 0
21 989 rs2829726 26764074 1 7.431289377839353e-4 26764074 26764074 0
21 1467 rs933117 31100797 1 -7.290940460880767e-4 31100797 31100797 0
21 3006 rs4819388 45647421 1 -7.274011960685546e-4 45647421 45647421 0
21 3027 rs398680 46021934 1 -7.242157087740126e-4 46021934 46021934 0
21 194 rs9976577 17536183 1 7.22970345515258e-4 17536183 17536183 0
21 2327 rs2836464 39896592 1 7.208910566472241e-4 39896592 39896592 0
21 1880 rs873811 35543467 1 7.194619907718141e-4 35543467 35543467 0
21 2044 rs6517312 37277069 2 -7.172321956709165e-4 37277069 37277069 0
21 1311 rs2831829 29833572 1 7.158383747231628e-4 29833572 29833572 0
21 844 rs11910832 25130153 2 -7.141470689021712e-4 25130153 25130153 0
21 841 rs2828460 25096352 1 -7.127991904535872e-4 25096352 25096352 0
21 2050 rs2845726 37333223 1 7.09119907074231e-4 37333223 37333223 0
21 466 rs2825638 20929806 1 -7.034308212157164e-4 20929806 20929806 0
21 566 rs2826401 21939786 1 -7.030666835409344e-4 21939786 21939786 0
21 1021 rs214486 27254586 1 -6.997921753066047e-4 27254586 27254586 0
21 2805 rs3819140 43557494 1 6.907763485382571e-4 43557494 43557494 0
21 1702 rs2833697 33556137 1 6.835344330723096e-4 33556137 33556137 0
21 1965 rs9975836 36514505 2 -6.744398889990248e-4 36514505 36514505 0
21 581 rs8133993 22104460 1 6.744187775719509e-4 22104460 22104460 0
21 2363 rs11254 40196388 1 -6.739453598637634e-4 40196388 40196388 0
21 1630 rs4816397 32844542 1 6.651806057355423e-4 32844542 32844542 0
21 2693 rs111988437 42720579 1 -6.639682407196116e-4 42720579 42720579 0
21 2823 rs2234718 43697195 1 6.62743683826826e-4 43697195 43697195 0
21 565 rs2826382 21921412 1 -6.614788502611527e-4 21921412 21921412 0
21 957 rs9753844 26223909 1 6.59255441433826e-4 26223909 26223909 0
21 2221 rs928723 38970666 1 6.554045635783998e-4 38970666 38970666 0
21 349 rs10084615 19646269 1 -6.51880347378262e-4 19646269 19646269 0
21 116 rs2822757 15909251 1 -6.510205836373199e-4 15909251 15909251 0
21 2075 rs735142 37460164 1 -6.479363618956334e-4 37460164 37460164 0
21 1724 rs2833837 33814613 1 6.471635899743825e-4 33814613 33814613 0
21 2443 rs1522 40887185 1 -6.460077974582237e-4 40887185 40887185 0
21 1649 rs2833456 32954765 1 6.459484359456939e-4 32954765 32954765 0
21 2962 rs743463 45142427 1 -6.454538275420722e-4 45142427 45142427 0
21 2778 rs220256 43478099 1 -6.407346596918227e-4 43478099 43478099 0
21 516 rs2826125 21649595 1 6.385600674964228e-4 21649595 21649595 0
21 782 rs1459402 24609213 1 6.381197393276416e-4 24609213 24609213 0
21 2437 rs2837035 40818379 2 -6.372573140903282e-4 40818379 40818379 0
21 1099 rs2830289 27955385 1 -6.329558176633202e-4 27955385 27955385 0
21 833 rs2828401 25041047 1 -6.310026185876551e-4 25041047 25041047 0
21 1070 rs9978179 27653527 1 -6.284024495915939e-4 27653527 27653527 0
21 1235 rs2830976 28860822 1 6.281799612462193e-4 28860822 28860822 0
21 2722 rs12483160 42941343 1 -6.266217091851791e-4 42941343 42941343 0
21 1189 rs239695 28680314 1 6.256405923544695e-4 28680314 28680314 0
21 3002 rs2032327 45617328 1 6.209699713112382e-4 45617328 45617328 0
21 2588 rs2837646 41842252 1 6.098129345186068e-4 41842252 41842252 0
21 603 rs2826620 22323966 1 -6.012972378907505e-4 22323966 22323966 0
21 1171 rs16979806 28525447 1 5.988587496063864e-4 28525447 28525447 0
21 2836 rs225416 43744362 1 5.977860608755625e-4 43744362 43744362 0
21 2043 rs2835153 37229471 1 -5.95568822700688e-4 37229471 37229471 0
21 424 rs2825314 20418452 1 5.937980223531763e-4 20418452 20418452 0
21 3104 rs17255281 46932614 1 5.883233925039306e-4 46932614 46932614 0
21 419 rs2825276 20395279 1 -5.823867747246606e-4 20395279 20395279 0
21 2534 rs2837352 41363778 1 5.80202855784161e-4 41363778 41363778 0
21 2797 rs220129 43531632 1 -5.758688197152646e-4 43531632 43531632 0
21 1255 rs181706 29201063 1 -5.716522166711268e-4 29201063 29201063 0
21 2220 rs2154552 38968030 1 -5.6995641491451e-4 38968030 38968030 0
21 3057 rs235280 46283669 1 -5.603306878405505e-4 46283669 46283669 0
21 1000 rs2829790 26912218 1 -5.595533218020446e-4 26912218 26912218 0
21 2649 rs2837882 42307342 1 -5.592023488604904e-4 42307342 42307342 0
21 1668 rs12627162 33322819 1 -5.544669952590074e-4 33322819 33322819 0
21 2322 rs979091 39797764 2 -5.523237154184968e-4 39797764 39797764 0
21 2688 rs2838012 42694870 1 -5.424513983992695e-4 42694870 42694870 0
21 629 rs2826756 22627620 1 -5.36162817804129e-4 22627620 22627620 0
21 2400 rs1537106 40359005 1 5.268589998552413e-4 40359005 40359005 0
21 2958 rs2838331 45026728 1 5.177501174691545e-4 45026728 45026728 0
21 371 rs2824981 20034898 1 -5.124362863292993e-4 20034898 20034898 0
21 2592 rs2837649 41850636 2 5.103214036972033e-4 41850636 41850636 0
21 3053 rs8645 46226566 1 -5.093085764343535e-4 46226566 46226566 0
21 1152 rs2830605 28367755 2 -5.087524602537593e-4 28367755 28367755 0
21 2444 rs517871 40909706 1 -5.05943968974928e-4 40909706 40909706 0
21 212 rs13047709 17816981 1 -5.054526818839259e-4 17816981 17816981 0
21 576 rs1384315 22061708 1 -5.049301676427539e-4 22061708 22061708 0
21 2723 rs11702283 42941420 1 -5.049060267710351e-4 42941420 42941420 0
21 31 rs433899 15603589 1 4.988928113795568e-4 15603589 15603589 0
21 237 rs2824143 18300451 1 -4.962985603135441e-4 18300451 18300451 0
21 757 rs398570 24417126 1 -4.91339773182372e-4 24417126 24417126 0
21 1215 rs2830919 28778338 1 -4.912161730373347e-4 28778338 28778338 0
21 173 rs2823307 16865946 1 4.853901297461532e-4 16865946 16865946 0
21 2473 rs12233347 41084811 2 -4.834084825574287e-4 41084811 41084811 0
21 2004 rs7283506 36839841 1 -4.8038963305100415e-4 36839841 36839841 0
21 718 rs2827147 23321380 1 -4.7968897940611104e-4 23321380 23321380 0
21 648 rs3787605 22800446 1 -4.77832845226126e-4 22800446 22800446 0
21 2114 rs7281457 37652840 1 -4.7602561861894934e-4 37652840 37652840 0
21 2345 rs8130668 39978141 2 4.74318573807864e-4 39978141 39978141 0
21 535 rs2826259 21817825 1 -4.74205043283719e-4 21817825 21817825 0
21 695 rs2245501 23194676 1 -4.741425674498831e-4 23194676 23194676 0
21 498 rs2825924 21324649 1 4.664784532295958e-4 21324649 21324649 0
21 230 rs415850 18228575 1 4.664280996080337e-4 18228575 18228575 0
21 1110 rs1893577 28112756 1 -4.661031514582656e-4 28112756 28112756 0
21 1722 rs2833814 33798684 1 4.57964871987423e-4 33798684 33798684 0
21 1927 rs1557268 35973227 1 -4.546120644290939e-4 35973227 35973227 0
21 40 rs4817081 15641852 1 4.474927990242884e-4 15641852 15641852 0
21 1254 rs243648 29200678 1 -4.436674025847704e-4 29200678 29200678 0
21 1489 rs468413 31233994 1 4.436580852642585e-4 31233994 31233994 0
21 2323 rs2836425 39838825 1 4.4254890962640433e-4 39838825 39838825 0
21 2952 rs573283 44788262 1 -4.347004332521347e-4 44788262 44788262 0
21 470 rs2825686 20996612 1 -4.3336500999181186e-4 20996612 20996612 0
21 144 rs61750208 16338106 1 4.281850305230649e-4 16338106 16338106 0
21 966 rs982886 26311943 2 -4.2537870723181144e-4 26311943 26311943 0
21 1873 rs4817616 35444498 2 -4.2423406837203e-4 35444498 35444498 0
21 2228 rs1709814 39017068 1 4.2303516265446985e-4 39017068 39017068 0
21 1662 rs1012482 33182482 1 -4.203173718564962e-4 33182482 33182482 0
21 2617 rs455772 41962135 1 -4.115507053394545e-4 41962135 41962135 0
21 2293 rs928769 39637429 2 -4.080675682954922e-4 39637429 39637429 0
21 1723 rs2833836 33814533 1 4.022930037983127e-4 33814533 33814533 0
21 322 rs2824512 19222174 2 -3.9865122507137265e-4 19222174 19222174 0
21 730 rs1041416 23542443 1 -3.935318060243933e-4 23542443 23542443 0
21 1786 rs2834107 34520365 1 -3.9286465241198846e-4 34520365 34520365 0
21 2096 rs2835314 37568703 1 -3.916029295138723e-4 37568703 37568703 0
21 110 rs2822716 15890874 1 -3.777738090806569e-4 15890874 15890874 0
21 1916 rs8134785 35931909 1 -3.7765761916486314e-4 35931909 35931909 0
21 2341 rs2836551 39972377 1 3.759387080230363e-4 39972377 39972377 0
21 253 rs2824175 18384773 1 -3.7578504006760056e-4 18384773 18384773 0
21 2854 rs928302 43810084 1 3.727411089239875e-4 43810084 43810084 0
21 1314 rs1999316 29853103 2 3.7251126097609047e-4 29853103 29853103 0
21 744 rs2827541 23860926 1 3.724614856622541e-4 23860926 23860926 0
21 315 rs2824496 19171547 1 3.722644890287077e-4 19171547 19171547 0
21 886 rs2828918 25594326 1 3.720094995592018e-4 25594326 25594326 0
21 1883 rs2834426 35631938 2 -3.712895356241946e-4 35631938 35631938 0
21 3052 rs1141 46221167 1 -3.70906642698831e-4 46221167 46221167 0
21 3001 rs7282490 45615741 1 -3.615279025457165e-4 45615741 45615741 0
21 2315 rs2836325 39721552 1 3.6112749963337914e-4 39721552 39721552 0
21 458 rs928251 20898278 1 3.594850398367529e-4 20898278 20898278 0
21 2352 rs2836627 40059292 1 -3.575085519311124e-4 40059292 40059292 0
21 856 rs207490 25214100 1 3.545291631018637e-4 25214100 25214100 0
21 1790 rs2834113 34527885 1 -3.5414927610023003e-4 34527885 34527885 0
21 1672 rs9305481 33347434 2 -3.422834364520134e-4 33347434 33347434 0
21 3128 rs418431 47368384 1 -3.420272572757845e-4 47368384 47368384 0
21 1444 rs2832373 30877111 1 3.376234725148382e-4 30877111 30877111 0
21 125 rs2822809 15984982 1 -3.366051649900904e-4 15984982 15984982 0
21 1327 rs7281399 30031486 1 -3.360810404559271e-4 30031486 30031486 0
21 1190 rs2198274 28681297 1 3.3545512814697466e-4 28681297 28681297 0
21 553 rs2826336 21868881 1 -3.346346941921404e-4 21868881 21868881 0
21 1109 rs2830447 28111563 1 3.32272175863224e-4 28111563 28111563 0
21 1645 rs13048019 32918294 2 3.297567699070634e-4 32918294 32918294 0
21 634 rs2826808 22725866 1 -3.286482114133281e-4 22725866 22725866 0
21 580 rs8133447 22104438 1 -3.285422999386027e-4 22104438 22104438 0
21 2992 rs915877 45502844 1 3.27452637112982e-4 45502844 45502844 0
21 1176 rs2830768 28572980 2 -3.265774877111822e-4 28572980 28572980 0
21 2955 rs17004553 44872454 1 3.247386954521302e-4 44872454 44872454 0
21 1077 rs1543651 27686646 1 -3.2380331266334536e-4 27686646 27686646 0
21 2817 rs225447 43658979 1 -3.2110063246740825e-4 43658979 43658979 0
21 433 rs13052468 20636566 1 -3.18986658047606e-4 20636566 20636566 0
21 1616 rs762194 32493031 2 -3.188417091183598e-4 32493031 32493031 0
21 3024 rs233279 45992003 1 -3.1826355784312033e-4 45992003 45992003 0
21 2063 rs2835240 37410633 1 -3.1795624224012893e-4 37410633 37410633 0
21 1027 rs2014146 27335022 1 3.106208637875591e-4 27335022 27335022 0
21 3173 rs6518299 47936787 1 3.1016039674911715e-4 47936787 47936787 0
21 1408 rs8133819 30458754 1 3.085633349104148e-4 30458754 30458754 0
21 2093 rs2242812 37551742 1 -3.052172161712039e-4 37551742 37551742 0
21 708 rs1999302 23219639 2 3.016672134093485e-4 23219639 23219639 0
21 3059 rs235305 46298869 1 -2.997230347237826e-4 46298869 46298869 0
21 1223 rs2830933 28798703 1 2.985189941389675e-4 28798703 28798703 0
21 492 rs17003330 21252013 1 -2.969820406879677e-4 21252013 21252013 0
21 1806 rs11088242 34584544 1 2.962806828780141e-4 34584544 34584544 0
21 2393 rs7276778 40335046 2 2.9419599912932184e-4 40335046 40335046 0
21 2301 rs3804019 39646936 1 2.941797239861802e-4 39646936 39646936 0
21 1769 rs2834072 34410464 1 2.9151239686522277e-4 34410464 34410464 0
21 1228 rs239638 28816801 1 -2.911336515498146e-4 28816801 28816801 0
21 921 rs2186437 25870353 1 2.887988006932803e-4 25870353 25870353 0
21 2435 rs2837017 40788083 1 2.8787996611659e-4 40788083 40788083 0
21 2663 rs4818209 42501062 1 -2.875158698076665e-4 42501062 42501062 0
21 1709 rs7277753 33612833 1 2.839658495089535e-4 33612833 33612833 0
21 2779 rs17114247 43478135 1 2.8154122544059437e-4 43478135 43478135 0
21 779 rs2243657 24567496 1 2.809208076008143e-4 24567496 24567496 0
21 1720 rs2833803 33795961 2 2.779759685957947e-4 33795961 33795961 0
21 768 rs2827858 24475368 1 -2.7795741337800756e-4 24475368 24475368 0
21 518 rs2826174 21698075 1 2.7630593959144595e-4 21698075 21698075 0
21 572 rs2826438 22040433 1 -2.7321146699396675e-4 22040433 22040433 0
21 17 rs34992986 15535590 2 2.7306569619469376e-4 15535590 15535590 0
21 333 rs2824630 19487468 1 -2.7271558924232256e-4 19487468 19487468 0
21 2756 rs9981024 43319180 1 -2.699535820833388e-4 43319180 43319180 0
21 127 rs2005940 16049066 1 2.6893207552554284e-4 16049066 16049066 0
21 266 rs2250664 18437109 1 -2.689139562773036e-4 18437109 18437109 0
21 3033 rs9306111 46077946 1 2.6740647786753117e-4 46077946 46077946 0
21 836 rs1514416 25052229 1 2.670795538819749e-4 25052229 25052229 0
21 1097 rs222962 27926088 1 -2.5761074080952166e-4 27926088 27926088 0
21 2417 rs9982122 40547310 1 2.4925475266852784e-4 40547310 40547310 0
21 1937 rs2834610 36105589 1 2.4614285186435003e-4 36105589 36105589 0
21 221 rs2824052 18171830 1 2.402596729353721e-4 18171830 18171830 0
21 2844 rs1079380 43770283 1 2.4012753798853203e-4 43770283 43770283 0
21 3026 rs464504 45998768 1 2.4006725747204412e-4 45998768 45998768 0
21 671 rs236085 22960166 1 -2.390730245980629e-4 22960166 22960166 0
21 422 rs2825291 20402382 1 -2.3899770352164284e-4 20402382 20402382 0
21 2577 rs2205084 41765109 1 -2.371430665999181e-4 41765109 41765109 0
21 2091 rs2239567 37536408 1 2.3369564172608597e-4 37536408 37536408 0
21 2761 rs455508 43331362 1 2.334832681611688e-4 43331362 43331362 0
21 137 rs2822942 16189981 1 2.306567590677737e-4 16189981 16189981 0
21 2739 rs3017541 43195637 1 -2.3059434238653816e-4 43195637 43195637 0
21 2464 rs1524930 40968460 1 -2.2993125578088945e-4 40968460 40968460 0
21 3160 rs61735814 47841989 1 2.2542867887425443e-4 47841989 47841989 0
21 57 rs2822544 15653065 1 -2.2513802672774783e-4 15653065 15653065 0
21 2596 rs2837663 41877678 1 2.2495364550468585e-4 41877678 41877678 0
21 1849 rs2239565 35288558 1 2.2005758620974056e-4 35288558 35288558 0
21 16 rs9977811 15534637 1 2.1872413215378805e-4 15534637 15534637 0
21 2629 rs1022425 42047910 1 2.1785297133927408e-4 42047910 42047910 0
21 3028 rs392686 46023668 1 -2.166924788721727e-4 46023668 46023668 0
21 2197 rs62223645 38528987 1 2.1639018001130207e-4 38528987 38528987 0
21 2949 rs762395 44769676 1 -2.1070183374316792e-4 44769676 44769676 0
21 1701 rs2833695 33554131 1 -2.1000599510658704e-4 33554131 33554131 0
21 2533 rs2837349 41361357 1 -2.056240788806681e-4 41361357 41361357 0
21 2487 rs456800 41164690 1 2.052185942531423e-4 41164690 41164690 0
21 3050 rs2838666 46158738 1 2.0081807235170185e-4 46158738 46158738 0
21 1279 rs2831651 29582726 1 1.9907293805119863e-4 29582726 29582726 0
21 303 rs1389995 19024565 2 1.9746305769707123e-4 19024565 19024565 0
21 1767 rs762178 34399401 1 1.9429774241821497e-4 34399401 34399401 0
21 770 rs2827888 24510661 1 -1.9375467101797976e-4 24510661 24510661 0
21 719 rs9979426 23343898 1 1.929578681569538e-4 23343898 23343898 0
21 2711 rs2070788 42841988 1 1.9081007054987196e-4 42841988 42841988 0
21 229 rs2824091 18219506 1 -1.8947712722572612e-4 18219506 18219506 0
21 247 rs2824164 18371006 1 1.8763527606885635e-4 18371006 18371006 0
21 2405 rs2410100 40424619 2 1.8213694969084553e-4 40424619 40424619 0
21 893 rs7278127 25691370 1 -1.7856501531946452e-4 25691370 25691370 0
21 163 rs2823227 16682922 2 -1.7791813062002998e-4 16682922 16682922 0
21 47 rs2822522 15647431 1 1.7780937396332484e-4 15647431 15647431 0
21 3048 rs1004686 46121910 1 1.7773174577299862e-4 46121910 46121910 0
21 2241 rs1709806 39055489 2 1.7454953239258734e-4 39055489 39055489 0
21 539 rs2826288 21846633 1 1.6981759700753377e-4 21846633 21846633 0
21 2973 rs762415 45255836 1 1.6939748402698744e-4 45255836 45255836 0
21 1080 rs1888428 27693547 1 1.6912593402007792e-4 27693547 27693547 0
21 1163 rs10482982 28472489 1 -1.6900196634360334e-4 28472489 28472489 0
21 842 rs2828463 25097968 1 1.684222461410893e-4 25097968 25097968 0
21 3094 rs4819095 46817380 1 -1.6763133673398397e-4 46817380 46817380 0
21 2994 rs2838502 45570988 1 -1.6288240884548312e-4 45570988 45570988 0
21 2903 rs2839584 44236622 1 1.6112576472689146e-4 44236622 44236622 0
21 1074 rs2830164 27666882 2 -1.5951796556209932e-4 27666882 27666882 0
21 978 rs7282388 26535513 1 1.5759143760804475e-4 26535513 26535513 0
21 2764 rs61731656 43362295 1 1.5719411002388097e-4 43362295 43362295 0
21 2812 rs8133852 43595552 1 1.5661248297410606e-4 43595552 43595552 0
21 2517 rs2837291 41286014 1 -1.5660848569652976e-4 41286014 41286014 0
21 181 rs2179030 16916111 1 1.5642521748340964e-4 16916111 16916111 0
21 1544 rs78287602 31654638 1 -1.5408353719759487e-4 31654638 31654638 0
21 1642 rs2253858 32874248 2 1.511456172035512e-4 32874248 32874248 0
21 300 rs1494935 19011263 1 -1.445398449283787e-4 19011263 19011263 0
21 269 rs952779 18474093 1 1.4298754048541846e-4 18474093 18474093 0
21 65 rs2822554 15663291 1 1.3808471733509097e-4 15663291 15663291 0
21 105 rs2822677 15845561 1 -1.3705413520394657e-4 15845561 15845561 0
21 2267 rs762147 39238610 1 1.3367068414065205e-4 39238610 39238610 0
21 2963 rs8128639 45175571 1 -1.322330640581006e-4 45175571 45175571 0
21 1486 rs456245 31181420 1 -1.2716023673068328e-4 31181420 31181420 0
21 48 rs718670 15648154 1 -1.264007557333562e-4 15648154 15648154 0
21 1044 rs10460695 27520111 1 1.1781142249573004e-4 27520111 27520111 0
21 908 rs2829091 25831969 1 1.1015519957272074e-4 25831969 25831969 0
21 1522 rs2832650 31554936 1 -1.0761950375186656e-4 31554936 31554936 0
21 2415 rs2836902 40499467 1 1.035182508665858e-4 40499467 40499467 0
21 557 rs17801179 21900027 1 -1.033168176685112e-4 21900027 21900027 0
21 3083 rs2150439 46634966 2 -1.0124742409109932e-4 46634966 46634966 0
21 1939 rs2834623 36121293 1 -1.0014242789243896e-4 36121293 36121293 0
21 570 rs6517987 22037850 1 -9.777859537880553e-5 22037850 22037850 0
21 1620 rs1414192 32735471 1 -9.328878668505312e-5 32735471 32735471 0
21 916 rs4546075 25847872 1 -9.053344866375615e-5 25847872 25847872 0
21 438 rs2825523 20705880 1 8.617754272101194e-5 20705880 20705880 0
21 1591 rs1041734 32272902 1 -8.589702777071998e-5 32272902 32272902 0
21 1319 rs2178939 29898507 1 -8.382817711523147e-5 29898507 29898507 0
21 288 rs2824292 18787176 1 -8.318828941347187e-5 18787176 18787176 0
21 2762 rs9325615 43359680 2 8.154501675921276e-5 43359680 43359680 0
21 446 rs1387616 20827199 1 -8.08530290968933e-5 20827199 20827199 0
21 1593 rs2833162 32296251 2 7.989664250764202e-5 32296251 32296251 0
21 3004 rs9983276 45638288 2 7.638593999659271e-5 45638288 45638288 0
21 2136 rs9808728 37986925 1 -7.440150767212727e-5 37986925 37986925 0
21 1487 rs2832447 31197963 1 7.343661829318474e-5 31197963 31197963 0
21 1359 rs12627005 30148739 1 7.247382211134183e-5 30148739 30148739 0
21 1773 rs11088237 34450578 1 -7.243581889567213e-5 34450578 34450578 0
21 939 rs2212535 26047708 1 6.930551527562724e-5 26047708 26047708 0
21 2194 rs1003721 38492657 1 6.909193525119026e-5 38492657 38492657 0
21 170 rs1736020 16812552 1 -6.536404540309423e-5 16812552 16812552 0
21 2885 rs444435 44022793 1 -6.496303774105344e-5 44022793 44022793 0
21 430 rs2825412 20576093 1 -6.114466593089087e-5 20576093 20576093 0
21 1282 rs367799 29588614 1 6.112482446785448e-5 29588614 29588614 0
21 2339 rs17194186 39967076 1 -6.107502637571218e-5 39967076 39967076 0
21 1241 rs2831021 28956641 1 5.78952392626685e-5 28956641 28956641 0
21 2571 rs2837580 41738635 2 -5.724695837913064e-5 41738635 41738635 0
21 713 rs2224135 23236900 1 5.681944662639602e-5 23236900 23236900 0
21 3144 rs9981981 47544838 1 -5.540407859357777e-5 47544838 47544838 0
21 711 rs2776120 23234334 1 4.7824206709320527e-5 23234334 23234334 0
21 199 rs2823704 17631152 1 4.597882752810748e-5 17631152 17631152 0
21 445 rs7280885 20808841 1 -4.408635636187731e-5 20808841 20808841 0
21 2111 rs9980084 37647438 1 4.184783030065864e-5 37647438 37647438 0
21 1243 rs7275935 29015007 2 4.0238251328130186e-5 29015007 29015007 0
21 654 rs17003866 22822135 1 -3.835281240175473e-5 22822135 22822135 0
21 1820 rs116461921 34950609 2 -3.7988038434746545e-5 34950609 34950609 0
21 240 rs8131790 18324869 1 3.7344085156413835e-5 18324869 18324869 0
21 940 rs2250627 26058246 1 -3.6645749685149936e-5 26058246 26058246 0
21 3008 rs7354779 45670770 2 3.311486798034962e-5 45670770 45670770 0
21 2068 rs7281482 37433156 1 -3.2854914408629315e-5 37433156 37433156 0
21 1455 rs16984549 31000415 1 -3.0491407646653436e-5 31000415 31000415 0
21 39 rs2064537 15639282 1 -2.7186050319332736e-5 15639282 15639282 0
21 1887 rs754467 35664962 1 -2.5482973183038036e-5 35664962 35664962 0
21 2355 rs2836651 40103951 1 2.4431738513416115e-5 40103951 40103951 0
21 522 rs2407647 21709136 1 2.174141918512613e-5 21709136 21709136 0
21 198 rs2823702 17629738 1 2.0869518486597887e-5 17629738 17629738 0
21 1603 rs1000927 32415963 1 -2.001013936042153e-5 32415963 32415963 0
21 853 rs1784891 25209156 1 1.8808238752478877e-5 25209156 25209156 0
21 2724 rs7282997 43059884 1 1.7887128672497672e-5 43059884 43059884 0
21 602 rs1783280 22322128 1 -1.4925142532313424e-5 22322128 22322128 0
21 1802 rs9975358 34579572 1 1.4510270303569051e-5 34579572 34579572 0
21 1482 rs458685 31177511 1 -1.424789434811316e-5 31177511 31177511 0
21 2634 rs2837825 42166447 1 -1.1963098510526785e-5 42166447 42166447 0
21 2174 rs3827189 38311993 1 1.1529823858950053e-5 38311993 38311993 0
21 918 rs2829133 25865342 1 1.0976181573243464e-5 25865342 25865342 0
21 64 rs9977552 15662385 1 1.031388621336248e-5 15662385 15662385 0
21 2366 rs1534825 40210516 2 4.837611569127095e-6 40210516 40210516 0
21 636 rs2826810 22727138 1 4.543189407137878e-6 22727138 22727138 0
21 2261 rs1540011 39194539 1 -2.685490318665562e-6 39194539 39194539 0
21 1921 rs2300387 35964093 1 2.6062458118556384e-6 35964093 35964093 0
21 1597 rs978003 32337438 1 2.466108877960598e-6 32337438 32337438 0
21 884 rs16999649 25544579 1 -2.3849920534268736e-6 25544579 25544579 0
21 321 rs243629 19220798 1 2.325728168245771e-6 19220798 19220798 0
21 2763 rs9325616 43359686 1 4.378272878160811e-16 43359686 43359686 0
