CHR Group SNP.lead BP.lead Size W BP.min BP.max BP.width
14 471 rs8017161 103563195 7 0.18297475634036212 103404159 103584674 180515
14 257 rs3784099 68749927 11 0.11480123257465567 68749927 68963746 213819
14 384 rs17184313 93102251 5 0.07786936978790464 93064069 93118038 53969
14 124 rs712314 35408548 13 0.06658517426261629 35390146 35853388 463242
14 396 rs11621961 94769476 7 0.05493617398774132 94769476 94847415 77939
14 383 rs737522 93014672 2 0.04288259915900248 93005721 93047936 42215
14 324 rs11623789 82450632 6 0.03941269445634837 82347524 82458472 110948
14 354 rs1287662 89290630 16 0.03526959910657126 88798458 89393381 594923
14 125 rs696 35871093 5 0.03441156228600885 35871093 36304368 433275
14 243 rs8008058 63777253 6 0.03331656202544428 63777253 63857808 80555
14 26 rs3748366 22204911 4 0.03286376084026879 22091105 22204911 113806
