CHR Group SNP.lead BP.lead Size W BP.min BP.max BP.width
9 3115 rs2519803 136805789 1 0.03838105190462965 136805789 136805789 0
9 2097 rs4743150 100740124 1 0.0353827857557164 100740124 100769276 29152
9 1288 rs913280 37483309 4 -0.03436819789439048 37483309 37483926 617
9 2602 rs6478109 117568766 6 0.03398501717680268 117558703 117584082 25379
9 3116 rs664026 136824023 1 0.03104522310588176 136824023 136824023 0
9 1989 rs1380 95147434 2 0.0292251501458657 94985637 95197471 211834
9 1206 rs831271 33270748 5 0.02694388414099307 33240225 33291520 51295
9 2606 rs873212 117735806 2 0.02690593056281299 117728895 117744430 15535
9 2793 rs10818605 124614496 1 0.02554811108528848 124604264 124614496 10232
9 1052 rs41305329 27284785 2 0.02492063437307968 27284363 27292474 8111
9 1225 rs7024727 34730395 2 0.02478690544097981 34710450 34743681 33231
9 2614 rs16932349 117956937 1 0.02426124683845735 117951073 117975864 24791
9 1798 rs7848944 88859144 3 -0.02377949706753936 88847477 88860820 13343
9 3085 rs1330292 135884806 4 0.02250920878436144 135883620 135890991 7371
9 2868 rs10818930 126991185 1 0.02188834158246475 126991185 126997079 5894
9 1943 rs10821507 93561614 2 0.02043297469233081 93546691 93563536 16845
9 1537 rs561970 79318677 5 0.02040366574594902 79310246 79328461 18215
9 131 rs606081 2539335 2 -0.02028868397429072 2537511 2541567 4056
9 1913 rs10118363 92339924 1 0.02003042120470976 92321289 92339924 18635
9 60 rs12346252 1239644 2 0.01857599702863291 1239644 1239722 78
9 787 rs7871217 18929692 2 0.01743010185729334 18928210 18930880 2670
9 2405 rs2000129 111607701 2 -0.01684432950196955 111606792 111614150 7358
9 2937 rs3802357 130478653 1 0.01661980646298532 130475442 130494486 19044
9 2931 rs11790967 130170561 3 0.01632533178655081 130165995 130172485 6490
9 259 rs17804441 5457733 4 0.01619121004019704 5457733 5461379 3646
9 2872 rs10818950 127130137 3 0.01617276566790409 127112027 127177161 65134
9 88 rs6475120 1732880 4 0.01616707045185716 1721126 1732880 11754
9 1555 rs10869915 79854729 3 -0.01571428545438514 79810889 79891964 81075
9 740 rs12684916 17937036 2 0.01515225738468582 17937036 17937391 355
9 2472 rs578430 113563143 1 0.01483842682160664 113561251 113565027 3776
9 1276 rs10125775 36993071 2 0.01480091072307798 36977798 36993788 15990
9 925 rs10811885 23321297 4 -0.01456882830524679 23320406 23325084 4678
9 2988 rs1054874 132681619 1 0.01438614011535583 132681619 132714099 32480
9 2087 rs4743110 100326824 3 0.0143314133901664 100326824 100334586 7762
9 1735 rs1529952 86719547 1 0.01424997924322573 86719547 86725070 5523
9 1352 rs2777864 72091413 3 -0.0142044016804142 72077866 72111875 34009
9 1314 rs4298574 38440543 3 -0.01419626928804373 38426961 38440543 13582
9 423 rs2065514 9412518 1 0.01402562161853466 9401487 9412518 11031
9 2660 rs4091697 119654521 3 0.01349039722467573 119646682 119655950 9268
9 2925 rs10819243 129633328 4 0.01342580524367268 129633328 129726860 93532
9 882 rs7036656 21990457 2 0.01337654719821432 21970916 21990457 19541
9 2744 rs10818328 122279421 1 0.01324575381640761 122264713 122279421 14708
9 2068 rs912465 98958949 1 -0.0127382028492066 98957977 98963734 5757
9 548 rs1887175 12770868 2 -0.01269760205977656 12758881 12772498 13617
9 2847 rs9785285 126520068 1 -0.01255601288361014 126513838 126525212 11374
9 2016 rs12341268 96693709 2 0.01250251459457627 96693709 96693709 0
9 1660 rs1332879 83691628 1 0.01244651611511572 83691628 83695647 4019
9 1320 rs7853023 38772575 5 0.01243713695592929 38741712 68170421 29428709
9 942 rs16907782 23802442 2 -0.01189193983185235 23802442 23802442 0
9 1508 rs2297343 78722328 1 0.01182990423589953 78721689 78724005 2316
9 246 rs7025867 4937872 1 0.01168172800098979 4934896 4937872 2976
9 631 rs12683551 14783623 2 -0.01163157822998191 14783623 14788886 5263
9 883 rs3217992 22003223 4 0.01158338115067069 21998035 22044122 46087
9 582 rs7866165 13812685 1 0.01109978956796217 13812685 13812685 0
9 2432 rs10980070 112584723 1 0.01107515513785941 112569588 112589454 19866
9 2867 rs7851784 126981390 1 -0.01089746882538103 126978958 126985334 6376
9 362 rs941904 8136132 3 -0.01089684560620507 8132822 8140904 8082
9 576 rs642806 13671296 5 0.01079530303113679 13660128 13682827 22699
9 3003 rs7031579 133250275 1 0.01078720282891302 133250275 133250275 0
9 309 rs7849812 7094860 2 -0.01071927808707144 7091968 7096061 4093
9 550 rs10809843 12780670 1 0.01062972104909478 12780295 12780670 375
9 1897 rs12341391 91848678 2 -0.01061038907315446 91820998 91900556 79558
9 682 rs6475025 16289428 3 0.01027634997939988 16287778 16291556 3778
9 1446 rs278727 76161901 1 0.01018926776539018 76152918 76184436 31518
9 662 rs907076 15443430 2 0.01016121231318439 15429539 15467175 37636
9 1733 rs11140345 86669330 2 -0.00983900711641912 86666444 86669330 2886
9 2049 rs7860540 98383097 1 -0.00978301857300965 98376367 98387529 11162
9 3084 rs628094 135877287 1 0.00975825823712763 135877287 135877287 0
9 1458 rs2991751 76936998 2 0.0095808267706829 76916282 76940344 24062
9 314 rs2770759 7197023 2 -0.009458798170009 7194214 7198770 4556
9 1856 rs7870268 90355120 3 -0.00945217247412138 90355120 90362777 7657
9 934 rs17698074 23569870 1 -0.00942237794452268 23569870 23569870 0
9 3060 rs1056899 135139901 2 -0.00939210355814105 135137364 135156270 18906
9 2941 rs7032368 130755881 1 0.00931876441521864 130755881 130770276 14395
9 866 rs10757222 21485974 1 -0.00927084561046332 21485974 21497120 11146
9 690 rs4612476 16388447 2 0.0092444459044184 16388447 16390697 2250
9 566 rs1556577 13453984 1 -0.0091379024936838 13453984 13453984 0
9 1464 rs577787 77315134 1 0.00912171443849459 77312690 77315134 2444
9 2635 rs7469847 118738595 4 -0.00896172487948801 118736263 118741214 4951
9 2143 rs10819657 102128509 3 0.00888933103714803 102128509 102159610 31101
9 1650 rs4877611 83284684 1 -0.00886686109118816 83266060 83284737 18677
9 2096 rs3780416 100674565 2 -0.00881064517854649 100674565 100701446 26881
9 2566 rs7852787 116680454 2 -0.00879472857907274 116660999 116680454 19455
9 887 rs10757282 22133984 2 0.00878434331638724 22133284 22134172 888
9 1931 rs7048728 93104329 2 -0.00866662182926867 93104329 93126348 22019
9 2373 rs1831590 110864014 1 -0.00864085055439124 110855243 110864436 9193
9 3118 rs3780792 136835343 2 -0.00863629266234439 136835343 136835343 0
9 1877 rs7867717 90899627 2 0.00862851658202819 90899627 90899627 0
9 1593 rs3009691 81272770 2 -0.00859915657478719 81254538 81275274 20736
9 2638 rs204505 118887949 1 -0.00856559370405558 118887949 118887949 0
9 2612 rs6478137 117921095 2 0.00850908363254479 117919576 117927395 7819
9 2569 rs10124293 116800860 3 0.0083912908474118 116800860 116810204 9344
9 667 rs1935220 15880229 1 0.00836099728126003 15870465 15880229 9764
9 2985 rs11998910 132541344 1 -0.00834964401777887 132541344 132541344 0
9 2527 rs2676622 115454504 1 -0.00810272210855904 115454504 115454504 0
9 1283 rs7025491 37387177 3 -0.00795748102452404 37382099 37390964 8865
9 1893 rs3750399 91656963 3 0.00787856562065167 91656963 91670399 13436
9 347 rs328853 7729045 3 -0.00787591845985208 7722331 7734480 12149
9 2018 rs10993045 96843245 3 0.0078523736768854 96773760 96861798 88038
9 3073 rs17149310 135450636 1 0.00782649521363642 135450636 135450636 0
9 2250 rs1536895 106793726 4 0.00776807734214313 106742792 106813465 70673
9 1067 rs4879740 27750375 1 0.00771911466915653 27750375 27753227 2852
9 1795 rs10115513 88741540 1 0.0077120214641618 88741540 88756246 14706
9 3009 rs7860909 133331226 1 0.00770681033596753 133331226 133331226 0
9 67 rs7871293 1354036 2 -0.0076603425752755 1354036 1354036 0
9 2466 rs35142681 113449489 2 0.00756209135706089 113403846 113449489 45643
9 1056 rs1161680 27430232 1 0.00755314607997459 27428550 27441537 12987
9 230 rs4742027 4629595 3 -0.00752706242097826 4622453 4635912 13459
9 305 rs818887 7002389 2 0.00749511306319639 6997099 7006539 9440
9 2245 rs7864801 106554028 2 0.00735721193483805 106539597 106566612 27015
9 1632 rs11138518 82768721 2 0.00735637375991565 82768721 82788836 20115
9 427 rs10977771 9455222 1 0.00721019293188091 9454258 9476425 22167
9 597 rs10810113 14200005 3 0.00711848223327947 14196340 14200005 3665
9 1775 rs329206 87806205 1 0.00708182358723538 87802989 87806205 3216
9 3120 rs10993924 136943067 2 -0.00702150554067684 136943067 136943067 0
9 2535 rs10981574 115745577 2 0.00693627238971741 115745240 115783589 38349
9 2630 rs2157673 118559109 4 -0.00691782349007306 118541068 118559109 18041
9 1297 rs10814620 37788911 2 0.00680982379881869 37774893 37889858 114965
9 1818 rs7021048 89453847 2 0.00670711409508201 89453847 89468654 14807
9 1643 rs11138659 83048003 2 0.00668623634503033 83048003 83070979 22976
9 2290 rs10820780 107851745 1 0.00658733866923058 107851745 107856582 4837
9 1409 rs2297089 74305098 2 0.00655366134218783 74305020 74308389 3369
9 688 rs4130993 16361171 1 -0.00653554006780063 16360889 16361171 282
9 2154 rs4743403 103374044 3 -0.0065005155694545 103370505 103377514 7009
9 2693 rs12337381 120275159 1 -0.0064593262581077 120275159 120299808 24649
9 2004 rs4633120 96093865 1 0.00644130105280186 96090008 96099377 9369
9 1526 rs7032380 79085839 1 0.00634466957182187 79049157 79085839 36682
9 2869 rs4838140 127010114 1 0.00633562625490986 127001460 127010114 8654
9 2562 rs7847036 116508649 1 -0.00631751170375449 116507666 116521430 13764
9 1006 rs1219932 25907211 1 -0.00630760581399372 25902763 25919851 17088
9 613 rs16931893 14524741 2 -0.00628800072284062 14518829 14525980 7151
9 233 rs7874378 4695068 1 0.00628714274438084 4695068 4695068 0
9 1238 rs34791102 35612978 1 0.0062845872971373 35578001 35631423 53422
9 277 rs340892 6098662 1 -0.0062548460880058 6093790 6119329 25539
9 337 rs10117858 7561756 2 -0.00619389532811889 7561756 7567326 5570
9 2135 rs1537506 101821169 1 -0.00619026649486396 101810339 101822302 11963
9 2108 rs10985825 101072843 2 -0.00618970499039125 101063070 101072843 9773
9 595 rs508940 14107096 2 -0.00612900113123752 14087769 14117221 29452
9 1418 rs11143080 74656309 2 0.00589263219760186 74656309 74656309 0
9 1843 rs10125534 90125129 1 -0.00589066583784286 90125129 90128429 3300
9 1214 rs307649 33932702 2 -0.00572902569214596 33932702 33973324 40622
9 663 rs10125713 15517742 1 0.00572059087821024 15516375 15517742 1367
9 332 rs1986733 7505902 1 -0.0057198030469821 7505902 7511166 5264
9 589 rs7855714 13968369 1 0.00566338329585926 13951940 13970315 18375
9 2509 rs7030545 114726308 2 0.00566146732903097 114721455 114729853 8398
9 2960 rs4836644 131984706 2 0.00562331678562487 131982125 131984706 2581
9 2281 rs1800977 107690450 2 0.00558345208841548 107686405 107690450 4045
9 255 rs2181146 5360293 1 -0.00558109270818766 5356333 5364592 8259
9 1235 rs943842 35395276 1 0.00555292443860806 35290205 35425169 134964
9 2418 rs7857376 112100958 1 0.00553198395934359 112087325 112100958 13633
9 610 rs10961534 14470833 2 -0.00548775772275875 14469146 14470833 1687
9 3136 rs11103509 137654103 1 0.00535254198201131 137654103 137654103 0
9 1161 rs12347982 31030360 1 0.00535002978001177 31023908 31030360 6452
9 2573 rs2418265 116865784 2 0.00531002326981318 116861763 116867054 5291
9 2017 rs1320546 96719899 2 0.00529581192755026 96713690 96740079 26389
9 3186 rs1717455 138985141 3 -0.00527598763232844 138985141 138985434 293
9 293 rs1260463 6632061 2 0.00525428573715862 6631611 6635045 3434
9 1100 rs7046685 28659143 3 -0.00513888243615716 28651898 28705607 53709
9 1929 rs2798018 93067019 2 -0.00510197800186983 93058263 93074228 15965
9 275 rs343494 6070342 1 0.00509854228554335 6070342 6070342 0
9 919 rs2789476 23161189 1 0.0050380160430497 23161189 23171516 10327
9 3149 rs10858300 137842500 1 0.00503443419309463 137840809 137856280 15471
9 2844 rs10986064 126351423 1 -0.00502582434092678 126351423 126400092 48669
9 557 rs10511576 12925921 1 0.00501254223364905 12925921 12925921 0
9 2326 rs1388235 109475636 2 -0.00496199488780203 109469564 109480510 10946
9 689 rs7864648 16368732 2 0.00495274122580409 16368732 16373545 4813
9 1341 rs4069737 71701174 2 -0.00485975693506976 71671116 71701174 30058
9 3097 rs9409872 136458311 2 0.00483000449648778 136458311 136466832 8521
9 1074 rs10757699 27950863 1 -0.00482356431346957 27945758 27950863 5105
9 2447 rs4135211 113008574 1 -0.00482317142280095 113000213 113008574 8361
9 2054 rs1335049 98447883 2 0.00474025651721443 98444303 98452966 8663
9 1361 rs13284442 72488417 1 0.00471259956350186 72479046 72489640 10594
9 2059 rs1413178 98586312 1 0.00457965958838309 98586312 98695299 108987
9 142 rs1412693 2705874 6 0.00457824962181979 2699004 2705874 6870
9 212 rs11789633 4321558 1 0.00454175384554251 4321558 4321558 0
9 923 rs7022904 23274023 2 0.00454119681571435 23267111 23274023 6912
9 1557 rs7860724 80041641 2 -0.00451498241570214 80020874 80041641 20767
9 2995 rs10988625 132927568 1 0.00451036977201333 132927568 132927568 0
9 2142 rs420258 102092282 3 -0.00449575135858002 102092282 102123746 31464
9 825 rs2383134 20093557 1 0.00443849537086549 20093557 20093557 0
9 1273 rs16933784 36944882 1 0.00438644716137848 36934760 36944882 10122
9 612 rs1318729 14515364 3 0.00437385147627323 14511645 14517555 5910
9 1385 rs7875338 73444238 3 -0.00435774443121498 73435028 73462784 27756
9 2699 rs4986790 120475302 2 -0.00434497278023026 120475302 120475602 300
9 988 rs17702259 25541949 2 -0.00433922978841489 25537109 25548319 11210
9 841 rs6475439 20484604 1 -0.00430509832150578 20484604 20484604 0
9 2122 rs1967890 101417785 2 -0.00425907841142591 101384719 101427796 43077
9 306 rs7857570 7032710 1 -0.00422050090025522 7032710 7038574 5864
9 3007 rs12337532 133314496 1 -0.0041088815525645 133314496 133314496 0
9 2779 rs2196311 124170490 2 0.00407495057621337 124170490 124201704 31214
9 2287 rs7850052 107797889 1 0.00407130538601788 107792622 107804674 12052
9 2597 rs12379659 117394595 2 0.00400204262047491 117394595 117396237 1642
9 111 rs7024071 2227217 2 -0.00395171541562228 2227217 2227217 0
9 819 rs9407950 19958389 1 0.00393666149657656 19958389 19989693 31304
9 669 rs3008725 16009322 2 0.00391944603276724 16009322 16012936 3614
9 91 rs1382189 1818518 1 -0.00387486881456159 1818518 1818518 0
9 1438 rs348460 75534760 1 0.00387195834135204 75529888 75545882 15994
9 2894 rs4838320 128831097 2 -0.00383014481944297 128831097 128831097 0
9 3088 rs626713 136007988 1 0.00372688026486582 136007988 136009191 1203
9 795 rs7851902 19298581 7 -0.00369909882746722 19234830 19305959 71129
9 1455 rs1388364 76693382 3 -0.00369498948346305 76659915 76696788 36873
9 2303 rs3817141 108468129 2 -0.0036857090802859 108457806 108537072 79266
9 1743 rs11140482 86880493 1 -0.00364254890943997 86879344 86893071 13727
9 55 rs4741151 1158199 1 0.00362028606577536 1158199 1158199 0
9 817 rs7852773 19919331 2 0.0035835160880584 19904103 19919331 15228
9 1286 rs10814535 37418935 2 -0.00354804942718571 37418935 37421065 2130
9 1736 rs11140391 86736004 1 0.00352801022272511 86735718 86736004 286
9 2505 rs1413218 114658407 1 0.00346972992454078 114638922 114661611 22689
9 3090 rs6597604 136049780 1 0.0033930978142737 136047139 136049780 2641
9 1649 rs13284117 83247711 2 0.00337305380849104 83221548 83253373 31825
9 2327 rs10978628 109529338 1 -0.00334194160268033 109529338 109529338 0
9 166 rs12236983 3468075 3 -0.00333499767757916 3446277 3468075 21798
9 539 rs1325129 12512973 1 -0.00333380349927937 12510515 12513587 3072
9 961 rs4977659 24733226 1 -0.00332421602345388 24733226 24733226 0
9 1425 rs7875593 74892709 2 -0.00332382447052521 74883325 74893024 9699
9 2229 rs10990599 105942389 2 0.00331723253210381 105937834 105942389 4555
9 103 rs10811530 2142191 2 0.00325940557608565 2142191 2143543 1352
9 2550 rs7857932 116130924 1 -0.00321888765461747 116128568 116130924 2356
9 973 rs1381148 25049865 1 0.00320025368557029 25049865 25049865 0
9 112 rs4741657 2239429 1 0.00318911598568202 2239429 2239429 0
9 2775 rs12685344 123764991 1 0.00311837266579588 123757187 123824021 66834
9 577 rs626778 13705679 2 0.00311814668954927 13685649 13708607 22958
9 1105 rs10491628 28854830 1 -0.00309448598040607 28820060 28869800 49740
9 2155 rs7853484 103391639 3 0.00309136959898136 103383109 103439019 55910
9 377 rs1392524 8398021 1 0.00308364203590143 8396388 8401031 4643
9 2695 rs10983712 120368736 2 0.00306352973719014 120357123 120398385 41262
9 2082 rs11999505 100194825 2 -0.00304555093323569 100194825 100194825 0
9 807 rs17492143 19655267 2 0.00302804242651321 19639713 19655267 15554
9 2885 rs829179 128316645 1 0.00301202683982339 128233506 128412676 179170
9 2540 rs10981640 115897803 2 -0.00299594559883394 115897803 115905850 8047
9 2437 rs7035935 112706482 1 0.00299140400246219 112693360 112722869 29509
9 592 rs7874668 14045745 2 -0.00298296377457564 14043162 14045745 2583
9 141 rs11794349 2679427 2 -0.00297306338043972 2679427 2691186 11759
9 1340 rs3763609 71647410 1 0.00297213129719591 71647410 71647410 0
9 3113 rs2519098 136798370 1 0.00295732881033257 136798370 136798370 0
9 699 rs1888207 16696187 1 0.00295171066507381 16695690 16708269 12579
9 753 rs7865006 18294429 4 -0.00294747953570652 18290410 18296065 5655
9 1242 rs4879926 35700837 2 0.00289440641087095 35700837 35712003 11166
9 187 rs895236 4038228 3 0.00287132273210415 4038228 4040641 2413
9 2676 rs16934320 119870336 1 -0.00284930141756057 119865441 119870336 4895
9 322 rs6477186 7338263 3 -0.00284692370371982 7338263 7342797 4534
9 538 rs791658 12493565 1 0.00283897421528811 12493565 12493565 0
9 2549 rs4979239 116121571 2 -0.00283494305845524 116121571 116127472 5901
9 796 rs72700417 19346729 2 -0.00283417373128489 19346729 19379367 32638
9 2043 rs7388704 98171417 1 -0.00281793862805681 98171417 98177956 6539
9 1504 rs4416887 78597225 3 0.00281761774732146 78594609 78608872 14263
9 2028 rs12342274 97280338 1 0.00280662163540676 97280338 97289583 9245
9 2861 rs2807602 126888457 1 0.00279095222717968 126888457 126888457 0
9 118 rs12684262 2301610 1 0.0027604258871606 2301610 2301610 0
9 179 rs10973736 3838888 1 -0.00271743031727778 3838888 3838888 0
9 2580 rs13300252 116974295 1 0.0027101022090472 116974295 116974295 0
9 340 rs3005752 7642033 1 -0.00269873360974261 7633155 7642033 8878
9 2072 rs2476927 99038030 1 0.00269364178986994 99031628 99050794 19166
9 2708 rs2416603 120737349 2 0.00269056958457429 120733712 120739065 5353
9 1863 rs10868668 90493423 1 0.00264762843129678 90493423 90493423 0
9 356 rs10815725 7951684 2 -0.00263386125363982 7937851 7953199 15348
9 1542 rs4744812 79442798 1 0.00262944468209573 79424168 79442798 18630
9 1327 rs1411999 71215776 2 0.0025436435024225 71199545 71215776 16231
9 1284 rs4878685 37394542 3 0.0025405849079564 37394542 37397532 2990
9 2106 rs10760233 101034626 2 -0.00253394165659192 101024887 101046441 21554
9 2824 rs1329957 125377505 1 0.00253067207478826 125365128 125381853 16725
9 3158 rs11103712 138037372 1 0.00251780857626834 138037372 138037372 0
9 2901 rs2809443 128947475 1 0.00250173972716378 128929023 128954507 25484
9 2187 rs2485530 104473886 2 -0.0024972158141357 104473886 104482845 8959
9 1713 rs4322086 85787718 2 -0.00246107235328849 85770608 85794098 23490
9 2554 rs1805313 116151191 1 0.00243338275468861 116151191 116151191 0
9 638 rs1916314 14925706 1 0.00243070601064671 14906868 14925706 18838
9 1158 rs2210441 30883856 1 0.00242544835939392 30825999 30883856 57857
9 3157 rs11790742 138007995 2 0.00240387756429642 138007995 138008243 248
9 904 rs10125443 22739631 1 -0.002403865111082 22739631 22748083 8452
9 2511 rs4979071 114758073 1 0.00240385259694692 114753347 114759313 5966
9 2200 rs320201 104941304 3 -0.0024006598573867 104904454 104941304 36850
9 63 rs10960938 1317163 1 -0.00239303503296383 1315952 1319470 3518
9 927 rs10811923 23404131 2 0.00238769293299078 23404131 23422031 17900
9 656 rs688254 15335853 1 -0.00238104409934631 15335853 15336653 800
9 1228 rs1948745 34867913 1 -0.00236575017209904 34866054 34867913 1859
9 1476 rs1081877 77782517 2 0.00236088027846379 77782517 77782517 0
9 3004 rs914978 133277641 2 0.00234512646342435 133277641 133277641 0
9 1883 rs7867153 91377672 1 0.00234216714065506 91368043 91377672 9629
9 2703 rs12342517 120576387 1 -0.00234129353728436 120571251 120591239 19988
9 1137 rs1543729 29831400 4 -0.00233360791324686 29823067 29847350 24283
9 2957 rs2541161 131884802 5 -0.00232172995983261 131873222 131909736 36514
9 2961 rs7048616 131996947 1 0.00230389851007248 131992861 131996962 4101
9 2276 rs2230805 107624029 1 0.00230110570367597 107620299 107624029 3730
9 2865 rs10986270 126967977 1 -0.00228495595218744 126967977 126968133 156
9 2968 rs17457362 132098060 1 0.00227917472026422 132098060 132106034 7974
9 654 rs643531 15296034 1 0.00227777908379283 15294331 15300968 6637
9 2710 rs2491648 120803611 3 -0.00225050926467231 120773585 120842790 69205
9 2098 rs16912622 100843660 2 -0.00221708804468745 100843660 100843660 0
9 2646 rs12237388 119287555 1 -0.00219538220985744 119285144 119307773 22629
9 518 rs10960317 11848457 1 0.00214999562142115 11830879 11850283 19404
9 2199 rs10448296 104879699 2 0.00214395236879987 104856493 104879699 23206
9 481 rs1322280 10582246 1 -0.00214082247652135 10580865 10586527 5662
9 1444 rs10114105 76002121 4 -0.00213320516311899 75866968 76002121 135153
9 2613 rs10982592 117932692 2 -0.00212728421315733 117928419 117936903 8484
9 598 rs12682686 14213974 3 0.00210679774978114 14208724 14213974 5250
9 2033 rs16910850 97398792 1 0.00207615762548074 97398792 97403720 4928
9 964 rs12337557 24782317 1 -0.00206843599976394 24778476 24782317 3841
9 938 rs7871964 23664696 1 -0.00205641336909109 23660419 23665940 5521
9 3039 rs4076428 134353724 1 0.00205355167623874 134313625 134362878 49253
9 966 rs7039242 24821877 1 0.00205028129716366 24821877 24821877 0
9 1398 rs4744628 73931778 2 0.00202695515774925 73931778 73935754 3976
9 842 rs10964588 20513135 2 -0.00202551769264084 20497142 20537343 40201
9 1896 rs4876971 91771148 1 -0.00201477031421252 91764127 91805113 40986
9 1725 rs3860918 86038298 1 -0.00201358227336858 86038298 86055337 17039
9 1419 rs7039742 74668581 3 0.00201160003703569 74664333 74668581 4248
9 1834 rs2378730 89922556 3 -0.0019709786993851 89922395 89932790 10395
9 442 rs12684795 9817047 1 -0.00196879900482074 9817047 9843265 26218
9 1263 rs3780350 36639442 1 0.00194598893557438 36639442 36639442 0
9 2702 rs1927924 120559976 1 0.00194284640805693 120539470 120565329 25859
9 834 rs7021788 20295863 1 -0.0019425604873719 20295863 20295863 0
9 896 rs7027027 22472289 1 0.00193793715787217 22471832 22487177 15345
9 1859 rs10123732 90395684 2 0.0019346605087377 90387296 90395684 8388
9 2261 rs41277753 107288995 1 0.00193033521347353 107273553 107290126 16573
9 1431 rs12344074 75238582 4 -0.00192872440701496 75231217 75295593 64376
9 3065 rs7037570 135296341 1 -0.0019263638622733 135296341 135296341 0
9 963 rs4284108 24770615 1 0.00192489642183072 24770615 24770615 0
9 1494 rs2990413 78332803 3 0.00190573982918093 78331051 78332861 1810
9 2677 rs11789213 119878770 1 0.00190364780498893 119876954 119880993 4039
9 671 rs1887677 16079296 1 0.00189760526099638 16069629 16079296 9667
9 1205 rs1702645 33218297 1 0.00189266911132956 33212335 33218297 5962
9 571 rs10491754 13548060 1 0.00189092757716401 13548060 13562874 14814
9 2499 rs10981018 114461077 2 0.00188697157624174 114444565 114468966 24401
9 1349 rs7033674 72008141 4 0.00187158581345625 71973435 72016960 43525
9 716 rs263640 17019121 1 -0.00187079766515789 17019121 17030146 11025
9 2324 rs10978560 109379687 1 0.00185770961092062 109379687 109389147 9460
9 2906 rs12004434 129058924 1 -0.00185683289371748 129058924 129058924 0
9 2000 rs7025554 95898531 3 0.00183461220419333 95898531 95907107 8576
9 843 rs668703 20601177 2 -0.00179446559076011 20597576 20601177 3601
9 1252 rs10972659 35978321 1 0.00179219477202454 35978321 35991115 12794
9 1525 rs11144880 79025675 1 0.00178841531733525 78987645 79046297 58652
9 1681 rs3814535 84304985 1 0.00175908609887802 84304985 84304985 0
9 74 rs7854400 1490577 2 -0.00175531638034834 1489454 1490577 1123
9 609 rs7021022 14456012 1 0.00175400802007034 14452729 14456738 4009
9 547 rs2209278 12706652 1 -0.00175171310586043 12706236 12716172 9936
9 2924 rs1463810 129617253 1 -0.00175111087082303 129617253 129617253 0
9 3094 rs635634 136155000 2 -0.0017401705919177 136135238 136156067 20829
9 3006 rs10901326 133292993 2 0.00173969458644346 133292993 133295041 2048
9 2444 rs4978881 112947936 1 -0.00173561696627756 112945405 112948620 3215
9 987 rs10966943 25522087 1 0.00173537901437155 25522087 25529599 7512
9 2459 rs13286541 113251951 1 0.00172657450849469 113236797 113252011 15214
9 441 rs10977989 9798092 1 -0.00171559809307145 9798092 9808653 10561
9 2448 rs2301241 113019508 1 -0.00170328056700949 113017352 113019508 2156
9 1089 rs2383769 28372519 2 -0.00170152525677637 28372519 28379203 6684
9 2965 rs4366175 132049842 1 0.00170052732907095 132049842 132049842 0
9 1363 rs4487842 72568962 2 0.0016971414454831 72530831 72579310 48479
9 594 rs10961364 14074099 2 0.00169639581223308 14074099 14074099 0
9 2086 rs10759781 100324654 1 0.00168353625627429 100319031 100324654 5623
9 2195 rs2995190 104766075 2 -0.00168204729191147 104759737 104771134 11397
9 2312 rs12236453 108878507 1 0.00165829620493569 108868577 108878507 9930
9 361 rs10758936 8114588 1 -0.00165407461398544 8114588 8125410 10822
9 2533 rs10759611 115683429 2 0.00165087751442651 115678033 115684234 6201
9 1864 rs6560041 90495370 1 0.00164520271927323 90495370 90496987 1617
9 102 rs3829072 2127796 1 -0.00163178581187605 2123435 2127796 4361
9 177 rs10814596 3777523 1 0.00160684013049893 3777523 3781983 4460
9 1966 rs1757648 94103290 1 -0.00160558156886853 94014017 94103290 89273
9 1842 rs3758308 90110124 3 0.00160181947274897 90095024 90110825 15801
9 3119 rs2789864 136852891 1 0.00158283674167461 136852891 136852891 0
9 1299 rs12345885 38003567 2 -0.00158074388756524 37974481 38020544 46063
9 926 rs7466754 23353893 1 -0.00157684940955137 23351258 23354494 3236
9 1926 rs1539519 92950272 4 0.00154494440727024 92946648 92951303 4655
9 76 rs6474880 1513074 1 -0.00154469893598379 1513074 1520510 7436
9 387 rs7020239 8595338 1 -0.00154344590573376 8593035 8595416 2381
9 335 rs2890755 7539001 1 0.00152650807666075 7539001 7540496 1495
9 1636 rs10780367 82900888 2 0.00151800424413898 82890993 82913245 22252
9 1247 rs12000024 35892051 2 0.00150975799941069 35892051 35903370 11319
9 1919 rs2196923 92711789 1 0.00150203317913616 92711789 92723125 11336
9 1471 rs10118224 77545238 1 -0.00144783847357615 77545238 77565617 20379
9 2272 rs2297408 107555306 1 -0.00144673072168829 107555306 107564846 9540
9 2778 rs306772 124092355 5 -0.00144471607827559 124075544 124128354 52810
9 2741 rs10120508 122202000 1 -0.0014417290654332 122174362 122202000 27638
9 1719 rs1535750 85910950 2 -0.00143918508666359 85910642 85910950 308
9 2921 rs913716 129512633 2 -0.00143062779387031 129510823 129512633 1810
9 2372 rs10816626 110843426 1 -0.00142951277000722 110843426 110843426 0
9 2776 rs9408926 123914874 1 0.00142688378552561 123850770 123951917 101147
9 3032 rs4740407 133946574 1 0.001424067211607 133942702 133948375 5673
9 56 rs1933041 1196586 1 0.00142142183380365 1196570 1196586 16
9 1211 rs3860989 33460141 3 0.00140433985489831 33460141 33478434 18293
9 980 rs7848925 25359813 2 0.00140260168509752 25353887 25385317 31430
9 1507 rs1571792 78706282 1 -0.00140194937660475 78706282 78706282 0
9 372 rs1155271 8312169 1 0.00138318260280495 8310575 8312169 1594
9 2709 rs2245960 120757370 1 0.00136718286421225 120751155 120769844 18689
9 1185 rs4297112 32389398 1 -0.00134530923658395 32372280 32403290 31010
9 2994 rs10988617 132920576 1 0.001344712719211 132920576 132923772 3196
9 1534 rs3739518 79253347 1 -0.00133505728900683 79251229 79259850 8621
9 1600 rs7867093 81518152 1 -0.00130869657416034 81518152 81535908 17756
9 2148 rs10125981 102695308 4 0.00130365939393775 102669877 102723692 53815
9 1718 rs10867967 85876633 2 0.00130268274904416 85876633 85904778 28145
9 3078 rs369511 135682019 1 -0.00130110108805495 135680576 135753629 73053
9 2476 rs544276 113640468 1 0.00128872805244569 113635929 113644930 9001
9 167 rs10814219 3536260 1 0.00128661362548855 3496660 3547259 50599
9 1685 rs4877678 84452655 1 -0.0012800889245612 84452655 84452691 36
9 206 rs10814906 4270669 2 0.00127222084232602 4265363 4272449 7086
9 2406 rs4978745 111623052 6 -0.00127173582416823 111619707 111623055 3348
9 680 rs9407730 16231985 1 0.00126872796792463 16230184 16233085 2901
9 2353 rs7044619 110434545 1 -0.00126706717637851 110434545 110439808 5263
9 2815 rs45579335 125239501 1 0.00126119237661874 125239501 125239501 0
9 2095 rs7040232 100664194 1 -0.00126006032291804 100650096 100669799 19703
9 1232 rs9608 34998003 1 0.00125571454975747 34998003 35062972 64969
9 2024 rs10993121 97024028 1 0.00124385458849666 97024028 97056183 32155
9 4 rs526509 268740 2 0.00124164082132527 268740 270422 1682
9 2404 rs9299161 111604321 2 -0.00123145666117953 111587959 111605283 17324
9 1229 rs7033016 34911879 1 -0.00122736785795688 34911879 34925271 13392
9 2697 rs7037542 120426218 1 -0.00122281089399689 120416248 120436141 19893
9 2899 rs1055352 128910419 2 -0.00118434211467819 128893045 128910419 17374
9 1046 rs565586 27170934 2 0.00117513751276684 27166159 27171373 5214
9 2321 rs7873699 109274388 1 0.00117481056225608 109273253 109291197 17944
9 1722 rs2277176 85964563 1 0.00117429811199023 85959871 85964563 4692
9 623 rs17216147 14678017 2 -0.00116852500277563 14663394 14678017 14623
9 1659 rs9918939 83646671 2 0.0011658436129393 83636366 83686226 49860
9 1930 rs2798025 93090915 2 0.00116160204484134 93080054 93100550 20496
9 1869 rs7864469 90630239 1 -0.00115755831235936 90630239 90631130 891
9 1653 rs7019400 83398603 2 0.00115177007135457 83373425 83408197 34772
9 3101 rs2073817 136559460 1 0.00115070433143516 136559460 136559460 0
9 2951 rs7853999 131146409 1 0.00114221532596194 131146409 131146409 0
9 2112 rs10986084 101147503 1 0.00114131726973349 101147503 101147503 0
9 360 rs10815757 8097977 1 0.0011389443086772 8097977 8106282 8305
9 3096 rs17150554 136269143 2 0.0011365687573401 136199466 136275188 75722
9 634 rs1874105 14852141 2 0.00112990551619563 14851703 14856284 4581
9 1850 rs3118867 90261695 1 -0.00112480755492128 90261695 90265015 3320
9 2354 rs4978541 110451516 4 -0.00111688518907618 110451516 110457258 5742
9 1720 rs17086147 85932455 3 -0.0011159782097389 85930972 85932455 1483
9 2806 rs1571586 124957525 2 0.00111115087024002 124957525 124957776 251
9 608 rs303727 14440552 2 0.00110634451789415 14440552 14448497 7945
9 468 rs10959007 10277319 1 -0.00109165463301846 10277319 10277319 0
9 1506 rs1339254 78688289 1 -0.00107562656089026 78686818 78688289 1471
9 1337 rs12378665 71597840 2 0.00106806736646417 71595965 71597840 1875
9 1734 rs2118166 86693470 1 0.00106413544051029 86682315 86693470 11155
9 2299 rs28503319 108234207 3 -0.00106276604066108 108234207 108380721 146514
9 1484 rs10512042 78119359 1 0.00106274702518587 78108869 78127980 19111
9 2504 rs12379047 114629162 1 -0.001059408422104 114626595 114636015 9420
9 13 rs1410221 354913 1 0.00105809583135007 348772 354913 6141
9 1073 rs7863803 27924555 1 -0.00105629175876832 27918516 27931179 12663
9 1277 rs3758171 36997417 1 0.00105457559980147 36997417 36999024 1607
9 2021 rs4744321 96932414 1 0.00105281072964567 96913764 96944581 30817
9 618 rs10961577 14562314 1 0.00104256673403572 14562314 14562314 0
9 1572 rs9314866 80717949 2 0.00102694754837813 80712244 80719998 7754
9 3083 rs507586 135872063 1 0.00101785993900484 135872063 135872063 0
9 2859 rs7863879 126861389 4 -0.00101471029561491 126859995 126862735 2740
9 3192 rs10747029 139534703 2 0.00101409913645844 139534703 139535714 1011
9 2712 rs2806117 120913104 1 -0.00100950702855492 120875685 120949617 73932
9 292 rs7021684 6587454 1 -0.00100896907718633 6585117 6587454 2337
9 2071 rs2031321 98991303 2 0.00100671388209037 98985321 98997810 12489
9 1655 rs6559594 83501287 1 9.941948898530084e-4 83462500 83503203 40703
9 2611 rs7034038 117910022 2 -9.929039570021091e-4 117896349 117913870 17521
9 941 rs959091 23775449 2 -9.909704897035786e-4 23775449 23790800 15351
9 2103 rs3780454 100964470 3 -9.79913022465054e-4 100963653 100981757 18104
9 2586 rs2636860 117030582 2 -9.7897314656336e-4 117030582 117030582 0
9 218 rs10814970 4429762 1 -9.687396938382323e-4 4429762 4429762 0
9 2974 rs1220688 132321716 1 -9.647291859223708e-4 132321716 132321716 0
9 2858 rs3861868 126835484 3 9.601182429565578e-4 126835484 126848249 12765
9 2503 rs7045644 114616973 1 -9.535440807729053e-4 114593311 114621854 28543
9 2048 rs10818991 98367717 1 9.527888690729068e-4 98364547 98367717 3170
9 1461 rs1323369 77148835 1 -9.447972073041514e-4 77146468 77149837 3369
9 2397 rs13289732 111387462 2 9.446462120901602e-4 111387353 111387462 109
9 3131 rs7037930 137417305 1 -9.345520838087552e-4 137417115 137426334 9219
9 2336 rs7871882 109897180 2 -9.336226942391038e-4 109890759 109897180 6421
9 2483 rs2900522 113844435 1 9.317696181058708e-4 113837908 113850877 12969
9 2501 rs1322257 114480562 3 -9.315478734826988e-4 114475404 114563168 87764
9 1950 rs2290889 93639849 1 9.305222980163524e-4 93636664 93651657 14993
9 752 rs2383068 18273100 1 9.214976672273386e-4 18267185 18280143 12958
9 1982 rs12002478 94603970 3 9.143853389154596e-4 94589135 94607294 18159
9 534 rs1929425 12367988 2 9.131448068745356e-4 12362801 12372356 9555
9 3055 rs9411446 135015927 2 9.092434646881814e-4 135009024 135018146 9122
9 1163 rs6476261 31101278 2 -9.08789955388496e-4 31100668 31116343 15675
9 2633 rs9409176 118665465 1 -9.060376534193004e-4 118649451 118665465 16014
9 2636 rs6478223 118781688 2 -9.048434613103972e-4 118781688 118817903 36215
9 2719 rs10818153 121191140 1 -8.992883981865934e-4 121182554 121191140 8586
9 2289 rs3132119 107839645 1 -8.972146360262867e-4 107833459 107842490 9031
9 800 rs10811184 19438279 1 8.88230042043156e-4 19430331 19438279 7948
9 1175 rs780758 31825662 1 -8.872934413329087e-4 31810090 31836555 26465
9 1452 rs2171659 76343174 1 -8.843113541757522e-4 76343174 76353087 9913
9 2788 rs7047340 124441404 1 8.794709710142157e-4 124441404 124441657 253
9 1139 rs9408148 29896950 1 8.760877894694756e-4 29896950 29906484 9534
9 3110 rs2810472 136760639 2 8.721407673068636e-4 136759508 136760639 1131
9 317 rs7028940 7245009 1 -8.694318744249611e-4 7240918 7248916 7998
9 1000 rs1231373 25755422 1 8.693869699666019e-4 25748799 25755952 7153
9 2255 rs1450679 107026812 3 8.692303550310895e-4 107013530 107051846 38316
9 1480 rs11144407 77988304 1 -8.690754154006633e-4 77988304 77999354 11050
9 867 rs7848909 21504973 2 -8.689311455836793e-4 21503097 21506356 3259
9 1303 rs2810723 38244221 1 8.651851145529321e-4 38232043 38244221 12178
9 1552 rs11793898 79706284 1 8.599471279883489e-4 79706284 79714137 7853
9 77 rs7856537 1521178 1 -8.575884517753654e-4 1521178 1528388 7210
9 537 rs4008031 12460256 1 -8.574300787918983e-4 12421929 12460256 38327
9 260 rs10815237 5485166 2 8.563473388576185e-4 5484418 5485166 748
9 2910 rs13287948 129216848 1 8.559878670998684e-4 129181728 129216848 35120
9 1816 rs4242637 89440597 1 -8.51870803823948e-4 89440597 89440695 98
9 1152 rs10757953 30447342 1 -8.513914564603467e-4 30443903 30448896 4993
9 1104 rs7852834 28812865 2 8.509349912801827e-4 28793694 28817957 24263
9 1831 rs11141719 89854486 2 8.481257032043796e-4 89849237 89858267 9030
9 2603 rs2006996 117592638 1 8.454991258746078e-4 117592638 117616813 24175
9 453 rs291272 10043014 3 -8.37236451705228e-4 10043014 10050872 7858
9 2008 rs10122014 96353485 1 8.365103405014085e-4 96353119 96353485 366
9 2757 rs2002821 122776605 1 -8.348002138024287e-4 122771568 122779915 8347
9 194 rs499357 4122302 1 -8.340175394562646e-4 4117942 4124542 6600
9 2297 rs327967 108001107 2 8.29527703342042e-4 107988197 108066854 78657
9 1256 rs7035468 36060451 2 -8.206202281556501e-4 36036003 36075435 39432
9 2991 rs10988593 132869344 1 8.138255809632033e-4 132829354 132869344 39990
9 2976 rs1228439 132352178 1 8.117051931341563e-4 132352178 132352178 0
9 2226 rs1341211 105800243 1 -8.095267236951946e-4 105800243 105800243 0
9 2105 rs4743193 101008541 1 -8.09285913803424e-4 100988477 101010704 22227
9 378 rs1500336 8406003 1 -8.050303912563456e-4 8403640 8416196 12556
9 2520 rs6477923 115141720 1 -8.049900823433922e-4 115140133 115141720 1587
9 1007 rs1332339 25956931 1 7.969279206875183e-4 25956931 25956931 0
9 224 rs10815017 4546594 1 -7.916053555577845e-4 4539377 4546594 7217
9 1150 rs10969625 30340919 3 7.88572034313072e-4 30297393 30340919 43526
9 972 rs13286283 25029338 1 -7.87158655567147e-4 25029338 25029338 0
9 65 rs12345947 1339942 1 7.80175079566582e-4 1336460 1342763 6303
9 1126 rs12380193 29533691 1 7.800299945118201e-4 29531579 29548583 17004
9 1445 rs17058849 76038127 1 7.786284539956031e-4 76038127 76100826 62699
9 1335 rs883952 71514651 2 7.776879014650465e-4 71512668 71516542 3874
9 1865 rs7850542 90500405 2 -7.772340257920831e-4 90500405 90501500 1095
9 41 rs7037561 832711 1 -7.770515523814204e-4 828348 839141 10793
9 1492 rs1410569 78306600 1 7.741855189134143e-4 78296308 78308605 12297
9 2152 rs10989097 103211802 1 -7.668103130429251e-4 103211325 103299435 88110
9 1365 rs12554412 72629662 1 7.656946378017428e-4 72609439 72648582 39143
9 2079 rs2447290 100062414 1 7.625807860572637e-4 100037880 100062414 24534
9 1011 rs7035912 26125099 2 7.524136169093738e-4 26100957 26125099 24142
9 2609 rs2297179 117810250 1 -7.488302403353844e-4 117803271 117830812 27541
9 2198 rs320276 104849677 2 -7.481708670782649e-4 104837536 104849677 12141
9 435 rs4742610 9687487 2 7.433180224795746e-4 9666444 9687487 21043
9 2949 rs9644916 130998850 1 -7.419786184055014e-4 130998850 130998850 0
9 687 rs10962386 16345371 1 -7.391678822096608e-4 16345371 16350474 5103
9 2880 rs4837005 127765978 1 7.338659734717691e-4 127733926 127801065 67139
9 243 rs295254 4848630 2 -7.143194877903122e-4 4844459 4856877 12418
9 2136 rs914991 101834340 2 -7.143046190041156e-4 101834340 101835165 825
9 2881 rs10986578 127893864 2 7.13153213143662e-4 127820479 127913837 93358
9 1138 rs7871951 29894841 1 -7.026682471918162e-4 29863319 29894841 31522
9 297 rs17501756 6684955 1 7.016414783888544e-4 6684955 6695502 10547
9 1176 rs997609 31842496 1 -7.001262704444569e-4 31842496 31842566 70
9 2053 rs817171 98434188 1 6.896396795972169e-4 98430835 98439240 8405
9 1626 rs11138411 82536522 1 6.841872474835666e-4 82536522 82536663 141
9 2531 rs4978511 115654246 2 -6.839054221670647e-4 115654246 115655392 1146
9 253 rs3758239 5306824 1 6.782186651222777e-4 5306824 5306824 0
9 617 rs10756576 14556659 2 6.753094374234556e-4 14556659 14557806 1147
9 1168 rs10970317 31381021 1 6.70103003741686e-4 31381021 31394143 13122
9 2020 rs10761317 96898436 1 6.665719119181154e-4 96898436 96898436 0
9 1903 rs11265908 92077132 2 6.643140014597061e-4 92077132 92111105 33973
9 1984 rs11789973 94651984 1 6.628947707511041e-4 94646958 94651984 5026
9 1604 rs7038375 81675754 1 6.610553170978675e-4 81657195 81675754 18559
9 1924 rs7848094 92876060 1 6.610201037576078e-4 92875390 92887231 11841
9 249 rs10758669 4981602 1 6.600405804311861e-4 4974441 4981602 7161
9 3099 rs5320 136507473 1 6.588396831308148e-4 136505114 136509370 4256
9 2415 rs1879069 111991700 1 6.530665687018891e-4 111991700 111991700 0
9 1162 rs13293430 31050747 1 6.470127826046671e-4 31038399 31076871 38472
9 2366 rs7026539 110707964 2 6.466091546060621e-4 110707050 110709587 2537
9 1171 rs10970427 31573759 1 6.462271896294548e-4 31540903 31573759 32856
9 254 rs1322220 5340596 2 6.441649690325933e-4 5335470 5346352 10882
9 45 rs1322984 916220 1 -6.439840476775297e-4 916220 924525 8305
9 1983 rs7045662 94636514 1 6.431330017233971e-4 94614626 94645758 31132
9 1556 rs7035855 79960141 3 -6.402623158250119e-4 79938069 79980974 42905
9 1470 rs13299921 77535672 1 -6.359591223771925e-4 77530589 77535672 5083
9 2756 rs2416735 122763224 2 -6.358746075250045e-4 122763224 122767607 4383
9 943 rs3793595 23811127 1 6.267339239973098e-4 23811127 23817548 6421
9 252 rs7861755 5273180 1 -6.255321017268849e-4 5273180 5273180 0
9 2973 rs1780482 132293940 1 6.23941068542812e-4 132287630 132302923 15293
9 643 rs4741450 15078040 2 6.141895551265772e-4 15075185 15078522 3337
9 2892 rs10217721 128810846 2 6.132151039050351e-4 128808825 128810846 2021
9 696 rs1927618 16572826 2 -6.040568232053039e-4 16554405 16576129 21724
9 1038 rs10812494 26911025 1 -6.008510792782364e-4 26899690 26945976 46286
9 1559 rs3824405 80076442 1 5.999818016278285e-4 80075134 80076442 1308
9 2574 rs7047941 116872524 1 -5.996877515102468e-4 116872524 116873183 659
9 710 rs10962725 16933037 2 -5.947728348227753e-4 16931342 16933037 1695
9 2428 rs10816855 112451003 1 5.910332405393421e-4 112418293 112453013 34720
9 2227 rs1584415 105825222 1 5.907200023127233e-4 105815315 105837587 22272
9 2394 rs7030851 111281164 1 5.898047977394988e-4 111279713 111281324 1611
9 2256 rs867977 107056847 1 5.850745181248379e-4 107056847 107056847 0
9 2301 rs1463984 108427062 1 -5.809777501464455e-4 108426784 108427062 278
9 272 rs1478938 5931216 1 5.802541139880516e-4 5898829 5932616 33787
9 1375 rs6560142 73150984 1 -5.772083138220619e-4 73150873 73151970 1097
9 2495 rs10980952 114346041 1 -5.749462395692892e-4 114342378 114348617 6239
9 296 rs12003721 6679992 1 5.734260146938525e-4 6673285 6680477 7192
9 2911 rs12683683 129224687 1 -5.725002151723386e-4 129221756 129237931 16175
9 2455 rs11791314 113141959 1 5.638920269995615e-4 113141959 113141959 0
9 2409 rs2289480 111705501 1 -5.604297381699015e-4 111668652 111705501 36849
9 1977 rs7466603 94483198 1 -5.544722572044683e-4 94454217 94483198 28981
9 1099 rs10511830 28644923 1 -5.529351623318848e-4 28626095 28649447 23352
9 2339 rs2680208 109978917 1 -5.474631881695498e-4 109978917 109978917 0
9 1742 rs883431 86867036 1 5.417014861433024e-4 86857433 86867036 9603
9 2197 rs1935373 104819955 1 -5.403311824931995e-4 104813342 104819955 6613
9 839 rs7870252 20351075 1 -5.392055903812819e-4 20351075 20357805 6730
9 870 rs1452653 21573016 1 -5.363524521884192e-4 21565674 21573016 7342
9 3202 rs28875616 140422452 2 -5.359288736785888e-4 140422452 140432318 9866
9 1855 rs4877370 90328478 1 5.333640114716833e-4 90317668 90328478 10810
9 310 rs10976053 7126175 1 -5.330348205156426e-4 7124297 7126175 1878
9 924 rs10965764 23316148 1 -5.306801896615949e-4 23307724 23316148 8424
9 1309 rs4878797 38380350 1 5.267167760473973e-4 38380350 38380350 0
9 2723 rs1335254 121400064 2 5.248735390014192e-4 121385397 121409332 23935
9 2801 rs4837936 124810592 1 5.248225162082105e-4 124794591 124831273 36682
9 2186 rs10989591 104449098 4 5.217166224582908e-4 104437373 104457236 19863
9 2644 rs7850952 119200847 1 -5.179656656035812e-4 119198324 119230710 32386
9 264 rs4740820 5610381 1 5.116624419695617e-4 5610381 5610381 0
9 665 rs10119257 15552399 1 5.114963913280161e-4 15552399 15602101 49702
9 2512 rs10981228 114810102 1 5.110216346010598e-4 114810102 114811564 1462
9 1648 rs1328521 83199814 1 5.105253201726796e-4 83197354 83210614 13260
9 1830 rs427361 89820895 2 5.098394791318965e-4 89820303 89843781 23478
9 1638 rs1333932 82940581 1 -5.09704884909812e-4 82940581 82965051 24470
9 2581 rs2060129 116983847 2 5.096441810064277e-4 116983847 116989375 5528
9 622 rs7853156 14654900 1 -5.088721570204613e-4 14649728 14654900 5172
9 809 rs7862478 19698751 1 -5.067971339406456e-4 19691013 19705396 14383
9 734 rs3808683 17742667 1 5.00989425146376e-4 17742667 17746447 3780
9 3187 rs9409914 139049385 1 4.962401021972031e-4 139048452 139050961 2509
9 1730 rs2811913 86253482 1 4.959988108770118e-4 86229249 86262537 33288
9 818 rs7869796 19946627 2 -4.931746963143793e-4 19940143 19946627 6484
9 2328 rs7858184 109538577 1 -4.859080683583531e-4 109531515 109542204 10689
9 564 rs10961005 13282447 1 -4.8524331950785865e-4 13273293 13282447 9154
9 1208 rs7022959 33420204 1 -4.831534567662492e-4 33420008 33420302 294
9 2628 rs2188073 118456851 3 -4.827458403782745e-4 118413485 118484799 71314
9 191 rs10814837 4090601 1 -4.818018306168767e-4 4090601 4090601 0
9 757 rs1411153 18363377 1 -4.806324044280906e-4 18358128 18372052 13924
9 1498 rs3934253 78416813 1 4.805393427494035e-4 78412423 78425925 13502
9 1690 rs7859493 84935895 1 -4.795516480402825e-4 84874388 84948300 73912
9 438 rs1934268 9730366 1 4.77184067339933e-4 9724816 9740949 16133
9 1594 rs6559402 81331339 1 4.768573499762774e-4 81331339 81339569 8230
9 2282 rs2437819 107699196 1 4.7324160409928704e-4 107695396 107699196 3800
9 308 rs7031605 7084558 2 4.669865370221508e-4 7065141 7084558 19417
9 1652 rs7870942 83321646 1 4.667624356349133e-4 83311139 83367779 56640
9 1768 rs4361832 87595734 1 4.557144620215193e-4 87585624 87595734 10110
9 1755 rs11140676 87190178 1 4.552882836211111e-4 87160854 87190178 29324
9 1312 rs4878808 38404579 3 -4.5436214919086646e-4 38404352 38406458 2106
9 369 rs10976910 8270248 1 4.526148930053192e-4 8269073 8285325 16252
9 741 rs1329917 17962477 1 -4.513993322057235e-4 17962477 17962477 0
9 1619 rs1417080 82130861 1 -4.4941156198245345e-4 82130861 82169035 38174
9 1125 rs10969210 29504458 2 -4.481989120926045e-4 29504458 29508543 4085
9 2424 rs17730594 112271779 2 4.440148277757879e-4 112266667 112281863 15196
9 2996 rs4837479 132940007 1 -4.3897457557572e-4 132940007 132940007 0
9 1617 rs2378383 82039362 1 4.365525111860652e-4 82033019 82080249 47230
9 2402 rs10512387 111551724 1 4.3286549240020915e-4 111545688 111552022 6334
9 143 rs10812526 2721249 1 4.318854909442977e-4 2721249 2737697 16448
9 2674 rs4836976 119837715 1 -4.314647386763776e-4 119837715 119837715 0
9 235 rs7033866 4726228 2 -4.269799327296719e-4 4725823 4726367 544
9 2305 rs1806664 108626502 1 4.2425742024507966e-4 108608674 108626502 17828
9 865 rs4246868 21478318 1 -4.224394045777933e-4 21455814 21481556 25742
9 1302 rs2165776 38165646 1 -4.209909581632438e-4 38165646 38187008 21362
9 2419 rs10979838 112112634 1 4.193263374505069e-4 112104544 112121763 17219
9 900 rs10118516 22613796 2 4.1820964531635965e-4 22612584 22627742 15158
9 1584 rs10867192 81013826 1 -4.1647389232543744e-4 81013826 81038220 24394
9 1350 rs10113929 72027641 1 -4.160230942754627e-4 72027641 72036369 8728
9 294 rs7868175 6658080 1 4.156237767047868e-4 6656630 6658900 2270
9 1932 rs10993273 93151196 1 -4.1452657048463633e-4 93148230 93154530 6300
9 1696 rs871771 85209722 1 -4.134677839110749e-4 85209722 85272505 62783
9 848 rs2039391 20714014 1 -4.108945278137671e-4 20700838 20714014 13176
9 2270 rs4149339 107545156 1 4.1045514753499534e-4 107539352 107545903 6551
9 2940 rs41421145 130612459 1 4.02334760702547e-4 130612218 130619637 7419
9 2792 rs7858071 124572031 2 -3.99888070799248e-4 124571484 124572031 547
9 304 rs2760650 6988475 1 -3.9850315624697974e-4 6988475 6988475 0
9 1460 rs11143958 77010681 1 3.979337390678802e-4 77002414 77010681 8267
9 1345 rs12350141 71886979 1 3.9631524937760906e-4 71886979 71901883 14904
9 1084 rs4604546 28215694 3 3.950641311283223e-4 28198623 28220635 22012
9 2050 rs6478302 98392340 5 3.93636031185341e-4 98391111 98402621 11510
9 54 rs4741126 1137659 1 -3.9298852288478065e-4 1128641 1142653 14012
9 1253 rs1324459 35998726 1 -3.921334869346962e-4 35996326 36002881 6555
9 815 rs713168 19847234 1 3.91043238149099e-4 19847234 19857154 9920
9 1799 rs791323 88959938 1 3.896053221107814e-4 88959938 88959938 0
9 765 rs10963676 18622043 1 3.8833021778668505e-4 18617804 18622043 4239
9 32 rs10815466 680714 1 3.8461739974770143e-4 679901 682528 2627
9 1804 rs1537190 89178164 1 -3.843013479291532e-4 89178164 89188290 10126
9 1292 rs7026841 37628858 1 -3.7908787391048885e-4 37628858 37635299 6441
9 2698 rs4837496 120450798 5 3.788991191184973e-4 120441946 120464725 22779
9 447 rs10978079 9909795 1 3.7883884445419987e-4 9908722 9910993 2271
9 890 rs1609591 22291931 1 -3.7533108641701614e-4 22266091 22291931 25840
9 1564 rs7046214 80162570 1 3.722367172129891e-4 80159865 80164318 4453
9 106 rs1535843 2194871 1 -3.6579796584862824e-4 2191246 2194871 3625
9 2302 rs10120372 108440542 2 -3.6440488865996834e-4 108440542 108440542 0
9 1624 rs12342683 82462882 2 -3.639871269372091e-4 82462882 82473507 10625
9 2672 rs10983506 119835790 2 3.632587381885588e-4 119826602 119835790 9188
9 3057 rs7039329 135053756 1 3.60046504846697e-4 135051942 135053756 1814
9 3103 rs511293 136577094 2 3.5670282642668634e-4 136577094 136582482 5388
9 2485 rs17205319 113884575 3 3.5568356494035624e-4 113880073 113901309 21236
9 2768 rs10125592 123161735 1 -3.5208662913479666e-4 123161735 123171755 10020
9 420 rs9408754 9321951 2 -3.5091777411148196e-4 9311838 9327159 15321
9 3153 rs17493408 137933642 1 -3.4952402745361196e-4 137933642 137933642 0
9 2052 rs1582073 98420881 1 -3.489797601227648e-4 98420881 98425628 4747
9 2311 rs4742661 108807861 1 3.4684246394361875e-4 108784728 108807861 23133
9 2220 rs10990317 105546493 1 3.4560159490777144e-4 105546493 105595627 49134
9 1 rs636922 215269 1 -3.412925451565725e-4 215269 215296 27
9 3046 rs10901091 134644208 1 -3.391584332044842e-4 134644208 134645767 1559
9 1412 rs4745122 74392687 1 -3.385102714970569e-4 74392687 74392687 0
9 1159 rs10813381 30918764 1 3.337193042918505e-4 30918764 30955393 36629
9 1130 rs601162 29632142 2 -3.331418790176985e-4 29632142 29648019 15877
9 1670 rs10116365 84006221 1 -3.3128269686714354e-4 83993434 84007124 13690
9 2701 rs7027711 120524178 1 3.306557716720223e-4 120509393 120524178 14785
9 836 rs224015 20323424 1 -3.289942530085764e-4 20323424 20323424 0
9 202 rs10814881 4208914 1 -3.242464570438305e-4 4207526 4212601 5075
9 2003 rs10761205 96030392 1 -3.20158416912648e-4 96012145 96077465 65320
9 2642 rs4837261 119142351 1 3.194924244057239e-4 119142351 119142351 0
9 256 rs1535453 5410624 1 3.1900810377178394e-4 5389122 5412546 23424
9 2667 rs10817976 119780936 2 3.184017205640515e-4 119779810 119786753 6943
9 1261 rs4879980 36291214 2 3.1804681763674715e-4 36250665 36291214 40549
9 183 rs624290 3928115 1 3.165907150805742e-4 3928115 3936301 8186
9 1012 rs7038191 26134888 3 -3.164131105716774e-4 26134368 26155894 21526
9 241 rs531122 4830849 1 3.1628008065923396e-4 4830849 4834394 3545
9 1187 rs1467712 32432681 1 -3.1325719629901984e-4 32432565 32432681 116
9 1093 rs1888814 28470551 1 -3.1209750436788513e-4 28442343 28480661 38318
9 2150 rs7472 103064530 3 3.0446509277362165e-4 103046916 103065884 18968
9 1737 rs1246264 86761781 1 3.0021115200455016e-4 86751792 86761781 9989
9 2387 rs10979326 111120353 2 -2.9966351623549514e-4 111114527 111120353 5826
9 1081 rs1839967 28083672 1 2.977871783906506e-4 28074530 28087657 13127
9 649 rs693196 15202417 1 2.9628857886915e-4 15201410 15202417 1007
9 1344 rs2275431 71850853 1 2.9595514612484875e-4 71850853 71865988 15135
9 62 rs9969818 1294789 1 2.9424916657660923e-4 1282293 1294789 12496
9 676 rs10962321 16190403 1 -2.903345032480768e-4 16190403 16196717 6314
9 758 rs4961644 18395376 1 -2.9007348936192795e-4 18395376 18395376 0
9 2943 rs10819341 130808444 1 2.895574612521552e-4 130808444 130808444 0
9 645 rs1780155 15115717 1 -2.8913159251103175e-4 15115717 15116228 511
9 3 rs785838 248749 3 2.889385427519894e-4 236828 250889 14061
9 1210 rs567691 33439829 1 -2.8809411716591404e-4 33439738 33439829 91
9 2457 rs2281937 113169126 1 2.8780712617650284e-4 113168501 113201276 32775
9 343 rs10976498 7682063 1 -2.859179655043267e-4 7682063 7682601 538
9 53 rs4741090 1119227 1 -2.832010166393891e-4 1115998 1119227 3229
9 2692 rs1577808 120226415 1 2.8207008865130693e-4 120226415 120240163 13748
9 1920 rs12353168 92732368 1 -2.756042865323939e-4 92726922 92742478 15556
9 71 rs10120239 1417953 1 -2.743340580702434e-4 1416909 1419981 3072
9 178 rs1411880 3823277 1 -2.7305846239958316e-4 3823277 3823277 0
9 1060 rs13691 27546890 1 -2.6918506651671945e-4 27546890 27572255 25365
9 121 rs10123371 2361656 1 -2.675152219325058e-4 2361656 2379389 17733
9 2450 rs10816965 113069090 1 -2.6626684014280334e-4 113060439 113069090 8651
9 2313 rs10978431 108919024 3 2.6442496480679834e-4 108916711 108927068 10357
9 2682 rs1335419 120012421 3 2.629038302173926e-4 120007625 120012421 4796
9 2971 rs17457947 132174235 1 -2.6203053129848384e-4 132174235 132178213 3978
9 907 rs1999761 22795727 1 -2.584330968846747e-4 22795727 22813898 18171
9 2771 rs10984971 123404508 1 2.5728845865999003e-4 123370985 123467570 96585
9 2465 rs10521102 113394692 1 2.537213446142775e-4 113378789 113398561 19772
9 2323 rs7024815 109339950 1 2.5225078870521136e-4 109323247 109360515 37268
9 3176 rs61739510 138516128 1 2.5076780375336247e-4 138516119 138516190 71
9 1503 rs914256 78581439 1 -2.495365006097864e-4 78581439 78583414 1975
9 49 rs10958885 1019207 1 2.4769708693774483e-4 1019207 1019207 0
9 931 rs156396 23529626 1 -2.475668692901445e-4 23529626 23529626 0
9 884 rs4977756 22068652 1 -2.471533324883464e-4 22056499 22068652 12153
9 902 rs12350664 22690913 1 -2.470050451261875e-4 22664213 22696345 32132
9 1351 rs2781530 72056397 1 2.467042326459141e-4 72047599 72067942 20343
9 1079 rs1197934 28040264 1 -2.413463332621415e-4 28040264 28040264 0
9 637 rs10961780 14898161 1 -2.4067350505875304e-4 14898161 14898161 0
9 2694 rs1252015 120331278 1 -2.396969492865743e-4 120331278 120353610 22332
9 415 rs7018892 9230415 1 -2.3656180211666333e-4 9223809 9230674 6865
9 2599 rs11788229 117451896 4 2.3274188104055745e-4 117439855 117453668 13813
9 684 rs6475036 16313409 1 2.2940852393241767e-4 16312990 16314909 1919
9 3175 rs2297570 138475150 1 2.2854944217539128e-4 138463166 138475150 11984
9 2124 rs7027771 101552955 1 -2.2785614948321272e-4 101496508 101552955 56447
9 2023 rs11789548 97017858 1 2.2730821346337213e-4 97017858 97017858 0
9 1439 rs7027604 75554952 2 -2.2493276105853692e-4 75554952 75586627 31675
9 495 rs7848707 10942628 1 2.231835281140024e-4 10931959 10957549 25590
9 1904 rs3002339 92126015 1 -2.2278757415754e-4 92125867 92126015 148
9 1986 rs10761137 94728959 1 2.2235023409281911e-4 94696779 94746291 49512
9 313 rs2770728 7177068 1 -2.2185855617246753e-4 7169311 7178197 8886
9 2846 rs7867502 126470140 1 2.1922826604789313e-4 126446778 126477127 30349
9 1250 rs7867847 35943647 1 -2.1490926872923296e-4 35933323 35944775 11452
9 2386 rs1323389 111098510 1 -2.1393356910596865e-4 111085981 111107191 21210
9 2184 rs12342601 104409985 4 -2.1358371741431268e-4 104378479 104410903 32424
9 1892 rs3812501 91624397 1 -2.1226683305460652e-4 91616843 91624397 7554
9 573 rs10961157 13590687 1 2.1128374500712887e-4 13590687 13592808 2121
9 546 rs16929340 12674124 1 -2.1112149644349795e-4 12671693 12687872 16179
9 668 rs3008683 15923770 1 -2.100960866076489e-4 15896393 15923770 27377
9 205 rs12380197 4262516 2 2.096383688700318e-4 4257339 4262516 5177
9 1400 rs10116204 74052978 1 2.0915950320065036e-4 74039166 74052978 13812
9 1692 rs1330823 85103465 2 2.0629497308381067e-4 85097651 85107147 9496
9 1726 rs11140109 86078128 1 1.9843492366184305e-4 86071342 86078128 6786
9 2990 rs10114099 132766685 1 -1.9480601097675749e-4 132766685 132766685 0
9 1031 rs10812443 26681499 2 1.9162463303006591e-4 26659562 26684901 25339
9 1761 rs1899640 87409025 1 -1.9160742566849104e-4 87398104 87409025 10921
9 2926 rs8838 129849880 1 1.9009690172322544e-4 129807559 129858518 50959
9 324 rs1926374 7355129 1 1.8988258705255543e-4 7355129 7360902 5773
9 373 rs10739155 8330652 1 1.88019188659748e-4 8319806 8338690 18884
9 242 rs7861943 4836811 1 -1.8709510282512683e-4 4836811 4836811 0
9 3021 rs2855172 133651648 1 -1.8237308725283267e-4 133651648 133651648 0
9 2350 rs4979136 110360883 1 1.810895450815232e-4 110360883 110365337 4454
9 950 rs4977912 24091818 2 1.8028688339461263e-4 24075368 24111280 35912
9 590 rs7048074 13980085 1 1.801359033146934e-4 13980085 13983001 2916
9 223 rs6476874 4527201 2 1.7986886075743627e-4 4527201 4527201 0
9 1315 rs10973827 38445998 2 1.78769509088995e-4 38445998 38466944 20946
9 2481 rs3739707 113792706 2 1.776961002080369e-4 113792706 113815164 22458
9 1991 rs10992420 95450808 1 1.771273093788041e-4 95450808 95551830 101022
9 320 rs17528044 7275995 2 -1.7616757158628383e-4 7273950 7286273 12323
9 2335 rs2417765 109887567 1 -1.7089322550330218e-4 109873993 109887567 13574
9 2134 rs4743309 101779824 1 1.696824671009114e-4 101767315 101779824 12509
9 87 rs10962824 1711307 1 1.6423286113203503e-4 1707496 1711307 3811
9 826 rs10964441 20131746 1 -1.635279099938605e-4 20116197 20131746 15549
9 2891 rs1558836 128800424 1 1.6244881538029203e-4 128792958 128800424 7466
9 1189 rs605383 32492903 1 -1.6164959366898418e-4 32492903 32503440 10537
9 18 rs4741955 447887 2 -1.605019078608049e-4 447887 447887 0
9 3134 rs138579182 137593099 1 1.5820606390487934e-4 137593099 137593099 0
9 1533 rs786320 79236165 2 -1.5789312421344862e-4 79232138 79236165 4027
9 383 rs72694737 8497250 1 1.576308734529797e-4 8497250 8505087 7837
9 1769 rs1387924 87632993 1 1.561107340375163e-4 87616257 87632993 16736
9 454 rs368297 10063148 1 1.5519987312228025e-4 10061106 10063148 2042
9 1899 rs6559350 92010796 1 1.5467062544675727e-4 92010796 92010796 0
9 3002 rs914977 133226582 1 1.5432387426524418e-4 133226582 133226582 0
9 480 rs988954 10572234 1 1.525688184445039e-4 10559329 10572234 12905
9 1260 rs1043313 36214971 1 -1.5138013457914848e-4 36169598 36214971 45373
9 1829 rs278669 89800215 1 1.470149671662973e-4 89800215 89817082 16867
9 261 rs3808847 5509091 1 -1.4537967781692648e-4 5509091 5512522 3431
9 1376 rs2309741 73173681 1 -1.451622875996759e-4 73161554 73173681 12127
9 916 rs1934115 23103266 2 -1.4441414718865562e-4 23103266 23103266 0
9 1194 rs664241 32769523 1 1.4380703386919708e-4 32755028 32784838 29810
9 86 rs2485153 1699307 1 -1.404982679288862e-4 1685649 1701112 15463
9 2475 rs474186 113622466 1 1.3989078024071174e-4 113619757 113632279 12522
9 553 rs652278 12839484 3 -1.3798191622568228e-4 12839484 12852462 12978
9 285 rs7037276 6247430 1 -1.3759587465860071e-4 6240084 6257054 16970
9 751 rs4424360 18214878 1 1.3519698870566993e-4 18205105 18216477 11372
9 1075 rs10968243 27974789 1 1.3436270754585295e-4 27974789 27998125 23336
9 367 rs1339287 8233804 1 1.311376668713556e-4 8230268 8235513 5245
9 1717 rs10867954 85845746 2 1.2581735237097644e-4 85845746 85863174 17428
9 1180 rs10970826 32176938 1 1.2461399272967088e-4 32137678 32176938 39260
9 1443 rs9657736 75840034 1 -1.2382715153440898e-4 75817746 75840034 22288
9 661 rs2798716 15397969 1 1.2120832056613112e-4 15397969 15397969 0
9 2194 rs1007468 104728905 1 1.1945741377637794e-4 104728905 104728905 0
9 3018 rs10901226 133483217 1 1.1912162757016314e-4 133439577 133488494 48917
9 2036 rs3886568 97645590 1 1.1776661632592316e-4 97620602 97651128 30526
9 579 rs966992 13765292 1 -1.174425220988849e-4 13758505 13765292 6787
9 2146 rs10819689 102400263 1 1.1553066805298052e-4 102400263 102596321 196058
9 1587 rs3010681 81089830 1 -1.1438595891625757e-4 81089830 81089830 0
9 1483 rs35137167 78090477 1 -1.1374334872943996e-4 78080515 78096565 16050
9 527 rs1339284 12237417 1 -1.136060206759118e-4 12234642 12243520 8878
9 2378 rs687992 110929030 1 1.134922741722917e-4 110923883 110929030 5147
9 591 rs12005778 14004053 1 1.1118205239681176e-4 13992283 14010270 17987
9 1254 rs7871017 36023347 1 -1.1013057018721296e-4 36013929 36023347 9418
9 1222 rs7044318 34554999 3 -1.1007504963188986e-4 34554999 34564274 9275
9 588 rs10961300 13921272 1 1.0830210546605173e-4 13921272 13921272 0
9 1921 rs535599 92773125 2 1.0517123546741765e-4 92773125 92777896 4771
9 2204 rs2067538 105012816 1 1.014817407529368e-4 105007884 105029381 21497
9 451 rs10978156 10000931 1 9.962661360021908e-5 10000931 10025975 25044
9 391 rs10125358 8694330 1 9.739877146541413e-5 8692722 8694330 1608
9 721 rs10963050 17345018 2 -9.554022729919078e-5 17329964 17391531 61567
9 655 rs2616752 15310704 1 9.225799591017596e-5 15310704 15310704 0
9 2002 rs4744198 95986997 2 9.18381156447851e-5 95978265 96002983 24718
9 967 rs973778 24848892 1 9.180137674752228e-5 24848892 24848892 0
9 2632 rs10759828 118634305 1 8.98438633770354e-5 118599720 118642639 42919
9 1817 rs1028880 89444725 2 -8.887919316686954e-5 89443026 89448000 4974
9 1028 rs913161 26603243 1 -8.823271159027963e-5 26600187 26603243 3056
9 1889 rs9410429 91563034 1 -8.705311172559139e-5 91530748 91563034 32286
9 771 rs2482970 18739843 1 -8.669263333806331e-5 18736589 18746561 9972
9 2132 rs6478963 101708150 1 8.589410595282478e-5 101687361 101708150 20789
9 1317 rs11790597 38646995 1 -8.574989964915888e-5 38646995 38646995 0
9 3069 rs472207 135350866 1 8.555546321900556e-5 135350866 135351031 165
9 1890 rs4570242 91587228 1 8.147800626282536e-5 91575778 91587228 11450
9 1191 rs6476369 32555049 1 7.94657267812073e-5 32533829 32561304 27475
9 471 rs10809062 10298444 1 -7.736325917500811e-5 10297519 10318490 20971
9 3092 rs9411471 136120091 1 -7.678861031651239e-5 136119527 136120091 564
9 601 rs10810126 14292207 1 7.55938745121813e-5 14292207 14292720 513
9 2057 rs4743306 98534372 1 -7.501705747130582e-5 98534372 98538041 3669
9 2487 rs7871113 113944432 2 7.427010995690467e-5 113921689 113957534 35845
9 3129 rs12336911 137384140 1 -7.326469531778495e-5 137382629 137385159 2530
9 2035 rs396538 97487704 4 7.29024791670575e-5 97487704 97586542 98838
9 1193 rs4879604 32721882 2 -7.288319604763856e-5 32717013 32723639 6626
9 773 rs2060362 18776784 1 7.264476620130306e-5 18776784 18782704 5920
9 899 rs10757346 22599344 1 -7.097484386218749e-5 22598741 22610531 11790
9 971 rs7021001 24979796 1 7.044985425534779e-5 24979796 24985660 5864
9 2111 rs3780428 101128916 1 -6.768491590348523e-5 101126504 101128916 2412
9 828 rs1889245 20180613 1 6.685027326625679e-5 20180613 20180613 0
9 1900 rs9410475 92021256 1 -6.558973727936146e-5 92021256 92036427 15171
9 1851 rs3128471 90274869 1 -6.514898870698183e-5 90274869 90274869 0
9 1174 rs12378228 31749500 1 6.115738263190085e-5 31745109 31756676 11567
9 2590 rs41278657 117124785 1 6.083811173518463e-5 117124785 117148430 23645
9 11 rs7020261 316247 2 6.0356611539396504e-5 316247 331490 15243
9 2882 rs599063 127996046 1 -6.0271758797917565e-5 127996046 128001119 5073
9 1436 rs348479 75512300 3 5.763722818166263e-5 75512300 75515669 3369
9 2730 rs7850538 121756868 1 -5.619504483222866e-5 121753075 121759567 6492
9 1135 rs2184513 29791863 1 -5.420586839492564e-5 29785304 29791863 6559
9 2854 rs3780680 126779494 1 -5.2357070448764715e-5 126768582 126779494 10912
9 1310 rs1555480 38386351 1 5.2295849210453056e-5 38384578 38386351 1773
9 549 rs1326800 12778224 1 5.176507481417592e-5 12778224 12778224 0
9 92 rs10810952 1840933 1 -5.109818446848095e-5 1840933 1842469 1536
9 390 rs1025547 8664838 1 -4.999266833879142e-5 8659757 8664838 5081
9 1801 rs187117 89029703 2 -4.745599634255464e-5 89029703 89029703 0
9 31 rs12352279 678837 1 4.7097137804148e-5 666389 678951 12562
9 1802 rs4877980 89046282 1 -4.636173465061051e-5 89046282 89063984 17702
9 2942 rs10819333 130777468 1 4.5889532566867566e-5 130777468 130777468 0
9 2547 rs17764563 116078468 1 -4.573506808284768e-5 116073892 116084691 10799
9 2467 rs4498626 113463246 1 4.479226987892406e-5 113463218 113466154 2936
9 1280 rs6476619 37210685 1 -4.40372568356732e-5 37070398 37223862 153464
9 802 rs7858547 19484869 1 4.34171543699134e-5 19484869 19484869 0
9 974 rs1886709 25122214 1 -4.20025618855283e-5 25122214 25122214 0
9 2252 rs1411103 106854958 2 -4.169996359309965e-5 106854958 106882931 27973
9 808 rs7021444 19665239 1 -4.139657738871635e-5 19661935 19665239 3304
9 505 rs12376216 11337156 1 -3.992701183032229e-5 11305052 11345138 40086
9 2246 rs1439189 106585651 1 -3.957867361902667e-5 106579128 106593860 14732
9 1264 rs12552072 36727388 1 -3.8059981736866195e-5 36727388 36727388 0
9 766 rs10963680 18629283 1 -3.7438971192085584e-5 18629283 18629283 0
9 1184 rs10813789 32305110 3 -3.638755062184947e-5 32305020 32328019 22999
9 1373 rs17054772 73103998 1 -3.48217523646157e-5 73103998 73121323 17325
9 407 rs10739183 9041579 1 -3.435842990425976e-5 9040946 9042075 1129
9 763 rs7042159 18545209 2 3.313054922806304e-5 18537444 18551247 13803
9 3076 rs1999121 135602727 1 2.9375973817207712e-5 135600320 135603540 3220
9 105 rs7860758 2184925 1 -2.33384253047596e-5 2182062 2184925 2863
9 1922 rs10991799 92804166 2 2.1918706519853844e-5 92804166 92814420 10254
9 1034 rs1918350 26734671 1 1.9026129646208025e-5 26734671 26736162 1491
9 2774 rs10985097 123703894 3 1.8907979396207107e-5 123640500 123731408 90908
9 419 rs1157904 9300084 1 1.8116273739359953e-5 9294304 9301290 6986
9 3167 rs11103850 138270241 1 1.7733081597686135e-5 138270241 138270241 0
9 154 rs2376770 3034077 1 1.5880036404144304e-5 3030814 3036584 5770
9 295 rs1658972 6665010 1 1.4636949917780184e-5 6665010 6672097 7087
9 1209 rs10813978 33436471 1 1.440217208881824e-5 33434026 33436471 2445
9 664 rs7856710 15521362 1 -1.4081413671381278e-5 15521362 15534070 12708
9 1703 rs7038698 85506296 1 -1.389459962948485e-5 85506296 85511504 5208
9 1668 rs13298109 83909232 1 -1.3386958173562547e-5 83909232 83928836 19604
9 315 rs10815554 7213187 1 -1.3007898517324111e-5 7205742 7222495 16753
9 280 rs13296741 6187395 1 -1.25287754322082e-5 6187395 6190076 2681
9 1912 rs11265870 92308660 1 1.227181096305965e-5 92308660 92308660 0
9 1047 rs7047856 27179075 1 1.1931422092840363e-5 27179075 27190949 11874
9 1609 rs12682880 81775281 1 -1.1775835363676168e-5 81775281 81775281 0
9 2517 rs10739335 114934114 1 1.1197546931975891e-5 114931106 114940255 9149
9 1030 rs10967458 26652538 1 -1.1190912358216657e-5 26649956 26652538 2582
9 2210 rs1477530 105111298 1 -1.0024898434423724e-5 105111298 105128891 17593
9 2896 rs12552226 128858795 1 8.947057085263672e-6 128858795 128858795 0
9 439 rs1174581 9763352 1 8.794117834928678e-6 9756868 9772724 15856
9 1862 rs12001141 90487391 1 7.890068641504668e-6 90487391 90487391 0
9 2825 rs10124314 125384197 1 7.731315561436181e-6 125384197 125388326 4129
9 2551 rs1043836 116136198 1 6.453462488509526e-6 116136198 116137673 1475
9 288 rs12554047 6450183 1 -4.029016844057019e-6 6450183 6480005 29822
9 1013 rs1836463 26180249 1 3.376011354631781e-6 26179065 26180249 1184
9 474 rs10809084 10391459 1 -2.428683830165675e-6 10373974 10395912 21938
9 3140 rs4842173 137718113 2 -1.5729359371069549e-6 137718113 137718113 0
9 918 rs10757394 23132614 1 1.2603483855902216e-6 23132614 23132614 0
9 2500 rs7868266 114470138 1 3.1550085739779316e-17 114470138 114470138 0
