CHR Group SNP.lead BP.lead Size W BP.min BP.max BP.width
15 60 rs17574546 38902476 5 0.04366573755961289 38838264 39005798 167534
15 87 rs4776151 53745403 10 0.04170207538859767 53391724 53766542 374818
15 150 rs3825932 79235446 5 0.03803907104948051 78742376 79235446 493070
15 67 rs16970851 40885107 18 0.03773542668079359 40642877 41247629 604752
15 162 rs6495607 81960409 8 0.03179004557164355 81708850 82187225 478375
15 134 rs10152591 70048157 8 0.03054432246535439 69991417 70121894 130477
15 82 rs8038609 50416551 10 0.03010669356517433 50221358 50587336 365978
15 242 rs6598481 102008648 7 0.02970829016176736 101981375 102068658 87283
15 25 rs1597196 28294922 10 0.02827293814076349 28182715 28530182 347467
15 231 rs8027443 100285705 6 0.02063646266592876 100086709 100426831 340122
15 143 rs11072464 74305182 9 0.02044896443817522 74097901 74434196 336295
15 65 rs17666578 40330047 9 -0.01955032929944959 39719780 40360741 640961
15 103 rs7164726 59715666 4 0.01799687463450131 59695412 59888063 192651
15 146 rs924285 76408090 5 0.01620644687048703 76134601 77377654 1243053
15 243 rs1143136 102264476 3 0.01599721292836304 102118149 102397317 279168
15 165 rs1426163 84415949 11 0.01511417277104598 84267587 84760189 492602
15 164 rs7172665 83717146 4 0.01458754795291791 82443824 84257351 1813527
15 167 rs11074256 86003866 8 -0.01394219782261684 85556320 86332964 776644
15 225 rs2120026 98867675 7 0.0137119863484278 98682557 98867675 185118
15 171 rs17702916 87414469 6 0.01339795420424254 87307845 87618593 310748
15 159 rs2055713 81109594 1 0.0133377249673817 81091879 81167779 75900
15 137 rs12440755 70757896 5 0.0126582579905555 70451536 70757896 306360
15 190 rs4078179 92456897 4 -0.01212267366782689 92365436 92566481 201045
15 54 rs12903788 37173267 3 -0.0119260317058075 36989469 37173267 183798
15 172 rs3913351 87755594 5 0.01164769518038492 87705792 87984359 278567
15 22 rs8027309 27746578 2 0.01125110716864859 27642177 27812011 169834
15 208 rs7178698 94945719 1 -0.01121573175937558 94937370 95172383 235013
15 79 rs5027380 48822627 10 0.01105273887346348 48529940 48965218 435278
15 215 rs2589252 96794637 3 -0.01088962515959067 96703373 96844084 140711
15 32 rs7176351 31208727 11 0.01071792390646231 30958935 31362352 403417
15 147 rs11857860 77839761 5 -0.01061715927478101 77470464 77984480 514016
15 216 rs12594623 96934745 3 0.00970848088734922 96910440 97063357 152917
15 180 rs293359 89621274 5 0.00964432559126918 89595333 89972177 376844
15 113 rs9920015 62326160 10 -0.00949691654763527 62114865 62494750 379885
15 72 rs951295 45999823 4 0.00877877496373441 45444133 46125769 681636
15 81 rs10220770 49921835 9 0.00863586854900962 49251367 50181117 929750
15 158 rs3848178 81077370 4 0.00862883856461998 80886484 81085483 198999
15 236 rs1465936 101306532 1 0.0083443751975912 101186633 101310736 124103
15 118 rs7178762 63871292 9 -0.00834200220642473 63699704 64167939 468235
15 156 rs11633719 80473867 6 0.00770112417649459 80450328 80617236 166908
15 168 rs8023573 86570085 4 0.00767961613862967 86344912 86634163 289251
15 90 rs28611313 54842584 1 -0.00750412047709818 54710056 55133094 423038
15 183 rs4436756 90660359 2 0.00747961174183528 90581016 90806548 225532
15 12 rs10873609 26055133 8 0.00745750762563574 25983929 26121173 137244
15 16 rs11853420 26605384 2 -0.00743027331068937 26605384 26702803 97419
15 75 rs524220 46876219 5 0.00721413804107727 46845521 47155550 310029
15 230 rs748991 100019382 2 0.00717841312624073 99940221 100075170 134949
15 121 rs12911707 66319407 5 0.00717827440746301 65681801 66319407 637606
15 110 rs3934975 61602187 6 -0.00716171953005596 61447643 61682934 235291
15 106 rs2100432 60687844 3 0.00712491921469804 60687844 60966891 279047
15 88 rs2248141 54172552 5 0.00708964953031929 53783848 54307925 524077
15 160 rs10519306 81272072 1 0.00703244559165576 81208215 81286252 78037
15 74 rs1484206 46726042 3 0.00698653321405978 46633336 46794823 161487
15 239 rs11633278 101561092 1 0.00698102266634484 101557641 101689056 131415
15 139 rs10518959 71690941 6 0.00671982560065559 71502528 71728529 226001
15 91 rs4774747 55434353 13 -0.00668167867826456 55139343 55842702 703359
15 64 rs11633545 39590488 3 -0.00649548442824794 39543946 39641338 97392
15 140 rs6494947 71843080 4 0.00642434826411107 71805006 72037982 232976
15 169 rs7178668 86674122 2 -0.00623304038997794 86654795 87112948 458153
15 136 rs975210 70364352 1 0.00622077830032107 70364352 70431773 67421
15 193 rs4777965 92898565 3 0.00620298260760114 92898565 92988741 90176
15 83 rs2278559 51395509 9 -0.00572383125995291 50729274 51665282 936008
15 99 rs7162995 58513632 6 0.00564874553326442 58443824 58695337 251513
15 92 rs4774800 55950941 9 -0.00561477400881313 55919139 56318384 399245
15 166 rs8040847 85447805 6 0.00560827936579856 85117468 85513561 396093
15 123 rs11071896 66821250 7 0.00558875957158316 66471179 66924801 453622
15 144 rs2075593 74702778 9 0.00551897014937833 74467856 75465051 997195
15 187 rs9972541 91912124 3 0.00542561401614045 91770251 91928799 158548
15 181 rs2053358 90111234 6 0.00530969320813192 90016491 90335788 319297
15 77 rs8040118 48070670 4 0.00530911729307269 47982456 48206268 223812
15 71 rs16952667 45096735 1 0.00527870181839247 45096735 45358846 262111
15 128 rs55966838 67984818 11 0.00527575854984294 67473790 68640452 1166662
15 93 rs1477588 56616789 4 0.00522990844788145 56327323 56774898 447575
15 223 rs1021985 98285658 7 0.00514885618629381 98189383 98398846 209463
15 94 rs2247485 57618847 1 0.0050339451652925 56843784 57635719 791935
15 96 rs11631886 57867081 9 0.00489299746816486 57762793 58020738 257945
15 199 rs4502169 93744231 3 0.00485081502826525 93736945 93759213 22268
15 63 rs12442494 39309082 3 -0.00482812530327715 39206509 39512301 305792
15 29 rs7497385 29835604 2 -0.00475170083801498 29760516 29893939 133423
15 240 rs6598456 101911548 6 -0.00463515604265282 101700611 101911548 210937
15 23 rs3101649 27934122 3 0.00459723671055012 27849304 27944247 94943
15 69 rs8029818 42310527 2 0.00457814918460643 42233211 42431142 197931
15 42 rs7165389 33801946 7 0.00457340703296444 33801946 33927764 125818
15 85 rs12915981 52901433 4 0.00455581750737373 52597092 53017447 420355
15 232 rs892904 100562425 5 0.00411041386806312 100452244 100655307 203063
15 2 rs7168000 23013126 2 -0.00409179424074799 22958104 23084443 126339
15 10 rs11630820 25852143 4 -0.00407360645976399 25808285 25907690 99405
15 70 rs2623016 44401266 5 0.00406578165914873 42528982 45048651 2519669
15 51 rs789897 36360651 3 0.00399204736528215 36290481 36405089 114608
15 229 rs3743244 99670265 9 0.00394814158488131 99612980 99925192 312212
15 234 rs8025628 100756592 1 0.00393988946543232 100753747 100860734 106987
15 145 rs4616261 75965169 2 0.00390294937131153 75651981 76103430 451449
15 201 rs1483318 93882213 3 0.00385104891948961 93863413 93927305 63892
15 24 rs13313425 28096842 7 -0.00374419860131955 27977779 28111746 133967
15 46 rs4924045 34877509 4 -0.00372761228972852 34871296 34967574 96278
15 27 rs570956 29568587 4 0.00367289342175845 29448057 29600331 152274
15 47 rs12591918 35020505 1 -0.00362412065433105 34984373 35071718 87345
15 179 rs12442502 89508365 1 -0.00352795810109545 89410314 89548106 137792
15 154 rs4779031 79533372 13 -0.0034826554198919 79533372 79979657 446285
15 95 rs4774260 57686708 2 0.00347336791633548 57680883 57741413 60530
15 203 rs4238473 94107473 4 -0.00338245280181313 94023473 94183236 159763
15 21 rs7177867 27518429 2 -0.00333115167890247 27490200 27544861 54661
15 57 rs12593354 37860693 3 0.00322246942993171 37577894 37962429 384535
15 125 rs3079 67161719 2 -0.0031475642279562 67049507 67213272 163765
15 149 rs2280366 78585898 10 0.00308473775812075 78525008 78703631 178623
15 107 rs7183955 61049569 1 -0.00291850968326352 60988991 61079377 90386
15 120 rs7168200 65222758 3 0.00271866830154924 65117822 65657634 539812
15 33 rs4329885 31528162 5 0.00259645567947137 31394537 31533464 138927
15 126 rs7162912 67361308 3 0.00257041496441973 67247802 67385333 137531
15 196 rs17648415 93460991 1 0.00255136405093615 93262347 93555250 292903
15 177 rs8025352 89189934 3 0.00254160039042122 89046783 89264917 218134
15 218 rs2191553 97471021 3 0.00253556471763197 97277632 97511450 233818
15 157 rs1374213 80732053 4 0.00249083560298124 80642236 80854854 212618
15 89 rs1897040 54479547 12 -0.00244400682655277 54340428 54680632 340204
15 45 rs4780227 34507394 3 0.00238966537254736 34474453 34646769 172316
15 207 rs8024196 94858980 2 -0.0023850318028919 94803445 94916384 112939
15 102 rs8028742 59597040 2 0.00233412707815379 59515767 59682924 167157
15 86 rs2456526 53089442 5 0.002210480750237 53089442 53364996 275554
15 148 rs10468064 78158893 3 0.00218558742532292 78025267 78507316 482049
15 9 rs2739826 25398344 3 0.00215978161517896 25323964 25781923 457959
15 31 rs2049259 30251011 1 0.00211210869961637 30208654 30366247 157593
15 224 rs11638359 98642785 1 -0.00197754095136231 98442226 98642785 200559
15 191 rs4984335 92624594 3 0.00191911301918645 92595047 92663630 68583
15 6 rs11161353 24104152 3 0.00188393606345397 24104152 24158326 54174
15 76 rs2124132 47553498 3 0.0018536127506326 47171631 47970548 798917
15 15 rs2715573 26487465 1 0.00182328508293533 26402601 26584959 182358
15 13 rs17735939 26187969 3 -0.0017843643367001 26133384 26187969 54585
15 235 rs3764198 101110565 2 0.00174500473562573 100937762 101170618 232856
15 43 rs12592542 33985818 3 0.00174423761793804 33954652 34079432 124780
15 124 rs6494591 66938272 5 0.00169041553957195 66930862 67015660 84798
15 204 rs1935634 94355210 6 0.00163713278086992 94225523 94563619 338096
15 205 rs1479827 94616430 1 0.00157367701082535 94580353 94674873 94520
15 132 rs924790 69388926 1 0.00140928703748212 69178312 69652451 474139
15 173 rs4522384 88175592 4 0.00131911718702356 88039805 88362601 322796
15 195 rs10520711 93222054 2 0.00125101416796429 93105442 93239388 133946
15 141 rs2288259 72637960 3 -0.00118923156707111 72064719 73612377 1547658
15 30 rs767514 30007573 4 0.00118757008142087 29905861 30156761 250900
15 104 rs965355 60059824 4 0.00117294560731145 59948997 60185232 236235
15 185 rs8035950 91468657 5 0.00116869670770984 91410009 91562937 152928
15 28 rs11856574 29731444 2 0.0011679331479184 29626710 29731444 104734
15 50 rs904211 36149523 2 0.00110716087297528 36050093 36251454 201361
15 194 rs4777717 93038696 4 0.0011049991920857 93018587 93084398 65811
15 163 rs12910333 82229940 1 0.00110063086741752 82217410 82378808 161398
15 155 rs7175620 80122418 3 -0.00109800447456307 79999217 80420966 421749
15 114 rs2261472 62680950 3 0.001093794046053 62559229 62792939 233710
15 198 rs8041800 93700207 2 0.00106161560087516 93671582 93704049 32467
15 214 rs1437591 96656326 5 0.00103970341182566 96518984 96664707 145723
15 49 rs9920881 35961254 4 -9.811770545907195e-4 35764098 36019938 255840
15 37 rs921510 33117302 4 -9.695494369830618e-4 32971758 33185277 213519
15 1 rs11634023 22927167 2 9.680579047194834e-4 22835646 22927167 91521
15 98 rs4646623 58257123 3 9.55123523103236e-4 58179789 58429264 249475
15 3 rs1608962 23750690 2 9.312788220399664e-4 23730704 23826761 96057
15 84 rs11070883 52483565 3 -9.08180160689538e-4 51688996 52575170 886174
15 138 rs10735127 70791915 8 9.021365058928038e-4 70791915 71435622 643707
15 182 rs17240268 90347814 4 8.983243366554319e-4 90347814 90447946 100132
15 20 rs9330237 27317600 2 8.798716658891926e-4 27311111 27471182 160071
15 109 rs10851690 61322548 7 8.73316069229925e-4 61218047 61407394 189347
15 226 rs12437848 98954957 1 -8.410705155877894e-4 98898600 99100761 202161
15 112 rs8028149 62017105 3 7.745846150864166e-4 61913054 62093625 180571
15 73 rs10459609 46616220 2 -7.231571963892793e-4 46196363 46616220 419857
15 153 rs1865361 79494822 1 -7.081530030601791e-4 79486084 79510909 24825
15 127 rs11071938 67419987 3 7.029696561030542e-4 67400490 67459013 58523
15 142 rs12148532 73929859 5 6.965578994072743e-4 73631830 74089793 457963
15 14 rs6576498 26223788 6 -6.789233510795063e-4 26223788 26380716 156928
15 40 rs8043175 33554336 1 -6.563752433077889e-4 33528427 33588500 60073
15 105 rs9920254 60269302 5 6.419264581214488e-4 60239467 60632138 392671
15 80 rs4774529 49217967 2 -5.895082646443611e-4 48995386 49231111 235725
15 59 rs8030953 38515737 2 5.876958054145259e-4 38329343 38799369 470026
15 7 rs8029237 25030374 6 5.656586695725347e-4 24205361 25030374 825013
15 192 rs16946659 92815807 6 5.583745733344818e-4 92680120 92875495 195375
15 237 rs12442672 101384586 1 -5.449717852171849e-4 101335775 101384586 48811
15 100 rs6494007 58734645 3 5.364487925522552e-4 58725839 58801541 75702
15 44 rs16958116 34125841 3 -5.124149603181734e-4 34094201 34387365 293164
15 119 rs12102207 64607472 1 -4.986973070137258e-4 64233563 64965815 732252
15 233 rs12441250 100711068 1 4.98025897078215e-4 100711068 100742087 31019
15 161 rs4451910 81512010 3 -4.885573004852326e-4 81343633 81661639 318006
15 5 rs824192 24002327 1 4.732947325446012e-4 24002327 24002327 0
15 58 rs8036796 38118873 3 -4.700484650684258e-4 37973905 38194755 220850
15 36 rs34173159 32929624 1 -4.5466314175130384e-4 32929624 32947806 18182
15 213 rs1372635 96237962 5 -4.5061151284600054e-4 96144966 96460704 315738
15 55 rs16964268 37193851 1 4.0791374660400224e-4 37193851 37294022 100171
15 206 rs1350091 94756829 2 -3.9918576896095734e-4 94735128 94756829 21701
15 210 rs7176538 95795090 3 3.954994447809305e-4 95666177 95795090 128913
15 52 rs17630276 36501360 2 -3.932548893289499e-4 36432996 36618505 185509
15 170 rs1377095 87260725 2 -3.860385343363034e-4 87124308 87295691 171383
15 175 rs7167399 88788870 2 3.1958338943655214e-4 88768429 88822927 54498
15 184 rs2589967 90907876 3 3.140742465063332e-4 90850762 91373498 522736
15 188 rs4932557 92118263 1 -3.0777138198767606e-4 92025444 92147431 121987
15 11 rs8028506 25931015 1 2.916338351201255e-4 25924798 25969090 44292
15 19 rs6606865 27283967 1 2.709273345271054e-4 27186086 27283967 97881
15 219 rs2535466 97567913 2 2.4636991455655676e-4 97519421 97609860 90439
15 197 rs11632082 93601296 2 2.442288331924785e-4 93601296 93649122 47826
15 202 rs7174538 93940186 3 -2.2910742278605664e-4 93930047 94017318 87271
15 212 rs10520786 96029711 2 2.02791123190476e-4 95958655 96094707 136052
15 68 rs8025916 41508037 5 1.856198424936299e-4 41339697 42178122 838425
15 101 rs10851643 59395184 2 1.8074298773574152e-4 58838010 59498881 660871
15 116 rs1387386 63211875 4 -1.7808848095504594e-4 63017183 63214206 197023
15 56 rs2681319 37435305 5 1.7159862160909777e-4 37349802 37547150 197348
15 135 rs2679623 70208373 4 1.708019120907965e-4 70141905 70297249 155344
15 48 rs8027514 35391526 3 -1.69936846998427e-4 35119748 35548468 428720
15 189 rs8029623 92217898 2 1.5870804843941302e-4 92174796 92319918 145122
15 174 rs1006046 88476166 3 -1.163164748354136e-4 88385150 88742439 357289
15 26 rs10851484 29418987 1 1.1175093940522386e-4 29225885 29418987 193102
15 34 rs1465778 31621321 1 1.0611532155270136e-4 31621321 32176304 554983
15 117 rs2729815 63412843 11 1.0511085831491507e-4 63239254 63691502 452248
15 186 rs12905479 91711209 1 -1.03644214535786e-4 91594955 91742578 147623
15 39 rs2468747 33432819 2 9.930309583425546e-5 33320219 33517920 197701
15 17 rs17738278 26941113 3 8.264599412969488e-5 26746446 26952275 205829
15 53 rs11854877 36673041 7 7.234111814037039e-5 36673041 36912247 239206
15 241 rs1135911 101924546 1 6.714366572663807e-5 101924546 101962723 38177
15 178 rs28407189 89400680 3 -6.668415943597355e-5 89345947 89402239 56292
15 97 rs629876 58098434 2 4.988257275745871e-5 58049299 58163275 113976
15 133 rs16953470 69857737 1 2.7993406632273725e-5 69808890 69949516 140626
15 209 rs1471150 95546697 8 -1.4860699088761926e-5 95259166 95662519 403353
15 41 rs16969986 33647976 2 -9.60015388070908e-6 33610644 33786823 176179
