CHR Group SNP.lead BP.lead Size W BP.min BP.max BP.width
2 835 rs10931468 191538562 11 0.16223852457612067 191504064 191935804 431740
2 834 rs4638823 191312906 5 0.08670289615726491 191045969 191469731 423762
2 176 rs7583409 25491056 5 0.06294012923398637 25491056 25894556 403500
2 71 rs10174949 8442248 6 0.06196896283303182 8438959 8531037 92078
2 1002 rs2048054 228652347 4 0.05938469109483649 228622128 228653164 31036
2 874 rs3181113 204601910 13 0.05493298997492052 204459206 204802578 343372
2 539 rs11694541 114509074 8 0.05012925338711901 114432293 114784936 352643
2 601 rs6725404 128972833 7 0.0478189509098043 128465547 129007898 542351
2 636 rs842362 135341120 5 0.03547878245981374 135341120 135690061 348941
2 183 rs1260326 27730940 4 0.03347055363599256 27414134 28479472 1065338
2 529 rs1398030 111972005 6 0.03166826058734048 111864915 112000058 135143
2 836 rs10497711 192013921 3 0.03148366734720038 191991459 192020729 29270
2 496 rs12475055 102878891 4 0.0308186831500912 102878891 103091540 212649
2 731 rs1990760 163124051 2 0.02966867202227015 163110536 163314609 204073
2 134 rs13020891 17451733 4 -0.029615501780663082 17256600 17453968 197368
2 637 rs10928531 135817760 8 0.02768907567868429 135803425 136590558 787133
2 730 rs4420712 162952349 3 0.02707924342554676 162811186 162983749 172563
2 358 rs1186706 61673394 14 0.02646619295084399 60972786 61731478 758692
2 1016 rs1365776 231072709 3 0.02580133529735884 231035575 231223383 187808
2 250 rs4670932 39618666 4 0.02486144268132305 39198036 39814690 616654
2 500 rs1433312 103987135 9 0.02482921781232339 103987135 104537499 550364
2 510 rs17031337 106215749 4 0.02474355654438382 106214189 106372671 158482
2 552 rs1019590 118688162 8 0.02441960423282823 118506345 118873587 367242
2 239 rs6708310 37600427 1 0.02343586853556871 37599963 37630993 31030
2 451 rs13395022 79882260 2 0.02249330782198457 79864370 79894172 29802
2 975 rs1899039 223910943 7 -0.021443037991895 223840963 223954609 113646
2 712 rs7602743 157529654 2 0.02135964557648642 156996364 157539961 543597
2 248 rs17493321 38772507 2 0.02133696082026379 38736090 38881106 145016
2 318 rs968972 51171962 8 0.02123104519145912 50889959 51303910 413951
2 632 rs6720404 134929274 2 0.02070451910570439 134893447 134965464 72017
2 640 rs47150 137220743 5 0.02057498974439551 137167663 137374734 207071
2 1041 rs11563204 234917377 4 0.02030836650226105 234912215 234938888 26673
2 211 rs6751050 31993081 4 0.02007153280064087 31628705 32447718 819013
2 699 rs3845845 152879292 6 -0.01994369899629498 152755598 153198489 442891
2 658 rs10496859 141668678 5 0.01973755315701224 141623459 141782073 158614
2 372 rs3911862 65759671 2 0.01967425741571308 65732023 65794304 62281
2 672 rs16823583 144969618 2 0.01927958504536565 144951782 145173029 221247
2 260 rs7597606 41836313 4 -0.01907006780187456 41832878 42004997 172119
2 1020 rs7561687 231606083 1 0.01871887192465325 231544263 231613141 68878
2 726 rs3792189 160885872 7 -0.01864174063993544 160708609 161026336 317727
2 627 rs11896860 134197843 1 -0.01800467114615656 134187067 134356109 169042
2 90 rs818148 10637325 3 -0.01783872570322867 10627544 10661047 33503
2 364 rs1346236 64609979 5 0.01782422570779449 64509799 64620637 110838
2 696 rs13034554 151940137 4 -0.01757248664823873 151773871 151996692 222821
2 550 rs71470 118006384 7 -0.01729965162016672 117973154 118346492 373338
2 359 rs733517 62366688 4 0.01721880636322148 61863427 62381474 518047
2 432 rs1997450 76696261 6 0.01696860035338066 76685968 76727046 41078
2 178 rs75819301 26539806 3 0.01696149536610072 26272219 26539806 267587
2 989 rs3748993 226491770 3 0.0169464111479787 226272295 226661758 389463
2 412 rs13339845 72419864 1 0.01664881620429405 72402254 73013836 611582
2 1106 rs10185319 242253995 8 0.01664250255127649 242244342 242477457 233115
2 200 rs17321999 30479857 5 0.01652201348484394 30478453 30526780 48327
2 933 rs4674113 217638521 1 -0.01625980470563404 217573692 217662968 89276
2 916 rs17355277 213857830 3 0.01617707043424015 213824045 213986695 162650
2 858 rs1579695 198900363 10 0.01598126828204755 198148767 198950240 801473
2 525 rs10178717 110452645 1 0.01581286391230019 110452645 110452645 0
2 111 rs721173 13907633 1 0.01537846958582149 13719570 13916789 197219
2 537 rs6760120 113932431 4 0.01529140729200038 113932431 114062391 129960
2 276 rs1067383 44645911 6 -0.0151537457010763 44482099 44865678 383579
2 655 rs16843782 141080706 5 0.01505621674151915 140943640 141242918 299278
2 518 rs3806536 108602755 2 -0.01505613127932162 108415702 108607394 191692
2 159 rs1801701 21228827 10 -0.01492076648469226 21131683 21473856 342173
2 107 rs890069 12867504 4 0.01485789791471836 12741317 13052225 310908
2 182 rs4513249 27058451 6 0.01473384330796055 26990507 27384579 394072
2 399 rs10489986 70808147 4 0.01471508059249404 70769365 70809219 39854
2 828 rs7579998 188859657 3 -0.01467400139715426 188684507 188879205 194698
2 486 rs17765112 100149336 4 0.01460895555733206 99293697 100149336 855639
2 741 rs11683781 166288740 6 0.01455172997105943 166146227 166524122 377895
2 249 rs3821023 38893660 3 0.01444132585486489 38893660 39135927 242267
2 897 rs7567228 209414499 6 0.01431241040096282 209048136 209414499 366363
2 405 rs3732233 71633275 7 0.01420752197051677 71285678 71689050 403372
2 1070 rs719933 237812750 5 0.01362202430469092 237740508 237895703 155195
2 714 rs1481379 157931593 1 0.01349673187887134 157778161 158165401 387240
2 1037 rs2241879 234183468 15 0.01338061443719129 234143244 234673309 530065
2 878 rs10490273 205626400 2 -0.01337843990035753 205385386 205639924 254538
2 923 rs11890512 215910724 2 0.01324787033093689 215901592 216062462 160870
2 964 rs1346801 222180661 2 0.0130626989828849 222172363 222285699 113336
2 808 rs13009601 180502821 3 -0.01298362280415061 180401233 180550931 149698
2 240 rs10192261 37694090 2 -0.01297299079487941 37690633 37814827 124194
2 343 rs17048858 57730190 4 -0.01273380946311622 57436631 57738723 302092
2 331 rs10165485 54481636 2 0.01257724948397069 54187617 54610789 423172
2 15 rs1706862 2517775 6 -0.01256080202131169 2305125 2521551 216426
2 543 rs17786162 115529358 6 0.01254958449900208 115345516 115573050 227534
2 333 rs6717369 54915044 5 0.01245474191960248 54797798 55054378 256580
2 674 rs2252641 145801461 9 -0.01234384474984491 145316407 145892427 576020
2 199 rs7579944 30445026 1 0.01231083850794859 30423512 30445026 21514
2 589 rs314721 125563516 3 -0.01220285491040256 125465194 125683957 218763
2 294 rs7595513 46687867 8 0.01218225269795499 46642249 46914289 272040
2 756 rs3821116 169729849 4 0.01214101791678625 169605967 169802594 196627
2 522 rs4676060 109662043 1 0.01201486219014741 109635257 109895831 260574
2 8 rs4927608 1453528 5 0.01193100849212338 1378943 1582242 203299
2 99 rs17529680 11727087 1 0.01190289817818194 11694006 11736305 42299
2 1036 rs7569837 234078406 2 0.01168894947829469 233987722 234102070 114348
2 283 rs7593154 45662883 7 -0.01163042442084449 45600619 45834076 233457
2 665 rs17832932 142942795 1 0.01147051312903593 142794718 143231622 436904
2 952 rs982458 220663477 4 0.01129997059720093 220621838 220698125 76287
2 114 rs12464596 14525844 3 -0.01127871140571712 14371461 14591055 219594
2 344 rs1918454 57820945 7 -0.01127208760188394 57766378 57937744 171366
2 669 rs6708276 144442150 4 0.01125723976518469 144146850 144486169 339319
2 1030 rs2139026 233264910 1 -0.01115000722999658 233243586 233345861 102275
2 1022 rs3106075 231825834 2 -0.01107256042308903 231818806 231825834 7028
2 320 rs984795 51688180 3 0.01099269094702449 51688180 51753361 65181
2 883 rs12694029 206438036 5 0.01096622911435777 206345419 206496702 151283
2 106 rs4669855 12655145 2 0.01089163241393091 12627522 12720311 92789
2 136 rs1812706 17973097 4 -0.01081387876129789 17834754 18142133 307379
2 459 rs3770317 80791939 2 0.01077383650901738 80735034 80793411 58377
2 727 rs4337490 161511311 6 0.01066895736225501 161085348 161768312 682964
2 297 rs892381 47211273 9 -0.01043356251785884 47112985 47245022 132037
2 533 rs719668 113342566 3 0.01035105367393189 112939548 113342566 403018
2 673 rs4662223 145235108 1 0.01030859832098063 145235108 145298323 63215
2 119 rs10173491 15451774 2 0.01030519675755971 15310820 15664756 353936
2 69 rs6748904 8186474 1 0.01030041242331087 8149627 8192868 43241
2 629 rs6750345 134579078 8 -0.01028445395142052 134434824 134609163 174339
2 1061 rs2675144 236641479 1 0.01020049830740058 236543711 236641479 97768
2 59 rs2174519 6937310 1 0.01018012655766715 6937310 6937310 0
2 362 rs13410889 63087778 2 -0.01016955587422217 62713533 63564683 851150
2 22 rs823243 2848102 1 0.01015708807208201 2839594 2926983 87389
2 1028 rs3856544 232714559 4 0.01014330830997641 232558842 232756528 197686
2 789 rs2646165 175621482 4 -0.01012450357887292 175591073 175804313 213240
2 751 rs7579964 168826850 5 0.01011859581733035 168826850 169065468 238618
2 638 rs4954592 137013525 8 0.01006140655543284 136836365 137013525 177160
2 312 rs7594662 49984263 1 0.01004652248578114 49737819 50005959 268140
2 323 rs12472885 52479251 2 -0.00998982121614163 52369737 52479251 109514
2 917 rs3738920 214031987 4 0.00990893612990635 214031987 214113781 81794
2 780 rs6717268 174254430 1 0.00987484678817851 174214306 174254430 40124
2 481 rs11690079 88742338 3 0.00982543626778296 88574827 89130009 555182
2 257 rs7608684 40926138 4 -0.00976996549652547 40786575 41058665 272090
2 868 rs2293554 202131587 6 -0.00967300105066117 201736166 202493504 757338
2 478 rs6547705 87044316 1 0.00966525699873591 86872592 87108211 235619
2 1025 rs2290130 232263127 1 0.00964036901329271 232198327 232278400 80073
2 23 rs12470135 3012947 3 -0.00962952520362116 2956085 3012947 56862
2 112 rs1348801 13943821 2 0.00962188857444728 13931667 14059586 127919
2 129 rs1430043 16635965 4 0.00950349809493385 16590965 16752999 162034
2 851 rs17177580 196373150 6 0.00946730070024807 195974363 196414587 440224
2 532 rs13419523 112781917 2 0.00932322020404298 112658779 112922697 263918
2 651 rs12470704 139848110 1 -0.00927686036993477 139848110 140287352 439242
2 342 rs1424642 57296558 4 0.00925263762559853 57062513 57398024 335511
2 624 rs13427795 133901426 3 0.00922030750050507 133783103 133929269 146166
2 1098 rs10190551 241175742 2 -0.00909741654299624 241175742 241224940 49198
2 560 rs838102 119984733 5 0.00900965724890365 119968031 120012412 44381
2 515 rs12712262 107516533 2 0.00898904716002736 107423395 107753988 330593
2 1006 rs1881025 229643936 9 -0.00896414447153253 229389990 229833153 443163
2 925 rs4672773 216439570 5 0.00883664175006197 216276991 216439570 162579
2 480 rs34841493 88474166 4 -0.00881789019523997 88409180 88537343 128163
2 150 rs6531222 20388484 2 0.00879380210923262 20334723 20396122 61399
2 378 rs6759648 66844120 3 0.00867324543655187 66814237 66953286 139049
2 612 rs6708453 131089135 3 0.00849860613342578 130662416 131123264 460848
2 775 rs836616 173512756 9 -0.00843061786503335 173289239 173564133 274894
2 671 rs6719835 144788389 5 -0.00838603676398046 144689662 144931112 241450
2 818 rs2696126 183526670 13 -0.00833952421865586 183155786 183666932 511146
2 444 rs13021149 78292330 7 0.00833671181537006 78147175 78479945 332770
2 330 rs741531 53856928 4 0.00829450946423419 53851844 54133744 281900
2 110 rs503989 13641538 3 0.00826828111339571 13641538 13691129 49591
2 203 rs519747 30918938 3 0.00816033071664578 30917735 30980940 63205
2 191 rs11127205 29425620 5 0.00812348910468755 29366830 29453835 87005
2 352 rs12713413 60160790 9 -0.00808797327899943 60012090 60260639 248549
2 242 rs4670214 38005048 1 -0.00798065566186964 37926844 38005048 78204
2 701 rs11692152 153721508 2 0.00794779306263115 153478066 153781648 303582
2 324 rs11904782 52578154 2 -0.00790646704165114 52507412 52826401 318989
2 618 rs13428178 133175872 1 0.00785915756786898 133139402 133194549 55147
2 448 rs10200167 79544256 7 -0.00785796835455462 79388587 79547730 159143
2 353 rs872277 60338651 1 0.0078561410123174 60296223 60444875 148652
2 790 rs7566401 175994720 2 0.0078311194304361 175920757 176025463 104706
2 944 rs876961 218880952 2 -0.00771541058343773 218862241 218939511 77270
2 1060 rs10460277 236430910 4 -0.0077138796129349 236394141 236514769 120628
2 345 rs6761469 58581018 14 -0.00767422933481038 57943044 58834185 891141
2 272 rs7592384 43926465 4 0.00767050717942326 43853181 44027302 174121
2 193 rs17007920 29570906 4 0.00761992566617234 29559519 29624775 65256
2 816 rs4018756 182530854 5 -0.00760193580018924 182382316 182780874 398558
2 804 rs4365493 180173318 3 0.00758066295425244 179856777 180177796 321019
2 490 rs1369482 101503416 2 0.00755092503834908 101343638 101531943 188305
2 576 rs2580359 122063844 1 -0.00746799416285749 122043586 122064537 20951
2 188 rs4666103 28807899 5 0.00746722547420548 28807899 28902004 94105
2 185 rs12624279 28634790 2 0.00741315615797542 28605588 28671048 65460
2 335 rs10191785 55536808 2 0.00735763888677262 55321474 55658147 336673
2 873 rs7573079 203927551 5 -0.00734830121853426 203089268 204440428 1351160
2 613 rs4850159 131725771 4 -0.00731287405668789 131548941 131731464 182523
2 788 rs1469521 175452808 5 -0.00719553527064051 175393104 175584157 191053
2 757 rs2287619 169836730 2 0.00716251227992986 169824983 169954185 129202
2 103 rs10495591 12236493 3 -0.00713584111423993 12128492 12248589 120097
2 683 rs10928364 148500974 7 0.00709654545593143 148347811 148918835 571024
2 1091 rs920247 240618610 1 -0.0070710167154263 240618118 240626750 8632
2 1083 rs9636382 239857995 2 0.00696565931808226 239832812 239895637 62825
2 725 rs2193923 160298123 2 0.00694081845086323 160219681 160701224 481543
2 1090 rs6543570 240601166 2 -0.00688493157245954 240502117 240601166 99049
2 653 rs16843069 140680731 2 -0.00687192507176079 140657911 140884146 226235
2 275 rs11683295 44316109 6 0.00682405344174931 44315927 44437217 121290
2 924 rs16853697 216156435 2 -0.00676700707742974 216143939 216243650 99711
2 254 rs9808490 40500993 4 -0.00672643497752638 40350271 40500993 150722
2 688 rs6434827 150278005 6 -0.00672321120354218 150092739 150450828 358089
2 832 rs16831887 190571776 3 -0.00668067590316726 190452586 190934874 482288
2 207 rs1000916 31314555 2 0.00661474428010499 31232116 31342300 110184
2 852 rs13410347 196472286 6 -0.00658108616539545 196461111 197059471 598360
2 967 rs7582427 222826088 2 0.00657902608428415 222683948 222856726 172778
2 935 rs6716542 217890643 6 0.00656125156555453 217858489 217938519 80030
2 799 rs6433657 178134677 5 0.00654477989622129 177850235 178134677 284442
2 527 rs4849155 111635197 2 0.00647797384921727 111435895 111728482 292587
2 148 rs10184780 20054392 1 0.00644806863959651 19988877 20054392 65515
2 609 rs13387772 130167765 5 -0.0064288190820031 130082114 130319985 237871
2 101 rs11695702 11922054 3 -0.00639343207743888 11834635 11922054 87419
2 349 rs7606152 59586372 6 -0.00630061364522079 59301572 59586372 284800
2 719 rs6710480 158958605 2 0.0062836689744184 158898944 158972966 74022
2 1021 rs6726593 231746780 3 0.00624689855880694 231709953 231775094 65141
2 602 rs4662791 129052655 1 -0.00612836313783259 129035892 129118215 82323
2 269 rs17405635 43355763 2 0.00609019499251022 43317253 43359061 41808
2 848 rs1349538 195206946 3 0.00607653046165545 195195631 195309148 113517
2 1073 rs11690358 238244781 3 0.00607246189649139 238214039 238277379 63340
2 1042 rs617970 234962989 9 -0.00593811827830843 234953978 235034610 80632
2 639 rs16833821 137114910 8 0.00586763676999718 137061077 137155352 94275
2 664 rs7597320 142776441 2 -0.00572960194160166 142739121 142788546 49425
2 511 rs12465089 106386630 5 0.00569309295291215 106386294 106541229 154935
2 710 rs10192440 156647746 5 -0.00560906336216696 156589930 156877890 287960
2 68 rs12468177 8102347 2 -0.00557468475415738 8101004 8104849 3845
2 997 rs6436656 227997971 3 -0.00556335922300182 227967105 228030362 63257
2 493 rs11688698 102104814 2 0.00554454568540371 102104814 102247207 142393
2 469 rs7572042 84867252 3 -0.00553498003987925 84435415 84897517 462102
2 644 rs1453301 138080695 8 0.00550265849357064 138080695 138398906 318211
2 300 rs12105518 47476780 1 -0.00549057970520291 47468331 47540532 72201
2 113 rs11900823 14194649 3 0.00538749203236598 14111157 14319301 208144
2 767 rs1420378 171630631 3 0.00535369110585528 171534221 171702480 168259
2 284 rs642200 45932849 4 -0.00535292084451625 45898530 45941915 43385
2 17 rs17719904 2592143 5 0.00531785045643695 2585729 2633258 47529
2 559 rs11680207 119928438 5 -0.00530630420308026 119793795 119928438 134643
2 370 rs55952639 65299766 6 0.00528542152660094 65246123 65512068 265945
2 705 rs1022386 154582806 18 -0.00526452457383848 154510972 155000595 489623
2 894 rs9636269 208610801 2 0.00522600878351767 208605594 208610801 5207
2 765 rs12616150 171325374 1 -0.00519541102728589 171325374 171422330 96956
2 76 rs9973936 9118215 2 0.00518109832123314 9100137 9247025 146888
2 241 rs17021120 37843019 1 0.00515035397900167 37827519 37877664 50145
2 1072 rs4663707 238192511 2 0.00512580065247355 238143803 238192670 48867
2 982 rs4674860 224921814 3 0.00507409025476956 224862842 224929659 66817
2 60 rs1876105 6947587 2 -0.00505950518367549 6947587 6988669 41082
2 508 rs880427 105985228 8 -0.00502020387573983 105885961 106046789 160828
2 998 rs6756834 228083236 2 -0.00496388701187402 228064180 228113175 48995
2 551 rs2421973 118401860 5 0.00487890228905906 118365400 118496598 131198
2 5 rs6746997 788807 2 0.00484230381917727 788673 918533 129860
2 545 rs11695180 115848781 6 -0.00459913076377443 115794126 116381897 587771
2 65 rs7589284 7702036 1 0.00453325003253653 7579103 7702036 122933
2 1107 rs13004470 242511083 1 -0.00450065133441506 242511083 242511083 0
2 397 rs4853252 70237360 2 0.00447774435186827 70223101 70567734 344633
2 484 rs17025778 98637504 3 -0.00446114019379628 98637504 98989700 352196
2 875 rs11685977 204969138 5 0.00440082874270804 204824324 205054059 229735
2 981 rs6746036 224792256 4 0.00439845677109705 224665694 224857266 191572
2 279 rs4953174 45260859 1 -0.0043902066942659 45200009 45300029 100020
2 311 rs13427322 49707932 3 0.00435196204120343 49559547 49727295 167748
2 218 rs7585514 33922554 5 0.00430404849644753 33740855 33928721 187866
2 786 rs6433461 174910616 2 0.00430342505083773 174896455 174910616 14161
2 361 rs4640376 62576427 6 0.00426488497191912 62521244 62666178 144934
2 92 rs10192975 10887075 2 0.00426471113126276 10887075 10988588 101513
2 367 rs7600672 65080772 4 -0.00426252877046732 64936472 65080772 144300
2 1018 rs6436944 231376320 3 0.0042390107802138 231333763 231443428 109665
2 733 rs4144827 164114775 1 0.00420616975858199 163701106 164193154 492048
2 910 rs4672636 212929014 5 -0.00419053742837169 212807645 213033301 225656
2 479 rs6547750 88373195 3 -0.0041873130400529 88373195 88402337 29142
2 226 rs2290383 35225041 2 -0.00418232633744129 35085350 35327716 242366
2 431 rs1949924 76505008 7 -0.00416439711140667 76486242 76625113 138871
2 403 rs3771389 71153154 4 0.00411117286327825 71062648 71173408 110760
2 243 rs4670780 38048671 3 0.00404925920356724 38048671 38125412 76741
2 262 rs17028994 42134336 1 -0.00404639814698545 42100538 42165462 64924
2 80 rs10929604 9865547 2 0.0040338913763938 9806527 9906145 99618
2 67 rs10183806 7988851 1 0.00402263546826832 7968275 8044396 76121
2 235 rs6544029 36930423 1 -0.00400714611481548 36875692 36930423 54731
2 401 rs11126291 70965799 3 -0.00397254574413254 70858190 71020254 162064
2 895 rs10497888 208761235 4 0.00397119150304265 208761235 208938866 177631
2 1105 rs1062748 242028741 2 -0.00396894242917282 242013387 242138065 124678
2 410 rs6546731 72116933 1 0.0039572288237462 72058087 72131032 72945
2 896 rs4277502 208978677 2 0.00394049903617977 208966158 209042963 76805
2 922 rs7585356 215592306 4 0.0039295902500003 215592306 215841891 249585
2 135 rs2680827 17773524 3 -0.00387361614257209 17466012 17778129 312117
2 901 rs13021055 210941838 2 -0.00387125297740123 210889759 211232032 342273
2 738 rs6724963 165701577 2 0.00386728894797566 165501849 165808057 306208
2 388 rs6734622 68350891 3 0.00386725497047302 68349183 68519877 170694
2 847 rs16835406 194763754 3 -0.00386100592004652 193775570 194819525 1043955
2 889 rs138061259 207175070 3 0.00385521608907888 206822533 207233115 410582
2 698 rs9287983 152401311 9 -0.00382328159972461 152251363 152725937 474574
2 104 rs2033808 12266205 2 -0.00381702643216268 12262421 12401985 139564
2 892 rs10490478 207928063 1 -0.0037518561859067 207843712 208118301 274589
2 737 rs57447159 165210891 1 0.00369352825587622 165210891 165458333 247442
2 656 rs1463616 141310721 2 -0.00367190041040848 141269323 141334737 65414
2 708 rs11687614 155418877 4 -0.00365518209895487 155406625 155629561 222936
2 375 rs9653501 66160691 7 -0.00363914924848908 66128138 66363617 235479
2 1004 rs4641927 228950588 4 -0.00362892875756358 228819272 229211957 392685
2 338 rs1835893 56381698 5 -0.00359797885128666 56244096 56381698 137602
2 467 rs6547525 84352436 4 -0.00358161643054709 83907358 84364646 457288
2 918 rs9283526 214594856 5 0.00358129820233619 214160817 214880852 720035
2 579 rs1432309 122986481 7 -0.00356203035280142 122953533 123169027 215494
2 146 rs11682428 19826519 7 -0.00355170987140879 19694200 19908539 214339
2 445 rs1378430 78664372 3 0.00354136535848228 78664372 79001963 337591
2 1015 rs17326933 231025024 3 -0.00341313985780541 230910965 231026105 115140
2 621 rs13025233 133484851 3 0.00340576160874333 133402949 133633125 230176
2 0 rs7583166 163933 7 -0.00338875393013103 36787 315215 278428
2 641 rs4434047 137452607 15 0.00338342580371832 137401769 137756717 354948
2 149 rs7578149 20312438 3 0.00335927583794115 20076454 20312438 235984
2 1075 rs12616673 238498038 5 0.00334692076330019 238462725 238500211 37486
2 40 rs7604248 5336076 2 0.00326992959536502 5283993 5340675 56682
2 1035 rs4973063 233926201 2 0.00324999488436447 233912755 233950732 37977
2 570 rs17005295 121600223 2 0.00320197704828758 121589440 121638833 49393
2 471 rs1882271 85288572 1 -0.00313236707578884 85169420 85364093 194673
2 41 rs7592529 5427628 3 0.00313060934927321 5349911 5469833 119922
2 625 rs7577925 134040519 1 -0.00311657885375762 133977005 134044131 67126
2 273 rs6727861 44218792 3 0.00310668886729482 44065090 44261892 196802
2 6 rs4971432 1079320 2 0.00309529041997896 992661 1124416 131755
2 229 rs10170933 35947071 6 0.0030711771735764 35868794 36113122 244328
2 498 rs2732822 103432337 4 -0.00306553293212316 103313018 103602505 289487
2 865 rs4674036 201270538 1 0.00305877714985519 201270538 201349631 79093
2 824 rs13018827 186062357 6 0.00305132251503954 185616128 186223503 607375
2 1038 rs10209214 234687583 2 -0.00301803258977441 234685264 234702459 17195
2 956 rs11688377 221067691 2 0.00298837405183837 221019458 221229840 210382
2 720 rs2193700 159266933 3 0.00297459563109169 159047406 159271306 223900
2 123 rs10205809 16088880 2 -0.00297223605307291 15987278 16114295 127017
2 212 rs11896237 33029319 4 -0.00296938785584362 32641040 33123726 482686
2 202 rs1901909 30889161 2 0.00296701426923528 30649220 30900567 251347
2 393 rs4314026 69269809 1 0.00295925283876321 69223710 69330445 106735
2 198 rs1562450 30279480 3 -0.00294675184560672 30273535 30406902 133367
2 584 rs12476179 124484294 5 0.00290809839926849 124179505 124710795 531290
2 763 rs12611789 171139494 1 0.00290051562334481 171139256 171223154 83898
2 969 rs1370923 222999840 3 -0.00289984865910482 222990015 223106526 116511
2 903 rs2111713 211576458 3 0.00289243102378154 211539650 211701811 162161
2 246 rs10490623 38408537 6 0.00288907276610139 38407966 38623289 215323
2 802 rs12618595 179201920 2 -0.00286864283799984 179186529 179558366 371837
2 277 rs341605 45064187 1 0.0028625730887442 44944877 45101948 157071
2 855 rs16852469 197352884 5 -0.00283052713556669 197315114 197764931 449817
2 376 rs1358698 66453086 3 0.00280387953612549 66387107 66530723 143616
2 425 rs10191221 75561691 3 -0.00276494204276417 75501720 75629909 128189
2 771 rs12692976 172684403 4 0.00273272736450918 172664020 172931559 267539
2 189 rs1128416 29001691 4 -0.00270415389052155 29001691 29280791 279100
2 1100 rs2228331 241405528 2 -0.0026690528070273 241401673 241405528 3855
2 876 rs6750362 205219203 2 -0.00266722101838906 205111927 205219203 107276
2 772 rs13390848 172957643 1 0.00265671134419309 172953438 173008793 55355
2 475 rs1561283 85965769 2 0.00265608321926902 85924729 85965769 41040
2 631 rs16829944 134784345 2 0.00260775888632907 134736340 134872037 135697
2 803 rs4894054 179713601 7 0.002588963156724 179571448 179839888 268440
2 164 rs6544021 22753225 4 0.00258236086794355 22684402 23067487 383085
2 313 rs1045881 50148972 3 0.00254259185058535 50031813 50262230 230417
2 608 rs4662908 130031647 1 -0.00252256104643153 129881863 130060598 178735
2 880 rs13000345 205971820 4 0.00249861751596763 205806424 206039171 232747
2 155 rs4666313 20769783 2 0.00249576613213187 20756900 20823219 66319
2 554 rs7562732 119085908 1 0.00249033352376294 118997824 119129814 131990
2 675 rs12615682 146078530 7 0.00248538999928663 145983262 146105254 121992
2 509 rs874773 106179399 2 -0.00247731830061539 106078289 106197398 119109
2 724 rs174244 160164187 2 0.00244478108747899 160057141 160190209 133068
2 961 rs16862036 221880457 3 0.00241053750269539 221819192 221971645 152453
2 407 rs34999029 71740897 2 -0.00239980465198098 71740897 71806112 65215
2 977 rs1517641 224227452 4 0.00238529757411447 224179428 224344833 165405
2 162 rs7601596 22348539 1 0.00238449826319453 21940844 22348539 407695
2 898 rs6732025 209485037 1 -0.00238068099131059 209485037 209510934 25897
2 187 rs6547857 28757368 4 0.00237338075540703 28756255 28782985 26730
2 1065 rs2046284 237238496 1 -0.00232841491337555 237233920 237242097 8177
2 173 rs11895257 24289487 4 -0.0023025184572458 23891540 24521766 630226
2 1077 rs3769080 238641521 4 0.00228260105387541 238590702 238746880 156178
2 1000 rs7561041 228492428 3 -0.00226083198335032 228463310 228521287 57977
2 524 rs9330313 110280390 2 0.00224337592878618 110256233 110353910 97677
2 369 rs6712664 65213104 2 0.00223474999064478 65103983 65213104 109121
2 761 rs12624234 170649349 2 0.00221968588906239 170592709 170965121 372412
2 299 rs726117 47372425 4 0.00220536039452559 47322330 47455238 132908
2 491 rs4851390 101571705 6 -0.00219944267783927 101557566 101816249 258683
2 829 rs72902678 189599497 2 -0.00218968400002465 188916374 189683752 767378
2 999 rs6713443 228201546 6 0.00216683321768032 228127807 228438238 310431
2 857 rs6749611 198102423 1 -0.00216360562673395 198065054 198135412 70358
2 881 rs1207429 206164004 6 0.00215772380066036 206051516 206259137 207621
2 438 rs12151596 77581832 2 -0.00214434006420193 77581832 77612121 30289
2 334 rs2580768 55214015 3 -0.00213909074509035 55079242 55307646 228404
2 121 rs4668989 15929276 1 0.00212845479999451 15834052 15930012 95960
2 310 rs2350021 49493299 2 -0.00212321505890964 49249920 49519654 269734
2 10 rs12475777 1773830 3 -0.00211577321145249 1700986 1777150 76164
2 172 rs4665609 23774752 3 -0.00209566004627893 23774752 23860168 85416
2 307 rs4953625 48977778 2 -0.00208230441482922 48958687 49006825 48138
2 1050 rs4663507 235704072 2 -0.00207658145838271 235635006 235704072 69066
2 723 rs1522699 159764389 2 0.00206989928702684 159764389 160035195 270806
2 535 rs1530551 113817566 2 0.00205483812001541 113488220 113825966 337746
2 466 rs7566925 83869897 1 -0.00203605401327427 83620727 83869897 249170
2 822 rs1443033 185277576 2 0.00202132726750706 184446942 185277576 830634
2 197 rs11681977 30176033 3 -0.0020201483157512 30134463 30228640 94177
2 682 rs7576755 148310480 1 0.00198870327658906 148260990 148331368 70378
2 62 rs771261 7125756 3 -0.00196205109643874 7116077 7320746 204669
2 549 rs17046680 117928308 1 0.00195508206404521 117772652 117928308 155656
2 31 rs934757 4069041 1 -0.00194761430983969 3994038 4140685 146647
2 1062 rs10211191 236838338 1 0.00191123312012088 236838338 236949119 110781
2 1034 rs3817321 233839052 2 0.00188960893396029 233824116 233894496 70380
2 314 rs10495982 50424877 3 0.00187109336534007 50271600 50668760 397160
2 174 rs2702063 24670765 1 -0.00186412470430486 24670765 24674385 3620
2 973 rs9653359 223661303 2 -0.00185776944359625 223565830 223661303 95473
2 732 rs16847049 163499137 2 -0.00182550044057538 163366128 163577551 211423
2 321 rs7608332 52024350 1 0.00181955387539258 51779120 52072658 293538
2 768 rs1035828 171920785 2 0.00181493532880449 171732267 172082579 350312
2 734 rs2704358 164402710 2 0.00181318414590999 164295936 164454604 158668
2 477 rs6752371 86793121 1 -0.00181204261699328 86571415 86850022 278607
2 519 rs2198465 108900509 2 -0.00177984752148244 108651021 108926033 275012
2 572 rs114814747 121748048 1 0.0017485607662626 121735335 121886826 151491
2 1029 rs11686328 233145683 1 -0.0017406487356418 232796610 233232064 435454
2 991 rs2037286 226835324 1 -0.00173809836151834 226835324 226992454 157130
2 783 rs606961 174487923 1 0.00173386751814794 174483240 174530465 47225
2 1099 rs12620119 241357693 1 0.00172497918154603 241231989 241371065 139076
2 744 rs35344714 167262169 2 0.00170209391054834 167136589 167345058 208469
2 33 rs6743559 4307217 1 0.00170147979231674 4307217 4307217 0
2 536 rs895496 113899025 5 -0.00169857562717053 113834739 113901313 66574
2 1059 rs2316426 236358786 4 -0.00169579838542125 236282912 236369478 86566
2 687 rs170673 150014096 1 0.00168827244700849 149927066 150071949 144883
2 700 rs11892232 153358329 5 0.001680004054175 153208493 153435434 226941
2 931 rs4674093 217428055 1 0.00166996847285034 217269954 217428055 158101
2 347 rs7586333 59183439 1 0.00166561326763283 59100543 59183439 82896
2 946 rs13013510 219667227 3 0.0016625957823335 219432569 219671598 239029
2 230 rs10495867 36304861 3 0.0016295891355289 36132138 36364164 232026
2 740 rs13015737 165995621 1 0.00161827321523451 165926663 166140020 213357
2 573 rs4488664 121925398 1 -0.00161629439701284 121925398 121925398 0
2 265 rs2888839 42761381 3 0.00160717034292148 42712932 43021749 308817
2 837 rs6704784 192109558 1 0.00160620973053657 192045160 192197929 152769
2 945 rs4552182 219184872 4 -0.00160322523317371 219000966 219259844 258878
2 703 rs13405095 154061615 4 -0.00160084077166813 154025701 154318295 292594
2 680 rs2034526 147804074 2 0.00158575572716795 147612107 147946882 334775
2 487 rs4850917 100493439 2 -0.0015754738381089 100210642 100516134 305492
2 78 rs2709580 9514573 4 0.00154030960291392 9382343 9634856 252513
2 409 rs6749644 71953686 1 -0.00153026293170481 71946135 72031828 85693
2 418 rs3771726 74501944 3 0.00152664789771207 74485896 74968610 482714
2 489 rs11123842 101337982 2 -0.00151104086022526 101050500 101337982 287482
2 676 rs4662248 146355456 1 -0.00148875692228392 146114898 146381260 266362
2 125 rs7605722 16200946 1 -0.00147660062730504 16182802 16228929 46127
2 1032 rs2140773 233513175 1 -0.00147619627790451 233485696 233537125 51429
2 678 rs2890845 147094385 5 -0.00146636999315609 146666257 147196291 530034
2 219 rs17338665 33947012 5 0.00146555508992815 33939941 34005793 65852
2 645 rs1598514 138568673 5 0.00145425088460276 138440691 138655271 214580
2 938 rs1564241 218320757 6 -0.00144277891022751 218167851 218392555 224704
2 890 rs6435354 207701151 1 0.00144103239325882 207323801 207711974 388173
2 615 rs10928155 132583278 2 -0.00143789643900819 132298468 132583278 284810
2 905 rs10432525 212036651 3 0.00142034928228021 211935990 212191113 255123
2 306 rs2293276 48819197 11 -0.00140056296166898 48769377 48948802 179425
2 1104 rs6723732 241986030 3 0.00139884121458077 241922182 242002306 80124
2 801 rs934803 178690786 3 0.00139802046089273 178555032 179099946 544914
2 893 rs918193 208150499 6 0.00139737284956394 208133793 208536536 402743
2 566 rs7581710 121195181 3 0.00138264273203579 121195181 121214402 19221
2 746 rs3749005 168115325 4 -0.00136880680697556 167737177 168287130 549953
2 599 rs8179521 128150924 4 0.00136666795971775 127901657 128195387 293730
2 132 rs16982855 17043703 2 -0.00135236019014791 16990911 17114343 123432
2 452 rs13028762 79930269 3 -0.00135101395381113 79930269 80035372 105103
2 447 rs393149 79244207 2 0.00134173791939174 79225690 79347745 122055
2 143 rs6531131 19078715 5 0.00134105648269734 19029816 19286943 257127
2 270 rs2052927 43436754 1 0.00133485182596955 43411001 43436754 25753
2 476 rs11691934 86165443 1 0.00132504483254162 86032231 86534520 502289
2 465 rs11894798 83570115 1 -0.00131690395959364 82978565 83570264 591699
2 390 rs7572183 68954919 3 -0.00131490967759047 68884537 68954919 70382
2 561 rs935393 120165808 1 0.00130976288722661 120057962 120247486 189524
2 972 rs1347630 223427854 3 0.00130331345854413 223355051 223559089 204038
2 506 rs12620928 105690215 1 -0.00129972539289821 105378957 105767133 388176
2 1071 rs1986830 237978320 1 -0.00129899196887937 237958171 238089055 130884
2 416 rs7589197 74322469 1 -0.0012810727421368 74202473 74355244 152771
2 304 rs10490303 48039484 2 0.0012805322619578801 47942825 48179497 236672
2 796 rs2044642 177460699 1 0.0012640044073944 177365599 177460699 95100
2 1019 rs6436952 231479012 2 -0.00125827521711593 231477223 231521950 44727
2 429 rs13385913 75899732 2 -0.00125544020934502 75832122 76160203 328081
2 144 rs1727198 19479000 2 0.00125283093323001 19302855 19590019 287164
2 513 rs7419384 106887870 4 -0.0012362555717002 106693142 106965073 271931
2 66 rs6708659 7924833 1 0.0012323437002519 7826501 7933809 107308
2 497 rs6708609 103232093 1 0.00123151184173469 103096695 103301268 204573
2 1005 rs16824774 229241777 2 -0.00122191094320086 229240608 229366183 125575
2 274 rs7583854 44290437 1 -0.0012197917888966 44279622 44290437 10815
2 1084 rs3791370 240001331 1 -0.00119905142414112 239961615 240032214 70599
2 591 rs2114601 126440697 5 0.00119403620045229 126338255 126670324 332069
2 91 rs6733161 10768598 6 -0.00116597141296881 10682449 10874671 192222
2 1047 rs11685523 235464046 1 0.00116013323622679 235442524 235464046 21522
2 118 rs6732271 15303781 2 0.00114365579304496 15242150 15303803 61653
2 387 rs11681748 68174567 4 -0.00114034970341191 68165196 68241345 76149
2 51 rs2693828 6159640 2 -0.00113352899811359 6092674 6254752 162078
2 483 rs12987946 98022476 2 0.00113142137387578 97613616 98561153 947537
2 215 rs642472 33614187 4 0.0011279662433792 33369582 33614187 244605
2 735 rs4667702 164630062 2 0.00112095188054133 164499515 164638458 138943
2 592 rs13431384 127310661 1 -0.00111661589490903 126719125 127353125 634000
2 670 rs17834780 144638809 2 0.0011131121613925 144529508 144662599 133091
2 322 rs4625950 52328224 1 -0.00110722598205593 52084316 52328224 243908
2 127 rs340743 16451390 2 -0.00110275536401016 16431781 16531332 99551
2 453 rs7600078 80084011 1 -0.00110240875751162 80081182 80115384 34202
2 169 rs1025703 23507416 2 0.00109815592967099 23402458 23531468 129010
2 160 rs6739502 21527036 4 -0.00109702767581991 21518127 21537748 19621
2 440 rs2204916 77730014 2 0.0010826449216362801 77689016 77783575 94559
2 578 rs4848730 122616990 2 0.00108211616161862 122562188 122837193 275005
2 389 rs7563017 68728483 1 0.00107448118117388 68553195 68811427 258232
2 864 rs1835720 201145974 4 -0.00107403683983379 200527705 201247479 719774
2 993 rs2102101 227410349 2 -0.00106076988072366 227207379 227529244 321865
2 1003 rs16824126 228754349 1 0.00105661129671138 228754349 228776938 22589
2 1080 rs11694250 239138259 2 0.00105090641970719 239095422 239444822 349400
2 308 rs12620872 49015548 3 -0.00104878708647523 49013655 49099508 85853
2 180 rs752472 26873672 1 0.00103817442464756 26755551 26873672 118121
2 764 rs7564575 171257193 1 -0.00102928227293096 171233990 171303727 69737
2 363 rs6546032 64075076 3 0.00102523275694547 63652403 64495627 843224
2 1044 rs4663369 235181704 3 -0.00102203911686983 235170697 235241961 71264
2 605 rs841470 129370246 2 0.00101863641272633 129316382 129441341 124959
2 34 rs6542706 4409558 1 0.00101827273934756 4325172 4456055 130883
2 891 rs1377390 207755367 4 0.00101042003005217 207726297 207831954 105657
2 587 rs1827596 125256443 1 -0.00100791958176831 125177190 125290839 113649
2 446 rs6761240 79101215 1 0.00100696308187766 79061185 79178130 116945
2 580 rs1598024 123206041 1 0.0010069138476609 123176322 123238843 62521
2 336 rs3791679 56096892 3 -0.00100122661013537 55727476 56096892 369416
2 354 rs17019696 60498211 1 -0.00100101470897475 60456933 60538727 81794
2 661 rs16855061 142363473 1 -9.9980173636185e-4 142176624 142374378 197754
2 814 rs4233796 182088349 4 -9.97928697096584e-4 181825225 182256688 431463
2 752 rs7584694 169087090 1 9.90023563492264e-4 169074972 169174367 99395
2 154 rs11096674 20752612 2 -9.843687391655003e-4 20720724 20752612 31888
2 379 rs17681403 66977032 1 9.828854189453946e-4 66977032 66977032 0
2 309 rs6545082 49153675 1 9.789623757012447e-4 49116885 49230413 113528
2 831 rs6717231 189896170 5 9.679056507287648e-4 189882685 190412377 529692
2 233 rs12465282 36619764 1 9.657151460034204e-4 36571060 36679028 107968
2 677 rs2704789 146513307 1 -9.625137246908874e-4 146422643 146639739 217096
2 759 rs830964 170156880 1 9.582274801890876e-4 170156880 170232853 75973
2 607 rs6740023 129654217 1 9.528117338607676e-4 129549283 129864132 314849
2 950 rs6726806 220351379 1 9.502623552075808e-4 220311039 220412282 101243
2 220 rs1718728 34074656 2 9.480460119762388e-4 34040204 34236374 196170
2 594 rs4662687 127469104 1 -9.228382318256016e-4 127451514 127473880 22366
2 557 rs12988660 119561237 1 -9.20314434063166e-4 119540832 119632447 91615
2 849 rs13401865 195525824 1 9.196466311123004e-4 195381344 195583436 202092
2 505 rs10178865 105307941 2 9.13313791121619e-4 105278158 105356894 78736
2 742 rs2390319 166821406 1 -9.092582330591256e-4 166576956 166927659 350703
2 743 rs11681716 167017706 1 -9.033488695848996e-4 166937584 167120956 183372
2 634 rs2289468 135199564 2 8.950086370476771e-4 135162755 135237274 74519
2 381 rs1362478 67294023 4 8.946959266873935e-4 67240028 67429679 189651
2 657 rs16844617 141500692 1 8.893960706593477e-4 141348478 141583206 234728
2 434 rs12469595 76927056 1 -8.805053637970974e-4 76927056 76941049 13993
2 919 rs9288486 214929465 4 -8.695862529293347e-4 214916394 215054694 138300
2 692 rs10497060 151363500 2 -8.679211520859435e-4 151330926 151401771 70845
2 575 rs2250092 121992921 2 8.587138141582819e-4 121981608 122036871 55263
2 204 rs6710242 31006133 1 8.57297021023107e-4 30988148 31006133 17985
2 590 rs9308661 126193494 1 8.550975214492584e-4 125806843 126332264 525421
2 773 rs1386351 173046584 1 -8.476148792238125e-4 173046584 173126490 79906
2 583 rs13010499 123925634 8 8.396498997157757e-4 123780262 124088863 308601
2 231 rs12989193 36438956 2 -8.362241217756601e-4 36374519 36462390 87871
2 781 rs7573192 174297735 1 -8.214695381659834e-4 174283773 174306537 22764
2 86 rs2014889 10467171 1 -8.211210476782294e-4 10454622 10475308 20686
2 7 rs4971396 1153552 2 8.123944593145391e-4 1143477 1367511 224034
2 329 rs11902012 53764592 1 -8.08795036293764e-4 53647729 53835083 187354
2 48 rs16864170 5907880 2 -8.063019255084641e-4 5875648 5989380 113732
2 245 rs232574 38387227 1 -8.023632847900806e-4 38328178 38399977 71799
2 1048 rs4663447 235504056 1 7.928711486252929e-4 235501122 235509738 8616
2 811 rs1609988 181028836 2 -7.871626292807666e-4 180991780 181290099 298319
2 520 rs2577613 109099477 2 7.82788516393117e-4 108939940 109514464 574524
2 503 rs7570682 104983267 2 -7.821325140385164e-4 104954640 105115341 160701
2 371 rs934734 65595586 1 7.708501552405601e-4 65546422 65711298 164876
2 258 rs12988568 41226427 4 7.573225307932537e-4 41103223 41366151 262928
2 328 rs2161783 53536813 1 -7.535786646898903e-4 53536813 53633492 96679
2 184 rs2279475 28545109 2 7.533684414317253e-4 28493370 28587069 93699
2 567 rs7574050 121247093 1 -7.506598410599666e-4 121247093 121247093 0
2 794 rs4972806 177012578 1 7.505115359945164e-4 176962989 177070126 107137
2 374 rs6708834 66090665 1 -7.35307127387969e-4 65938740 66095536 156796
2 94 rs4442966 11085744 3 -7.299882423728268e-4 11083259 11092613 9354
2 271 rs11693801 43590329 3 7.062252242095238e-4 43502477 43834118 331641
2 840 rs10192358 192560825 1 -7.045788837000749e-4 192469816 192584206 114390
2 798 rs6433620 177768841 3 -6.954374457639067e-4 177627904 177813333 185429
2 473 rs1135604 85615012 4 -6.950711484337442e-4 85528643 85654299 125656
2 165 rs3738876 23102550 1 6.941749188253629e-4 23102550 23106030 3480
2 526 rs4353695 110900649 1 -6.903181031831724e-4 110886142 110983320 97178
2 458 rs7576475 80728120 2 -6.878022422803376e-4 80673614 80728120 54506
2 528 rs3789078 111797679 1 6.843775208458808e-4 111753228 111850515 97287
2 622 rs16843961 133700371 1 6.812875126789421e-4 133643197 133708257 65060
2 222 rs1425021 34313003 3 6.692756076832937e-4 34284852 34491664 206812
2 668 rs354728 143944775 1 -6.557015736039215e-4 143944775 144131703 186928
2 1095 rs4312524 240879532 2 -6.545483481634587e-4 240851523 240961728 110205
2 983 rs1453672 225025120 2 -6.49129082017631e-4 224941842 225025120 83278
2 797 rs7566988 177579054 1 -6.357734586504168e-4 177522377 177579054 56677
2 729 rs1399650 162551718 1 -6.248893961395914e-4 162139812 162772897 633085
2 770 rs12476299 172450729 1 -6.240288203700989e-4 172393381 172512177 118796
2 709 rs1505727 156312118 3 -6.172309028608028e-4 155688576 156544750 856174
2 736 rs10497248 164752462 5 -6.06264551899664e-4 164720735 165180323 459588
2 383 rs6546315 67800520 3 6.007152006517038e-4 67705080 67867456 162376
2 912 rs17347606 213226977 1 5.987329272426142e-4 213200920 213395507 194587
2 996 rs16822696 227675755 1 5.985332940526397e-4 227675755 227925991 250236
2 854 rs2305566 197172538 1 5.962614370839702e-4 197141271 197273364 132093
2 3 rs4402801 585333 3 -5.863853006334315e-4 506733 652797 146064
2 11 rs6728613 1842774 1 -5.838380985138448e-4 1786200 1845843 59643
2 430 rs13025724 76379904 1 -5.830849922909673e-4 76187099 76454980 267881
2 902 rs3732055 211334708 2 5.822749237627394e-4 211287315 211525764 238449
2 879 rs4429453 205759917 1 -5.776785794089207e-4 205645815 205794531 148716
2 139 rs13390392 18404520 2 5.767620957617188e-4 18356051 18497843 141792
2 9 rs9752413 1622140 1 -5.759593609753963e-4 1619121 1643208 24087
2 501 rs2889276 104714131 1 5.47089943178684e-4 104573005 104714131 141126
2 206 rs2303323 31189304 4 5.376018316983729e-4 31112433 31189304 76871
2 839 rs2356656 192381934 3 5.359156117531127e-4 192381934 192448132 66198
2 704 rs1940268 154436735 2 5.352590430928334e-4 154348863 154479664 130801
2 1017 rs1427283 231282791 3 5.344100258271014e-4 231236963 231316105 79142
2 419 rs642247 75041874 2 5.288866196046177e-4 74987298 75047206 59908
2 1066 rs4663650 237415521 1 5.287596027322418e-4 237415521 237496112 80591
2 116 rs1568282 15066177 2 5.266162323950946e-4 14765777 15076201 310424
2 223 rs13005810 34580853 2 5.233214564545267e-4 34509330 34678045 168715
2 547 rs55705191 117027186 1 -5.218780365641139e-4 116776554 117375251 598697
2 264 rs7591141 42353031 1 -5.197981322388119e-4 42350487 42690878 340391
2 810 rs16867120 180826451 1 5.193236900743576e-4 180783672 180979913 196241
2 145 rs824498 19671234 3 5.17965725320334e-4 19640713 19687207 46494
2 702 rs7582602 153986336 1 -5.156677776825691e-4 153814233 153997058 182825
2 904 rs167650 211895267 1 -5.140869251207619e-4 211778272 211897179 118907
2 494 rs2310175 102670809 1 5.120653425912029e-4 102302978 102678709 375731
2 652 rs6430852 140464009 3 -5.107994844143018e-4 140318199 140651778 333579
2 588 rs13008208 125335411 1 5.092555769422075e-4 125303280 125437743 134463
2 913 rs11688976 213469506 1 -5.030642644475035e-4 213469506 213504183 34677
2 268 rs4953715 43270895 1 4.973126481114777e-4 43270895 43305926 35031
2 827 rs13388743 188573244 2 -4.960570161732144e-4 188390112 188640654 250542
2 356 rs2556378 60762502 2 -4.93419050497711e-4 60607728 60762502 154774
2 546 rs10173996 116467283 1 -4.926111102821695e-4 116426293 116770267 343974
2 823 rs17508767 185535807 2 -4.875396318238638e-4 185326251 185559043 232792
2 295 rs10167561 46968051 2 4.793697861993027e-4 46929873 47049453 119580
2 266 rs11687176 43091550 2 -4.7733932235142335e-4 43050311 43151394 101083
2 647 rs4273272 138846608 1 -4.7163436518801434e-4 138846608 139052721 206113
2 435 rs10172954 76957370 1 -4.605536457974888e-4 76957370 77016349 58979
2 787 rs12999294 175093978 5 -4.574305902377603e-4 174937278 175292364 355086
2 825 rs17403547 186291818 6 -4.5561524850790906e-4 186267921 187493841 1225920
2 177 rs10182758 25915721 1 -4.4980803008066864e-4 25915721 26191296 275575
2 208 rs72797147 31420143 1 -4.494304786041194e-4 31394722 31450522 55800
2 877 rs4075322 205228510 2 -4.4832124702008056e-4 205228510 205347379 118869
2 140 rs2345835 18574952 2 4.446413897256995e-4 18531499 18621953 90454
2 287 rs10201568 46125865 1 4.428369375416668e-4 46054013 46125971 71958
2 563 rs1437421 120975831 1 4.40145789532398e-4 120885310 121041347 156037
2 53 rs10191492 6380352 4 -4.2811802295378114e-4 6366715 6424508 57793
2 455 rs10865448 80272344 1 4.1738219044817215e-4 80228740 80280680 51940
2 769 rs12465868 172212652 2 4.1492880850570424e-4 172104703 172376933 272230
2 900 rs2886188 210000798 3 4.093313701159845e-4 209963585 210810644 847059
2 800 rs10469714 178498015 6 -4.062319036646693e-4 178151626 178551958 400332
2 411 rs10153788 72197252 4 -4.022544885209057e-4 72173427 72353138 179711
2 192 rs4666195 29520455 1 3.972932760378291e-4 29477830 29543736 65906
2 464 rs17022041 82843078 4 3.925943510227671e-4 82405114 82900043 494929
2 463 rs17020744 81992061 2 -3.921344434642881e-4 81623974 82331873 707899
2 195 rs6547972 29913145 2 -3.855944988657936e-4 29812429 29966380 153951
2 95 rs10495577 11123515 1 3.8116366578383617e-4 11113517 11220562 107045
2 1040 rs4663995 234892127 1 3.780265194700453e-4 234890391 234900513 10122
2 305 rs2471403 48490508 2 -3.7593841450255216e-4 48233949 48749047 515098
2 46 rs11685276 5802628 1 -3.695696096323912e-4 5729629 5804497 74868
2 391 rs11677065 69013007 1 3.666431464174547e-4 68970181 69101053 130872
2 122 rs12613665 15975615 1 3.653506614729811e-4 15950899 15975615 24716
2 395 rs6546523 69708367 2 -3.612273462594015e-4 69431269 69759415 328146
2 373 rs7579084 65877962 2 -3.6020382552626423e-4 65810588 65928971 118383
2 357 rs881952 60888202 1 -3.543250386629965e-4 60811584 60910033 98449
2 598 rs7605172 127797114 3 3.4447727824696967e-4 127778235 127894615 116380
2 196 rs7567152 30074153 2 3.3686075514054674e-4 30002326 30111766 109440
2 128 rs12465117 16556650 1 -3.3226805094968754e-4 16556650 16556650 0
2 319 rs10490152 51451120 1 3.24023791288858e-4 51311532 51618634 307102
2 679 rs10928302 147372024 1 3.22229655536352e-4 147292648 147541992 249344
2 888 rs4673340 206806002 1 -3.2032769651798123e-4 206806002 206813228 7226
2 766 rs10191600 171476133 1 3.1982678910911307e-4 171476133 171522950 46817
2 885 rs849575 206605180 1 -3.1599074683722985e-4 206560613 206614091 53478
2 398 rs6546604 70642807 1 -3.134129659644584e-4 70587543 70753882 166339
2 147 rs11096616 19950959 1 3.0993031229429593e-4 19916997 19975732 58735
2 812 rs10490716 181526095 2 -3.0754158700382916e-4 181335796 181614535 278739
2 697 rs75961064 152220510 1 -2.99279451064422e-4 152008089 152236398 228309
2 1086 rs843462 240318755 1 2.920836043231661e-4 240208154 240318755 110601
2 433 rs6716298 76860212 1 -2.916451965345706e-4 76762757 76894380 131623
2 423 rs3771817 75338380 1 -2.902516103161951e-4 75323267 75406823 83556
2 414 rs3820700 73716810 2 2.894247542045641e-4 73537537 74097364 559827
2 26 rs1869417 3249933 2 -2.8130096213762284e-4 3149987 3438355 288368
2 263 rs6737623 42291485 2 2.802048721881163e-4 42180912 42329329 148417
2 986 rs11675680 225974764 2 2.7061392604155405e-4 225848579 225979968 131389
2 61 rs16865717 7032618 1 -2.6355826114835457e-4 7028438 7075768 47330
2 721 rs2193707 159320951 1 -2.6157704783562064e-4 159312733 159567817 255084
2 175 rs2241759 25064193 11 -2.605969083479716e-4 24718100 25482883 764783
2 234 rs3770827 36747912 4 -2.5761908927306165e-4 36696521 36851901 155380
2 502 rs1519627 104948911 1 2.5720313297404807e-4 104742560 104950170 207610
2 693 rs13416697 151513311 2 2.518475257126561e-4 151485519 151516631 31112
2 745 rs2390487 167660965 5 2.5051522372191576e-4 167377978 167671649 293671
2 332 rs4129261 54706092 2 -2.4900724447865855e-4 54646852 54714119 67267
2 815 rs1449263 182319301 1 2.4455479805820244e-4 182273419 182349409 75990
2 158 rs7569328 21100778 1 2.405660659429943e-4 21059930 21100778 40848
2 20 rs2053906 2749520 4 2.39360599060764e-4 2723155 2765887 42732
2 213 rs12618959 33163650 1 -2.2975995783235388e-4 33138551 33255984 117433
2 523 rs6748333 110005208 5 2.2970419250247995e-4 109931911 110077153 145242
2 530 rs7593992 112395534 1 2.285816677174477e-4 112277340 112411416 134076
2 685 rs2382231 149290943 1 -2.2604241684185043e-4 149251702 149568396 316694
2 85 rs887958 10394082 5 -2.1723644738228223e-4 10333767 10402632 68865
2 81 rs2357266 9924387 1 -2.1663662387672852e-4 9924387 9949464 25077
2 623 rs4954014 133746273 2 -2.158342800438752e-4 133742448 133759852 17404
2 93 rs1882646 11031788 1 2.1180797608298272e-4 11019047 11056828 37781
2 819 rs3748884 184024190 1 2.1115538839652027e-4 183702964 184139076 436112
2 930 rs10180583 216905728 10 -2.095778490608163e-4 216905728 217216651 310923
2 38 rs1821990 4882122 1 -2.0601970160280823e-4 4822972 4988246 165274
2 866 rs17533238 201501431 3 -2.047985645434349e-4 201367356 201562553 195197
2 2 rs4630798 406981 1 -2.03589356298925e-4 406981 483114 76133
2 261 rs7599875 42011160 2 1.992411742117924e-4 42011160 42075529 64369
2 713 rs2131801 157654171 3 1.9884560559943828e-4 157565192 157654171 88979
2 1057 rs11694206 236080213 2 1.955758986016191e-4 236070210 236188718 118508
2 861 rs16830436 199632946 2 1.9317649169195344e-4 199336392 199640420 304028
2 817 rs17366503 183068844 4 -1.9201966931682089e-4 182852282 183107270 254988
2 586 rs779979 125078104 2 -1.8962659640953252e-4 124946945 125159292 212347
2 27 rs9752321 3494374 3 1.889272527356424e-4 3477014 3718985 241971
2 109 rs7568997 13257628 1 1.8424385535118848e-4 13146645 13610655 464010
2 380 rs981718 67217705 2 1.8293172159371463e-4 67020529 67217705 197176
2 495 rs10199359 102707179 6 -1.817986078390104e-4 102707179 102852866 145687
2 869 rs11894115 202512449 1 -1.7827988577574555e-4 202512449 202531624 19175
2 872 rs7564315 202944114 6 -1.7136786231966718e-4 202867453 203021290 153837
2 646 rs16839931 138702790 2 -1.671698519932684e-4 138701957 138789029 87072
2 443 rs6719192 78124975 2 1.6678261056075696e-4 78093107 78124975 31868
2 413 rs2043095 73407442 1 -1.6226291053765158e-4 73278990 73491644 212654
2 84 rs2241113 10275746 1 1.5508668780565477e-4 10194487 10286466 91979
2 83 rs2303920 10126330 2 1.5500484552798067e-4 10089722 10162037 72315
2 870 rs11300 202565570 3 1.5443419724807134e-4 202561571 202763587 202016
2 774 rs4246619 173191687 1 -1.535664048773325e-4 173141580 173262339 120759
2 1103 rs10199038 241817322 1 -1.474152309215187e-4 241740907 241894333 153426
2 428 rs6717602 75714591 1 1.437486482949556e-4 75714591 75792267 77676
2 386 rs6704741 68149455 1 1.3902637876495432e-4 68050599 68149455 98856
2 860 rs12477557 199236870 5 -1.3558270570307018e-4 199123727 199258412 134685
2 984 rs17793362 225155065 1 -1.3310046031309646e-4 225042531 225260618 218087
2 474 rs908307 85673991 1 1.3230014241838217e-4 85668988 85843348 174360
2 105 rs10211429 12579179 1 1.2391422239416865e-4 12411048 12591695 180647
2 711 rs13034611 156914685 1 -1.2378042830945153e-4 156913082 156950640 37558
2 753 rs2123194 169204903 1 1.1907038734773998e-4 169196340 169220101 23761
2 809 rs12472888 180595863 1 -1.1409212683162434e-4 180595863 180717978 122115
2 782 rs16861732 174326790 1 -1.104969877847443e-4 174326790 174479004 152214
2 960 rs10498096 221761150 1 -1.068574195097721e-4 221709623 221762952 53329
2 472 rs6547602 85470087 1 -1.0609451478002516e-4 85389685 85508454 118769
2 1058 rs2116399 236218851 2 -1.0502734158598528e-4 236214712 236265496 50784
2 1088 rs7571643 240467554 2 -1.0445488483527407e-4 240436304 240467554 31250
2 606 rs11684311 129483795 1 1.0264889783059342e-4 129478842 129537733 58891
2 216 rs604394 33657837 1 9.980466639843198e-5 33641932 33657837 15905
2 482 rs4907254 97549668 2 9.710633781048836e-5 95639504 97549668 1910164
2 577 rs12479320 122117738 3 9.598001356541124e-5 122083042 122492983 409941
2 689 rs4667400 150604671 8 9.53723727260495e-5 150492237 150706151 213914
2 141 rs10191044 18716201 1 9.524552673169316e-5 18671795 18736630 64835
2 968 rs10932941 222986114 1 9.460365462510784e-5 222891137 222986114 94977
2 628 rs1653794 134369949 1 -9.419712461493692e-5 134369367 134393846 24479
2 934 rs1179692 217761884 1 -9.133067644824004e-5 217730567 217835147 104580
2 596 rs574015 127738513 1 -8.963250801115812e-5 127645411 127738513 93102
2 630 rs873971 134714647 1 8.714880484606088e-5 134626686 134719933 93247
2 457 rs9808084 80542744 1 -8.398516504483337e-5 80529956 80619803 89847
2 64 rs3910069 7554772 1 -8.184596498426334e-5 7488859 7554772 65913
2 915 rs4450544 213756968 2 8.121668499506842e-5 213595110 213794754 199644
2 1010 rs6712266 230272648 1 7.95460694066979e-5 230093903 230278731 184828
2 289 rs3768760 46319124 1 7.870194202017362e-5 46308729 46340378 31649
2 856 rs13019481 197908675 2 7.252507707517712e-5 197845449 197998115 152666
2 542 rs6761461 115249736 4 -7.229927250921751e-5 115210642 115280624 69982
2 948 rs6436122 220036390 1 -7.130891006753288e-5 219900068 220046840 146772
2 512 rs6742317 106592564 1 6.585215208056684e-5 106551158 106674925 123767
2 667 rs354693 143830118 1 -6.328711688562917e-5 143475728 143830118 354390
2 750 rs10930295 168749667 2 6.278410816458612e-5 168649399 168772522 123123
2 351 rs6545747 59952846 1 6.191100185649874e-5 59794609 59989621 195012
2 663 rs7558916 142533719 3 -6.116639535721472e-5 142513131 142634120 120989
2 792 rs2121392 176729305 1 5.532667016927236e-5 176618964 176732191 113227
2 298 rs4953456 47290570 1 -5.4010382762501856e-5 47259467 47302095 42628
2 806 rs13011836 180240770 2 -5.3959797854619086e-5 180240770 180316070 75300
2 301 rs4422207 47564034 1 5.390613305190704e-5 47564034 47763895 199861
2 137 rs13403883 18149931 1 5.38588645041157e-5 18147893 18274609 126716
2 1069 rs1897464 237698676 1 5.321672214486905e-5 237683005 237723694 40689
2 1039 rs12473889 234844945 2 -5.307773927375566e-5 234713706 234876037 162331
2 569 rs10496562 121469965 1 -5.304531817105604e-5 121393032 121551745 158713
2 871 rs967693 202838353 1 -4.742958978955493e-5 202835148 202838353 3205
2 1008 rs990672 229956318 2 4.738450931981051e-5 229942970 229968218 25248
2 302 rs4953503 47794426 1 3.990738221081801e-5 47794426 47794426 0
2 45 rs792068 5600812 1 3.0608374879801364e-5 5600812 5656809 55997
2 225 rs3115263 34968286 2 2.9986160017792982e-5 34905328 35036487 131159
2 142 rs3890826 18954914 2 2.9344563916160735e-5 18763970 18995463 231493
2 974 rs10439277 223727213 1 -2.881088211490957e-5 223672096 223785740 113644
2 488 rs12472141 100882593 1 2.6772418226653125e-5 100746395 101045508 299113
2 454 rs671772 80197462 1 -2.0261864870013003e-5 80153996 80213680 59684
2 400 rs11126282 70826216 1 -1.6152270678015792e-5 70825231 70835618 10387
2 221 rs13033324 34253584 1 -1.4866176254396237e-5 34245505 34272097 26592
2 315 rs6725307 50714013 1 -1.4054907605394155e-5 50689260 50744774 55514
2 1081 rs13004019 239549312 1 -8.511485891349593e-6 239482459 239574950 92491
2 1064 rs10184445 237189869 1 7.111863291503652e-6 237052475 237193052 140577
2 355 rs7567242 60553143 1 5.741471703626517e-6 60553143 60584819 31676
2 236 rs10197807 36939159 2 -5.387399530236349e-6 36938368 36994439 56071
2 928 rs4674039 216794024 1 -4.834269390090479e-6 216767198 216795091 27893
