CHR Group SNP.lead BP.lead Size W BP.min BP.max BP.width
7 3007 rs10488631 128594183 1 0.12670217717288765 128594183 128692657 98474
7 3006 rs4728142 128573967 3 0.12186660445804096 128568960 128573967 5007
7 1254 rs11984075 37436854 2 0.04324775996756285 37435223 37436975 1752
7 786 rs10155981 22756463 5 0.036508600451091 22756463 22759607 3144
7 1930 rs13238568 74076493 5 0.03596312133389188 74076493 74115258 38765
7 2770 rs1799999 113518434 1 0.03334126004690694 113518434 113534005 15571
7 676 rs10257873 20439353 2 0.02975276237303724 20429735 20443021 13286
7 3513 rs10229125 149015443 1 0.02880593733022535 149015443 149015443 0
7 1293 rs2043260 38657224 1 0.02689214393660392 38646891 38657224 10333
7 1251 rs17259252 37382520 2 0.02561564733162616 37374510 37382520 8010
7 2324 rs10254794 93338280 2 0.02517740760734344 93334446 93339775 5329
7 3833 rs3763412 158525086 2 0.02334054410501725 158525086 158536345 11259
7 1763 rs11763777 64075291 3 0.02111642850416881 63962963 64077521 114558
