CHR Group SNP.lead BP.lead Size W BP.min BP.max BP.width
13 309 rs9596270 50842440 5 0.1039719405588154 50775500 51050243 274743
13 247 rs9533108 43024710 5 0.09578776432424448 42951449 43073459 122010
13 627 rs7320894 99796620 6 0.03334617973728444 99780461 100029932 249471
13 110 rs3897926 28562605 3 0.03134704776870231 28527780 28563849 36069
13 752 rs592398 109879222 8 0.02747522729417101 109846326 109980941 134615
13 771 rs872587 111015780 2 0.02483772495369858 111015780 111067499 51719
13 545 rs9301581 90192152 5 0.0221088847769233 90192152 90431523 239371
13 140 rs4769873 31312689 8 0.02058749397807478 31275913 31338462 62549
13 781 rs9522040 111640500 3 -0.01863084828727715 111626313 111694071 67758
13 284 rs1408184 46946157 10 0.01862170472962056 46899943 47060133 160190
13 346 rs7339394 58859943 7 -0.01836574092030613 58840509 59072409 231900
13 261 rs1888303 44374981 1 0.01814655326921769 44249607 44374981 125374
13 64 rs9318387 24771164 3 0.0178687895021338 24749644 24771834 22190
13 311 rs797486 51221618 2 0.01773338870292441 51178170 51221618 43448
13 667 rs6491722 103667305 4 -0.01705397351596615 103581278 103683448 102170
13 420 rs7981837 71944043 14 -0.01654816471698455 71866077 71973660 107583
13 505 rs17073814 81740673 1 0.01629297568045408 81740673 81944734 204061
13 435 rs2503687 73676673 3 0.01600116768202239 73628964 73686332 57368
13 512 rs1335849 82959386 3 -0.01591885642731732 82956307 83192230 235923
13 530 rs8001205 86498444 1 0.01542963020838861 86369120 86612116 242996
13 451 rs9530313 74998658 1 0.01515007639201621 74898691 75006579 107888
13 349 rs2321885 59451706 7 -0.01510779394324367 59343966 59483082 139116
13 364 rs9598274 61994491 1 0.01490361646870681 61972637 62064817 92180
13 375 rs9598672 64534126 9 -0.01479210323962695 64307200 64613437 306237
13 227 rs953977 40700622 4 -0.01409469220114254 40662742 40705706 42964
13 360 rs3119878 61384056 5 -0.01390447329537671 61272403 61385702 113299
13 668 rs41281676 103697329 4 0.01368076710514243 103696987 103784788 87801
13 659 rs7996616 102895276 2 -0.01305964513066355 102873409 103023677 150268
13 760 rs4773094 110441483 2 0.0130150006308382 110399126 110455433 56307
13 470 rs1394695 76931625 3 0.01300275708592315 76868251 76935735 67484
13 741 rs1805389 108863609 3 0.01223245273626991 108816225 108900121 83896
13 759 rs1411552 110371264 1 0.01205432071195072 110358879 110393477 34598
13 625 rs9554501 99423052 8 0.01155029115999543 99398842 99433482 34640
13 511 rs981915 82640195 1 0.01154448149428814 82640195 82924724 284529
13 551 rs4129526 91067301 1 0.01140443194985318 90986459 91070322 83863
13 498 rs6563154 80694509 2 0.0110971297751324 80606751 80717156 110405
13 328 rs17053844 53625421 1 0.01087168212868731 53606515 53823098 216583
13 757 rs331622 110290826 3 0.01064344059538719 110262556 110333296 70740
13 482 rs9600982 78711867 7 0.01057745654351184 78674390 78721716 47326
13 656 rs11069468 102600583 1 0.01043154686483127 102572919 102618530 45611
13 538 rs9585395 88312331 1 0.01017854237349293 88231088 88334213 103125
13 305 rs3803185 50205025 7 0.01006973023993192 50008935 50210212 201277
13 591 rs1678388 95853780 7 0.01000200175544969 95825604 95889678 64074
13 134 rs7986129 30964159 3 0.00989715172123944 30887663 30964159 76496
13 561 rs548544 92436057 2 0.0098685185973275 92417058 92733984 316926
13 336 rs4363757 55350946 4 0.00985547154936976 55158519 55557872 399353
13 245 rs1170194 42669180 5 -0.00964056688099225 42642546 42803341 160795
13 407 rs9317873 70640729 4 0.00951278795356355 70623556 70724235 100679
13 426 rs9542843 72645601 3 -0.00914429916640514 72545858 72679987 134129
13 213 rs9576575 39162973 2 -0.00907179655760736 39079818 39162973 83155
13 73 rs7987497 25428365 8 0.00906977351245011 25378476 25568016 189540
13 266 rs7319124 44826599 3 0.00894012947971813 44812570 44879062 66492
13 585 rs7995237 95392487 1 0.00891754782565925 95319819 95446803 126984
13 307 rs2490637 50545357 7 -0.00883056254898852 50424677 50725514 300837
13 573 rs7324202 93997637 2 -0.00873784954657436 93935502 94054621 119119
13 500 rs9574626 80893327 1 0.00852009387768933 80833571 80893327 59756
13 487 rs12585725 79220899 1 -0.00829811210815075 79073248 79220899 147651
13 569 rs4270037 93582208 2 -0.00827822170771091 93456975 93644321 187346
13 577 rs8000417 94598156 9 0.00818308507693808 94589117 94770906 181789
13 106 rs11617198 28239486 3 0.00809299197988013 28143723 28269905 126182
13 3 rs9513003 19980323 3 0.00787202154150882 19980323 20440020 459697
13 533 rs9805799 87003771 2 -0.00784688180731929 86956812 87010354 53542
13 129 rs481209 30535309 6 -0.0074976000227962 30488370 30581892 93522
13 640 rs9554728 101442747 2 0.00745149052591316 101402167 101508242 106075
13 203 rs12428702 37980346 1 0.00744205866260636 37907452 37988791 81339
13 620 rs3848021 99049254 2 -0.00734787693103936 99030589 99069239 38650
13 576 rs4366594 94405336 3 0.00700377370266684 94280492 94543694 263202
13 489 rs9574311 79396606 2 0.00686543775707285 79396606 79455832 59226
13 706 rs12431263 106543592 2 0.00676937364059918 106524622 106554560 29938
13 665 rs4150342 103520565 3 0.00662358755637348 103473497 103554630 81133
13 41 rs9552679 23231920 5 -0.00650610607697513 23088473 23248799 160326
13 429 rs548476 72941601 2 -0.00648721503536879 72848816 72959394 110578
13 82 rs9511890 26295986 2 0.00645229133618352 26220097 26299814 79717
13 56 rs745068 24291878 6 0.00644756970324146 24289783 24441561 151778
13 153 rs1571309 32286296 2 0.00640534598529566 32199800 32286296 86496
13 394 rs9317664 68107914 3 0.00625933065704707 68046162 68174418 128256
13 552 rs1929045 91188066 4 0.00614846127574657 91108407 91262300 153893
13 448 rs945691 74713439 5 0.0059909640570655 74695517 74730392 34875
13 501 rs556140 80968959 2 0.00595578762562729 80955054 81159966 204912
13 322 rs2031992 52506372 4 -0.00578128438477492 52416567 52603241 186674
13 373 rs4884495 64143037 4 0.00568278501160023 64000669 64194660 193991
13 77 rs9511690 25779664 1 -0.0056578091505508 25778082 25781352 3270
13 449 rs7989618 74806494 2 0.00565238326651503 74742322 74854181 111859
13 608 rs7317296 98452663 7 -0.00554852252293041 98436990 98514965 77975
13 5 rs9509028 20657188 4 0.00553358341743645 20494558 20676866 182308
13 259 rs9316019 43980564 1 -0.00550856026922906 43936468 44078678 142210
13 69 rs9580980 24945739 2 -0.00541517361157825 24915547 25084316 168769
13 9 rs2050500 20854763 2 0.00527016447083107 20814559 20865521 50962
13 445 rs728926 74513122 3 -0.00526555114574214 74493986 74551691 57705
13 623 rs4772118 99304322 4 -0.00521249886282723 99275314 99361959 86645
13 319 rs751702 51848377 2 0.00520670528269013 51816665 51848377 31712
13 458 rs356713 75496893 2 0.00507831881125244 75425827 75656918 231091
13 542 rs1334195 89196756 3 -0.00506455627322387 89060738 89241163 180425
13 161 rs7331256 33383103 3 0.00500908696443043 33016660 33395373 378713
13 1 rs17090505 19690302 1 0.0048972660738939 19658933 19719615 60682
13 507 rs9531221 82155203 4 0.00482713368246196 82080434 82259163 178729
13 408 rs10507781 70728411 3 0.00482594156445857 70728411 70858051 129640
13 105 rs1218822 28011963 3 -0.00481324793531887 27978642 28097996 119354
13 377 rs11148643 64891197 4 -0.00471738487019456 64864846 65178318 313472
13 649 rs501306 101969928 5 -0.00466354308112419 101962951 102096511 133560
13 438 rs7987880 73853301 2 0.00463100207893544 73843655 73916628 72973
13 721 rs9587244 107481849 1 0.00462203447171467 107391098 107494419 103321
13 339 rs9597265 56363447 2 -0.00454541197548495 56146159 56363447 217288
13 517 rs11838516 84097888 4 0.00452089705458268 84034994 84121394 86400
13 502 rs12429202 81242652 2 -0.00450514799904549 81175427 81298791 123364
13 310 rs9562987 51095908 5 0.00450253452558056 51065836 51163995 98159
13 636 rs7981068 100723364 3 0.00446602729192676 100647612 100991705 344093
13 334 rs9536686 54908113 5 0.00445362856801909 54885744 55034281 148537
13 724 rs943797 107715479 4 -0.00437863816802943 107607411 107748663 141252
13 547 rs9522817 90663695 4 -0.00427653943421431 90530237 90743387 213150
13 237 rs1923254 41084241 3 0.00427617345138966 41074557 41106499 31942
13 762 rs9515125 110548423 6 0.00424425066959661 110548423 110665586 117163
13 353 rs9538434 60030502 1 -0.00421810324322883 59907352 60031893 124541
13 147 rs12871892 31658340 4 -0.0041830073332816 31658340 31696502 38162
13 806 rs2013434 113496002 2 0.00398331374621476 113493638 113536627 42989
13 111 rs17086212 28584648 2 0.00396185411196524 28577688 28584648 6960
13 687 rs12876869 105202940 3 -0.00395774617509403 105162139 105233680 71541
13 773 rs7995370 111118948 1 -0.00393369213785141 111089573 111118948 29375
13 406 rs2049892 70595085 3 -0.00371799068149563 70554051 70612412 58361
13 299 rs2026581 49205826 4 0.00371344947128853 48749487 49262256 512769
13 181 rs9541373 35186415 1 -0.00370285647701908 35158524 35269505 110981
13 478 rs9544422 77713956 2 0.00370123025142305 77569672 77949478 379806
13 150 rs17076073 32005473 1 -0.00368785605692377 31993213 32008008 14795
13 384 rs9540556 66367525 2 -0.00364895909331406 66345298 66370996 25698
13 220 rs7331570 40010707 6 -0.0036436275281523 39958972 40021077 62105
13 84 rs9553670 26475348 2 -0.00361299952550876 26319727 26475348 155621
13 440 rs9600128 74090415 1 0.00358288738459713 73996850 74090415 93565
13 395 rs11839034 68286416 2 -0.00352002909705075 68286416 68430810 144394
13 427 rs1326685 72722978 7 -0.00349793158526542 72683504 72766756 83252
13 793 rs3903774 112546833 2 0.0034338500623607 112534493 112572534 38041
13 362 rs9539057 61769280 3 -0.0033878737641273 61601904 61799269 197365
13 267 rs9567415 44908572 2 -0.00335848942378803 44908572 44981909 73337
13 737 rs1771142 108581825 5 -0.00333287083430037 108534782 108671564 136782
13 240 rs3794328 41820902 2 -0.00328397294801552 41818543 41835039 16496
13 658 rs12585373 102748926 6 -0.00324926692856347 102748926 102863945 115019
13 347 rs13378149 59152021 5 0.00319766829455488 59103355 59283280 179925
13 499 rs482161 80743198 2 -0.00317170225931328 80723012 80765797 42785
13 634 rs7997714 100555353 2 0.00314930465680053 100536816 100570435 33619
13 631 rs17577293 100425097 1 0.00313743862321908 100425097 100451255 26158
13 179 rs942592 34993986 2 -0.00312246823474997 34958770 35020275 61505
13 116 rs7321138 29138705 1 0.00310687599881595 29138705 29147841 9136
13 509 rs9593609 82439897 1 -0.00309032516935582 82330081 82454391 124310
13 238 rs2701880 41150505 4 -0.0030677432232557 41109429 41388476 279047
13 296 rs1172417 48219705 2 -0.00306272131673051 48198716 48371210 172494
13 187 rs9574151 36150959 2 0.00305743413069758 36147665 36273871 126206
13 262 rs9525873 44482204 8 -0.00305327369471956 44422371 44564400 142029
13 602 rs7332653 97517119 2 -0.00304070058260911 97386097 97517119 131022
13 598 rs45454901 96506596 1 -0.00302604608823434 96328838 96812857 484019
13 418 rs803774 71651890 2 -0.00299244993280866 71614713 71731456 116743
13 736 rs2036707 108484454 1 0.0029832586537586 108482488 108498322 15834
13 480 rs9600919 78296051 5 -0.00296733539829783 78134086 78351035 216949
13 365 rs12428814 62082957 1 0.00295805501585466 62076790 62125220 48430
13 744 rs9301307 109254296 5 0.00293540352567699 109159927 109255764 95837
13 624 rs9513475 99391346 1 0.00293274820071801 99385990 99391346 5356
13 544 rs9555882 90048387 2 0.00287774377078563 90043397 90150676 107279
13 439 rs12864778 73960012 7 -0.00285961188836251 73936164 73964519 28355
13 368 rs428328 63110606 4 -0.00285644368498611 62914541 63132325 217784
13 802 rs1278114 113145788 2 -0.00283969764412328 113123999 113261829 137830
13 676 rs979300 104309176 1 -0.00282709264089759 104197761 104332308 134547
13 626 rs812808 99447005 5 -0.00276467016127262 99442560 99680697 238137
13 306 rs2181184 50271072 1 0.0027417540781116 50245620 50419158 173538
13 217 rs9603498 39618302 2 -0.00272559258959817 39534029 39643400 109371
13 361 rs1532806 61498580 3 0.00268006629497314 61400263 61589772 189509
13 637 rs9585457 101202606 2 0.00264593250695512 101088570 101228128 139558
13 264 rs4942273 44644067 3 -0.00264564521921859 44642464 44663145 20681
13 272 rs7987891 45511234 1 -0.00260120896821768 45511234 45630008 118774
13 43 rs10507317 23363139 4 0.0025027322281118 23338363 23416203 77840
13 401 rs9599395 69659912 6 -0.00248063751661927 69565834 69741897 176063
13 382 rs2038825 65985897 1 0.00243752072587562 65824968 66149008 324040
13 528 rs7336083 86003387 2 0.00240637339347823 85898451 86024495 126044
13 178 rs4943203 34904087 2 -0.00240427303774886 34828797 34942875 114078
13 219 rs12583159 39910931 1 -0.00235853589712164 39834804 39934077 99273
13 404 rs9572286 70364274 3 0.00235523057405481 70275336 70397216 121880
13 543 rs1415168 89477548 6 -0.00234857940552093 89266458 89875736 609278
13 678 rs970343 104411985 2 0.00225697289532823 104398428 104525274 126846
13 692 rs1409462 105585505 4 -0.00223603062772955 105523811 105589982 66171
13 811 rs3024718 113813853 1 0.00222914173531274 113801737 113891075 89338
13 588 rs7321678 95585561 2 0.00220344725935828 95585561 95616611 31050
13 323 rs9536272 53320600 3 -0.00218938901269828 52762669 53329400 566731
13 684 rs3916947 104917632 1 -0.0021891269404975 104917632 105008308 90676
13 787 rs9522246 112133117 3 -0.00217734169655988 112091771 112135863 44092
13 288 rs912124 47327160 2 0.00210008060480193 47327160 47377928 50768
13 239 rs7320344 41459638 2 -0.00205317124844483 41459638 41725478 265840
13 715 rs1477925 107015114 1 0.00204378462135919 107015114 107015114 0
13 60 rs4770571 24648837 3 -0.00202805455041762 24630003 24652886 22883
13 342 rs700335 57712800 1 0.00200801988597449 57565359 57820895 255536
13 411 rs9572516 71213351 4 -0.00197213576492801 71134168 71257303 123135
13 703 rs7327673 106439366 1 0.00196423779795638 106416994 106439366 22372
13 49 rs7323141 23789751 3 -0.00193009564239502 23765100 23818456 53356
13 469 rs1317839 76801227 1 -0.00192546690705658 76793820 76835176 41356
13 556 rs7337223 91818095 2 -0.00192287301767821 91769463 91967164 197701
13 363 rs9528309 61863565 3 -0.00190231566780536 61807409 61968227 160818
13 108 rs2040091 28427031 1 0.00189888632821374 28405766 28440007 34241
13 506 rs5022234 82053416 1 0.00186497680400899 81987094 82063792 76698
13 635 rs11619501 100623882 2 0.00183310240691033 100579166 100623882 44716
13 38 rs9506819 22860269 1 -0.00171673534874624 22860269 22906405 46136
13 229 rs9549113 40789816 3 0.00169564135135302 40755641 40817751 62110
13 479 rs9544526 78084272 1 -0.00168894877244782 78042890 78113224 70334
13 814 rs7331784 114995495 3 0.00167137180190287 114897534 115090193 192659
13 570 rs10492625 93661181 2 0.00162039779801005 93652748 93729285 76537
13 416 rs9542535 71493149 1 -0.00159278622505123 71439474 71513246 73772
13 785 rs1894756 112018773 1 -0.00158562109503787 111989470 112057432 67962
13 248 rs401439 43112407 5 0.00158134080055501 43109248 43271058 161810
13 789 rs9522264 112191253 2 -0.00157852301796464 112179363 112237316 57953
13 529 rs17080098 86291919 1 -0.00157777835420591 86139944 86318116 178172
13 11 rs12431155 20940589 1 -0.00155801398066602 20938795 20951425 12630
13 0 rs7489433 19594994 2 -0.00151071551141385 19496504 19598030 101526
13 778 rs9521931 111424409 1 -0.00150346509358789 111411436 111425843 14407
13 112 rs2491235 28611710 3 0.00148518500481474 28595609 28648669 53060
13 800 rs1752739 113006942 4 0.00148504602749698 113002603 113094395 91792
13 389 rs1323922 67487413 1 0.00148372622683868 67319725 67492255 172530
13 595 rs7982352 96035883 3 -0.00148368560200355 96027408 96086010 58602
13 159 rs2806634 32826186 2 -0.00147789203562397 32811974 32859674 47700
13 6 rs7982556 20688590 2 0.00146983257009776 20688590 20695554 6964
13 45 rs943385 23556441 1 0.0014645803144178 23549148 23587273 38125
13 690 rs754394 105395286 3 -0.00145871684991538 105395286 105437184 41898
13 491 rs1441263 79584458 1 -0.00144276553126177 79565016 79586340 21324
13 255 rs6561106 43732555 1 -0.00142732586078542 43727849 43746627 18778
13 107 rs1923834 28360487 7 0.00142466000483983 28284713 28360487 75774
13 531 rs9547499 86674082 3 -0.00138669757681414 86639464 86740802 101338
13 168 rs9563325 33878154 2 -0.00135218346962548 33878154 33948936 70782
13 286 rs7321658 47213172 2 0.00134312465946336 47169273 47244404 75131
13 62 rs9553191 24701318 1 0.00134067069489207 24668520 24710111 41591
13 784 rs1555754 111894671 2 0.00131501681496177 111860080 111980478 120398
13 15 rs9509307 21205192 4 -0.00130864021437614 21122756 21280034 157278
13 424 rs9572813 72426430 1 -0.0013048046188868 72425891 72426430 539
13 729 rs6492048 107980573 3 0.00129305385483157 107921060 107993741 72681
13 193 rs1998800 36857639 3 -0.00127460175312513 36786453 37025341 238888
13 714 rs354467 106913972 1 -0.00127418617408503 106908189 106923495 15306
13 200 rs489646 37422613 2 0.0012523577989545 37408545 37439099 30554
13 78 rs17082070 25842806 2 0.00124290189365465 25823441 25881077 57636
13 208 rs655207 38368012 1 0.00123539978438675 38368012 38458996 90984
13 48 rs574662 23752396 1 0.00121781878619409 23752396 23763282 10886
13 294 rs724706 48122734 2 -0.00121661992315608 48078460 48131845 53385
13 527 rs2497405 85874689 2 -0.00121647627493415 85840219 85874689 34470
13 651 rs9582505 102190719 2 0.00121544983245929 102157767 102285741 127974
13 35 rs4770248 22794240 1 0.00121522603860199 22746102 22795864 49762
13 466 rs9593136 76453458 2 -0.00120231186163733 76434377 76496224 61847
13 183 rs9542104 35328474 1 -0.00119326327869666 35328474 35428079 99605
13 96 rs7991717 27421621 1 0.00118679383531874 27421621 27427244 5623
13 609 rs7983524 98583380 1 -0.00118400873490263 98539541 98583380 43839
13 233 rs1782803 40947252 2 0.00117766827019898 40941480 40947252 5772
13 350 rs1417315 59510331 1 -0.00116197535519112 59488825 59711493 222668
13 115 rs9554330 29003444 1 0.00116080600514107 28973621 29089602 115981
13 205 rs7993635 38081285 1 -0.00115831027626307 38070549 38119096 48547
13 242 rs9532875 42102699 2 0.00115258537309432 42042382 42122625 80243
13 805 rs4551932 113432204 2 -0.00115110761328567 113329598 113434788 105190
13 399 rs9529418 69311228 2 0.0011499258262542 69236635 69380036 143401
13 316 rs7337462 51625974 2 -0.00114649905352694 51601547 51658356 56809
13 520 rs7989047 84534894 1 0.00112841543319663 84491110 84564473 73363
13 548 rs1491017 90778220 2 0.0010890020579219 90757411 90865546 108135
13 633 rs41281112 100518634 1 -0.00106970490354224 100509687 100518634 8947
13 163 rs3904629 33530851 1 0.00106155310986871 33522655 33541005 18350
13 253 rs9567106 43638464 2 -0.00105042418023229 43555837 43675487 119650
13 278 rs6561260 46361020 1 -0.00104808828910691 46360678 46384831 24153
13 317 rs7324378 51679044 2 -0.00103662010561012 51679044 51722405 43361
13 523 rs9575590 85066303 3 -0.00102378535121443 85052477 85116667 64190
13 514 rs2147631 83304172 2 0.00101961917796036 83304172 83424943 120771
13 553 rs828246 91346989 1 -0.00101635906692295 91305111 91346989 41878
13 713 rs4995008 106831286 2 0.00101531863063766 106785265 106831286 46021
13 628 rs11839996 100089664 2 -0.00101143146506472 100058519 100100609 42090
13 405 rs4559807 70499383 2 -0.00100381756134043 70455661 70552413 96752
13 125 rs9506181 29989466 3 0.00100027903711417 29979193 30000621 21428
13 324 rs460736 53346606 1 9.883247929489824e-4 53346606 53408404 61798
13 780 rs3742185 111532288 1 9.82971602088626e-4 111532288 111595399 63111
13 94 rs2479505 27330953 3 9.79585029266125e-4 27286463 27331922 45459
13 206 rs9576336 38254339 2 -9.763465833982944e-4 38131515 38276391 144876
13 285 rs9567697 47120783 1 9.659919407595908e-4 47075661 47138444 62783
13 559 rs1572432 92261625 1 9.478284401725868e-4 92203813 92286322 82509
13 2 rs4112696 19943770 1 9.390437219234888e-4 19744884 19957848 212964
13 447 rs7332510 74658689 2 9.372505939982118e-4 74655739 74664814 9075
13 452 rs17062740 75023805 3 -9.347536821072052e-4 75021897 75082588 60691
13 783 rs9588371 111818480 1 -9.261589719914024e-4 111786005 111818832 32827
13 177 rs9539866 34723371 1 -9.242052975421424e-4 34723371 34802048 78677
13 118 rs1305115 29330469 1 9.213247951632156e-4 29259349 29424644 165295
13 40 rs9510190 23054199 1 9.027242383700916e-4 23047675 23054199 6524
13 638 rs945962 101318136 1 -9.0248808408129e-4 101287340 101318136 30796
13 18 rs2770928 21562832 2 -9.018352791341984e-4 21554784 21687567 132783
13 16 rs7318857 21433107 2 8.903742983279639e-4 21322682 21499444 176762
13 204 rs12429268 38031942 2 8.849439131013004e-4 37998714 38062068 63354
13 712 rs7327123 106775989 1 8.623317001109198e-4 106775989 106777944 1955
13 607 rs12429372 98392060 2 -8.570625795954655e-4 98315257 98426356 111099
13 813 rs7333340 114120962 3 -8.334660479480669e-4 114100875 114861938 761063
13 565 rs9516073 93052008 2 -8.248625251079261e-4 93022401 93122805 100404
13 554 rs7330481 91420787 1 -8.245703180717e-4 91391298 91442513 51215
13 745 rs16972864 109293358 1 8.12124681319619e-4 109284640 109352751 68111
13 246 rs7994365 42867954 1 7.979492856512295e-4 42817304 42932925 115621
13 409 rs17086697 70874648 2 7.977963281577966e-4 70874648 70972783 98135
13 775 rs4773209 111181503 3 -7.917563257454496e-4 111154631 111188728 34097
13 582 rs3782972 95103046 2 7.863418871425165e-4 95079910 95126551 46641
13 494 rs9593408 80217646 2 -7.818287664428778e-4 79906571 80245630 339059
13 214 rs2875218 39231366 2 7.679826844841358e-4 39193065 39328541 135476
13 351 rs1410277 59770846 2 7.6563973416739e-4 59759555 59810492 50937
13 260 rs7326281 44233186 3 -7.648992100822572e-4 44097658 44236039 138381
13 472 rs7992136 77110530 2 -7.575944968992272e-4 77051161 77128384 77223
13 283 rs1230472 46777501 2 -7.517559302847683e-4 46774761 46853201 78440
13 145 rs2031724 31602261 1 -7.374734640422258e-4 31573766 31607186 33420
13 212 rs4943583 38948851 2 -7.217257557187605e-4 38900435 38948851 48416
13 396 rs9599282 68561531 2 7.132045771640265e-4 68456578 68846599 390021
13 681 rs713607 104750929 2 7.083149409606291e-4 104736365 104752946 16581
13 226 rs1923676 40517188 11 7.052487809214953e-4 40502985 40646156 143171
13 63 rs7333431 24720097 1 6.80252354703653e-4 24714679 24728351 13672
13 295 rs2766097 48190416 1 -6.560856012947755e-4 48137543 48194319 56776
13 132 rs1409506 30703944 1 6.558401833811082e-4 30703944 30747725 43781
13 584 rs9590039 95238154 2 -6.554266774693255e-4 95211538 95284231 72693
13 100 rs9579058 27559635 3 6.519656695427162e-4 27531267 27563038 31771
13 434 rs9530040 73207962 2 -6.423356613062688e-4 73184203 73610059 425856
13 224 rs12875311 40342557 1 -6.362016297410944e-4 40231915 40456288 224373
13 483 rs1555709 78792230 5 -6.334801592052593e-4 78750300 78806366 56066
13 39 rs9506843 22941279 3 -6.289621161524612e-4 22941279 22990055 48776
13 751 rs9514995 109804548 3 6.188521855127271e-4 109717928 109809622 91694
13 795 rs942336 112633732 1 -6.123225958444349e-4 112633732 112693236 59504
13 99 rs9512447 27497791 1 -6.119130006415807e-4 27497791 27518193 20402
13 540 rs9518903 88585928 1 5.942772420070289e-4 88585928 88762346 176418
13 693 rs3007263 105795224 1 -5.872410673014707e-4 105782961 105845602 62641
13 614 rs4238213 98869342 1 5.871713219210206e-4 98867445 98869342 1897
13 521 rs1928920 84769557 4 -5.80930696231976e-4 84662368 84901724 239356
13 287 rs7358830 47313419 1 -5.740643057716177e-4 47255567 47313419 57852
13 812 rs9577241 113994246 1 -5.713119340960986e-4 113994246 113994246 0
13 251 rs17543945 43475671 1 5.64358746322915e-4 43456753 43491848 35095
13 300 rs9591207 49322168 4 5.468822262123751e-4 49306754 49349747 42993
13 356 rs9598067 60456938 1 -5.404382743099693e-4 60237868 60587466 349598
13 228 rs17530593 40743851 1 5.327296745425636e-4 40712606 40743851 31245
13 476 rs2328990 77434795 1 5.307032096497872e-4 77418441 77439517 21076
13 158 rs798993 32784082 2 -5.181830153548513e-4 32731948 32798953 67005
13 104 rs4322511 27941413 2 -5.127466955078194e-4 27903814 27941413 37599
13 385 rs1460654 66415356 1 5.125972037428839e-4 66389936 66504272 114336
13 557 rs16945837 92020442 1 5.006683270346103e-4 91978455 92047229 68774
13 91 rs951538 27037304 1 4.98732505322804e-4 27000699 27039438 38739
13 555 rs1380331 91692027 1 -4.756373746227793e-4 91458798 91759401 300603
13 699 rs778294 106142235 1 -4.739162168545069e-4 106110895 106151854 40959
13 210 rs612986 38758183 2 -4.6957675402638926e-4 38758183 38803974 45791
13 574 rs970263 94121685 1 4.637050292125483e-4 94078249 94204243 125994
13 462 rs7337411 75986912 1 -4.593848830473957e-4 75945576 76017101 71525
13 332 rs4432152 54557444 1 -4.471147933483101e-4 54536425 54678589 142164
13 53 rs17070695 24027251 1 -4.4348307936783007e-4 24021696 24065766 44070
13 632 rs1886035 100499373 3 4.35342798903725e-4 100463898 100499373 35475
13 597 rs7324781 96234753 2 4.221675823349158e-4 96137213 96300872 163659
13 643 rs2803209 101631987 1 4.126113803434966e-4 101596322 101663957 67635
13 292 rs9591010 47725415 1 4.025094603390364e-4 47700334 47788770 88436
13 343 rs1409236 58012847 1 -4.003918043483707e-4 57913943 58241186 327243
13 392 rs1591266 67891229 1 3.9827479220789705e-4 67849534 67903616 54082
13 188 rs6563133 36318869 1 -3.9720265837623014e-4 36283853 36389317 105464
13 663 rs612938 103347591 1 3.8813719329045904e-4 103343308 103350564 7256
13 742 rs11842397 108993577 1 3.8232212089070775e-4 108956317 108993577 37260
13 436 rs9600089 73765600 2 -3.698065060419506e-4 73712174 73784759 72585
13 37 rs7327720 22844305 1 -3.641705047546065e-4 22843286 22844305 1019
13 341 rs1476890 57184700 1 -3.631192238519134e-4 57184700 57530062 345362
13 75 rs17081816 25710667 1 -3.594683731924784e-4 25660186 25718283 58097
13 231 rs2324591 40881549 1 3.4962505825582687e-4 40881549 40881549 0
13 601 rs1414622 97208898 1 3.4182644399481004e-4 97130674 97323933 193259
13 691 rs9519483 105483193 1 3.278683794886991e-4 105478644 105496802 18158
13 669 rs1022932 103862936 3 -3.2412927146573925e-4 103833969 103867104 33135
13 492 rs616350 79633713 1 -3.125310940716265e-4 79599512 79727386 127874
13 465 rs920701 76417101 5 -3.114419212449696e-4 76244318 76428188 183870
13 761 rs336239 110495323 1 3.113971872958514e-4 110482739 110524367 41628
13 743 rs16972387 109060141 1 -2.990900001278554e-4 109010873 109094142 83269
13 344 rs4886041 58511221 5 2.89919678858744e-4 58252801 58644612 391811
13 428 rs571610 72804031 1 -2.8610986986694887e-4 72782138 72834369 52231
13 686 rs7337090 105112042 1 -2.844437947796035e-4 105057993 105153074 95081
13 254 rs9533399 43696112 1 -2.820674306802958e-4 43696112 43696112 0
13 30 rs3129640 22510385 1 -2.7701035878522604e-4 22510385 22543935 33550
13 594 rs9516568 96001474 3 -2.637611976775169e-4 95996501 96013005 16504
13 412 rs1992540 71275838 1 2.5953681239389493e-4 71273644 71275838 2194
13 103 rs9553980 27806405 1 2.5942505090794136e-4 27649859 27880846 230987
13 664 rs58265842 103399837 5 -2.4887752988382475e-4 103368946 103449630 80684
13 414 rs2769490 71368970 1 2.448711076184217e-4 71320179 71375319 55140
13 459 rs1125412 75701632 1 -2.427001585495484e-4 75679342 75801429 122087
13 191 rs1104539 36515298 1 2.3905881233297305e-4 36499597 36574007 74410
13 274 rs7330496 46018759 4 -2.368392925089384e-4 45902826 46145739 242913
13 457 rs12875327 75314681 1 -2.2937452304918764e-4 75314681 75314681 0
13 325 rs4460964 53474967 1 -2.2862215052591372e-4 53419139 53510729 91590
13 367 rs11839700 62640800 1 -2.203690007100185e-4 62629014 62906112 277098
13 223 rs9315715 40187075 1 2.195667423834132e-4 40187075 40187075 0
13 335 rs9597001 55114076 1 2.193194402042487e-4 55038096 55143754 105658
13 694 rs9284220 105892335 1 -2.182430062617842e-4 105889229 105892335 3106
13 486 rs17069903 79035391 1 2.175293278128954e-4 78973603 79045749 72146
13 165 rs685417 33613132 1 -2.134708722770407e-4 33610711 33681318 70607
13 146 rs7981107 31652068 1 2.0644010938364945e-4 31621172 31652068 30896
13 629 rs7321279 100126286 1 2.059338666829349e-4 100116569 100233630 117061
13 358 rs9592042 60898465 1 -2.051593124625263e-4 60898465 60919740 21275
13 541 rs9520316 89002117 2 2.0134056974014243e-4 88940540 89033066 92526
13 345 rs4360824 58809458 1 -2.0114541643692172e-4 58735005 58813250 78245
13 390 rs7995254 67603745 3 1.9832458243388505e-4 67519121 67701341 182220
13 273 rs9595241 45701154 1 -1.941841677634249e-4 45662375 45854582 192207
13 189 rs9565624 36457087 2 1.9291250656809075e-4 36454193 36460083 5890
13 348 rs1413116 59318236 1 1.9130700552917585e-4 59304823 59325244 20421
13 441 rs9573248 74133837 2 1.8964158501573523e-4 74098915 74238147 139232
13 124 rs61999321 29898783 2 -1.830263512340583e-4 29898783 29971619 72836
13 355 rs584075 60188258 1 1.806448743121981e-4 60141047 60188258 47211
13 662 rs1998957 103266783 1 -1.693827563496048e-4 103262879 103320461 57582
13 152 rs644631 32098486 1 1.6747824836448532e-4 32093070 32128476 35406
13 209 rs12429104 38636966 1 1.5709802708420678e-4 38483689 38700701 217012
13 495 rs2152227 80406087 2 -1.551272488297827e-4 80271352 80440491 169139
13 600 rs4771948 97087892 3 1.392394830829038e-4 97049100 97124814 75714
13 117 rs9579210 29218837 1 -1.3084657374913157e-4 29153685 29230045 76360
13 51 rs1008812 23966145 2 -1.3008418573357583e-4 23874150 23968485 94335
13 70 rs9285311 25189210 1 1.2993646293594046e-4 25095084 25201908 106824
13 796 rs2196579 112768834 1 1.2895294979475754e-4 112765663 112768834 3171
13 297 rs7990189 48416299 6 -1.2813186123750113e-4 48399027 48697820 298793
13 167 rs17765011 33836866 1 1.2436895452696276e-4 33787522 33854228 66706
13 102 rs9319333 27587478 1 -1.2145320916797656e-4 27587478 27624356 36878
13 148 rs972370 31737003 1 -1.1913759961176216e-4 31715015 31927543 212528
13 201 rs12427600 37460648 2 -1.1848806149853998e-4 37449233 37460648 11415
13 606 rs1854227 98238436 4 -1.1689555968276774e-4 98123032 98238436 115404
13 72 rs41288280 25272833 1 1.040725546245076e-4 25246534 25296859 50325
13 671 rs4408407 103951250 2 9.901830139604684e-5 103905091 103978779 73688
13 413 rs599909 71299290 1 -9.169463621589616e-5 71299290 71311157 11867
13 454 rs9318293 75171140 1 9.139520362239824e-5 75150861 75195207 44346
13 366 rs6562215 62461175 3 -8.612436261606476e-5 62138153 62621228 483075
13 290 rs985933 47455863 1 8.368095657265423e-5 47438574 47587422 148848
13 410 rs2065571 71087501 1 -7.402770312129097e-5 71014624 71087501 72877
13 199 rs7322307 37350679 2 7.099281552948092e-5 37332375 37351756 19381
13 524 rs6563413 85291768 2 6.900516610620059e-5 85204788 85489071 284283
13 101 rs8002385 27578256 1 -6.678486903678674e-5 27575037 27578256 3219
13 93 rs549305 27139876 5 6.479091945899018e-5 27090036 27265901 175865
13 128 rs1631987 30407273 3 6.332573226491633e-5 30320185 30475869 155684
13 756 rs7317197 110206643 2 -6.27639881073091e-5 110192256 110215802 23546
13 55 rs7323392 24266521 1 6.236355057359893e-5 24203027 24266521 63494
13 746 rs9514888 109374653 1 -5.451873213554766e-5 109364348 109459577 95229
13 660 rs9518729 103103615 1 -4.814966397835998e-5 103082595 103143157 60562
13 774 rs9521803 111132556 1 -4.661560057949569e-5 111130674 111147846 17172
13 566 rs1413191 93213476 1 -3.898014813587786e-5 93138577 93218565 79988
13 244 rs9594670 42631489 1 -3.452091566783795e-5 42301395 42631719 330324
13 155 rs6561013 32514050 2 -3.3322645465071925e-5 32431263 32555287 124024
13 123 rs7331072 29886987 2 -3.0608105714285716e-5 29843289 29890283 46994
13 14 rs4770052 21095720 1 -2.7497222825750877e-5 21095720 21118721 23001
13 679 rs945597 104550160 1 -2.6264782361176577e-5 104528842 104577309 48467
13 268 rs7335530 45227330 1 2.60233699417677e-5 45015449 45227330 211881
13 463 rs9565168 76059632 1 -2.343798242600506e-5 76038996 76189686 150690
13 578 rs9584195 94818360 1 2.22720389754056e-5 94794736 94828678 33942
13 748 rs1157740 109559422 1 2.1543947733423627e-5 109508469 109571587 63118
13 234 rs11617666 40981204 4 2.0277500821171287e-5 40958338 40985468 27130
13 526 rs9575745 85644445 1 -1.7795879544450653e-5 85618307 85830872 212565
13 605 rs9516884 97922864 1 -1.6299048996588814e-5 97922864 98064774 141910
13 403 rs2149968 70254555 1 -1.0306687389634932e-5 70021374 70254555 233181
13 211 rs591967 38838122 1 4.4958841380206704e-6 38830641 38838950 8309
13 519 rs9575396 84312747 1 2.072014585412035e-7 84281287 84456735 175448
13 271 rs9533991 45458450 1 1.824323102860032e-7 45445017 45474782 29765
13 142 rs2313742 31435150 1 1.1368931458882865e-7 31427259 31446619 19360
