CHR Group SNP.lead BP.lead Size W BP.min BP.max BP.width
11 160 rs4938573 118741842 16 0.20491941293930213 118030186 119207341 1177155
11 90 rs647152 64109118 20 0.1014253988610394 63592621 64546391 953770
11 146 rs7128353 111538875 14 0.07914839816829698 111140462 111916647 776185
11 1 rs11246262 680647 13 0.07589587548755333 436461 1138100 701639
11 65 rs693163 35074665 17 0.07379021503267472 34672889 35433448 760559
11 119 rs16913876 88102739 26 0.0688510321042827 87678532 88669352 990820
11 7 rs10466385 3170174 9 0.06159505965258009 2987303 3259809 272506
11 83 rs2218868 57925977 23 0.06102009985406023 57252328 59549840 2297512
11 130 rs667679 97915543 33 0.05776112083130859 97110269 98699317 1589048
11 92 rs10736660 67419855 15 0.05508994086589579 66083129 67462549 1379420
11 124 rs1138800 93862493 16 0.0498314233419626 93281716 94381707 1099991
11 30 rs1993116 14910234 18 0.04980192374279444 13422274 15121130 1698856
11 180 rs7932088 128317168 13 0.04923081870191412 128071256 128398309 327053
11 181 rs10893900 128502222 11 0.04871884446694544 128420926 128737188 316262
11 0 rs10398 308180 1 0.04120190239783093 202856 345595 142739
11 117 rs10898501 86285825 24 0.03875865309743299 85922070 86710510 788440
11 136 rs1711399 102460777 10 0.03854443724708489 102357279 102655487 298208
11 127 rs1255522 95376448 9 0.03798928787599406 95376448 95718000 341552
11 94 rs1060435 68855595 16 0.0367558817049481 68847156 69442963 595807
11 64 rs1535721 34500079 10 0.03548762262263691 34370840 34659807 288967
11 17 rs11041489 7653867 16 0.03279919451398511 7488872 7904380 415508
11 84 rs117801657 60183189 7 0.03063991472676866 59629305 60528162 898857
11 15 rs117368891 6661600 16 0.03023966482999452 6637504 7232673 595169
11 82 rs1792509 56670810 35 0.02929451131048982 46297631 57203009 10905378
11 111 rs11232169 80207247 13 0.02881041482839368 80105917 80717021 611104
11 25 rs4757595 12005270 13 0.02860907634647399 11644920 12108029 463109
11 121 rs11019822 91854828 13 0.02853538589652615 90969612 91868956 899344
11 34 rs1079785 18072273 7 0.02669860440024701 17599093 18253176 654083
11 33 rs11024102 17008605 17 0.02663727955023169 16847317 17538539 691222
11 13 rs116908319 5989282 9 0.02602686076503847 5722444 6301177 578733
11 81 rs896331 45415035 12 0.02578998961110056 45136509 46274143 1137634
11 187 rs11606643 131213874 5 0.02456919505373845 130908989 131213874 304885
11 24 rs7101677 11427040 6 0.02456276854231456 11399283 11601761 202478
11 172 rs2466584 124056581 17 -0.02455019720450869 123549724 124350308 800584
11 142 rs425538 108219339 17 0.02390778782216512 107535758 108764449 1228691
11 19 rs1136966 9042331 15 -0.02363752509063686 8339894 9311128 971234
11 122 rs3847554 92668826 13 0.02267975825419803 91951447 92714595 763148
11 182 rs10894010 129120117 19 0.02204784734801597 128823766 129551393 727627
11 135 rs11224983 101585195 12 0.02168134249840395 101172115 102272839 1100724
11 74 rs10501281 41966359 20 0.02139096112303153 40738299 42211231 1472932
11 31 rs4597047 15191412 14 0.02030305136245089 15168799 15735653 566854
11 113 rs551450 82508987 14 0.01994200143065497 81657804 82829768 1171964
11 28 rs3937603 12912104 10 -0.0193992040588221 12534707 12966547 431840
11 190 rs7934599 132156872 9 0.01937691455798403 131882731 132365096 482365
11 107 rs949220 78400319 4 0.01926583501803564 78356498 78694515 338017
11 196 rs1048761 134124124 7 0.01867148140594693 133929556 134344729 415173
11 55 rs10767592 27062338 21 0.01782663733486514 26382402 27731983 1349581
11 79 rs835784 44863818 8 0.01750998833972641 44698662 44901903 203241
11 8 rs7931660 3400334 1 0.01715158267546252 3371853 3659993 288140
11 32 rs1356647 16219341 18 0.01712964983528554 15752803 16821166 1068363
11 134 rs493220 100960366 13 0.01682464592717381 100424060 101145350 721290
11 139 rs11226193 104005970 7 0.01655953719183882 103976293 105719522 1743229
11 157 rs11216129 116620256 15 0.01649778499745077 116409788 117286064 876276
11 12 rs1498481 5484136 13 -0.01621510812354459 5331522 5718742 387220
11 151 rs454802 114089104 5 0.0161333178158006 114017753 114241636 223883
11 164 rs687560 121076285 13 0.01592652385987428 120779520 121161106 381586
11 35 rs4353250 18323517 11 0.01561926181549923 18278098 18782916 504818
11 179 rs7933438 128041582 8 0.01544185415143771 127328188 128044966 716778
11 14 rs10500671 6460026 5 -0.01513868563345606 6340416 6618548 278132
11 156 rs4936353 116397649 3 0.01392757344555011 116298367 116397649 99282
11 149 rs7118900 113266821 15 0.01311040918166194 113146033 113890125 744092
11 75 rs1605655 42418577 8 0.01263948510353234 42346695 42837715 491020
11 6 rs3987740 2895800 4 0.01248658239656239 2821065 2920666 99601
11 3 rs34134444 1972143 6 0.01241030889227912 1754400 2021075 266675
11 95 rs7929885 69883969 8 0.01233694769213418 69556722 69941786 385064
11 101 rs653263 73670645 13 0.01227788119277381 72970776 74137551 1166775
11 141 rs504712 107454081 6 -0.01223504464982072 106639648 107481518 841870
11 128 rs10501842 95840044 6 -0.01221925620491775 95745273 95975630 230357
11 69 rs10501155 36445197 6 -0.0119293670491618 36404730 36884595 479865
11 174 rs4078355 124931334 5 0.01175408996723026 124693144 125193811 500667
11 126 rs7102184 95222374 6 0.01164758478274815 94915978 95327374 411396
11 152 rs7105436 114698329 9 -0.01163860150905211 114271207 114833710 562503
11 9 rs979942 4185595 5 0.01154931441960571 3690558 4576666 886108
11 194 rs6590705 133334522 7 0.01152137801498832 133233949 133592526 358577
11 120 rs7121922 88758601 13 -0.01143608082305479 88758601 90956214 2197613
11 50 rs11820608 23776103 3 0.01114446064393543 23706440 24087714 381274
11 116 rs10501600 85609559 24 0.01107038969452241 84391899 85883303 1491404
11 42 rs1036923 20488453 9 0.01106362625659651 20202134 20681439 479305
11 52 rs2256074 24838908 2 -0.01096884985916452 24736493 24838908 102415
11 78 rs12420889 44657500 4 0.01077961063556588 44369477 44675888 306411
11 148 rs7129926 112862901 3 0.01057033300585913 112762909 113139250 376341
11 185 rs2640215 130426387 2 0.01039237377043711 130347190 130514254 167064
11 56 rs4923554 28676838 9 0.01026481187370636 27786474 29360384 1573910
11 26 rs871703 12229116 6 -0.00976634606170388 12137982 12282908 144926
11 72 rs7952564 40013964 5 0.00972105787749035 39405761 40137543 731782
11 51 rs12223724 24513821 9 -0.0095580407612564 24156271 24718860 562589
11 54 rs11029058 26009705 10 0.00936842883019121 25712300 26356083 643783
11 57 rs2793476 29370702 19 0.00934959203930558 29370702 30558056 1187354
11 61 rs11032332 33680249 8 -0.00933455572152318 33433357 33708184 274827
11 140 rs4121676 106611905 10 -0.00903056799598103 105727407 106632370 904963
11 112 rs1350422 81009680 15 0.00887668632305088 80727242 81648897 921655
11 91 rs35487354 65366882 15 -0.00876705713670399 64596916 66033430 1436514
11 106 rs1945752 77267497 18 -0.00876156093294616 76920003 78289074 1369071
11 104 rs4945073 76047793 11 -0.00861545734018983 76004202 76515259 511057
11 144 rs2051466 110241999 17 0.00861488411591882 109906198 110697604 791406
11 103 rs531117 75456134 7 0.00843858992683078 75044640 75979986 935346
11 125 rs10831307 94855933 10 -0.00831343703407512 94393285 94882279 488994
11 68 rs3740962 36103381 4 0.00825305672256928 36093636 36391882 298246
11 10 rs3750992 4621323 5 0.00793471467624044 4593411 4946158 352747
11 76 rs11037133 42929738 13 0.00775521456664091 42864284 43947990 1083706
11 145 rs1486907 110824960 5 -0.00750893284765856 110721187 111111747 390560
11 22 rs1486531 11088815 12 0.00749109740121845 10960394 11232260 271866
11 147 rs7938281 112676385 10 0.00746587420902379 112022848 112705402 682554
11 36 rs1817503 18933049 5 -0.00741758604613389 18796480 19184916 388436
11 70 rs11033958 37141853 10 -0.00729148418073575 36906202 37812598 906396
11 98 rs1792226 71176574 13 -0.00726682103218487 70932944 71217959 285015
11 132 rs10790789 99411774 8 0.00706157376913811 99321743 99880282 558539
11 100 rs1783585 72889018 6 0.00698135315542817 72289291 72937274 647983
11 58 rs3026398 31808775 7 -0.00694495698517308 30574638 31835418 1260780
11 47 rs324172 21952288 5 0.00678475911842868 21474292 22368301 894009
11 184 rs17139281 130159409 12 -0.00651074443536599 129904497 130321640 417143
11 66 rs649640 35508918 5 0.00646546155912235 35487642 35866085 378443
11 93 rs11606738 68785485 11 0.00645314830441146 67536948 68793206 1256258
11 63 rs11824839 34332320 5 0.00643193138564423 34234145 34333973 99828
11 87 rs7925016 62043929 4 0.00618074970559406 61827748 62209586 381838
11 53 rs1374140 25145902 8 -0.00589283310932099 24848560 25651226 802666
11 11 rs10837582 5228708 13 0.00585782417691774 4951599 5279355 327756
11 123 rs620131 92803568 8 0.00585272625222486 92742186 93261886 519700
11 60 rs6484569 32378306 4 0.00550756345051446 32296109 33291462 995353
11 188 rs386795 131396444 6 0.0051509935165921 131232156 131396444 164288
11 137 rs4559659 103179386 10 -0.00508896270711987 102675489 103475938 800449
11 175 rs11220462 126243952 17 0.00491840731432573 125276400 126303742 1027342
11 115 rs12294169 84334329 8 -0.00491689198610009 83655564 84370674 715110
11 40 rs2251973 19992797 3 -0.00469159716948013 19973768 20108966 135198
11 162 rs4938737 119769492 6 -0.00464554607694161 119705210 120346360 641150
11 102 rs4944992 74864280 11 0.00464162114738442 74166320 75013792 847472
11 71 rs179386 39090410 8 -0.00454378454514114 37870103 39327959 1457856
11 153 rs10502205 115416391 5 0.00435747329472693 114869751 115599070 729319
11 88 rs544978 62685230 8 0.00430307673701464 62286666 63071009 784343
11 85 rs12803813 60578205 7 0.00429286926857218 60559805 60943778 383973
11 44 rs2040315 21129269 5 0.00428397909827545 21018940 21234023 215083
11 48 rs12793010 22436299 13 0.00423801038059489 22379184 23083407 704223
11 159 rs948466 117966100 6 -0.00397728204323933 117737440 118018767 281327
11 129 rs7112003 96899834 12 0.00397679937531306 95990888 97044431 1053543
11 131 rs12789966 99041999 21 0.00368176919812901 98719996 99276691 556695
11 43 rs3740874 20939655 6 -0.00360938011906187 20737138 21012786 275648
11 155 rs1783235 116050271 5 -0.00350035041971447 116050271 116245350 195079
11 73 rs12805321 40366058 5 -0.00342690033974248 40185254 40696128 510874
11 37 rs17594372 19471443 6 0.00336470492171548 19234797 19532506 297709
11 176 rs111418068 126343227 2 0.00328096007337704 126323328 126437941 114613
11 38 rs1364795 19711993 4 0.00313279192077601 19559749 19711993 152244
11 177 rs3909725 126587812 14 0.00304386894970155 126452032 127012571 560539
11 67 rs262426 36041260 2 0.0028697160678772 35910376 36078941 168565
11 150 rs17116334 113961762 3 0.00283097747765398 113961762 114009255 47493
11 173 rs10893251 124414746 5 0.00277835803066042 124408415 124657183 248768
11 20 rs10840285 9690013 10 0.0027660446341851 9372626 10499995 1127369
11 96 rs947781 70212755 4 0.00268947352851742 69969470 70352086 382616
11 167 rs7937803 122382426 5 -0.0026587840400827 121996261 122585573 589312
11 49 rs4923083 23288324 5 0.00255205721748721 23115362 23591590 476228
11 109 rs17138705 79366322 20 -0.00243745987080895 78963236 79717254 754018
11 192 rs1541884 132940480 4 -0.00240849546945978 132829862 132991763 161901
11 193 rs11223422 133139814 6 -0.0021602908867861 133012261 133209187 196926
11 171 rs12574747 123383072 4 0.0020875263045431 123345497 123486517 141020
11 59 rs10835832 32073206 5 0.00196591926109508 31871538 32263545 392007
11 189 rs2739287 131531000 5 0.00191669264329899 131432722 131839039 406317
11 5 rs11826873 2541165 13 -0.00189930380387209 2482092 2810731 328639
11 163 rs7121316 120431744 4 -0.00189270347603369 120408071 120723433 315362
11 168 rs1894077 122686840 5 -0.00188828453551899 122616326 122752714 136388
11 110 rs7483049 80011790 5 -0.00187744333631553 79729111 80049649 320538
11 166 rs2852833 121861118 3 -0.00182650836493553 121736671 121926872 190201
11 165 rs10892752 121381489 3 -0.00180762862741945 121208698 121649479 440781
11 154 rs569462 115753077 2 0.00176481606568082 115685475 115968432 282957
11 80 rs12788080 45077007 1 -0.00175403384079078 44920626 45077911 157285
11 62 rs831630 33743019 7 0.00166585441257043 33724992 34062951 337959
11 118 rs4944662 86740573 17 -0.00163372036974263 86724222 87649263 925041
11 29 rs11022713 13239330 8 -0.00135311972190814 13006721 13362815 356094
11 161 rs619180 119366947 4 0.00133774032634365 119219124 119696100 476976
11 169 rs9943547 123026014 3 0.00120946495870042 122795688 123149582 353894
11 195 rs3802920 133787001 5 0.00116627624270531 133618905 133899614 280709
11 186 rs12790299 130803634 3 -0.00114736302362791 130542882 130839244 296362
11 197 rs4937920 134465744 5 -0.00113566970879702 134367820 134576216 208396
11 114 rs7105588 83344753 1 -0.00110763199759786 82865518 83633189 767671
11 97 rs12363289 70445161 6 -0.00109941835785854 70387122 70909599 522477
11 16 rs1487875 7313866 6 9.86156577687847e-4 7278401 7482226 203825
11 77 rs17795583 44036397 3 9.666344785382098e-4 43985156 44340618 355462
11 23 rs4322387 11308878 7 7.603759086729561e-4 11285886 11369194 83308
11 21 rs3993279 10670992 3 6.804938185528353e-4 10522120 10918279 396159
11 143 rs4630256 108831875 2 -6.681979136267172e-4 108831875 109666687 834812
11 183 rs10894162 129781016 2 6.428358564404254e-4 129590695 129877707 287012
11 39 rs7934251 19893621 4 -5.708741094352554e-4 19748992 19947749 198757
11 99 rs1784257 72007984 5 -5.571662893009304e-4 71281860 72281884 1000024
11 198 rs1871265 134869557 6 5.422534756201534e-4 134622564 134940416 317852
11 105 rs7119795 76543474 3 -4.695927719446753e-4 76519899 76853783 333884
11 138 rs361283 103960620 2 4.5977356641577736e-4 103505169 103964427 459258
11 108 rs12419002 78816852 7 -4.2354779211291934e-4 78725925 78924501 198576
11 45 rs11820583 21321010 2 -3.764359888751826e-4 21308077 21368871 60794
11 86 rs61747222 61548796 3 -3.2784770211611566e-4 61282504 61770839 488335
11 27 rs10831821 12467295 1 -2.2836552478040523e-4 12301823 12469397 167574
11 158 rs10892151 117531731 11 2.0165657952626436e-4 117304196 117698483 394287
11 18 rs417210 8269405 7 -1.6901384635597833e-4 7914606 8329230 414624
11 4 rs16928078 2320013 5 1.6675901192583016e-4 2073913 2339822 265909
11 191 rs1395504 132729167 21 1.4250388962216975e-4 132388319 132789068 400749
11 133 rs11224242 100329957 2 -1.2234475835782893e-4 99913656 100414181 500525
11 46 rs10734296 21416589 1 -9.325821239219112e-5 21377151 21416589 39438
11 178 rs2012959 127170383 5 5.83856159553902e-5 127048359 127306712 258353
11 89 rs7944411 63242556 1 4.60264027180936e-5 63176367 63367440 191073
11 2 rs10768964 1659308 1 -1.3957533189302695e-5 1262189 1736664 474475
