CHR Group SNP.lead BP.lead Size W BP.min BP.max BP.width
1 370 rs3790566 67814440 9 0.26067739631773224 67811356 67982128 170772
1 819 rs12134279 197781198 12 0.10675991833401266 197313189 197919693 606504
1 831 rs3767498 201020727 7 0.0703673351425617 200877562 201052199 174637
1 641 rs3761959 157669278 9 0.05985238883474526 157485504 157804260 318756
1 6 rs3748816 2526746 4 0.05711946945683011 2513216 2713327 200111
1 951 rs11118895 222093006 15 0.04911622553322301 221915967 222211329 295362
1 588 rs10924106 117053745 4 0.04537369157027504 117053745 117127417 73672
1 868 rs1772145 205695695 10 0.04003734974674439 205648707 205857654 208947
1 172 rs11247963 26855401 2 0.03802391219679747 26741106 26877708 136602
1 976 rs2036775 229377038 1 0.03797279264701355 229377014 229462625 85611
1 873 rs3024505 206939904 4 0.03581972679990061 206939904 207035647 95743
1 59 rs4908830 9297871 5 0.03467029490001731 9292282 9341038 48756
1 910 rs340839 214161820 7 0.03212857732079283 213965429 214161820 196391
1 613 rs267738 150940625 9 0.03188372967298138 150551327 151316324 764997
1 624 rs4240872 154436195 3 0.03128807790400749 154410955 154681950 270995
1 773 rs1689797 182150978 4 0.03081834307265132 182053214 182269701 216487
1 739 rs2205960 173191475 6 0.03070143966972583 173103273 173284199 180926
1 166 rs12403541 25382556 4 0.03019148091219087 25322574 25421990 99416
1 357 rs12409333 65417839 7 0.0300017369548553 65190713 65439566 248853
1 369 rs41313262 67705900 9 0.02687863157012366 67599657 67760140 160483
1 512 rs1543421 101315934 3 0.02680496480165644 101222807 101638999 416192
1 159 rs12401982 24372971 2 0.02666583111841378 24372971 24421474 48503
1 805 rs2816316 192536813 4 0.02651024524163977 192502783 192544795 42012
1 515 rs1948369 101938561 10 -0.02451190733102333 101851347 101995341 143994
1 256 rs11210924 44261195 5 -0.02355339890669672 43772190 44487280 715090
1 178 rs7349137 29569212 7 0.02269965103782485 29203907 29621460 417553
1 79 rs630542 12206866 2 -0.02263622614464948 12206866 12253062 46196
1 662 rs528095 160738146 2 0.02243024343871883 160696304 160921230 224926
1 65 rs2480777 10597551 1 0.02241573956432542 10029913 10642793 612880
1 126 rs2743208 19017855 3 0.02236501311274399 18914423 19017855 103432
1 758 rs6680476 178676965 5 0.02223393983677556 178476554 178854330 377776
1 411 rs6666954 78578177 7 -0.02220126545743002 77992695 78714834 722139
1 1126 rs6671837 247778888 1 -0.02218351935802701 247745227 247840784 95557
1 231 rs883220 38616871 4 0.02215841169707709 38616871 38721663 104792
1 1097 rs4658627 244511176 2 -0.02208325507124537 244464197 244511176 46979
1 1125 rs10802515 247647970 5 -0.02166769039367959 247622940 247710867 87927
1 136 rs1416819 20193622 6 0.021186908290501148 20171860 20301964 130104
1 111 rs3003434 17602191 4 -0.02106605713470247 17559196 17674537 115341
1 275 rs1502856 50871847 4 -0.02027952603207809 50815397 51475488 660091
1 247 rs12067645 41425864 7 0.02006194125198084 41425864 41755652 329788
1 1128 rs6657427 248032168 1 -0.01966576688967269 248023966 248090251 66285
1 891 rs2272866 209929453 6 0.01963887437358802 209844517 210020971 176454
1 840 rs2820304 201918527 4 -0.01954124939930079 201763912 201918527 154615
1 287 rs4927084 54760066 2 0.01878936498443419 54760066 54769520 9454
1 942 rs4240926 219983926 5 0.01870572055092728 219822453 220006085 183632
1 535 rs7517024 107823943 4 -0.01838344007971211 107714954 107865978 151024
1 1100 rs12404604 244829280 6 0.01833242610818795 244689029 244877955 188926
1 721 rs1322487 168960286 4 -0.01781671745039488 168907072 168996958 89886
1 777 rs10911269 183134719 7 0.01775946422894073 182784022 183176000 391978
1 1021 rs10797557 234754829 1 0.01756698645211393 234680657 234754829 74172
1 615 rs2495396 151744928 6 0.0174161855997733 151542176 151773167 230991
1 748 rs6425361 175756706 8 -0.0174146479553203 175735380 175889627 154247
1 547 rs12023963 110084827 8 -0.0172470913812084 110048436 110173775 125339
1 363 rs17451451 66388153 4 0.01720702120633176 66371682 66766222 394540
1 892 rs650728 210433351 12 -0.01714071795802421 210043483 210463786 420303
1 277 rs11205983 53102133 1 0.01700763452320899 52630296 53114736 484440
1 217 rs727005 36281336 6 0.0166184177572683 36156432 36581978 425546
1 367 rs2991356 67305306 4 0.01648115245255017 67262748 67327894 65146
1 532 rs1519878 107431974 4 -0.01633483007693558 106984123 107431974 447851
1 632 rs2296373 156386787 2 0.01608051548023392 156341494 156386787 45293
1 962 rs3949347 225582816 1 0.01593727630036933 225555602 225744337 188735
1 541 rs12039852 109075236 5 0.01589270158397606 108698658 109150720 452062
1 446 rs17124345 85726103 2 0.01580693390746001 85712287 85939476 227189
1 300 rs2096086 56744527 3 0.01580622492532065 56420527 56794965 374438
1 939 rs601175 219141960 5 0.01575458143987388 219068248 219222948 154700
1 400 rs5745343 76273805 6 0.01571816049555635 75998695 76474354 475659
1 779 rs3754515 183562782 5 -0.0157168301620576 183562782 183793323 230541
1 347 rs10493344 63734114 4 -0.01553099397076224 63630864 63775056 144192
1 558 rs1418426 111498111 9 0.01552294850098817 111393436 111684276 290840
1 526 rs2034525 105574256 1 0.01543535470782616 105484805 105674536 189731
1 519 rs2022858 102608577 8 0.01538319271811965 102435130 102869841 434711
1 297 rs207145 55808143 5 -0.01527642526187359 55798691 55989704 191013
1 574 rs2476601 114377568 5 0.01518488754547231 113844824 114541955 697131
1 509 rs2640911 100331265 7 0.01508393919140257 100203648 100740485 536837
1 485 rs497511 94523113 3 0.01502892185960127 94512565 94560938 48373
1 478 rs10493860 92212703 5 0.01478240302752081 92211020 92393939 182919
1 607 rs1390510 147031323 1 0.01466310901374503 146901677 147048600 146923
1 960 rs6698799 224806555 11 0.01464692189977432 224752508 224916593 164085
1 822 rs6686725 198618707 5 0.01448811223184609 198574902 198807862 232960
1 92 rs10928056 14585648 1 -0.01426672600830547 14511349 14585648 74299
1 1121 rs1691255 247065472 2 0.01422283509199904 247065472 247173682 108210
1 1117 rs12128836 246349328 5 -0.0142185624745127 246122871 246349328 226457
1 260 rs4233496 45763650 5 0.01418729904213611 45133561 45763753 630192
1 924 rs2211118 216864218 1 0.01411522732918294 216836576 216938541 101965
1 1070 rs390488 241068852 7 -0.0138889970830877 241042131 241161648 119517
1 39 rs1890191 5887140 2 0.01386695955065568 5880466 5887140 6674
1 391 rs1338654 73857724 5 0.01369625683704932 73114150 74175290 1061140
1 649 rs2814779 159098713 5 0.01359763782695279 158996895 159117690 120795
1 659 rs6427528 160516308 1 0.01352964965827991 160507016 160602248 95232
1 221 rs219002 37126512 3 -0.013354779373424 37115263 37303737 188474
1 11 rs6670328 3219950 3 0.01320299555088259 3177480 3248098 70618
1 944 rs6541127 220401009 4 0.01315197347105424 220156704 220507580 350876
1 902 rs3123537 212811947 4 0.01315136845161092 212656471 212811947 155476
1 609 rs7541950 147375981 1 -0.0131466227764233 147254569 147375981 121412
1 813 rs339567 194842734 6 0.01312765403624039 194530914 195145923 615009
1 193 rs7555715 31183812 2 0.01297281882457642 31151500 31184368 32868
1 674 rs10917640 162881307 5 0.01280445360301085 162793865 162887988 94123
1 463 rs7523522 89101978 3 -0.01278013169510955 89045338 89427252 381914
1 875 rs11120211 207276379 1 0.01255722517320633 207276379 207293496 17117
1 810 rs10737633 193808664 5 -0.01253329646997968 193592394 193929977 337583
1 339 rs17379608 62673365 7 -0.01216135855471773 62657530 62765049 107519
1 53 rs11589993 8284497 2 0.0121328309820526 8210935 8313894 102959
1 63 rs7518793 9711487 3 -0.01209115516739324 9627103 9713500 86397
1 647 rs16841134 158784017 4 -0.01206703928478309 158729346 158891391 162045
1 882 rs7519519 208529031 3 -0.01205571106690642 208419288 208529031 109743
1 418 rs159665 80403167 7 0.01190170661056029 80386090 80662898 276808
1 650 rs35634161 159409757 10 -0.01183431243295047 159135353 159517860 382507
1 194 rs4949294 31235936 6 0.01182739786445174 31231680 31313417 81737
1 538 rs17019810 108268801 8 -0.01165775301069217 108247048 108408983 161935
1 969 rs953537 227655222 4 -0.01156033954158807 227280641 227673227 392586
1 570 rs6658555 113098534 2 0.01155524848792116 113089006 113268225 179219
1 735 rs41310899 172431386 2 -0.01137561621267394 172324930 172452087 127157
1 727 rs12044570 170443579 7 0.0113383130080482 170174046 170528547 354501
1 965 rs4369199 226280915 3 0.01130977838920828 226183594 226523560 339966
1 1 rs2649588 1314015 1 0.01123101846995858 1211292 1314015 102723
1 1006 rs6687497 233279256 1 0.01114929941593583 233200867 233282323 81456
1 585 rs10923633 116391331 3 0.0111012307402366 116347890 116675909 328019
1 54 rs301806 8482078 4 0.01104158059264848 8395560 8978514 582954
1 728 rs7418292 170744889 2 0.0110389685531857 170582464 170914071 331607
1 893 rs10489390 210507809 3 -0.01103511299152311 210499394 210652685 153291
1 565 rs1373287 112517544 3 -0.01103214254136414 112488820 112555423 66603
1 365 rs1338211 66959434 6 -0.01102568415872134 66866041 66972478 106437
1 826 rs2363451 199863555 5 -0.01097181528910528 199598783 200007432 408649
1 778 rs2276879 183273751 2 -0.0107451721248746 183184616 183548992 364376
1 124 rs2992754 18807938 7 -0.01063255366865726 18768011 18851113 83102
1 1050 rs6692597 238669665 2 -0.01062112300692863 238573691 238696036 122345
1 554 rs4839417 111018598 4 0.01059469475427428 110788825 111018874 230049
1 254 rs841572 43436051 2 -0.01058049561495425 43401499 43471182 69683
1 482 rs2893248 94160787 1 0.01053792533757805 94044597 94160787 116190
1 768 rs3827706 181160271 5 0.01053705585924664 181160271 181309400 149129
1 473 rs164898 91569689 3 0.0105059335221073 91530305 91658368 128063
1 788 rs10798035 186050417 2 0.0104276314712872 185958737 186143052 184315
1 160 rs7524076 24508710 3 0.01040618617016695 24454688 24519920 65232
1 782 rs4650656 184148645 3 -0.0103810426749344 184001499 184300717 299218
1 55 rs4609454 8991141 2 0.01033229111410205 8991141 9030964 39823
1 298 rs6684790 56068326 6 0.01030983630134411 56015915 56243360 227445
1 250 rs7519954 42035643 6 -0.01016622443813889 42027561 42117737 90176
1 197 rs12132682 31955089 3 0.01012294451967404 31697284 32019153 321869
1 176 rs12088946 28464178 1 -0.00999428270529586 28432549 28564279 131730
1 100 rs6667220 15347640 2 0.00997285221703375 15339960 15368553 28593
1 452 rs1882753 86965419 3 0.00996179257897012 86959173 87554612 595439
1 911 rs1660368 214407335 8 0.00992624325507767 214318748 214408966 90218
1 1120 rs12045922 246844066 8 -0.00985890927226275 246840223 246973283 133060
1 133 rs3748748 20018195 2 0.0098566995589285 19992513 20056631 64118
1 73 rs761084 11660710 4 -0.00984382647890214 11518397 11703843 185446
1 832 rs10753891 201100482 2 -0.00982905920819919 201081943 201166383 84440
1 149 rs7552560 22547290 7 0.0097546701864323 22373624 22588355 214731
1 835 rs1256929 201441734 1 -0.00949555214277552 201400088 201441734 41646
1 1082 rs737133 242322870 3 0.00944642103895166 242243178 242404260 161082
1 1084 rs10926744 242619825 1 0.00942482628985717 242546333 242619825 73492
1 494 rs321270 96457002 4 0.00941746367392203 96154744 96564857 410113
1 923 rs12089054 216800699 5 0.00941446581302243 216707012 216800699 93687
1 1087 rs6690236 242878998 1 -0.00936904812061984 242855782 242891905 36123
1 970 rs12565154 228027310 5 -0.00933289312838071 227696594 228088271 391677
1 214 rs6693844 35304141 1 -0.00930903198536882 35301579 35304141 2562
1 140 rs10916761 20637374 8 0.00925020624988479 20617419 20745485 128066
1 645 rs980937 158140205 8 -0.00923437434819612 158140205 158377882 237677
1 599 rs6678854 119729171 4 -0.00916409323705793 119452758 119858685 405927
1 818 rs12065463 196464754 5 0.00913681427213446 196186750 197306099 1119349
1 380 rs4650137 69685100 3 -0.00903306919466338 69500815 69685100 184285
1 903 rs17019556 212846165 3 0.00901313719631823 212844187 213094557 250370
1 530 rs17016826 106687949 2 0.0089044004087641 106649808 106752234 102426
1 959 rs6426110 224511533 5 0.00886316635828381 224454099 224707177 253078
1 987 rs12724252 230914229 6 0.00880012061237051 230883073 230959250 76177
1 3 rs2459994 2024064 1 0.00875162744719895 2024064 2189580 165516
1 484 rs486879 94478425 2 0.00872999822530976 94461717 94492773 31056
1 510 rs11583008 101085094 3 0.00859520798968835 100766320 101183825 417505
1 975 rs342834 229351259 7 0.00852588842789659 229181697 229367115 185418
1 968 rs12033364 226965174 4 0.0084032187852531 226910340 227118912 208572
1 663 rs1062827 160966844 3 -0.00838570851430002 160950966 161049383 98417
1 1008 rs6687124 233619908 3 -0.0083408741724974 233440166 233619908 179742
1 559 rs12047673 111823173 4 -0.00831514280148014 111773600 111823173 49573
1 644 rs7552600 158029021 3 0.0082117978909452 158029021 158073254 44233
1 307 rs517412 57560649 1 -0.00814052888511217 57413768 57568923 155155
1 288 rs10489565 54826187 1 -0.00813024706602403 54794819 54946847 152028
1 846 rs2363772 202899361 4 -0.00811965462422051 202826538 202998819 172281
1 228 rs11210870 38449910 2 0.00811426805873517 38201371 38452059 250688
1 784 rs78444298 184672098 2 0.0081121469271498 184622136 184943837 321701
1 636 rs2644623 156862126 11 0.00806011894097112 156862126 157041302 179176
1 732 rs171000 171598082 3 -0.00801318913408904 171415856 171647475 231619
1 706 rs16859085 167453334 2 0.00796326741908603 167453334 167455145 1811
1 408 rs1004878 77324640 2 0.00795082421939363 77266676 77531780 265104
1 637 rs7521824 157102939 2 0.00793449698898129 157069261 157130719 61458
1 694 rs6681 165619079 5 0.00777009660353074 165465281 165619079 153798
1 1035 rs61736343 236729965 8 -0.00769182361495925 236706278 236900018 193740
1 493 rs585463 96143185 2 -0.0076804261873376 96051831 96145968 94137
1 346 rs924337 63590222 2 -0.00762941957491024 63549282 63591129 41847
1 252 rs653944 42424594 9 -0.00748811864267067 42390317 42880516 490199
1 914 rs3748697 214820099 3 0.00747637695012975 214677026 214863137 186111
1 701 rs558843 166634216 2 0.00744450893120794 166544158 166791061 246903
1 419 rs7529438 80735096 4 0.00736666438176135 80683370 80858466 175096
1 429 rs489438 82143805 2 -0.0073352221193899 82126526 82199372 72846
1 1127 rs1416105 247877671 7 -0.0072900495456387 247874551 248018426 143875
1 1029 rs35714220 236176845 3 0.00720293255606225 236105308 236195181 89873
1 897 rs1572650 211351594 4 -0.00718975521447294 211085683 211363628 277945
1 91 rs9803674 14490497 5 0.00718124714941288 14418186 14507739 89553
1 1064 rs6679031 240490119 5 0.00715267031766457 240442817 240561727 118910
1 887 rs6685963 209222499 7 0.00713951299593046 209113459 209234358 120899
1 283 rs4575030 54024808 2 0.00712754887232299 54024808 54190695 165887
1 628 rs6699043 154913021 1 0.0071079889518435 154810030 155019710 209680
1 196 rs10914251 31510263 2 0.00704366779081709 31413972 31606783 192811
1 878 rs1074327 208127490 5 -0.00699521052369084 207893782 208130418 236636
1 867 rs3789461 205588637 3 0.0069820675003601 205499495 205615442 115947
1 666 rs4657039 161462728 2 -0.00697248466287689 161462728 161662484 199756
1 424 rs1195854 81698720 4 0.00695978290826495 81530739 81766935 236196
1 464 rs628709 89673196 2 -0.00692531555323842 89473453 89673196 199743
1 673 rs3795641 162625020 3 -0.00686761817490241 162458412 162740121 281709
1 618 rs10888510 152681835 1 0.00681343678065717 152550018 152749891 199873
1 1046 rs2794834 237979535 4 -0.0067360907705926 237908911 237990337 81426
1 164 rs3131513 25193155 2 0.0067028718512624 25029488 25243767 214279
1 273 rs1484406 49190234 3 0.00669921064739595 49174405 49210570 36165
1 658 rs12739519 160364947 2 -0.00665304893036629 160342015 160463406 121391
1 906 rs320424 213703223 1 -0.00653856562891804 213703223 213746770 43547
1 651 rs2808630 159680868 3 0.00649391853934938 159563483 159723619 160136
1 272 rs320025 49080074 1 0.00649167150655602 49070646 49135204 64558
1 186 rs267720 30497242 2 -0.00648630791753609 30414182 30524419 110237
1 1024 rs908319 235062181 2 0.00647172103955652 235017637 235062181 44544
1 864 rs6664679 205340269 1 -0.00643095802378853 205272926 205404878 131952
1 874 rs291107 207075171 3 -0.0064218053230987 207074905 207163372 88467
1 557 rs343789 111300993 5 0.00638093300424632 111257724 111371644 113920
1 516 rs4908170 102090174 8 -0.00638064247802525 102080843 102243101 162258
1 327 rs11808039 61303553 6 0.00637569062131047 61157162 61355010 197848
1 550 rs12039964 110348040 1 -0.00634692108942567 110348040 110372198 24158
1 548 rs11102001 110299691 2 0.0063428502765518 110253241 110300441 47200
1 296 rs207154 55781281 8 -0.00632169355186149 55523984 55781281 257297
1 491 rs10493881 95428051 3 0.00625336992052039 95351915 95586773 234858
1 232 rs2480697 38733788 3 0.00624435550293219 38733788 38861996 128208
1 244 rs11208727 41170670 4 0.00622891077563885 40960619 41204569 243950
1 964 rs41441645 226034909 2 0.00622033069999777 226026406 226095048 68642
1 556 rs3887820 111148080 6 0.00614063709062099 111137811 111219344 81533
1 353 rs825013 64767717 2 -0.00613313844096587 64624403 64918776 294373
1 475 rs483532 91980447 3 0.00606491738437261 91919058 92011467 92409
1 833 rs10800775 201336386 6 0.00605685016985089 201176651 201359697 183046
1 208 rs502199 34438881 8 -0.00594002101946898 34432484 34525105 92621
1 162 rs6670829 24751920 4 0.00591535439337673 24669457 24780356 110899
1 808 rs6694727 193369701 4 0.00586551348617693 192818018 193470234 652216
1 579 rs7523818 115601615 3 -0.00583757720865215 114948281 115648756 700475
1 800 rs815330 190164775 7 0.0058317184105008 189912146 190514183 602037
1 138 rs3820320 20530208 2 -0.00581080203552564 20487743 20551745 64002
1 12 rs2493291 3329384 3 0.00579197183512852 3280253 3329384 49131
1 1103 rs10927330 244997953 1 0.00578952115499109 244997953 245005828 7875
1 900 rs2970582 212080831 4 0.00573247454626179 211914587 212332294 417707
1 9 rs7518255 3086464 2 0.00573219675368167 3047252 3086464 39212
1 1099 rs3102460 244576717 3 0.00560137199028812 244576717 244638528 61811
1 378 rs11209332 69088662 3 -0.00558352368547082 68842068 69162800 320732
1 317 rs2073094 59086221 2 -0.00557515725225731 59063746 59261835 198089
1 948 rs4846704 221448322 2 -0.00555959719165905 221171310 221547600 376290
1 43 rs61740145 6531124 1 0.00545387890276692 6352084 6531124 179040
1 598 rs17022367 119282172 6 -0.00543989194814092 119029958 119431014 401056
1 242 rs10889285 40800486 2 0.00542422400443012 40768344 40800486 32142
1 507 rs12409296 99853467 5 0.0053962233465152 99853467 100051580 198113
1 67 rs7514751 10762432 2 -0.00530993155988055 10762432 10796866 34434
1 168 rs742391 25525711 1 0.00529614573982029 25525711 25768937 243226
1 863 rs1470637 205033283 9 -0.00528989813802339 205019226 205237137 217911
1 213 rs12030047 35160305 3 0.00526301613510877 35065969 35170887 104918
1 695 rs12065621 165639264 2 0.00519240346459794 165625023 165815939 190916
1 433 rs6604921 83098959 2 -0.00519239380904497 82960385 83120822 160437
1 84 rs2999878 13786622 1 0.00516355618160838 13783354 13816121 32767
1 26 rs763238 4743704 1 0.0050852007624537 4675555 4743704 68149
1 95 rs10803289 14934220 3 -0.00506901512292802 14915147 15093562 178415
1 524 rs17021671 105083405 3 0.00505394383750456 104989780 105184759 194979
1 604 rs11249433 121280613 1 0.00503304373264187 121164607 121280613 116006
1 270 rs2073293 48570133 2 0.00502134625937091 48564267 48973519 409252
1 593 rs1289658 117656088 4 -0.00496939144865695 117597901 117675943 78042
1 142 rs12404655 20943195 7 0.0049122574962484 20890149 21002613 112464
1 255 rs35465732 43748763 3 -0.0049003404761252 43542190 43748763 206573
1 919 rs6540916 216069531 2 -0.00488540045633242 215974257 216198015 223758
1 1054 rs10495437 239297423 5 -0.00477683891321532 239249308 239321213 71905
1 322 rs4357555 60161256 2 -0.00472605740051586 59894323 60173734 279411
1 669 rs1572495 162099301 2 0.00468738574319909 161984197 162118984 134787
1 1055 rs10737832 239341587 1 -0.00468359617271292 239339558 239472077 132519
1 188 rs12401958 30718102 3 -0.00467589012073074 30635302 30742979 107677
1 654 rs41264831 159863028 2 -0.00466164466209917 159818304 159863028 44724
1 606 rs647596 146535394 5 0.00464405597634925 146508934 146858964 350030
1 946 rs12032166 220608142 5 0.00463639928637124 220599845 220964537 364692
1 983 rs11806158 230521031 2 0.00461306265973927 230438592 230523609 85017
1 980 rs6663181 230187526 1 0.0045881824596607 229927798 230207433 279635
1 1101 rs2365958 244921530 1 0.00454670236237359 244885285 244921530 36245
1 94 rs4385705 14876032 2 -0.00453665028707209 14744591 14876032 131441
1 908 rs1588374 213873500 1 0.00452435408839371 213854151 213925444 71293
1 171 rs12145714 26527255 2 -0.00452044338350471 26491355 26714205 222850
1 181 rs927727 29793205 2 0.00449052771487479 29743408 29793205 49797
1 384 rs664051 70869116 1 -0.0044334255056389 70541127 70930788 389661
1 780 rs2296713 183909717 3 0.00440242164105067 183798877 183929771 130894
1 396 rs696702 75072038 5 -0.00439841394745455 75055419 75130289 74870
1 106 rs904910 16200163 4 0.00438588711461538 16087164 16375510 288346
1 102 rs4644485 15566803 3 0.0043825492858817 15438990 15566803 127813
1 1056 rs2354396 239536074 2 -0.00428523194275384 239510175 239536074 25899
1 449 rs12143304 86505755 5 -0.0042740212264261 86457334 86547798 90464
1 709 rs12039995 167571496 6 -0.00422616373588422 167536744 167615368 78624
1 147 rs10799708 22046558 6 -0.00416374811699585 21997282 22141983 144701
1 1000 rs2357070 232658363 6 0.00415031840410554 232512873 232658615 145742
1 961 rs17521900 225516861 7 0.00414406637960236 224966644 225541372 574728
1 971 rs61730829 228565329 7 0.00411265854176538 228126470 228916634 790164
1 1003 rs10910594 232831301 1 0.00411094898212639 232831301 232941215 109914
1 456 rs12402858 87845112 2 0.00410790545641309 87834794 88001013 166219
1 561 rs3393 112042149 2 0.00402550306822432 112042131 112086030 43899
1 390 rs12748679 72644585 6 0.00399363900121556 72517928 73012228 494300
1 802 rs4142413 191675417 2 -0.00398506417085451 191446589 191866249 419660
1 135 rs3806308 20142866 3 -0.00396702903442656 20142681 20158241 15560
1 220 rs4653210 37074351 2 0.00396199322236827 37033128 37074351 41223
1 797 rs4551597 188764543 3 -0.00393958911662872 188761359 188764543 3184
1 405 rs315014 77033959 1 0.00391356840658378 76976522 77072458 95936
1 1005 rs41304133 233121884 3 0.00388444882711714 233119951 233193800 73849
1 163 rs185511 24857086 6 0.00381654100975789 24813155 24932733 119578
1 553 rs615204 110759796 1 0.00379156530065573 110686356 110759796 73440
1 896 rs6658580 210985460 5 -0.0037870719747621 210893635 211079618 185983
1 219 rs34409118 36898067 7 -0.00377934986861983 36861854 37007987 146133
1 130 rs16862632 19563900 3 -0.00377782859037942 19255671 19627876 372205
1 457 rs305457 88195672 1 -0.00375128899146491 88083782 88231861 148079
1 170 rs35019869 26131638 2 0.00372999192281962 26131638 26450009 318371
1 646 rs61739693 158449749 6 -0.00364880740032297 158381815 158725080 343265
1 199 rs680328 32438234 6 0.00363995561135815 32277199 32842319 565120
1 1030 rs16833337 236284300 2 0.00363204146419746 236203911 236296079 92168
1 35 rs9729649 5572304 2 -0.00358732949007791 5547562 5623965 76403
1 531 rs9435409 106781612 3 -0.00358286126414189 106781612 106972853 191241
1 52 rs34781518 8074334 2 -0.00354875211662828 7961206 8195226 234020
1 555 rs6537664 111035174 3 -0.00352741370458968 111035174 111105514 70340
1 132 rs1320978 19947973 2 0.0034798426602816 19827780 19963047 135267
1 146 rs1256328 21896767 9 0.00346156721591814 21864206 21983611 119405
1 726 rs12135726 169824104 10 0.0034511389154175 169749154 170168182 419028
1 480 rs11164854 93443043 7 0.00344449710521884 92975938 93530980 555042
1 870 rs17018890 206634429 3 0.00342489318427601 206595069 206709535 114466
1 527 rs4384283 105739503 5 -0.0034124851002792 105700935 106063610 362675
1 997 rs10864713 232223436 3 -0.00339438443578965 232168867 232311020 142153
1 762 rs551607 179903031 1 0.00339008289341873 179768464 180119544 351080
1 157 rs2811946 23902416 1 0.00338601770409189 23839769 23902416 62647
1 736 rs2859228 172613241 4 0.00337133670642207 172469707 172654377 184670
1 521 rs6577353 103556959 4 -0.00333637927712393 103420053 103764640 344587
1 1012 rs16859749 233999167 6 -0.00329948645333494 233859026 234068161 209135
1 209 rs9425986 34541724 2 0.00329108538440692 34541724 34620770 79046
1 303 rs7539051 57042954 1 0.00328202264649599 57036017 57143986 107969
1 977 rs238099 229508905 1 -0.00325038214774487 229483148 229545085 61937
1 792 rs10494593 187158671 4 0.0032479114909737 187013915 187229039 215124
1 1014 rs12562011 234254306 3 -0.00321517314161489 234254306 234352899 98593
1 174 rs7531313 27782390 5 0.00321028830651572 27537101 27800482 263381
1 8 rs12022429 2919942 1 0.00320150220076838 2891713 2944527 52814
1 545 rs140717526 109779073 3 -0.00317786215544036 109723188 109823458 100270
1 949 rs9725646 221685360 2 0.00316744619633282 221579628 221843191 263563
1 860 rs4951136 204815729 5 -0.00315567261989502 204682411 204869559 187148
1 925 rs12048695 216962893 3 0.00314221322728021 216962893 217082385 119492
1 986 rs2071404 230850940 4 0.00312201345884293 230780571 230878561 97990
1 123 rs1336129 18722491 3 -0.00309143117366116 18672774 18751864 79090
1 316 rs17117699 59002282 3 -0.00308962375526389 58915024 59056326 141302
1 943 rs11118454 220077320 2 0.00305956803259761 220075257 220098329 23072
1 723 rs1208377 169191860 7 -0.00303721576532764 169087665 169513583 425918
1 246 rs2361654 41399738 2 -0.00303397802170793 41323882 41404596 80714
1 1069 rs12744536 240977964 2 0.00301492756619945 240933445 241034693 101248
1 1009 rs10797465 233633819 1 0.00299519815803189 233633819 233696745 62926
1 776 rs10797788 182623509 1 0.00297492688778375 182554557 182746231 191674
1 175 rs10794507 28216072 4 -0.00296655911299415 28209305 28311224 101919
1 890 rs2072941 209811595 3 0.00295924555783962 209728590 209811595 83005
1 967 rs1144840 226819833 2 -0.00295258638252475 226772889 226865254 92365
1 1026 rs10489690 235359879 3 0.00291976538269195 235359879 235766162 406283
1 264 rs3766198 47281780 1 0.00287561000726279 47265677 47637999 372322
1 321 rs333683 59731843 6 -0.00286120865209252 59653630 59841785 188155
1 24 rs10915535 4491460 8 0.00285292650933913 4384056 4535148 151092
1 717 rs6662401 168553057 1 0.00285072879052644 168487659 168563895 76236
1 312 rs1202780 58394752 2 -0.00284218228328982 58392765 58528820 136055
1 313 rs12726314 58792030 8 0.00284103985155675 58544805 58794017 249212
1 1077 rs3007738 241720543 1 -0.00284081342902672 241720543 241811131 90588
1 492 rs684448 95956363 3 0.00282399181657539 95611717 96013073 401356
1 434 rs389112 83172684 1 0.00280474779121427 83136135 83267708 131573
1 280 rs3102044 53646557 6 -0.00280439729162162 53646557 53765434 118877
1 314 rs12145683 58817583 4 0.00275358078727058 58802060 58859197 57137
1 265 rs6695969 47927545 11 0.00272687326332983 47676233 47986452 310219
1 330 rs7544358 61733856 1 0.00272004977259255 61671468 61733856 62388
1 583 rs4403633 116128774 1 -0.00271018388162842 116128484 116174524 46040
1 144 rs2051031 21631472 1 -0.00269323220621952 21544601 21723308 178707
1 1020 rs3951276 234633308 2 -0.00266511210998599 234633308 234653716 20408
1 1049 rs12142622 238476102 5 0.0026342646817627 238471915 238560794 88879
1 693 rs10918196 165448157 4 0.00263114093788162 165375835 165448157 72322
1 849 rs2494295 203218176 5 0.00258471655614076 203207520 203328740 121220
1 522 rs7527726 104736011 6 -0.00257344922282185 104113158 104766179 653021
1 98 rs4661553 15304859 1 -0.00252793630947737 15244761 15307478 62717
1 821 rs10922438 198469162 7 -0.00249725468487553 198104472 198520125 415653
1 1044 rs2779394 237725545 1 -0.00249191420201765 237658484 237760083 101599
1 1063 rs16839632 240361446 1 -0.0024785233395757 240253320 240418702 165382
1 442 rs9724696 85246297 3 0.00247441243440534 85212582 85340005 127423
1 241 rs6600323 40743727 8 0.00245935223868491 40499302 40759231 259929
1 801 rs1580087 191145367 3 -0.00245164776265587 190533700 191391663 857963
1 21 rs4609397 4216862 1 -0.00243450878675933 4158955 4282786 123831
1 128 rs6662276 19166893 2 -0.00242506491134466 19087765 19170078 82313
1 775 rs266511 182497021 2 0.00241253895398675 182433987 182543331 109344
1 377 rs12039098 68765106 1 0.00240779404714172 68686391 68821539 135148
1 1088 rs10926883 243004424 7 -0.00238907744259296 242919558 243034750 115192
1 566 rs269079 112597532 3 -0.00236145464167086 112590049 112671286 81237
1 279 rs1288338 53628815 2 -0.00234857046069019 53590423 53630531 40108
1 938 rs2133045 219005972 2 -0.0023359217240748 218841163 219020707 179544
1 192 rs544789 31083478 4 0.00233212331100205 31010302 31101134 90832
1 623 rs6672010 154292161 3 -0.00230923772127388 153622220 154368928 746708
1 285 rs11544199 54661262 3 -0.00230282785392845 54375348 54661262 285914
1 1130 rs11804999 248322479 2 0.00227533934601352 248145644 248322906 177262
1 853 rs2185079 203747772 2 -0.00227354330646566 203743798 203963678 219880
1 469 rs4370755 90631849 3 -0.00227131416194692 90607718 90631849 24131
1 631 rs41265043 156314497 1 0.00226745835568549 156184268 156335111 150843
1 373 rs6686101 68304640 2 0.00226649159662171 68128130 68447267 319137
1 57 rs12145292 9118596 2 0.00225616180727247 9073801 9210262 136461
1 1093 rs10927118 244229199 1 0.00225605437934513 244229199 244249487 20288
1 894 rs12759944 210674600 1 0.00224345989161645 210660195 210736508 76313
1 415 rs12097617 79571617 2 -0.00222533251992657 79501129 79659418 158289
1 764 rs4543756 180394629 4 -0.00219577131964769 180235728 180560692 324964
1 352 rs12025819 64612395 2 0.00218572930326419 64579157 64614011 34854
1 1062 rs10495457 240227948 3 -0.00217614149566946 240121828 240228189 106361
1 692 rs10489743 165353548 2 0.00217333358308455 165286141 165353548 67407
1 912 rs6682783 214418139 4 0.00217320442661631 214418139 214576241 158102
1 514 rs12564407 101809218 1 -0.00212003814325383 101768868 101848719 79851
1 45 rs7549198 6709610 5 0.00211924330955745 6698390 7156082 457692
1 952 rs2378522 222301317 2 -0.00211429813917543 222230715 222484745 254030
1 876 rs6673080 207390204 4 -0.00209882917541432 207300070 207670928 370858
1 756 rs12074053 177974569 4 0.00209274208222505 177938437 178021124 82687
1 131 rs3790766 19698824 2 -0.00209245817669327 19644218 19809758 165540
1 845 rs4950949 202810562 9 -0.00208876656889346 202638140 202810562 172422
1 290 rs1755588 55044940 5 0.0020800126937574 55033869 55138294 104425
1 985 rs2148581 230732682 4 0.00207866133432265 230687711 230771642 83931
1 90 rs7414562 14359780 6 0.002076221764414 14252372 14372163 119791
1 905 rs320379 213677091 2 0.00207307392895331 213617738 213677091 59353
1 202 rs3928341 33962741 4 -0.00202922599581325 33936347 34046066 109719
1 676 rs2815274 163114605 2 -0.00201615534574331 163018934 163126417 107483
1 105 rs6692555 16012657 5 0.00201089257827725 15808767 16056364 247597
1 705 rs953809 167403625 3 -0.00200799709610781 167248664 167433056 184392
1 249 rs734936 41952908 1 -0.0019949553061529 41910825 41971227 60402
1 520 rs2616009 103409558 1 0.00198759304973614 102922025 103409558 487533
1 858 rs2942133 204369875 1 0.00197486959282152 204369875 204426373 56498
1 487 rs12742802 94629643 6 0.00194114187412926 94607848 95070041 462193
1 953 rs17461806 222584505 1 0.00193203707209126 222584505 222595058 10553
1 738 rs1883478 172985231 1 -0.00193112257428271 172941713 173049073 107360
1 185 rs2084436 30382007 2 -0.00192859792147647 30284674 30382007 97333
1 825 rs6691743 199531025 4 0.00192500750309132 199266874 199557306 290432
1 1025 rs6586361 235119382 1 0.0019210740939204 235095183 235119382 24199
1 118 rs12126587 18478269 3 -0.00189929320996245 18438239 18478269 40030
1 877 rs10779353 207837590 4 -0.00189109113846032 207748793 207875175 126382
1 543 rs61754640 109446750 1 0.00189108994747242 109386174 109515735 129561
1 276 rs17394584 52034812 4 0.00186688912217453 51541808 52348349 806541
1 602 rs10754420 120320995 3 -0.00186582732313468 120229117 120324995 95878
1 648 rs1633292 158941219 5 -0.00183865496701155 158922287 158978596 56309
1 1041 rs6683160 237390732 1 0.00183764284105668 237299708 237401055 101347
1 294 rs6682884 55474325 1 0.00183749977274809 55457815 55474325 16510
1 420 rs3737936 81006304 2 0.00183732140272639 80892408 81059253 166845
1 698 rs12095056 166337053 4 0.00182520208863225 166065145 166364063 298918
1 690 rs10494434 165117237 3 0.00182119065716794 165111242 165158705 47463
1 1028 rs10803141 236066991 2 0.00179460919616919 235849939 236077778 227839
1 409 rs4949802 77876353 5 -0.00179220337530448 77550431 77886499 336068
1 1010 rs1693224 233739918 1 0.00178291806056794 233723638 233743103 19465
1 282 rs11206170 54010926 3 0.00176826621325702 53976188 54010926 34738
1 470 rs10922869 90993868 12 0.0017645832919359 90659565 91062107 402542
1 697 rs4074017 166036621 3 0.00175525135446805 165917032 166044090 127058
1 60 rs9442562 9367908 2 0.00175237453487133 9367908 9408959 41051
1 107 rs12740413 16515879 2 0.00174333904347337 16486793 16782995 296202
1 497 rs7513333 97663530 3 0.00174252566720467 97469804 97721392 251588
1 740 rs1342038 173301516 2 0.00173488887074369 173301516 173475612 174096
1 248 rs2801962 41878988 1 0.00170052725974288 41830257 41883722 53465
1 61 rs2095904 9447371 2 0.00169834653890258 9441040 9447371 6331
1 356 rs11799558 65180463 1 0.00168997255525383 65161230 65186794 25564
1 1119 rs3124077 246785448 4 -0.0016664792308601 246661236 246805265 144029
1 1124 rs10925008 247561153 5 -0.00164446915026893 247552084 247614407 62323
1 743 rs11802001 175290855 3 0.00164296702389364 175183939 175378694 194755
1 886 rs17013392 208968409 1 0.00163134006592552 208928098 209083609 155511
1 274 rs12240044 49990335 4 -0.00160438800908273 49219384 50722989 1503605
1 580 rs4367784 115685684 5 0.00159367195409962 115664311 115800949 136638
1 542 rs1149155 109349019 1 0.00157525728784514 109242392 109356362 113970
1 753 rs989536 177197448 3 -0.00156102499978094 177088703 177403769 315066
1 1039 rs6428992 237257650 1 -0.00155784852558869 237247063 237266603 19540
1 854 rs16852826 204068110 1 0.00155516066585233 204011313 204069838 58525
1 1110 rs819876 245555664 3 0.0015347756345913 245530282 245586529 56247
1 824 rs1325187 199217307 2 0.00152726055722806 199136768 199250270 113502
1 734 rs2757500 172279021 2 -0.0015032121542813 171977284 172279021 301737
1 577 rs430928 114741351 3 -0.00149817205601364 114741351 114807559 66208
1 816 rs16839132 195909700 3 -0.00148825750295938 195859022 195956629 97607
1 1011 rs1693210 233800613 2 0.00146818192149847 233766695 233813072 46377
1 1023 rs4626924 234909298 1 0.00146761631168035 234909298 234909298 0
1 36 rs6690868 5701323 2 0.00146562742623412 5671786 5707091 35305
1 366 rs1570814 67124943 4 0.00146292575269614 66986557 67245275 258718
1 581 rs6330 115829313 2 -0.00146236118627192 115829313 115871635 42322
1 1075 rs7540470 241625863 2 0.00145767529557184 241586834 241690554 103720
1 513 rs7519801 101743821 3 -0.00144433671514701 101698388 101751884 53496
1 1066 rs16840284 240680957 2 0.00144328890611329 240674472 240699814 25342
1 238 rs6703320 40145297 1 0.00142392261598803 39583686 40145297 561611
1 1122 rs12141826 247200639 1 0.00141989271359913 247196539 247340784 144245
1 653 rs61823162 159785413 1 0.00141837643226039 159782181 159785425 3244
1 927 rs11572427 217199613 3 -0.0014176089233556 217124015 217240584 116569
1 191 rs6673363 30933736 2 0.00141727233386467 30919030 30989639 70609
1 702 rs33958744 166905927 6 -0.00140192495362475 166826655 167038219 211564
1 398 rs11162738 75665476 2 -0.00139509475628903 75290369 75722527 432158
1 253 rs10493113 43158510 5 0.00139106468590985 42898843 43353134 454291
1 240 rs17570439 40324210 1 0.00138908051590399 40258993 40439598 180605
1 211 rs705197 34844836 1 0.00138189505104355 34809587 34936992 127405
1 1080 rs12568965 242070731 1 0.00138092486066191 242035382 242070731 35349
1 638 rs10494312 157233781 2 -0.00136328897562964 157176781 157259757 82976
1 991 rs480902 231531627 5 0.00136225695696956 231340433 231711489 371056
1 278 rs1288404 53557484 5 0.00135176710011576 53143271 53570659 427388
1 137 rs11573238 20406586 1 0.00134702141995672 20373391 20434402 61011
1 5 rs2840532 2327815 3 0.0013420252767187 2327075 2339074 11999
1 899 rs6670986 211809647 1 0.00134062311637991 211774350 211893655 119305
1 440 rs7512262 84896062 1 -0.00133172168343151 84795283 84922553 127270
1 655 rs2789428 159959505 1 0.00133140518608791 159922959 160012270 89311
1 921 rs10864233 216295188 3 0.00132584807632376 216258213 216630596 372383
1 660 rs11265461 160630143 1 0.001322052409023 160616703 160630143 13440
1 680 rs13374982 163772455 1 0.00131814124907642 163674732 163805912 131180
1 477 rs284877 92173796 2 0.00130981801980978 92154088 92203190 49102
1 915 rs497870 215112145 1 -0.00129705751512214 214920883 215112145 191262
1 783 rs6695258 184408478 4 -0.00129387193928662 184314411 184580250 265839
1 812 rs10754095 194295528 2 0.00128257928505184 194158003 194416810 258807
1 733 rs6656814 171740946 3 -0.00127383142344487 171652583 171927696 275113
1 982 rs12757317 230419308 3 0.00126620364871345 230341905 230435991 94086
1 929 rs1909065 217483198 3 -0.00126188023923595 217352068 217560463 208395
1 1018 rs750813 234557918 2 0.00125867892093309 234492059 234557918 65859
1 495 rs326910 96851552 1 0.00125090762430985 96624820 96882331 257511
1 301 rs12133338 56871540 2 0.00123056439035715 56826300 56891414 65114
1 642 rs7524095 157879294 1 0.00122763217532723 157840353 157975608 135255
1 605 rs4636400 145444556 7 -0.00122354838995156 145394955 145723645 328690
1 89 rs7537478 14192950 2 0.00118873864874876 14190669 14240350 49681
1 1113 rs2282381 245840409 2 -0.001175473177771 245766651 245840409 73758
1 699 rs7552777 166456704 2 -0.00117230511762451 166389338 166458160 68822
1 664 rs5082 161193683 6 0.00116271627961219 161068836 161272441 203605
1 584 rs12568559 116223259 7 -0.00116147271910625 116214846 116333773 118927
1 498 rs4264037 97764073 3 0.00115397922292025 97748929 97878068 129139
1 302 rs12081589 56981625 1 -0.0011472754122618 56914341 57016862 102521
1 504 rs4908084 99310398 8 -0.00114562796256246 98983135 99416102 432967
1 266 rs6660568 48082491 2 0.00113695351758174 48015566 48085268 69702
1 257 rs6682866 44578764 5 0.00111563598545087 44509551 44844958 335407
1 1123 rs1778541 247419664 3 -0.00111148841354924 247346189 247513049 166860
1 402 rs11162095 76645304 4 -0.00110656403263605 76610397 76697968 87571
1 190 rs6662418 30887894 5 0.00110433344957504 30799299 30887894 88595
1 439 rs2812452 84576203 2 0.00109845637023216 84254551 84722166 467615
1 791 rs6683363 186927369 4 -0.00109832230466581 186862419 186967702 105283
1 1108 rs6671796 245358619 2 0.0010933751486107 245358619 245474078 115459
1 704 rs1032608 167131321 2 -0.0010842311330678 167103023 167156500 53477
1 311 rs4912173 58208267 3 -0.00106996700237331 58208267 58376778 168511
1 28 rs4141867 4983798 4 -0.00106728081419062 4861160 4996185 135025
1 151 rs12137132 22653884 2 -0.00105844502457096 22653884 22735906 82022
1 414 rs12037077 79350364 2 0.00105304248171123 79282661 79490302 207641
1 712 rs204267 167810373 1 0.00104522586475193 167778843 167826851 48008
1 718 rs728354 168601255 2 -0.00103268392292754 168568911 168633890 64979
1 40 rs1765719 5905929 1 -0.00102290897588289 5900795 5905929 5134
1 841 rs4131469 201970748 1 0.00102217787151957 201936324 202013757 77433
1 216 rs2971412 35568012 3 -0.00101904655220835 35403677 35687815 284138
1 251 rs2492604 42253788 1 -0.00101706424830621 42202714 42350837 148123
1 940 rs6704463 219547825 2 0.00100609925275615 219298539 219586415 287876
1 793 rs12033946 187348438 4 9.940396178571185e-4 187236958 187501925 264967
1 386 rs2152119 71100213 3 -9.78286678117564e-4 71014024 71365983 351959
1 1034 rs653740 236644617 2 9.70037235567884e-4 236634875 236677586 42711
1 932 rs966209 218108088 1 9.699070080403336e-4 217783810 218108164 324354
1 66 rs190775 10683683 1 -9.64492060980463e-4 10651460 10725193 73733
1 811 rs2584256 194084297 2 -9.57817876023548e-4 193956727 194089817 133090
1 226 rs2660569 37922859 2 -9.539433951512492e-4 37902331 38092723 190392
1 410 rs3104467 77971047 2 9.513702914943912e-4 77897713 77980235 82522
1 1065 rs9729366 240639611 3 9.465751794792188e-4 240586392 240639611 53219
1 381 rs2249487 69715220 3 9.377684466865802e-4 69711165 69909512 198347
1 1004 rs4649410 232972001 2 9.029930928846948e-4 232972001 233046677 74676
1 1007 rs701177 233357608 1 -8.986763458023508e-4 233303958 233412485 108527
1 590 rs1182218 117361083 1 -8.929574416600148e-4 117304100 117367190 63090
1 918 rs2797236 215851464 7 8.864412515008219e-4 215851464 215955937 104473
1 741 rs4652283 173854659 3 8.818058635962752e-4 173615965 175087729 1471764
1 930 rs187286 217593284 2 8.809082034921373e-4 217592945 217604654 11709
1 668 rs2499836 161967681 3 -8.684894031864698e-4 161957719 161967681 9962
1 796 rs10912216 187946548 2 -8.660315156875785e-4 187920237 188484287 564050
1 310 rs2793626 57996397 2 -8.648578034200854e-4 57996397 58121100 124703
1 672 rs34001279 162367103 1 8.615631776124867e-4 162356487 162440134 83647
1 329 rs1419336 61477603 3 8.448253295816673e-4 61442276 61659786 217510
1 665 rs11585941 161312656 1 8.435460889950656e-4 161312656 161398568 85912
1 281 rs943514 53930551 2 -8.338385384412056e-4 53786149 53952141 165992
1 158 rs2502979 24149315 5 8.330647334546235e-4 23937261 24168019 230758
1 417 rs1949779 80255867 5 -8.318424902911455e-4 80116138 80338715 222577
1 737 rs12066143 172814855 2 8.263184295798868e-4 172711000 172898402 187402
1 338 rs10889294 62630362 3 -8.22211242073115e-4 62420303 62638306 218003
1 406 rs1498365 77149849 2 8.174417016625834e-4 77093530 77187595 94065
1 682 rs12047873 164175199 11 8.158438133835273e-4 163957638 164226252 268614
1 430 rs1342131 82292250 3 -8.137581316814463e-4 82241874 82561559 319685
1 1061 rs17606620 240102885 1 8.06131240183297e-4 240065878 240102885 37007
1 360 rs12086738 65807412 8 -8.048587777437022e-4 65703484 65874037 170553
1 540 rs1781050 108557705 1 -7.979274537467489e-4 108554161 108680234 126073
1 795 rs2495469 187817247 2 7.897885584113533e-4 187812024 187888914 76890
1 1059 rs2841037 239934541 1 7.895536975183366e-4 239934541 239934541 0
1 229 rs6600436 38469500 1 7.862771094773859e-4 38469500 38522092 52592
1 713 rs10489202 167903079 1 7.851013678078225e-4 167845787 168159890 314103
1 23 rs351615 4370385 1 7.849691512183336e-4 4368819 4379687 10868
1 564 rs4838924 112435318 2 -7.774617366884245e-4 112428953 112468814 39861
1 1032 rs6695464 236548122 1 7.754698814581946e-4 236546386 236557928 11542
1 465 rs1984129 89857106 2 -7.672831704627773e-4 89776233 90025519 249286
1 1016 rs628407 234432465 4 7.666025684851501e-4 234413359 234432465 19106
1 161 rs4648960 24618605 1 -7.624864039643125e-4 24564127 24618605 54478
1 93 rs2789746 14673025 1 -7.51285897000783e-4 14635852 14718957 83105
1 807 rs1933701 192730505 3 -7.498971940401787e-4 192567674 192768324 200650
1 502 rs11165996 98799369 3 7.425265960457239e-4 98755006 98904871 149865
1 200 rs6678903 33062554 2 -7.373430452643482e-4 32975903 33215380 239477
1 1114 rs2791362 245911746 1 7.294845575860946e-4 245849191 245953416 104225
1 407 rs3928852 77214000 1 -7.143039847961613e-4 77190350 77259107 68757
1 922 rs6604611 216655251 1 7.065285168151804e-4 216638249 216657848 19599
1 754 rs2181263 177670577 2 -7.058422643180285e-4 177434326 177742007 307681
1 848 rs946261 203157873 3 7.005507791751557e-4 203102728 203195877 93149
1 207 rs911216 34375199 2 6.898569629786308e-4 34375199 34382423 7224
1 505 rs302802 99636921 2 6.873857057052284e-4 99449969 99647421 197452
1 243 rs2272994 40923019 4 -6.850267461444602e-4 40823379 40930624 107245
1 104 rs4661330 15687059 1 6.790810386256095e-4 15644729 15733394 88665
1 830 rs7526286 200664589 6 -6.743695718000118e-4 200481934 200852820 370886
1 1086 rs10926800 242801209 1 -6.679363695878669e-4 242723279 242840987 117708
1 13 rs947345 3424388 3 -6.631206203659551e-4 3362256 3424388 62132
1 608 rs3766509 147130275 2 -6.602961242949484e-4 147119273 147236233 116960
1 77 rs12029016 12128498 1 -6.525595185836788e-4 12117901 12135526 17625
1 936 rs3009947 218689155 1 -6.517897049042154e-4 218564881 218691314 126433
1 25 rs12080165 4596700 5 -6.513114258775679e-4 4548088 4668670 120582
1 917 rs111033381 215847956 2 6.512581506069731e-4 215380352 215847956 467604
1 488 rs11165191 95120228 4 6.497511922953694e-4 95085927 95177368 91441
1 143 rs10493004 21442736 2 6.485500525222025e-4 21012609 21442736 430127
1 325 rs17120400 60691588 1 6.383188536219501e-4 60597914 60848538 250624
1 468 rs7552852 90597198 2 -6.372353332881721e-4 90534048 90597198 63150
1 594 rs12046117 117751365 3 -6.346179222484363e-4 117749809 117789283 39474
1 671 rs449908 162324445 2 -6.283456167114881e-4 162324445 162344102 19657
1 730 rs4631734 171220236 3 6.257187653884858e-4 171050589 171220236 169647
1 770 rs12402123 181490018 1 6.154336526343187e-4 181476430 181526369 49939
1 476 rs11164953 92031009 3 -6.108822207024599e-4 92030967 92112890 81923
1 320 rs4128414 59533996 2 -6.104566800096435e-4 59526466 59635870 109404
1 820 rs6667378 198000253 4 6.102907638342577e-4 197960889 198095880 134991
1 201 rs10914632 33361287 1 6.098276409777202e-4 33256884 33873511 616627
1 403 rs4949624 76732617 1 6.076480078797598e-4 76732617 76777065 44448
1 103 rs7520597 15585613 3 -5.928555489559438e-4 15583819 15610004 26185
1 435 rs1359755 83303480 1 -5.918518748287439e-4 83297330 83465396 168066
1 1031 rs10924694 236358092 3 5.910838114036802e-4 236310024 236521008 210984
1 567 rs6537731 112773948 3 -5.786407401656327e-4 112707172 112829454 122282
1 1118 rs12404422 246441421 1 5.75180580642921e-4 246374741 246606143 231402
1 1019 rs111283864 234565176 1 5.687868189311013e-4 234565176 234616522 51346
1 772 rs4523491 181999723 2 5.596171180107574e-4 181841744 182027022 185278
1 817 rs16839556 196120613 1 -5.558758916690637e-4 196032605 196120613 88008
1 537 rs17019602 108188858 1 5.53766194870323e-4 108077102 108239958 162856
1 1038 rs12403151 237197508 2 -5.526007268626795e-4 237194523 237227916 33393
1 114 rs7528432 18034588 1 -5.509255216397744e-4 18006550 18099283 92733
1 789 rs2143417 186653787 3 -5.501076061606856e-4 186225257 186745922 520665
1 804 rs10494666 192421227 2 -5.316206593469542e-4 192370110 192461456 91346
1 416 rs7555545 79741744 1 5.314723580014736e-4 79729175 80077766 348591
1 552 rs7365459 110492809 4 -5.144337209664401e-4 110478803 110658171 179368
1 963 rs2854451 226012614 9 -5.057087442033922e-4 225863133 226015116 151983
1 508 rs12729121 100081117 2 -5.017851487740975e-4 100079760 100195477 115717
1 742 rs2269650 175129691 2 5.016579391190105e-4 175090414 175162805 72391
1 931 rs10495060 217727217 1 4.999783238267419e-4 217680035 217762620 82585
1 153 rs294185 22971892 5 4.994923484740162e-4 22899011 23062908 163897
1 763 rs6703180 180138800 2 -4.908732939970259e-4 180138800 180201184 62384
1 794 rs6664686 187757027 3 4.8261305052465055e-4 187607223 187757027 149804
1 326 rs10889175 60901523 3 -4.821507772569814e-4 60876146 61098227 222081
1 423 rs17105699 81391541 1 -4.7687753558544254e-4 81376282 81452990 76708
1 116 rs6685120 18311140 3 -4.7473256428955655e-4 18190225 18312084 121859
1 460 rs10737721 88548801 1 -4.660880476487704e-4 88481128 88548801 67673
1 534 rs1335051 107658862 6 -4.647816358949947e-4 107506014 107697660 191646
1 895 rs6540619 210862656 1 4.589216385719846e-4 210800547 210862656 62109
1 562 rs3754026 112283838 1 4.5588543610155813e-4 112106247 112329551 223304
1 263 rs594387 47213386 1 4.5195120393127207e-4 47105000 47219823 114823
1 760 rs3738423 179533915 1 4.505815791022166e-4 178989464 179631242 641778
1 421 rs7552365 81087175 1 -4.5046412958287186e-4 81070850 81196872 126022
1 815 rs10921881 195606741 4 4.5004486873259576e-4 195606741 195853219 246478
1 441 rs11163983 84955233 1 -4.500385313221815e-4 84944989 85143652 198663
1 621 rs11589914 153230954 4 -4.433831494936329e-4 153200987 153321584 120597
1 204 rs481776 34205859 1 4.411841294378908e-4 34189429 34238852 49423
1 292 rs1544908 55302719 1 -4.340001811184334e-4 55273580 55354335 80755
1 349 rs17125348 64161699 1 -4.273429256513884e-4 64102114 64166213 64099
1 472 rs355644 91504195 6 -4.2317003753847065e-4 91243376 91517927 274551
1 675 rs2343508 162896697 2 4.176769376970038e-4 162890325 162961718 71393
1 51 rs707460 7838691 4 -4.1691339033292254e-4 7713021 7936272 223251
1 324 rs11207523 60302414 2 4.150010334778395e-4 60275095 60586471 311376
1 80 rs7546794 12336147 2 4.149195755525343e-4 12316584 12600396 283812
1 1091 rs1058304 243664857 2 -4.128414326509389e-4 243664857 244102151 437294
1 372 rs787481 68095207 2 -4.010298362001303e-4 68055347 68106197 50850
1 533 rs4244120 107480854 2 3.989523397700901e-4 107440872 107481837 40965
1 1053 rs9428818 239171877 3 3.931451816281352e-4 238930859 239184630 253771
1 99 rs4661310 15320449 1 3.920112890110593e-4 15317488 15331802 14314
1 479 rs6697441 92506432 1 -3.915701963538862e-4 92416821 92865160 448339
1 431 rs17489092 82755843 5 3.816055657050188e-4 82575142 82800233 225091
1 342 rs12130333 63191777 5 3.809587894533109e-4 62931632 63361221 429589
1 786 rs232298 185455790 1 3.730230447156704e-4 185453884 185500084 46200
1 719 rs581753 168679692 1 -3.711629512448925e-4 168665974 168745136 79162
1 71 rs2076655 11289161 1 3.683081929796714e-4 11032827 11318236 285409
1 483 rs17881908 94353668 1 -3.6484900500386894e-4 94185344 94441950 256606
1 525 rs11184264 105235357 2 3.5944384400082586e-4 105199870 105341180 141310
1 855 rs34758764 204094987 1 -3.583363310810126e-4 204094987 204110547 15560
1 450 rs17128866 86591141 6 -3.5678235411487516e-4 86577829 86736880 159051
1 382 rs1245060 70047731 4 -3.56309013353752e-4 69920333 70176245 255912
1 319 rs6664131 59396262 4 3.4957866812807535e-4 59355900 59482626 126726
1 643 rs7527735 158023515 1 3.443603036628966e-4 158009712 158023515 13803
1 755 rs34612022 177811499 2 3.3818803881626927e-4 177751488 177913519 162031
1 315 rs849469 58894050 1 -3.3554315865686065e-4 58872522 58909744 37222
1 945 rs12754802 220539533 2 -3.346428642514846e-4 220539533 220568157 28624
1 582 rs7552722 115921355 1 3.3056954636570015e-4 115882541 116011901 129360
1 112 rs4920374 17872028 1 3.2890641760323103e-4 17683526 17872028 188502
1 617 rs6700998 152434009 8 -3.285984313613462e-4 152144260 152530510 386250
1 523 rs12057598 104930486 4 3.219586069902298e-4 104770475 104981506 211031
1 235 rs10789469 39166802 1 -3.1163359793792223e-4 39054557 39204184 149627
1 1071 rs2678778 241242629 1 -3.096682028433328e-4 241186056 241259007 72951
1 156 rs1198433 23756695 1 3.0903323483843094e-4 23312025 23794914 482889
1 47 rs11120887 7318534 1 3.013031555972997e-4 7269283 7361338 92055
1 245 rs4660468 41285087 1 -2.9870044450207333e-4 41272533 41297411 24878
1 933 rs7546902 218147297 4 2.9834573875227896e-4 218111556 218275002 163446
1 444 rs1325278 85400182 3 -2.9537960261345015e-4 85396158 85556791 160633
1 397 rs1051122 75190452 2 2.9443287691076516e-4 75151932 75252764 100832
1 237 rs3768324 39492462 1 2.912915423924672e-4 39395883 39518006 122123
1 852 rs4951130 203695836 1 -2.8427873595146346e-4 203644628 203713133 68505
1 389 rs10518395 72482645 1 2.793006546793263e-4 72289671 72500375 210704
1 305 rs857107 57222599 2 -2.781302208337297e-4 57219539 57273172 53633
1 438 rs4636482 84190263 2 2.7519021077269945e-4 84149799 84223416 73617
1 393 rs717830 74376663 1 2.7008596355397976e-4 74338530 74454701 116171
1 46 rs4908443 7179721 1 -2.6681025229669414e-4 7177744 7241523 63779
1 696 rs4656467 165871705 2 2.651435434488522e-4 165831128 165896757 65629
1 798 rs421604 189548411 1 2.647201111771421e-4 188961641 189639180 677539
1 148 rs139500146 22165963 2 2.600482152095712e-4 22150118 22345093 194975
1 335 rs11207804 62134264 1 -2.5439326105836595e-4 62119809 62134264 14455
1 258 rs1890948 44929865 1 2.3881130511841864e-4 44925508 44957986 32478
1 920 rs6419476 216236311 1 2.3654946365083703e-4 216219781 216236311 16530
1 379 rs7541833 69184038 1 2.254618054507451e-4 69184038 69422680 238642
1 720 rs10737544 168891735 1 -2.2500050617026173e-4 168748586 168892181 143595
1 603 rs3009186 120380990 2 -2.205816837785332e-4 120380990 120505532 124542
1 898 rs11119751 211663221 1 -2.182143369116069e-4 211405423 211712690 307267
1 362 rs17448446 66217402 1 2.1610908696553249e-4 66185403 66321193 135790
1 774 rs497915 182406654 3 2.1578585532690104e-4 182301508 182406654 105146
1 333 rs3890764 61961953 1 2.132860093525066e-4 61947516 62003946 56430
1 187 rs267667 30546997 1 -2.10833176747136e-4 30528143 30581567 53424
1 1068 rs2066380 240901508 1 -2.090480128612129e-4 240856523 240901508 44985
1 117 rs4920428 18425601 3 -2.079825986690863e-4 18335916 18427031 91115
1 1085 rs2809992 242673425 3 -2.0456030117073465e-4 242628042 242690984 62942
1 496 rs11584143 97316690 1 -2.0128533605101427e-4 96888650 97419143 530493
1 640 rs3845580 157386936 3 2.0095951324966145e-4 157348712 157463366 114654
1 634 rs1056695 156622252 2 1.9900909219224144e-4 156622252 156662372 40120
1 884 rs841503 208662959 1 -1.9879790127788497e-4 208662959 208719848 56889
1 989 rs765265 231276007 2 -1.9379710124034608e-4 231173379 231277763 104384
1 458 rs2503273 88273790 1 1.9312289723451384e-4 88257998 88392864 134866
1 395 rs1022915 74907002 1 -1.8784818148308513e-4 74907002 75014195 107193
1 843 rs3935008 202138239 1 1.8541924302002097e-4 202128601 202193981 65380
1 155 rs7543064 23288580 2 -1.827235026957679e-4 23206684 23291090 84406
1 304 rs9803799 57180072 1 1.725626121551286e-4 57180072 57192848 12776
1 560 rs2820093 111863306 2 -1.713800265145827e-4 111852352 112000344 147992
1 937 rs2965012 218786549 1 -1.635574446580416e-4 218708603 218786549 77946
1 596 rs1419369 118276152 1 -1.5673464410056998e-4 118131205 118796804 665599
1 368 rs4553158 67436446 3 -1.5444173176043887e-4 67412261 67584335 172074
1 154 rs10917312 23152969 1 1.5195151785287028e-4 23106213 23171706 65493
1 1115 rs9660719 246003671 4 1.5140174209754488e-4 245979357 246047468 68111
1 413 rs1780746 79182561 1 -1.4820603075299147e-4 79079566 79217345 137779
1 871 rs11584983 206769047 1 -1.463120601966182e-4 206727260 206776097 48837
1 198 rs4949465 32178489 1 1.4630551505694325e-4 32085637 32259791 174154
1 210 rs10799030 34685741 1 -1.444890229321476e-4 34658231 34796092 137861
1 309 rs10493223 57934034 4 1.420940488503351e-4 57784144 57975111 190967
1 979 rs1889192 229850656 2 -1.3881084976509483e-4 229772932 229910737 137805
1 751 rs1325598 176792249 1 1.3856254091420251e-4 176547669 176992553 444884
1 1102 rs9662967 244957186 1 1.3845160162466165e-4 244957186 244957186 0
1 506 rs6683554 99706463 2 -1.3279235016168932e-4 99697631 99789950 92319
1 422 rs17105538 81315043 2 1.30515035179866e-4 81227145 81352249 125104
1 1092 rs692981 244165607 2 1.2969761950185868e-4 244155946 244179191 23245
1 600 rs3820032 119908763 2 1.2936774119661997e-4 119908763 120110175 201412
1 866 rs6681714 205468289 1 1.2654367770820296e-4 205468289 205483124 14835
1 323 rs654165 60226496 2 -1.2530427292085117e-4 60213519 60226496 12977
1 935 rs1556836 218391681 1 -1.227438088330626e-4 218353211 218542059 188848
1 688 rs1936075 164992228 1 -1.1479813697300994e-4 164956966 165016712 59746
1 17 rs7535133 3748513 3 -1.120989097063055e-4 3732596 3823395 90799
1 262 rs6683116 46975773 1 1.0333807633155854e-4 46905802 47080741 174939
1 771 rs199950 181590858 2 -9.892323571611664e-5 181541159 181816509 275350
1 731 rs7519763 171389475 1 9.677302915112686e-5 171244759 171398925 154166
1 227 rs6687329 38127154 1 9.668809757718068e-5 38117142 38196841 79699
1 355 rs7552434 65103510 1 -9.624543506721612e-5 65074489 65147002 72513
1 1042 rs7526759 237446556 1 -9.224120432348184e-5 237420086 237471081 50995
1 715 rs7512951 168309388 1 9.085107588287636e-5 168309388 168359043 49655
1 614 rs2769265 151344150 1 8.056574747436504e-5 151344150 151524275 180125
1 572 rs749956 113667837 1 7.420116788279567e-5 113416122 113728629 312507
1 941 rs11804949 219648119 1 -7.377020317635593e-5 219596070 219762581 166511
1 354 rs11208467 65031202 1 7.297601344436623e-5 64941609 65031202 89593
1 364 rs11208834 66789263 1 7.121509741241043e-5 66785930 66852981 67051
1 383 rs11209583 70444049 1 6.901946688980573e-5 70207079 70459886 252807
1 399 rs2657206 75794538 1 -6.725786954843667e-5 75779404 75982426 203022
1 173 rs479067 27375997 2 6.447117630042542e-5 27079931 27377401 297470
1 913 rs10494978 214625879 1 -6.360052372584611e-5 214589914 214664556 74642
1 844 rs75658797 202287754 1 5.802574485343089e-5 202228042 202570776 342734
1 667 rs35284289 161736209 7 -5.586708620819447e-5 161676394 161943634 267240
1 687 rs12410158 164862578 2 -5.36831433379961e-5 164733504 164951930 218426
1 995 rs11584798 232066277 2 -5.122068727084696e-5 232054078 232078614 24536
1 869 rs7415921 205910883 1 -5.059115644557948e-5 205887981 205916699 28718
1 348 rs12407262 63820276 1 4.861525083518635e-5 63818393 64089432 271039
1 842 rs9427478 202045985 2 -4.7351294279185995e-5 202032235 202095590 63355
1 184 rs12045312 30234753 1 -4.7253281568053266e-5 30172044 30265652 93608
1 716 rs858099 168426153 1 4.072692401876742e-5 168413221 168426153 12932
1 425 rs7534535 81820712 1 3.9652636959119325e-5 81770597 81831533 60936
1 766 rs17302632 181039528 1 -3.712687600176272e-5 180934047 181109478 175431
1 443 rs4907110 85371265 1 3.673184139066952e-5 85366164 85371391 5227
1 785 rs7553686 185364104 1 -3.294981324647999e-5 184986725 185422604 435879
1 20 rs10915659 4092949 1 3.196960618779942e-5 4091650 4131726 40076
1 883 rs6662504 208606109 2 2.8095236763607263e-5 208551773 208622869 71096
1 586 rs9428197 116812245 1 -2.435150154939099e-5 116768898 116921019 152121
1 1104 rs7524543 245116281 1 -2.4109395739962328e-5 245102866 245116281 13415
1 499 rs11165887 97974659 1 2.318625976469673e-5 97915624 97990575 74951
1 691 rs4361970 165257255 1 -1.968638889068316e-5 165199023 165272872 73849
1 814 rs2119441 195392852 1 1.6573467503490265e-5 195239673 195531423 291750
1 888 rs10863764 209400118 5 1.308079079795875e-5 209239811 209581483 341672
1 790 rs6685652 186831728 1 -1.2416456829956995e-5 186831728 186851216 19488
1 829 rs7546093 200450197 1 -6.79815788412868e-6 200286231 200450197 163966
1 847 rs4950914 203041457 2 3.90298958127431e-6 203017087 203041457 24370
1 661 rs10489639 160679527 1 -3.6189261155028616e-6 160652476 160679527 27051
1 462 rs6690435 88697663 1 -3.321616429885482e-6 88661096 88973472 312376
1 75 rs17350396 11900838 2 -2.2227221556779337e-6 11836450 11979556 143106
1 633 rs7536235 156581534 1 1.3026457164603049e-6 156456301 156589450 133149
