CHR Group SNP.lead BP.lead Size W BP.min BP.max BP.width
20 3764 rs6017247 42657841 2 0.0347050924416394 42657841 42657841 0
20 5457 rs16984735 59707964 1 -0.02838450667608609 59707964 59707964 0
20 4018 rs4810485 44747947 1 0.02808863708112807 44747947 44747947 0
20 4372 rs543477 48209718 2 0.02541041788634761 48209718 48209718 0
20 1611 rs6043241 15359412 1 -0.02477517688070614 15359412 15359412 0
20 491 rs1543452 4974106 1 0.02450377911358547 4974106 4974106 0
20 5636 rs755017 62421622 1 0.02327323391489267 62421622 62421622 0
20 1511 rs6033981 14572059 1 0.02224176458112019 14572059 14572059 0
20 2560 rs6048661 23251415 1 -0.02076191995559522 23251415 23251415 0
20 4738 rs6063942 52037947 1 0.02033663654051538 52037947 52037947 0
20 1157 rs8118592 10996304 1 0.01951351130752643 10996304 10996304 0
20 4555 rs6021318 50228751 2 0.01937149130434661 50228751 50228751 0
20 4683 rs2031979 51475632 2 0.01867856466798572 51475632 51475632 0
20 110 rs6042507 1459060 1 -0.0163517602358883 1459060 1459060 0
20 326 rs7267462 3609961 1 0.01610636481286269 3609961 3609961 0
20 4914 rs6127423 53807443 1 0.01542277341220752 53807443 53807443 0
20 3794 rs8268 42825929 1 -0.01530853095301553 42825929 42825929 0
20 4693 rs16997342 51574683 2 0.01516079618441088 51574683 51574683 0
20 4014 rs6074022 44740196 1 0.0148409489650309 44740196 44740196 0
20 1113 rs2057053 10683471 1 -0.01462523318794899 10683471 10683471 0
20 4404 rs1555317 48643650 1 0.01441221384986957 48643650 48643650 0
20 1045 rs6104550 10068488 1 0.01432273018063093 10068488 10068488 0
20 5092 rs61733436 55758929 1 0.01389953327876149 55758929 55758929 0
20 2812 rs6088033 31486051 1 0.01376541762012941 31486051 31486051 0
20 5559 rs875379 60901986 1 -0.01368770098550124 60901986 60901986 0
20 5292 rs3934412 58120733 1 0.01328615643266284 58120733 58120733 0
20 5001 rs4810019 54910917 1 -0.01309773867442016 54910917 54910917 0
20 2917 rs910873 33171772 1 -0.01303208812120762 33171772 33171772 0
20 630 rs2326748 6293824 2 0.01271281248717257 6293824 6293824 0
20 2596 rs6048822 23454758 2 0.01267455463841137 23454758 23454758 0
20 4910 rs2870391 53762628 1 0.01247026565749795 53762628 53762628 0
20 4755 rs6013773 52344962 1 -0.01218489299157742 52344962 52344962 0
20 4703 rs1315869 51686119 1 -0.01207782004481527 51686119 51686119 0
20 3060 rs1146264 35489005 1 -0.01202731102229217 35489005 35489005 0
20 4530 rs6126195 49869862 2 0.01175633681324236 49869862 49869862 0
20 3791 rs6073359 42804385 1 0.01160452401453123 42804385 42804385 0
20 5320 rs13039338 58476841 1 0.01154367131529358 58476841 58476841 0
20 5270 rs260005 57773121 2 -0.0111391065143856 57773121 57773121 0
20 3798 rs6130568 42834765 1 0.0110180643886604 42834765 42834765 0
20 1932 rs6044808 17410843 1 -0.01079977383996423 17410843 17410843 0
20 5637 rs2281929 62422080 1 0.01062832812599348 62422080 62422080 0
20 4643 rs6063841 51214293 1 0.01061994100743474 51214293 51214293 0
20 1525 rs2208083 14771194 1 0.01041364760319377 14771194 14771194 0
20 1060 rs2423487 10213095 1 0.01023910294194603 10213095 10213095 0
20 1243 rs2423626 11827424 1 -0.01006752352216189 11827424 11827424 0
20 955 rs6118618 9421183 1 -0.01000408650301308 9421183 9421183 0
20 5246 rs6123832 57418071 1 0.00999515580078697 57418071 57418071 0
20 4636 rs6068212 51133920 1 -0.00981309261054587 51133920 51133920 0
20 3808 rs6017299 42866656 1 0.00955732186741472 42866656 42866656 0
20 1948 rs6044842 17463917 1 -0.00953871588741262 17463917 17463917 0
20 2143 rs6112259 19198290 2 -0.00950898332574524 19198290 19198290 0
20 5560 rs944893 60902389 1 0.00923668869205916 60902389 60902389 0
20 4141 rs6018359 45873923 1 0.0090571895104802 45873923 45873923 0
20 2352 rs6047143 20882813 1 -0.00891088379402737 20882813 20882813 0
20 4749 rs2766664 52171241 2 -0.00858710886138358 52171241 52171241 0
20 3329 rs211863 38454167 1 -0.00838462854485789 38454167 38454167 0
20 3580 rs13040321 40922844 1 0.00799253065197482 40922844 40922844 0
20 707 rs990654 7184635 1 -0.0079354114718873 7184635 7184635 0
20 315 rs6076524 3452447 2 0.00780736629445778 3452447 3452447 0
20 2648 rs6114429 24023945 1 0.00772693318629256 24023945 24023945 0
20 832 rs1235142 8386087 1 -0.00769734169485436 8386087 8386087 0
20 4754 rs6013772 52344919 2 0.0076559099683711 52344919 52344919 0
20 2519 rs6082866 22803909 2 0.00764577056969776 22803909 22803909 0
20 2162 rs6045989 19292926 1 0.00761967803277736 19292926 19292926 0
20 3089 rs4988491 35879404 1 -0.00759245784583459 35879404 35879404 0
20 2309 rs17307939 20148329 1 0.00757932435760301 20148329 20148329 0
20 2111 rs6132112 18761714 2 -0.00729506333968984 18761714 18761714 0
20 401 rs2027237 4177104 1 0.00725695108126279 4177104 4177104 0
20 293 rs2277756 3003027 1 -0.0071993222863588 3003027 3003027 0
20 304 rs6051693 3244449 2 0.00714165517457339 3244449 3244449 0
20 3914 rs6032259 44141331 1 0.0071185828831386 44141331 44141331 0
20 3681 rs761027 41560394 1 -0.00709553824553362 41560394 41560394 0
20 1154 rs6040284 10984456 1 0.0070861355555631 10984456 10984456 0
20 777 rs4140559 7914361 1 0.00705041739385535 7914361 7914361 0
20 4140 rs2275801 45867852 1 0.00698037736207639 45867852 45867852 0
20 4304 rs2426092 47384255 1 0.0069293402658696 47384255 47384255 0
20 3142 rs2076388 36768309 1 -0.00689311915732129 36768309 36768309 0
20 4657 rs6022031 51278134 1 0.00685079358618839 51278134 51278134 0
20 4458 rs6063516 49057248 2 -0.00680204093411824 49057248 49057248 0
20 3979 rs3746500 44511533 1 0.00662005984380482 44511533 44511533 0
20 3330 rs4812412 38467674 2 -0.0066129311846094 38467674 38467674 0
20 4711 rs8117683 51731191 1 0.00661235753824751 51731191 51731191 0
20 128 rs41297640 1551564 1 -0.00655122222965638 1551564 1551564 0
20 2269 rs4814911 19843894 2 -0.00616156633762075 19843894 19843894 0
20 3440 rs6102209 39536311 1 -0.00611233198846857 39536311 39536311 0
20 3326 rs13042600 38442513 1 0.00610714178198768 38442513 38442513 0
20 2048 rs17804825 18235516 1 -0.00606003412509679 18235516 18235516 0
20 4508 rs1062651 49508683 1 0.00604263058615175 49508683 49508683 0
20 3209 rs2015901 37455995 1 -0.00600407649601714 37455995 37455995 0
20 2295 rs6046570 20029464 1 0.0058878088776631 20029464 20029464 0
20 2644 rs6049306 23990210 1 0.00583676925387757 23990210 23990210 0
20 4541 rs4811184 50124671 1 -0.00582904254780526 50124671 50124671 0
20 1255 rs6041029 11982632 2 -0.00568101404640775 11982632 11982632 0
20 5124 rs6070157 56137184 1 0.00562009310836154 56137184 56137184 0
20 389 rs4815648 4079276 2 -0.00558570630809285 4079276 4079276 0
20 257 rs6515646 2593863 2 -0.00556061916345757 2593863 2593863 0
20 1581 rs6135362 15171838 1 0.00553689310058612 15171838 15171838 0
20 4375 rs235039 48239644 1 0.00546870488209461 48239644 48239644 0
20 4723 rs45479792 51871502 1 0.00541847306046341 51871502 51871502 0
20 687 rs10485708 6926675 1 0.00527284423604247 6926675 6926675 0
20 1529 rs6042929 14785081 1 0.00526533522375562 14785081 14785081 0
20 4911 rs2209710 53776153 1 0.00520534325302645 53776153 53776153 0
20 85 rs35367003 1293141 1 -0.00517729763642173 1293141 1293141 0
20 2470 rs2424433 22303261 1 0.0051358922289504 22303261 22303261 0
20 4899 rs6023759 53598881 1 0.00505308633429077 53598881 53598881 0
20 4799 rs460076 52646926 1 0.00505200696082475 52646926 52646926 0
20 5612 rs6062941 62078487 1 0.00502654271957853 62078487 62078487 0
20 2531 rs1042579 23028724 1 0.00498942291773068 23028724 23028724 0
20 559 rs1287062 5885689 1 0.0049696796197591904 5885689 5885689 0
20 4542 rs6021262 50128998 1 -0.00496622772997859 50128998 50128998 0
20 2262 rs2876543 19796518 1 -0.00478827950001169 19796518 19796518 0
20 1995 rs16823 17791064 1 0.00475333907332411 17791064 17791064 0
20 5558 rs6062210 60890375 2 -0.00472629972983071 60890375 60890375 0
20 708 rs6054805 7191569 2 -0.00472170857161069 7191569 7191569 0
20 4939 rs6024282 54240941 2 0.0046661308387394 54240941 54240941 0
20 3308 rs294428 38278997 1 0.00465951116362524 38278997 38278997 0
20 2248 rs1884770 19753074 1 0.00464430190017431 19753074 19753074 0
20 2829 rs2424941 31665282 1 -0.00456074594444081 31665282 31665282 0
20 362 rs2274826 3856678 1 0.00454480142840614 3856678 3856678 0
20 3931 rs6104239 44212637 2 -0.00452773911168618 44212637 44212637 0
20 294 rs2296236 3020090 1 -0.004517043676621 3020090 3020090 0
20 447 rs6139433 4449910 1 -0.00448996883192087 4449910 4449910 0
20 28 rs150207 440443 2 -0.00447417098679807 440443 440443 0
20 4553 rs3827032 50225206 1 0.00445914540166108 50225206 50225206 0
20 1151 rs3949863 10975671 1 -0.00439587898032621 10975671 10975671 0
20 2076 rs2424205 18440185 1 0.00427038268892622 18440185 18440185 0
20 5061 rs1276446 55535498 1 0.00422652926908077 55535498 55535498 0
20 828 rs708925 8358004 1 0.00419561581276761 8358004 8358004 0
20 5511 rs6061740 60262223 1 0.00416395875964336 60262223 60262223 0
20 4822 rs2762932 52768391 2 -0.00412158934001323 52768391 52768391 0
20 2263 rs13036479 19797038 1 0.0041191229240417 19797038 19797038 0
20 4248 rs6018995 46872727 1 -0.00410822183795962 46872727 46872727 0
20 3247 rs16987905 37940679 1 0.00410027669955141 37940679 37940679 0
20 3359 rs6028800 38648634 1 0.00406915180251312 38648634 38648634 0
20 1895 rs1578411 17178434 1 0.00406569057223758 17178434 17178434 0
20 4736 rs156628 52003413 1 -0.00402757381007572 52003413 52003413 0
20 5421 rs12479915 59348668 1 -0.00390582307236079 59348668 59348668 0
20 3995 rs3746513 44594228 1 0.00388925643947847 44594228 44594228 0
20 590 rs6038332 6013499 2 0.00388902294504244 6013499 6013499 0
20 1021 rs6039576 9760258 1 -0.0038541028937259 9760258 9760258 0
20 4744 rs7271609 52137810 1 0.00382424472468068 52137810 52137810 0
20 2597 rs6114135 23456746 1 0.00380903614117748 23456746 23456746 0
20 260 rs4398331 2614285 2 -0.00379523764380436 2614285 2614285 0
20 5420 rs17201325 59337447 1 -0.00375760962837578 59337447 59337447 0
20 2518 rs2207170 22790548 2 -0.00372759086697848 22790548 22790548 0
20 3425 rs1883700 39438939 1 0.00367555029678026 39438939 39438939 0
20 4127 rs12480971 45697196 1 -0.00365250115381822 45697196 45697196 0
20 1962 rs6105783 17599087 1 0.00363450801688072 17599087 17599087 0
20 2735 rs78661674 24952147 1 0.00356309170604634 24952147 24952147 0
20 3402 rs1076759 39353684 1 -0.00349067910944595 39353684 39353684 0
20 3908 rs7272571 44092753 1 -0.00348095380445863 44092753 44092753 0
20 4729 rs6022394 51949510 1 0.00345089113858506 51949510 51949510 0
20 532 rs4815840 5548081 1 -0.00337476048698749 5548081 5548081 0
20 2032 rs4814689 18030357 1 -0.00334337220225751 18030357 18030357 0
20 1167 rs6033031 11092044 1 0.00330543913011594 11092044 11092044 0
20 5291 rs6128616 58118687 1 -0.00326795686318739 58118687 58118687 0
20 2408 rs6035877 21512532 2 -0.00323992780586365 21512532 21512532 0
20 2036 rs6080998 18124807 1 0.00321235706908942 18124807 18124807 0
20 2221 rs6112470 19562579 2 -0.00316462907899093 19562579 19562579 0
20 75 rs6040222 1140727 1 0.00316222065767171 1140727 1140727 0
20 4364 rs5601 48122140 1 -0.00315461013592372 48122140 48122140 0
20 1112 rs6040095 10680221 1 0.00312863446982778 10680221 10680221 0
20 425 rs6037820 4316337 1 0.00310584829708906 4316337 4316337 0
20 3848 rs6031872 43566518 1 0.00309512340762159 43566518 43566518 0
20 5210 rs9679935 56995940 1 -0.00307974538830431 56995940 56995940 0
20 4510 rs6096214 49588788 1 0.00307508155305157 49588788 49588788 0
20 1649 rs4813189 15702037 1 0.00307373574547342 15702037 15702037 0
20 1633 rs6034225 15579575 1 0.00304036877714336 15579575 15579575 0
20 1837 rs6044374 16794650 2 0.00303988053086023 16794650 16794650 0
20 4791 rs158548 52643045 1 0.00301478761907974 52643045 52643045 0
20 2561 rs6036354 23255069 1 -0.00295996482787407 23255069 23255069 0
20 572 rs742711 5904040 2 -0.00294417577426318 5904040 5904040 0
20 4057 rs202378 45181468 2 -0.00291258010992665 45181468 45181468 0
20 5554 rs6061457 60777232 1 0.00285845038377365 60777232 60777232 0
20 522 rs6053422 5449373 1 0.00283652761424201 5449373 5449373 0
20 4457 rs6067448 49053871 2 -0.00278649357622882 49053871 49053871 0
20 1526 rs6079567 14780425 1 0.00278011994322561 14780425 14780425 0
20 1214 rs6033173 11515533 1 -0.0027650042600415 11515533 11515533 0
20 1049 rs647518 10102530 2 0.00275049084984385 10102530 10102530 0
20 42 rs512236 785108 1 0.00266126927052105 785108 785108 0
20 1959 rs201928 17524903 1 -0.00263686587237034 17524903 17524903 0
20 3956 rs462654 44369063 1 -0.00262961252383598 44369063 44369063 0
20 4438 rs6091139 48979631 2 0.00259523658439522 48979631 48979631 0
20 608 rs55666319 6090969 1 0.00258567700980076 6090969 6090969 0
20 4663 rs4809916 51292222 1 0.00258516465318524 51292222 51292222 0
20 136 rs6043722 1661245 1 0.00256039047336643 1661245 1661245 0
20 3579 rs17316539 40920313 1 0.00253162436916342 40920313 40920313 0
20 2457 rs1337907 22214901 1 -0.00251761837710591 22214901 22214901 0
20 4008 rs6032661 44733811 1 0.00251409455856975 44733811 44733811 0
20 4307 rs6095298 47413079 1 0.00251290494950039 47413079 47413079 0
20 4722 rs2426474 51861958 1 -0.00249953096287708 51861958 51861958 0
20 4762 rs6068699 52492074 1 -0.0024691281964317 52492074 52492074 0
20 3415 rs4812456 39406575 2 0.00241778073621032 39406575 39406575 0
20 953 rs6118611 9414641 1 -0.00240086701083328 9414641 9414641 0
20 2164 rs6075501 19314126 1 -0.00239687074161405 19314126 19314126 0
20 3714 rs11698067 41993294 1 0.00239614496602545 41993294 41993294 0
20 5086 rs6092424 55672544 1 0.00238628678278175 55672544 55672544 0
20 4857 rs2426509 53055836 1 -0.00232742078921807 53055836 53055836 0
20 2006 rs2618553 17866344 1 0.00229650613377656 17866344 17866344 0
20 2458 rs6047982 22246450 1 0.00227288870110278 22246450 22246450 0
20 2310 rs12625290 20149700 1 0.00226603497146334 20149700 20149700 0
20 3195 rs6071119 37322023 1 0.00225666430298789 37322023 37322023 0
20 4370 rs473069 48205055 1 -0.0022403909731623 48205055 48205055 0
20 3735 rs285198 42364734 1 0.00222128315265433 42364734 42364734 0
20 105 rs6109989 1416737 1 0.00216275992338161 1416737 1416737 0
20 310 rs6115865 3359303 1 0.00215755405123652 3359303 3359303 0
20 5312 rs6027102 58359162 1 -0.00215544083190888 58359162 58359162 0
20 2456 rs1337906 22214821 1 0.00213249140299285 22214821 22214821 0
20 3096 rs11086214 36063565 1 -0.00211537791727011 36063565 36063565 0
20 3695 rs11086860 41742793 1 -0.0020965951416898 41742793 41742793 0
20 4313 rs17445063 47463731 1 -0.00208381362750661 47463731 47463731 0
20 812 rs6055625 8173394 1 0.00206832216394489 8173394 8173394 0
20 1921 rs16999051 17361482 1 0.00204892388241587 17361482 17361482 0
20 3312 rs789426 38294096 1 -0.00204406856098935 38294096 38294096 0
20 3645 rs970283 41280315 1 0.00202338741162991 41280315 41280315 0
20 299 rs306755 3099752 1 -0.0019564724612606 3099752 3099752 0
20 1470 rs8120693 14307024 1 -0.00194064392453648 14307024 14307024 0
20 3783 rs3810510 42747247 1 -0.0019288545313894 42747247 42747247 0
20 73 rs6074148 1098486 1 -0.00192586493299894 1098486 1098486 0
20 4560 rs6021332 50247749 2 -0.00190713313336296 50247749 50247749 0
20 4937 rs1337241 54228308 1 0.00189837542629433 54228308 54228308 0
20 4520 rs6020997 49746325 1 -0.00188868806440215 49746325 49746325 0
20 2059 rs1050475 18296473 1 0.00188067102271611 18296473 18296473 0
20 2966 rs1415771 33734493 1 -0.00186736273842328 33734493 33734493 0
20 1894 rs852099 17153063 1 -0.00184951342429284 17153063 17153063 0
20 1664 rs6135591 15874488 1 0.0018416393399804 15874488 15874488 0
20 473 rs2422956 4746387 1 -0.00183015635070714 4746387 4746387 0
20 4622 rs6096865 50927536 1 0.00180461971819593 50927536 50927536 0
20 926 rs6118469 9055820 2 -0.00180299268045763 9055820 9055820 0
20 4034 rs2425821 44897059 1 -0.00180173272739464 44897059 44897059 0
20 5244 rs6064709 57379850 1 0.00180122331697811 57379850 57379850 0
20 4056 rs202377 45181441 2 0.00180066898004591 45181441 45181441 0
20 5624 rs4809330 62349586 1 0.00179728094059294 62349586 62349586 0
20 988 rs219862 9598144 1 -0.00178597819499701 9598144 9598144 0
20 1478 rs982554 14338493 1 0.0017812402060276 14338493 14338493 0
20 2163 rs3790181 19304077 1 -0.00175173019652485 19304077 19304077 0
20 1662 rs6034316 15857880 2 0.00174399391216525 15857880 15857880 0
20 3054 rs145541855 35075339 1 0.00170683316737568 35075339 35075339 0
20 1979 rs16999625 17713721 1 -0.00169934671736767 17713721 17713721 0
20 1366 rs6074557 13079630 1 -0.00168537973173322 13079630 13079630 0
20 2708 rs6049811 24589790 1 0.00167943962924609 24589790 24589790 0
20 2919 rs11904852 33216764 1 -0.0016790674935963101 33216764 33216764 0
20 719 rs17399484 7435615 1 0.0016720109034777 7435615 7435615 0
20 2565 rs4815191 23268637 2 0.00166317086463759 23268637 23268637 0
20 2550 rs844935 23161807 1 0.00165794332094108 23161807 23161807 0
20 4092 rs976938 45394220 1 -0.00164982510166344 45394220 45394220 0
20 4383 rs6512586 48301146 2 0.00164301505820359 48301146 48301146 0
20 4737 rs6022454 52035976 1 -0.0016415492821392 52035976 52035976 0
20 2416 rs6047533 21622078 1 0.00163937707660247 21622078 21622078 0
20 1980 rs751102 17721590 1 -0.00163744161809013 17721590 17721590 0
20 1313 rs6134639 12679627 1 0.0016369522946371 12679627 12679627 0
20 5429 rs6128940 59465415 1 -0.00163610200941536 59465415 59465415 0
20 465 rs6052780 4689474 1 0.00163277827298611 4689474 4689474 0
20 5093 rs6064508 55760567 2 0.00161435392932598 55760567 55760567 0
20 1669 rs766970 15929488 1 0.00160702977855787 15929488 15929488 0
20 1165 rs6033028 11076171 1 -0.00160701864853376 11076171 11076171 0
20 5172 rs4561716 56548520 2 -0.00159578276386962 56548520 56548520 0
20 5121 rs6025590 56070505 1 -0.00157263747484482 56070505 56070505 0
20 2161 rs6112308 19291868 1 0.0015583747892258 19291868 19291868 0
20 2272 rs6046391 19852181 1 -0.00154922472418087 19852181 19852181 0
20 1406 rs6033745 13507057 1 -0.00154895263285737 13507057 13507057 0
20 2551 rs2024897 23169926 1 -0.00154175321227759 23169926 23169926 0
20 4380 rs2273088 48273459 1 0.00153936067649711 48273459 48273459 0
20 5642 rs817386 62541418 1 -0.00153452100687155 62541418 62541418 0
20 5037 rs6099313 55452732 1 0.0015256611587771 55452732 55452732 0
20 4288 rs1883888 47171338 1 0.0015221218266055 47171338 47171338 0
20 3699 rs2425614 41806861 1 -0.00151313866227241 41806861 41806861 0
20 3993 rs117132825 44588904 2 -0.00148218228242596 44588904 44588904 0
20 3575 rs7348444 40830224 1 0.00148174070862236 40830224 40830224 0
20 1217 rs2423565 11521784 1 0.00148027629565921 11521784 11521784 0
20 3307 rs1701858 38272443 1 0.00143154287971544 38272443 38272443 0
20 62 rs6118638 1006211 1 -0.00141862358618193 1006211 1006211 0
20 530 rs6107647 5517445 1 0.0013946273705074 5517445 5517445 0
20 4971 rs4811661 54760515 1 0.00138929695619646 54760515 54760515 0
20 5111 rs2426736 56025915 2 -0.00138445102984485 56025915 56025915 0
20 2642 rs6049301 23987520 2 0.00137721070483284 23987520 23987520 0
20 2469 rs199797 22298782 2 0.00137168321806327 22298782 22298782 0
20 566 rs6133278 5903223 1 -0.0013679429959777 5903223 5903223 0
20 2304 rs13039148 20091938 1 -0.00136229406682121 20091938 20091938 0
20 1081 rs2327290 10347418 1 -0.00135253477121772 10347418 10347418 0
20 2153 rs7265772 19226084 1 0.00135173999842926 19226084 19226084 0
20 743 rs6133455 7653778 1 -0.00134852771307653 7653778 7653778 0
20 4154 rs6063126 46139520 1 -0.00134368735813027 46139520 46139520 0
20 4030 rs2050113 44860471 1 -0.00134337012217155 44860471 44860471 0
20 4638 rs6126593 51156147 1 0.00132991505597206 51156147 51156147 0
20 4699 rs6126730 51649024 2 -0.00129586138498891 51649024 51649024 0
20 644 rs13036588 6462428 1 0.0012955312256936 6462428 6462428 0
20 3159 rs5743509 36940314 1 -0.00129480597269133 36940314 36940314 0
20 3391 rs976976 39210304 2 0.0012926542857529 39210304 39210304 0
20 1654 rs2103709 15746495 1 -0.0012911680497833 15746495 15746495 0
20 2256 rs16981148 19790602 1 0.00129019687801245 19790602 19790602 0
20 209 rs6082807 2327695 1 -0.00128272549987168 2327695 2327695 0
20 5393 rs846201 59173330 1 -0.00127391097624563 59173330 59173330 0
20 1337 rs364585 12962718 1 -0.0012663466814223 12962718 12962718 0
20 3334 rs4284893 38476056 1 0.0012649794360878 38476056 38476056 0
20 4016 rs1569723 44742064 1 0.00123982921284287 44742064 44742064 0
20 4119 rs6066138 45594711 1 0.00123426126378144 45594711 45594711 0
20 4162 rs6094752 46256424 1 0.00120082203300384 46256424 46256424 0
20 3439 rs6102208 39533949 2 -0.00117044935539701 39533949 39533949 0
20 3055 rs6016004 35221158 1 0.00116419439134503 35221158 35221158 0
20 5422 rs2426923 59371882 1 -0.00116412806467647 59371882 59371882 0
20 4893 rs428281 53546488 1 -0.00114694779791399 53546488 53546488 0
20 5460 rs817699 59758921 1 0.00114306667815011 59758921 59758921 0
20 1927 rs2206447 17382737 1 -0.00113518231508591 17382737 17382737 0
20 4437 rs6020472 48973041 1 0.0011350150757181 48973041 48973041 0
20 621 rs6054016 6226368 1 0.00113492466957886 6226368 6226368 0
20 2497 rs6048205 22559601 1 0.00112792459029592 22559601 22559601 0
20 3422 rs4812462 39434527 1 0.00111264727815776 39434527 39434527 0
20 2039 rs1205193 18143117 1 0.0011105751904601 18143117 18143117 0
20 3085 rs34488353 35835826 2 0.00110357767930788 35835826 35835826 0
20 5496 rs7263235 60150098 1 -0.00110295852459218 60150098 60150098 0
20 2131 rs6045766 18999826 1 -0.0010962792305969 18999826 18999826 0
20 2355 rs4815008 20915143 1 -0.00109548937310639 20915143 20915143 0
20 3310 rs1655353 38290465 1 0.00109122592681667 38290465 38290465 0
20 4316 rs6019615 47668696 1 0.00108745700380991 47668696 47668696 0
20 4891 rs283272 53532627 1 -0.00108456493974122 53532627 53532627 0
20 1466 rs8126410 14303281 1 0.00106767269833999 14303281 14303281 0
20 2995 rs3748433 34090519 1 0.00106201974323228 34090519 34090519 0
20 2957 rs6060230 33689308 1 -0.00105440606224211 33689308 33689308 0
20 5513 rs944267 60293669 1 -0.0010524921740072 60293669 60293669 0
20 3 rs75442118 126149 2 -0.00104624535155291 126149 126149 0
20 494 rs17785583 5242831 1 -0.00103684021685533 5242831 5242831 0
20 2934 rs6088635 33466501 1 -0.00103439340248755 33466501 33466501 0
20 3155 rs1205434 36869516 1 -0.00103432494846146 36869516 36869516 0
20 2150 rs16980240 19222336 2 -0.0010232443023891 19222336 19222336 0
20 3469 rs6093462 39908689 1 0.00102232244127642 39908689 39908689 0
20 3181 rs6100437 37252018 1 -0.00101256175915504 37252018 37252018 0
20 4796 rs466264 52645534 1 -0.0010102745487367 52645534 52645534 0
20 4019 rs3746821 44755111 1 0.00100680060560828 44755111 44755111 0
20 4362 rs5619 48120843 2 9.97070156459564e-4 48120843 48120843 0
20 2448 rs1415799 22131194 1 -9.959308759469108e-4 22131194 22131194 0
20 5463 rs6129079 59800128 1 9.91387250816893e-4 59800128 59800128 0
20 1166 rs6078061 11079205 1 -9.830808150733065e-4 11079205 11079205 0
20 1863 rs1016214 16992615 2 -9.743044882990916e-4 16992615 16992615 0
20 2514 rs6075950 22752843 1 9.718343734059804e-4 22752843 22752843 0
20 5211 rs5007291 57031757 1 -9.655385385225832e-4 57031757 57031757 0
20 230 rs6048966 2416977 1 -9.615677455267936e-4 2416977 2416977 0
20 4969 rs6024660 54757601 1 9.51561729594819e-4 54757601 54757601 0
20 736 rs2050081 7627224 1 9.44725655666712e-4 7627224 7627224 0
20 3795 rs9346 42826350 2 -9.44103562756106e-4 42826350 42826350 0
20 3665 rs208254 41414077 1 9.43311198329313e-4 41414077 41414077 0
20 1994 rs7362284 17787845 1 9.366202134288732e-4 17787845 17787845 0
20 4646 rs6068271 51222246 1 -9.320375520794992e-4 51222246 51222246 0
20 3092 rs6094373 35969074 1 -9.311714692102886e-4 35969074 35969074 0
20 3143 rs2076390 36770588 1 -9.303092847966848e-4 36770588 36770588 0
20 3455 rs2228246 39792063 1 -9.182944485856268e-4 39792063 39792063 0
20 2062 rs7262420 18321970 1 9.075784803661376e-4 18321970 18321970 0
20 3992 rs41305805 44587926 1 9.065648607123988e-4 44587926 44587926 0
20 4943 rs2870644 54254450 1 -8.94849094354176e-4 54254450 54254450 0
20 2088 rs6132084 18564374 1 8.937095796226095e-4 18564374 18564374 0
20 5599 rs2248900 61595636 1 8.829268204603765e-4 61595636 61595636 0
20 5426 rs16984422 59449464 2 -8.790456388274377e-4 59449464 59449464 0
20 4537 rs12624399 50067215 1 -8.777799497682526e-4 50067215 50067215 0
20 2716 rs11697115 24618814 1 -8.766135578145134e-4 24618814 24618814 0
20 1828 rs2423997 16720284 1 -8.734566030245439e-4 16720284 16720284 0
20 2827 rs378098 31660543 1 -8.701900043522075e-4 31660543 31660543 0
20 2718 rs3746326 24645639 1 -8.691637681111392e-4 24645639 24645639 0
20 3532 rs6102592 40573522 1 -8.633324668479777e-4 40573522 40573522 0
20 1966 rs6131987 17670847 1 8.596217517400763e-4 17670847 17670847 0
20 4544 rs2273642 50133089 1 8.533576490806699e-4 50133089 50133089 0
20 3452 rs6129760 39746403 1 8.458509628731164e-4 39746403 39746403 0
20 5545 rs6121949 60763397 2 8.427819938755812e-4 60763397 60763397 0
20 2345 rs6082225 20864490 1 -8.376476337801749e-4 20864490 20864490 0
20 3835 rs6094017 43288087 1 8.333047961508579e-4 43288087 43288087 0
20 2680 rs7266805 24364877 1 8.324863823832623e-4 24364877 24364877 0
20 2672 rs6049612 24323976 1 8.308412288362229e-4 24323976 24323976 0
20 4741 rs2275005 52108465 1 -8.240224567719545e-4 52108465 52108465 0
20 4504 rs6020792 49465402 1 -8.204159390200388e-4 49465402 49465402 0
20 5510 rs6142824 60235676 2 8.058045632610782e-4 60235676 60235676 0
20 5551 rs1739591 60775496 2 -8.042976695704089e-4 60775496 60775496 0
20 4916 rs6069172 53814626 1 7.99715652140234e-4 53814626 53814626 0
20 4681 rs1576399 51463827 1 7.997060768973579e-4 51463827 51463827 0
20 2770 rs6107151 26158945 1 -7.966860997362596e-4 26158945 26158945 0
20 3520 rs10485681 40493072 1 -7.941165849725228e-4 40493072 40493072 0
20 2452 rs6137567 22162856 1 7.916121197342214e-4 22162856 22162856 0
20 4687 rs997131 51509864 1 -7.897548472245476e-4 51509864 51509864 0
20 2959 rs3746429 33703607 2 -7.756757394067706e-4 33703607 33703607 0
20 3855 rs6073629 43706559 1 7.719192910407961e-4 43706559 43706559 0
20 5476 rs2427082 59897979 1 -7.702422726951461e-4 59897979 59897979 0
20 3707 rs8119892 41896776 1 -7.577213170341501e-4 41896776 41896776 0
20 3352 rs10485664 38630778 1 7.553904542237992e-4 38630778 38630778 0
20 2294 rs3828003 20021301 1 7.512270911454025e-4 20021301 20021301 0
20 3574 rs6030036 40815788 1 7.506061750003721e-4 40815788 40815788 0
20 2673 rs2064343 24330099 1 -7.368558512462625e-4 24330099 24330099 0
20 4809 rs210069 52728945 1 -7.259479046325411e-4 52728945 52728945 0
20 1384 rs181719 13243610 1 7.253264798367825e-4 13243610 13243610 0
20 4661 rs6022034 51287536 1 7.236639000139049e-4 51287536 51287536 0
20 1300 rs6074460 12533539 1 -7.183544154079312e-4 12533539 12533539 0
20 2330 rs3748446 20371406 1 -7.143430069737622e-4 20371406 20371406 0
20 2344 rs4813399 20862302 1 7.115197345406754e-4 20862302 20862302 0
20 1063 rs363016 10231174 1 6.898061276935967e-4 10231174 10231174 0
20 3450 rs4142394 39736722 1 6.883386883482553e-4 39736722 39736722 0
20 5117 rs6128046 56052828 2 6.878017924941068e-4 56052828 56052828 0
20 5530 rs6089553 60499953 1 -6.857724027070376e-4 60499953 60499953 0
20 5283 rs16982720 57999598 1 6.781914535563748e-4 57999598 57999598 0
20 5374 rs348841 59004592 1 -6.735768528931859e-4 59004592 59004592 0
20 5207 rs6100044 56962711 1 -6.679755590782887e-4 56962711 56962711 0
20 387 rs4815646 4079151 1 -6.662672337884773e-4 4079151 4079151 0
20 404 rs946189 4227524 2 6.654095155400083e-4 4227524 4227524 0
20 5553 rs1054885 60776182 2 6.534409142674475e-4 60776182 60776182 0
20 4853 rs17223034 52923695 2 -6.500924239438279e-4 52923695 52923695 0
20 1976 rs4814640 17705677 1 -6.49834655977319e-4 17705677 17705677 0
20 4303 rs2426091 47384120 1 6.460173556285069e-4 47384120 47384120 0
20 1244 rs4401268 11945421 1 6.40423925065862e-4 11945421 11945421 0
20 3040 rs2590991 34716238 1 6.319052287857725e-4 34716238 34716238 0
20 4728 rs200646 51938506 1 -6.195252461987994e-4 51938506 51938506 0
20 616 rs6133296 6166488 2 6.133190433126514e-4 6166488 6166488 0
20 4518 rs6020994 49745311 1 -6.093693108833658e-4 49745311 49745311 0
20 4968 rs2870719 54756026 1 -6.0855186404528e-4 54756026 54756026 0
20 5147 rs6092549 56420820 1 6.058521505688589e-4 56420820 56420820 0
20 4679 rs4493331 51436401 1 6.030907324032532e-4 51436401 51436401 0
20 2965 rs6120849 33730387 2 6.018274238069501e-4 33730387 33730387 0
20 1522 rs2065558 14686297 1 -5.990499514898314e-4 14686297 14686297 0
20 1854 rs2424004 16927096 1 5.965697351662788e-4 16927096 16927096 0
20 3568 rs16986558 40774410 1 5.823329208439539e-4 40774410 40774410 0
20 3803 rs4812799 42846694 1 -5.821382304812901e-4 42846694 42846694 0
20 370 rs998132 3965054 1 -5.813925741029522e-4 3965054 3965054 0
20 351 rs6076550 3726565 1 -5.690636976876341e-4 3726565 3726565 0
20 1516 rs6105308 14671075 1 -5.676563211221911e-4 14671075 14671075 0
20 5462 rs6015934 59800060 1 -5.574235637734537e-4 59800060 59800060 0
20 4692 rs10470029 51571802 1 -5.562460323289617e-4 51571802 51571802 0
20 4297 rs11698214 47359603 1 -5.431257406857887e-4 47359603 47359603 0
20 4612 rs6123135 50796522 1 5.418458850861098e-4 50796522 50796522 0
20 5310 rs1998969 58351208 1 -5.402016205833664e-4 58351208 58351208 0
20 1710 rs6105564 16262545 2 -5.3916866173157e-4 16262545 16262545 0
20 3171 rs2232607 36993333 1 5.326272319946927e-4 36993333 36993333 0
20 5621 rs6010620 62309839 1 5.275096707073937e-4 62309839 62309839 0
20 2418 rs720011 21649411 1 5.262245722393033e-4 21649411 21649411 0
20 1385 rs6109792 13256786 2 -5.25638757809668e-4 13256786 13256786 0
20 1135 rs6077977 10930708 1 5.215507020162954e-4 10930708 10930708 0
20 5641 rs817377 62535594 2 -5.182468393567239e-4 62535594 62535594 0
20 4195 rs11696988 46658235 1 5.180532671655417e-4 46658235 46658235 0
20 132 rs6074927 1613956 1 -5.168681481888703e-4 1613956 1613956 0
20 967 rs6056654 9485967 1 -5.066928501111098e-4 9485967 9485967 0
20 3376 rs6029039 38965667 1 5.060517918824359e-4 38965667 38965667 0
20 1379 rs1923346 13192095 1 -5.042612580727932e-4 13192095 13192095 0
20 4925 rs2224272 54158005 1 -5.027648913403611e-4 54158005 54158005 0
20 3294 rs6028507 38181661 2 5.007014206151142e-4 38181661 38181661 0
20 2665 rs11698401 24164937 1 -4.945669152903989e-4 24164937 24164937 0
20 547 rs1294704 5799408 1 -4.933262423482741e-4 5799408 5799408 0
20 1859 rs6044560 16977946 1 -4.910138878726821e-4 16977946 16977946 0
20 2869 rs6088289 32329824 1 4.872637803207128e-4 32329824 32329824 0
20 3386 rs2207131 39146936 1 -4.861639507000779e-4 39146936 39146936 0
20 4459 rs2179605 49061006 1 4.790503967684455e-4 49061006 49061006 0
20 0 rs6037772 100505 1 4.78376013815301e-4 100505 100505 0
20 4377 rs803194 48266791 1 4.710975046427356e-4 48266791 48266791 0
20 2675 rs6036746 24336795 1 4.70237660556008e-4 24336795 24336795 0
20 633 rs6038449 6337980 1 -4.696399208039561e-4 6337980 6337980 0
20 2972 rs867186 33764554 1 4.691200408180723e-4 33764554 33764554 0
20 3832 rs244076 43252915 2 -4.6869386611249873e-4 43252915 43252915 0
20 5483 rs11204440 59974132 1 4.672815966648454e-4 59974132 59974132 0
20 5230 rs10460623 57205221 1 4.6508993281213094e-4 57205221 57205221 0
20 709 rs6054806 7191960 1 -4.648060958408654e-4 7191960 7191960 0
20 202 rs13040824 2225869 2 -4.645270664150941e-4 2225869 2225869 0
20 4533 rs6067742 49961976 1 4.6342399040535606e-4 49961976 49961976 0
20 5033 rs6069891 55385595 1 4.6080804056894913e-4 55385595 55385595 0
20 1153 rs1041200 10979521 1 4.5951207989926334e-4 10979521 10979521 0
20 1838 rs8120948 16796590 2 4.572991051078866e-4 16796590 16796590 0
20 2711 rs4815286 24597696 1 4.5231352536908014e-4 24597696 24597696 0
20 4928 rs3848690 54167918 1 4.520646820890195e-4 54167918 54167918 0
20 816 rs6086371 8209717 1 4.488186051532056e-4 8209717 8209717 0
20 3486 rs2235590 40042321 1 -4.478115267343403e-4 40042321 40042321 0
20 4196 rs11699012 46658416 1 4.465582713060661e-4 46658416 46658416 0
20 780 rs2235243 7918912 1 4.453931001842477e-4 7918912 7918912 0
20 4059 rs8149 45187241 1 -4.4450636571431246e-4 45187241 45187241 0
20 1241 rs803664 11791094 1 4.439998233254821e-4 11791094 11791094 0
20 3640 rs6102937 41235198 1 -4.432156318466245e-4 41235198 41235198 0
20 1111 rs6074170 10671078 1 -4.421673558654251e-4 10671078 10671078 0
20 4120 rs1150441 45599327 2 -4.290476021606058e-4 45599327 45599327 0
20 4367 rs576119 48126982 1 4.285986840660904e-4 48126982 48126982 0
20 5498 rs6121444 60171993 1 4.2744621988140535e-4 60171993 60171993 0
20 2034 rs6111842 18093182 1 4.239932218161305e-4 18093182 18093182 0
20 5473 rs6028103 59886152 1 4.227485928885607e-4 59886152 59886152 0
20 36 rs6085580 702570 1 4.195547649749277e-4 702570 702570 0
20 2871 rs6088301 32369354 2 -4.14195262907403e-4 32369354 32369354 0
20 5397 rs11907451 59220481 1 -4.1136601826399056e-4 59220481 59220481 0
20 5119 rs1001752 56056342 1 -4.061382729654333e-4 56056342 56056342 0
20 2471 rs6048024 22308842 1 -4.0429374666223065e-4 22308842 22308842 0
20 2929 rs2424997 33384805 2 4.015744961351315e-4 33384805 33384805 0
20 2276 rs4814918 19861692 1 -4.001290205253714e-4 19861692 19861692 0
20 1488 rs12624575 14469959 1 -3.991859367440391e-4 14469959 14469959 0
20 2322 rs2424303 20246306 1 3.963839700609644e-4 20246306 20246306 0
20 2938 rs6088646 33505937 1 -3.9379846349409255e-4 33505937 33505937 0
20 5295 rs6070854 58163650 1 -3.896605410162788e-4 58163650 58163650 0
20 4137 rs7262634 45834279 1 3.8354760723822263e-4 45834279 45834279 0
20 1965 rs6044953 17669186 2 3.796247360406623e-4 17669186 17669186 0
20 1842 rs6044410 16812202 1 3.780946207350168e-4 16812202 16812202 0
20 964 rs6086904 9467046 1 -3.734766298286038e-4 9467046 9467046 0
20 2836 rs17122711 31680334 1 3.7298416847045686e-4 31680334 31680334 0
20 3412 rs2206665 39398172 1 -3.72568447769237e-4 39398172 39398172 0
20 5329 rs1475029 58669008 1 3.629886244258792e-4 58669008 58669008 0
20 5300 rs6015543 58235648 2 -3.6199434604354585e-4 58235648 58235648 0
20 4583 rs7264858 50449214 1 3.5898265755554e-4 50449214 50449214 0
20 99 rs1998007 1386940 1 -3.573775622430375e-4 1386940 1386940 0
20 831 rs1238232 8384822 1 -3.5494143630383166e-4 8384822 8384822 0
20 3356 rs2145944 38640357 1 3.5191848623636465e-4 38640357 38640357 0
20 255 rs16987561 2590210 1 -3.516610818447211e-4 2590210 2590210 0
20 432 rs3912089 4338058 1 3.502199818071782e-4 4338058 4338058 0
20 452 rs6116410 4522535 1 3.4198714818687e-4 4522535 4522535 0
20 4461 rs6126007 49073726 1 -3.418127698849163e-4 49073726 49073726 0
20 102 rs6079055 1393861 1 -3.4087699000380126e-4 1393861 1393861 0
20 1924 rs17715103 17369589 1 3.4051980571061255e-4 17369589 17369589 0
20 498 rs7263438 5284251 1 -3.3462302891743473e-4 5284251 5284251 0
20 1816 rs6044211 16652477 1 -3.307590285715721e-4 16652477 16652477 0
20 5484 rs6061720 59974772 1 3.2921236011585126e-4 59974772 59974772 0
20 2220 rs6112466 19554703 1 3.2857851095618583e-4 19554703 19554703 0
20 486 rs1629176 4869790 1 -3.279119289206176e-4 4869790 4869790 0
20 4609 rs4811293 50717288 1 3.271797135622685e-4 50717288 50717288 0
20 3088 rs1001352 35872647 2 -3.266367015944212e-4 35872647 35872647 0
20 1693 rs1329820 16160141 1 -3.2624031119886246e-4 16160141 16160141 0
20 5615 rs310672 62212928 1 3.259528986069739e-4 62212928 62212928 0
20 3362 rs6028900 38774289 1 3.2585418102750347e-4 38774289 38774289 0
20 4557 rs4811206 50239755 1 -3.2440186474967463e-4 50239755 50239755 0
20 83 rs4814111 1292989 1 3.231884191984514e-4 1292989 1292989 0
20 1520 rs1932951 14681863 1 -3.195824224811837e-4 14681863 14681863 0
20 3117 rs1076664 36429223 1 -3.07497553746399e-4 36429223 36429223 0
20 632 rs6133306 6333294 2 3.0629096158541966e-4 6333294 6333294 0
20 1945 rs761015 17456418 1 3.06268947296012e-4 17456418 17456418 0
20 1810 rs6080350 16635548 1 -3.0444312855823963e-4 16635548 16635548 0
20 3713 rs2205774 41972591 1 3.0330228395908094e-4 41972591 41972591 0
20 699 rs6054715 7057829 1 -3.0202159915560347e-4 7057829 7057829 0
20 3405 rs6093387 39372958 1 3.00315462436809e-4 39372958 39372958 0
20 4938 rs1890051 54231860 2 2.928317907424454e-4 54231860 54231860 0
20 4588 rs6123098 50521290 1 2.9179192607498234e-4 50521290 50521290 0
20 3643 rs6030381 41256291 1 2.910752144437602e-4 41256291 41256291 0
20 468 rs2245220 4705718 2 -2.907076114239734e-4 4705718 4705718 0
20 1155 rs2026605 10985970 1 2.885241502345351e-4 10985970 10985970 0
20 3214 rs16987683 37564521 1 -2.8838138231098386e-4 37564521 37564521 0
20 1711 rs2328014 16271850 1 -2.8773636239176387e-4 16271850 16271850 0
20 153 rs156330 1826095 1 2.8678430186393093e-4 1826095 1826095 0
20 2428 rs2180700 21796855 2 -2.8534884661179927e-4 21796855 21796855 0
20 4217 rs827935 46793542 1 2.83479666707161e-4 46793542 46793542 0
20 179 rs6137005 2088698 1 -2.8330557608364685e-4 2088698 2088698 0
20 1981 rs6111664 17744632 1 -2.8037712874626213e-4 17744632 17744632 0
20 2635 rs8184710 23813618 1 -2.757437205735881e-4 23813618 23813618 0
20 668 rs6038585 6671980 1 -2.756642860029893e-4 6671980 6671980 0
20 4131 rs949481 45718179 1 2.699909320895644e-4 45718179 45718179 0
20 3513 rs1555427 40406526 1 2.6683981277977295e-4 40406526 40406526 0
20 4734 rs6013667 51966854 1 2.6626926935108405e-4 51966854 51966854 0
20 1591 rs17362002 15193932 1 2.6392494619370955e-4 15193932 15193932 0
20 2172 rs1569766 19362590 1 2.629041831087557e-4 19362590 19362590 0
20 3156 rs4353702 36900290 1 2.608890354998615e-4 36900290 36900290 0
20 4373 rs508864 48210099 1 2.54238425902318e-4 48210099 48210099 0
20 4872 rs6014133 53300711 1 -2.5225861819589345e-4 53300711 53300711 0
20 2349 rs12625535 20868043 1 -2.51164032133456e-4 20868043 20868043 0
20 2849 rs6059197 31838520 1 -2.494505105740404e-4 31838520 31838520 0
20 936 rs6056505 9243782 1 -2.451902499605904e-4 9243782 9243782 0
20 2232 rs6112516 19664046 1 -2.447741627318098e-4 19664046 19664046 0
20 2326 rs6046790 20303376 2 -2.434469672525109e-4 20303376 20303376 0
20 3757 rs11700304 42574362 1 -2.3983636028106393e-4 42574362 42574362 0
20 368 rs241630 3925248 1 -2.357370435841096e-4 3925248 3925248 0
20 2981 rs619865 33867697 2 -2.355209898492025e-4 33867697 33867697 0
20 3042 rs6060901 34891416 1 2.344788366777629e-4 34891416 34891416 0
20 1283 rs6078503 12269409 1 2.305149604532149e-4 12269409 12269409 0
20 3854 rs6073622 43695762 1 2.2864679781799135e-4 43695762 43695762 0
20 2854 rs6057813 31872928 1 -2.2735231365480832e-4 31872928 31872928 0
20 5002 rs911159 55012318 2 -2.237257225865368e-4 55012318 55012318 0
20 438 rs6076667 4367040 1 2.225263261282662e-4 4367040 4367040 0
20 778 rs7260781 7915927 1 2.1928287518209908e-4 7915927 7915927 0
20 3390 rs6093367 39193406 2 -2.160912931907389e-4 39193406 39193406 0
20 2747 rs6138515 25134729 1 2.131069214868195e-4 25134729 25134729 0
20 5087 rs6123651 55679740 1 2.098712805393269e-4 55679740 55679740 0
20 4187 rs6066549 46552539 1 -2.0879358226303388e-4 46552539 46552539 0
20 772 rs2205824 7849927 1 2.0738712776038255e-4 7849927 7849927 0
20 3771 rs926600 42703197 1 2.072531346782131e-4 42703197 42703197 0
20 2878 rs6120400 32465926 1 -2.0722725918532816e-4 32465926 32465926 0
20 5308 rs1182475 58325210 1 2.070276991781503e-4 58325210 58325210 0
20 1731 rs61738023 16354949 1 2.0565282651408313e-4 16354949 16354949 0
20 4276 rs6012419 47040437 1 -2.049827367208176e-4 47040437 47040437 0
20 2865 rs910397 32295541 1 2.044961519568159e-4 32295541 32295541 0
20 963 rs6086900 9463693 1 -2.0231643165491572e-4 9463693 9463693 0
20 4340 rs932442 47952892 1 -2.022802040136449e-4 47952892 47952892 0
20 734 rs6086143 7624747 1 1.998143376010718e-4 7624747 7624747 0
20 4961 rs731803 54507813 1 -1.993079728221372e-4 54507813 54507813 0
20 2198 rs4813361 19488952 1 1.9906969948136103e-4 19488952 19488952 0
20 3631 rs6102912 41202935 1 -1.9863598427460503e-4 41202935 41202935 0
20 4503 rs6091223 49464953 1 1.974514192021743e-4 49464953 49464953 0
20 40 rs3746807 745963 1 -1.973408292511383e-4 745963 745963 0
20 3306 rs1701852 38265145 1 1.9717268764057696e-4 38265145 38265145 0
20 578 rs451571 5923204 1 1.9572712556027732e-4 5923204 5923204 0
20 1482 rs6135138 14382815 1 -1.9546311677817973e-4 14382815 14382815 0
20 3881 rs6104082 43897362 1 -1.9494658729074047e-4 43897362 43897362 0
20 2838 rs6088116 31714837 1 -1.9057715793515263e-4 31714837 31714837 0
20 2375 rs12626090 21011236 1 -1.8979404206830627e-4 21011236 21011236 0
20 2265 rs2064949 19808654 1 1.8755074556706295e-4 19808654 19808654 0
20 357 rs6052130 3843668 1 1.86879886911842e-4 3843668 3843668 0
20 5307 rs7268463 58323217 1 -1.7794460127583782e-4 58323217 58323217 0
20 4201 rs6094986 46770211 1 1.7569867780701734e-4 46770211 46770211 0
20 2757 rs6050567 25354561 1 -1.756258754230684e-4 25354561 25354561 0
20 3343 rs6071861 38538389 1 -1.7421408959890074e-4 38538389 38538389 0
20 617 rs3747925 6183117 1 -1.729616380564961e-4 6183117 6183117 0
20 1392 rs4814225 13300820 1 1.7264501267147994e-4 13300820 13300820 0
20 32 rs6038071 565077 2 1.7096015222950608e-4 565077 565077 0
20 4067 rs436978 45198531 1 -1.7084472319461202e-4 45198531 45198531 0
20 292 rs6133002 2991560 1 1.7027225668259425e-4 2991560 2991560 0
20 4413 rs6125931 48795413 1 -1.7000169777354026e-4 48795413 48795413 0
20 1445 rs17226852 13973760 1 -1.692657843837244e-4 13973760 13973760 0
20 5525 rs13042362 60392741 1 1.6429510452219004e-4 60392741 60392741 0
20 1942 rs6075212 17443362 1 1.586236832592674e-4 17443362 17443362 0
20 3388 rs6029173 39165267 1 1.5638330902575495e-4 39165267 39165267 0
20 5377 rs6128820 59022855 1 -1.5178035009016642e-4 59022855 59022855 0
20 4218 rs2093511 46795103 1 1.507237608201298e-4 46795103 46795103 0
20 2321 rs6075634 20228543 1 1.5063943083970288e-4 20228543 20228543 0
20 2325 rs2424331 20272003 1 -1.5012725229526135e-4 20272003 20272003 0
20 2588 rs3746737 23424638 1 -1.4964243802340497e-4 23424638 23424638 0
20 3693 rs3092130 41731202 1 -1.4577803717994543e-4 41731202 41731202 0
20 2493 rs6048141 22485322 1 -1.424141196600371e-4 22485322 22485322 0
20 3462 rs6102322 39872768 1 -1.397620292836713e-4 39872768 39872768 0
20 3965 rs6032536 44417363 1 -1.3974559216437294e-4 44417363 44417363 0
20 2727 rs910237 24715544 1 1.381016275710182e-4 24715544 24715544 0
20 2222 rs3790267 19565693 1 -1.36749607683933e-4 19565693 19565693 0
20 5220 rs16982131 57162403 2 -1.359179477226768e-4 57162403 57162403 0
20 1360 rs1431431 13035593 1 -1.3589022717534424e-4 13035593 13035593 0
20 1490 rs2327854 14476048 1 1.3503579478851455e-4 14476048 14476048 0
20 2714 rs4815293 24618280 1 -1.3448762837815932e-4 24618280 24618280 0
20 1541 rs6135314 14911003 1 1.324738090785232e-4 14911003 14911003 0
20 55 rs61740632 944649 1 -1.324399279429225e-4 944649 944649 0
20 2766 rs6037206 25688001 1 1.3157113658267196e-4 25688001 25688001 0
20 806 rs6039041 8110530 1 1.3074236727049867e-4 8110530 8110530 0
20 1862 rs4317000 16991992 1 -1.3046013634359575e-4 16991992 16991992 0
20 3644 rs6016854 41258896 2 -1.2976532289953106e-4 41258896 41258896 0
20 1984 rs7261451 17752011 1 1.282538952504215e-4 17752011 17752011 0
20 5477 rs6015950 59917078 1 -1.2806461330074843e-4 59917078 59917078 0
20 4892 rs438220 53545401 1 -1.2556930644696507e-4 53545401 53545401 0
20 2688 rs7274700 24398209 1 1.2507350485184524e-4 24398209 24398209 0
20 98 rs6105077 1386395 1 -1.248225716742187e-4 1386395 1386395 0
20 191 rs6106323 2149678 1 -1.2441693920312296e-4 2149678 2149678 0
20 2573 rs6048743 23328004 1 -1.2386558312907006e-4 23328004 23328004 0
20 1340 rs3848761 12982672 1 -1.2347279067913015e-4 12982672 12982672 0
20 2866 rs2747554 32299042 1 1.2125712454431306e-4 32299042 32299042 0
20 5122 rs8119374 56118666 1 1.1924494610189564e-4 56118666 56118666 0
20 3424 rs6102167 39438241 1 1.1335236956521726e-4 39438241 39438241 0
20 4932 rs6127525 54178797 1 1.127297103728942e-4 54178797 54178797 0
20 3411 rs6029316 39393556 1 1.1261532349014968e-4 39393556 39393556 0
20 499 rs10485485 5284380 1 -1.1135207095494162e-4 5284380 5284380 0
20 2653 rs6036640 24076005 2 1.0381875042304264e-4 24076005 24076005 0
20 4395 rs530461 48467716 1 1.027846282217178e-4 48467716 48467716 0
20 263 rs6037255 2639570 1 1.0146067178495066e-4 2639570 2639570 0
20 823 rs2719807 8270500 1 -9.85994421395672e-5 8270500 8270500 0
20 2300 rs6112745 20054759 1 -9.858433141854056e-5 20054759 20054759 0
20 3549 rs6016677 40700626 1 -9.56844688506138e-5 40700626 40700626 0
20 2595 rs6048810 23446429 1 9.561215055202628e-5 23446429 23446429 0
20 698 rs3761884 7050150 1 -9.27002561298473e-5 7050150 7050150 0
20 2488 rs6048110 22441996 1 9.253521727065831e-5 22441996 22441996 0
20 4236 rs852358 46836972 1 -9.218194489384556e-5 46836972 46836972 0
20 3847 rs12031 43561660 2 9.144601800019218e-5 43561660 43561660 0
20 133 rs2318044 1614288 1 -8.322159939535188e-5 1614288 1614288 0
20 704 rs6054770 7131752 2 8.282359135029587e-5 7131752 7131752 0
20 4194 rs6090770 46614407 1 8.13163399120027e-5 46614407 46614407 0
20 4598 rs6021602 50606329 1 -7.9080976587869e-5 50606329 50606329 0
20 1257 rs6131295 11996267 1 -7.875464393626324e-5 11996267 11996267 0
20 4443 rs8122317 48996594 1 -6.92151072858177e-5 48996594 48996594 0
20 3734 rs2070235 42331457 1 6.898612363097624e-5 42331457 42331457 0
20 3630 rs6130169 41202893 1 -6.520468453991813e-5 41202893 41202893 0
20 844 rs6055912 8556693 1 6.469787337822772e-5 8556693 8556693 0
20 3792 rs6073360 42807129 1 6.418686901360778e-5 42807129 42807129 0
20 1386 rs6033655 13259584 1 6.279192630548929e-5 13259584 13259584 0
20 2003 rs6111696 17822834 1 6.07188020510891e-5 17822834 17822834 0
20 4962 rs1821803 54532218 1 6.025431776442368e-5 54532218 54532218 0
20 273 rs1028408 2721474 2 6.017417270040424e-5 2721474 2721474 0
20 2506 rs6132542 22703167 1 5.906254565541982e-5 22703167 22703167 0
20 3802 rs6031462 42846481 1 5.9058585601687235e-5 42846481 42846481 0
20 4233 rs707516 46811799 2 5.593655994279615e-5 46811799 46811799 0
20 3043 rs4239689 34950604 2 -5.48696405928318e-5 34950604 34950604 0
20 4066 rs429166 45198271 1 -5.4758353586348785e-5 45198271 45198271 0
20 3320 rs6028610 38326737 1 5.223805411800721e-5 38326737 38326737 0
20 4978 rs3746619 54823805 1 5.195449421589067e-5 54823805 54823805 0
20 3797 rs6031454 42833882 1 4.608434043696165e-5 42833882 42833882 0
20 1839 rs6044385 16801758 2 -4.534620791374561e-5 16801758 16801758 0
20 5006 rs6099161 55050336 1 -4.529164688706954e-5 55050336 55050336 0
20 458 rs6139486 4578080 1 3.870789626566488e-5 4578080 4578080 0
20 2782 rs6119761 30665636 1 3.6826585015894095e-5 30665636 30665636 0
20 4849 rs6023083 52886844 2 -3.471627277274814e-5 52886844 52886844 0
20 4410 rs1980925 48748972 2 -3.184850083846739e-5 48748972 48748972 0
20 4789 rs6022922 52642133 2 3.1398500917220816e-5 52642133 52642133 0
20 4881 rs6023640 53458805 1 -3.0988019302269454e-5 53458805 53458805 0
20 267 rs6051097 2656212 1 -3.071389563653647e-5 2656212 2656212 0
20 1582 rs6079701 15174441 1 2.8574927247825727e-5 15174441 15174441 0
20 803 rs723458 8080477 1 -2.810829966774946e-5 8080477 8080477 0
20 2188 rs761222 19463352 1 2.7780315491356616e-5 19463352 19463352 0
20 2489 rs6048114 22443933 1 -2.5559326741891895e-5 22443933 22443933 0
20 2327 rs6046795 20305840 1 2.4983344999922424e-5 20305840 20305840 0
20 1318 rs845587 12744198 1 2.4441055127731456e-5 12744198 12744198 0
20 4265 rs6095076 46981176 1 2.4340099773626543e-5 46981176 46981176 0
20 4045 rs624422 45079947 1 -2.337313639283274e-5 45079947 45079947 0
20 2132 rs6075458 19047923 1 -2.3332925504913697e-5 19047923 19047923 0
20 39 rs3746804 744415 1 -2.306091244024782e-5 744415 744415 0
20 2759 rs6083828 25369918 1 2.2887579896224094e-5 25369918 25369918 0
20 4118 rs4809607 45594395 1 -2.2878278302681373e-5 45594395 45594395 0
20 1499 rs1015581 14519512 1 -2.2269854864355075e-5 14519512 14519512 0
20 5581 rs16983209 61374823 1 -2.167998558124231e-5 61374823 61374823 0
20 1033 rs953022 9950679 1 2.067287495502735e-5 9950679 9950679 0
20 1322 rs1321936 12826999 1 -2.0394371301430264e-5 12826999 12826999 0
20 5332 rs1331842 58671952 1 1.8542939769438697e-5 58671952 58671952 0
20 3443 rs6065285 39548828 1 1.8089421148289964e-5 39548828 39548828 0
20 5290 rs3916504 58118584 1 -1.782977500969151e-5 58118584 58118584 0
20 1688 rs2760550 16116624 1 1.73188735154027e-5 16116624 16116624 0
20 2264 rs13045057 19797140 1 -1.4867307866818109e-5 19797140 19797140 0
20 745 rs6140378 7654939 1 -1.4428223034436082e-5 7654939 7654939 0
20 3197 rs6027331 37323183 1 1.4307095039096622e-5 37323183 37323183 0
20 2971 rs8119351 33754405 1 -1.3730362131657102e-5 33754405 33754405 0
20 31 rs204694 543744 1 1.252609657118261e-5 543744 543744 0
20 1637 rs455659 15644641 1 1.1623242284587518e-5 15644641 15644641 0
20 2324 rs1327911 20267718 1 9.688164977424657e-6 20267718 20267718 0
20 4445 rs6125993 49006552 1 -8.485762408046178e-6 49006552 49006552 0
20 5419 rs2426892 59336850 1 -8.397742909242173e-6 59336850 59336850 0
20 1698 rs1000121 16223957 1 8.019711643445787e-6 16223957 16223957 0
20 3261 rs7274296 38020514 1 -7.473861419234327e-6 38020514 38020514 0
20 4517 rs6067653 49743171 1 7.2231652250697744e-6 49743171 49743171 0
20 3530 rs1987336 40534844 1 5.4903552754970115e-6 40534844 40534844 0
20 1787 rs6080312 16571549 1 -4.2116980877196386e-6 16571549 16571549 0
20 106 rs2873522 1419526 1 2.8139227739028327e-6 1419526 1419526 0
20 2837 rs2024934 31682778 1 2.7501187643270907e-6 31682778 31682778 0
20 1447 rs927565 14096380 1 2.297023282424948e-6 14096380 14096380 0
20 4267 rs6063248 47010819 1 1.7380738465873582e-6 47010819 47010819 0
20 3315 rs11698332 38300576 1 -9.900136143574184e-7 38300576 38300576 0
20 30 rs204686 541335 1 -6.697209277732785e-7 541335 541335 0
20 645 rs13041415 6463095 1 1.188717562958834e-15 6463095 6463095 0
20 2649 rs4416288 24024259 1 3.2077231657260463e-16 24024259 24024259 0
20 2507 rs6036192 22703677 1 1.0757497113192115e-16 22703677 22703677 0
20 2060 rs1050476 18297193 1 7.232472496453338e-17 18297193 18297193 0
20 5330 rs754 58669104 1 6.93696079249537e-17 58669104 58669104 0
20 5333 rs6100708 58672204 1 3.2720664475334635e-17 58672204 58672204 0
