CHR Group SNP.lead BP.lead Size W BP.min BP.max BP.width
14 2305 rs8017161 103563195 1 0.13493073013120796 103563195 103563195 0
14 1274 rs3784099 68749927 2 0.06451382635221285 68749927 68753593 3666
14 1927 rs737522 93014672 2 0.04392275774735644 93014672 93026057 11385
14 2306 rs7145735 103584674 1 0.04155022510238106 103584674 103584674 0
14 1981 rs11621961 94769476 2 0.04148493175904599 94769476 94769476 0
14 498 rs696 35871093 4 0.04127770640904274 35871093 35871217 124
14 489 rs712314 35408548 3 0.04095197330073639 35390146 35501800 111654
14 96 rs3748366 22204911 1 0.02712718329412885 22200989 22204911 3922
14 1275 rs9323505 68786787 2 0.02610752990820181 68785077 68808398 23321
14 1517 rs17811635 77573757 1 0.02578170851439722 77573757 77581481 7724
14 1448 rs2193596 75234101 2 0.02565932983586483 75234101 75347585 113484
14 493 rs10137019 35748036 3 0.02452028395540071 35732369 35802483 70114
