CHR Group SNP.lead BP.lead Size W BP.min BP.max BP.width
16 30 rs12924729 11187783 28 0.2627703017480764 11042394 11591823 549429
16 144 rs11117432 86019271 8 0.14674951347808482 85984889 86153864 168975
16 101 rs255052 68024995 13 0.08008195516903593 66324048 68415246 2091198
16 110 rs17769233 77263286 32 0.07820750524051898 76635963 77684529 1048566
16 62 rs1859308 27397998 12 0.06364884159523215 27099753 27480797 381044
16 64 rs252308 29221318 7 0.05233021644679055 28301487 29692692 1391205
16 126 rs1143687 81922813 11 0.04849439450568309 81858172 81986896 128724
16 143 rs1044873 85955671 13 0.04374381026431635 85762615 85977502 214887
16 65 rs7204270 30156963 17 0.04309034122150523 29833488 31842848 2009360
16 86 rs9932757 57148055 12 0.04207332500771507 57047299 57315033 267734
16 59 rs237130 26639714 19 0.03941982997829694 26158567 26786951 628384
16 119 rs11150189 79734227 9 0.03485888738537079 79567790 79750512 182722
16 73 rs1592490 52105848 10 0.0339981959320875 51884320 52478215 593895
16 89 rs2731780 58254730 8 0.03209108091521651 57993841 58464075 470234
16 15 rs9935712 6306931 5 0.02923167341745589 6255416 6441908 186492
16 123 rs3803570 81156993 11 0.02780359049571116 80961660 81205590 243930
16 146 rs1728369 86386213 8 0.025902261448948 86366001 86532032 166031
16 52 rs3760106 23845796 10 0.02562954257885715 23792157 24130770 338613
16 53 rs2299671 24269658 6 0.02538274617195849 24137448 24359043 221595
16 93 rs11640107 60928740 16 0.02379381633977802 60427285 61117063 689778
