CHR Group SNP.lead BP.lead Size W BP.min BP.max BP.width
9 634 rs2519803 136805789 6 0.06769871854927147 136798370 136835343 36973
9 418 rs4743150 100740124 5 0.0546841659446284 100543880 100843660 299780
9 566 rs10818930 126991185 7 0.04267845908555107 126975022 127177161 202139
9 516 rs6478109 117568766 5 0.03884948481381682 117502242 117667443 165201
9 624 rs1330292 135884806 4 0.0358066251476715 135865496 135890991 25495
9 237 rs831271 33270748 6 0.02527450145293608 33200956 33291520 90564
9 173 rs3217992 22003223 4 0.02390071502411884 21970916 22116071 145155
9 579 rs10819243 129633328 7 0.02343490034650798 129617253 130303640 686387
9 402 rs1380 95147434 7 0.02321846724996858 94985637 95789960 804323
9 551 rs10818605 124614496 2 0.02315816335227601 124560853 124643367 82514
9 241 rs7024727 34730395 4 0.02183308333815764 34710450 35062972 352522
9 406 rs12341268 96693709 6 0.02109185100938535 96693709 96898436 204727
9 134 rs1935220 15880229 13 0.02083065984392945 15397969 16053710 655741
9 518 rs16932349 117956937 7 0.02016991494141255 117848394 118039472 191078
9 436 rs2485530 104473886 8 0.01978971481131896 104253681 104552360 298679
9 209 rs41305329 27284785 3 0.01967161473559396 27228022 27334289 106267
9 307 rs561970 79318677 6 0.01949103097353153 79310246 79442798 132552
9 478 rs2000129 111607701 6 0.01817054652750336 111511992 111626090 114098
9 89 rs2065514 9412518 4 0.01732358134265684 9388678 9495226 106548
9 12 rs12346252 1239644 2 0.01679984796568086 1221840 1265994 44154
9 388 rs10118363 92339924 2 0.01648124693818939 92301054 92342790 41736
9 55 rs17804441 5457733 3 0.01609379900927761 5442487 5512522 70035
9 360 rs10125093 88857199 8 0.01591210165914486 88741540 89022298 280758
9 107 rs10809843 12780670 5 0.01583180007362106 12593124 12780670 187546
9 417 rs4743110 100326824 3 0.01566121363642784 100313725 100520796 207071
9 155 rs7871217 18929692 2 0.01490729145136387 18914103 18930880 16777
9 491 rs578430 113563143 5 0.01417303481178793 113503673 113644930 141257
9 29 rs1412693 2705874 4 0.01400700475514567 2699004 2838470 139466
9 70 rs328853 7729045 5 -0.01340470862207266 7561756 7734480 172724
9 394 rs10821507 93561614 4 0.01313986096271162 93461649 93658854 197205
9 17 rs6475120 1732880 8 0.01258353886076877 1625303 1786681 161378
9 119 rs10810113 14200005 7 0.01245046727795561 14063510 14247488 183978
9 252 rs7025491 37387177 6 0.0121926899362957 37070398 37406391 335993
9 407 rs9299419 97066584 7 -0.01214952859241524 96913764 97403720 489956
9 377 rs6560041 90495370 3 -0.01197803568949156 90487391 90669303 181912
9 148 rs12684916 17937036 1 0.01194740976393307 17878879 17962477 83598
9 293 rs10869593 78206328 4 -0.01170432874254409 78080515 78212566 132051
9 235 rs12684472 32850712 7 -0.01124491261272524 32755028 32923482 168454
9 597 rs1054874 132681619 3 0.01123941913887592 132681619 132869344 187725
9 114 rs642806 13671296 8 0.0108118863561469 13610778 13708607 97829
9 144 rs1442528 17329964 6 -0.01064723260991854 16998232 17391531 393299
9 383 rs9410429 91563034 2 -0.01060259913745214 91392349 91563034 170685
9 527 rs4091697 119654521 4 0.01052731051641214 119639180 119799584 160404
9 548 rs2196311 124170490 6 0.01040796571739277 123640500 124295569 655069
9 311 rs7035855 79960141 6 0.01019467681977127 79689203 80060927 371724
9 75 rs941904 8136132 6 -0.01017096614633144 8097977 8235513 137536
9 332 rs1332879 83691628 4 0.010000413490463409 83462500 83695647 233147
9 299 rs2297343 78722328 1 0.00985042901603179 78686818 78742354 55536
9 251 rs10125775 36993071 3 0.00980012816346036 36952743 37011289 58546
9 284 rs278727 76161901 3 0.00958669482888581 75719701 76189863 470162
9 280 rs11143080 74656309 3 0.009326705990787 74612197 74668581 56384
9 138 rs6475025 16289428 2 0.00929171303852816 16256964 16325026 68062
9 348 rs1529952 86719547 4 0.00927037554470042 86719547 86761781 42234
9 469 rs7038436 110480149 5 -0.00899677813910374 110424575 110487829 63254
9 331 rs13284117 83247711 8 0.00895679117029289 83128214 83441767 313553
9 52 rs7025867 4937872 5 0.00894047269116751 4888724 4943454 54730
9 58 rs343494 6070342 4 0.00893165639984001 5872531 6119329 246798
9 619 rs8999 135277341 6 -0.00890457678503256 135137364 135296341 158977
9 116 rs7866165 13812685 1 0.00873581640421848 13812685 13825565 12880
9 533 rs7849955 120565329 4 -0.00867979937090924 120475302 120591239 115937
9 263 rs7853023 38772575 5 0.00853227038994402 38741712 68170421 29428709
9 429 rs10819657 102128509 6 0.00844806234833805 102039043 102271150 232107
9 330 rs3739810 82941449 7 -0.00841011055791783 82932712 83115815 183103
9 379 rs7867717 90899627 1 0.00815814784392044 90899627 90899627 0
9 517 rs873212 117735806 5 0.00815184261150651 117728895 117830812 101917
9 374 rs721936 90283149 2 -0.00808487688268298 90261695 90289936 28241
9 476 rs7858857 111334514 2 -0.00799455770821546 111160310 111343627 183317
9 288 rs577787 77315134 1 0.00792306767062808 77002414 77315134 312720
9 191 rs12337557 24782317 4 -0.00778060746474151 24770615 24848892 78277
9 635 rs10993924 136943067 2 0.00775512559357028 136852891 136965553 112662
9 215 rs7863803 27924555 5 -0.00772801534162628 27872232 27998125 125893
9 483 rs10980070 112584723 1 0.00765299052577378 112418293 112589454 171161
9 187 rs2225614 24111280 1 -0.00762397499345585 24034180 24125018 90838
9 139 rs4612476 16388447 4 0.00761324927480814 16345371 16390697 45326
9 64 rs2770759 7197023 5 0.00747224089812102 7091968 7231559 139591
9 162 rs9407950 19958389 4 0.00741236459434747 19897119 19989693 92574
9 580 rs3802357 130478653 4 0.00739924990304836 130334178 130588091 253913
9 169 rs1364614 21115002 1 -0.00737172771719233 20988423 21150650 162227
9 462 rs6477551 109728072 2 -0.00719766346764238 109682501 109942554 260053
9 410 rs6478302 98392340 8 0.00715231180549978 98319211 98407526 88315
9 601 rs7031579 133250275 2 0.00704997246684234 133226582 133250275 23693
9 582 rs7032368 130755881 1 0.00700554239226762 130755881 130777468 21587
9 287 rs2991751 76936998 1 0.00687193769174642 76905350 76967832 62482
9 453 rs1800977 107690450 5 0.00673473281840821 107678278 107814671 136393
9 186 rs1653081 23790800 3 0.00670856690366268 23775449 23979686 204237
9 93 rs7860014 9962204 2 -0.00668733720282496 9929916 10050872 120956
9 509 rs10124293 116800860 2 0.00667268052210777 116780314 116814126 33812
9 630 rs2073817 136559460 1 -0.00661858277441134 136559460 136592342 32882
9 227 rs12347982 31030360 3 0.00659084346263766 30500252 31116343 616091
9 535 rs2806117 120913104 9 -0.00651273934013232 120733712 121006917 273205
9 447 rs653828 106746290 8 0.00644967123452626 106667534 107056847 389313
9 481 rs7857376 112100958 5 -0.00617747358443632 112087325 112354798 267473
9 214 rs4879740 27750375 1 0.00609906338282075 27750375 27860390 110015
9 603 rs7860909 133331226 1 0.00600868466336299 133331226 133394635 63409
9 502 rs10981574 115745577 2 0.00593462480421702 115716647 115783589 66942
9 240 rs1061758 34652330 4 -0.005840140443719 34151280 34683607 532327
9 329 rs11138518 82768721 2 0.00574903359361474 82706489 82913245 206756
9 404 rs4633120 96093865 3 0.00572024245174601 95930572 96451784 521212
9 63 rs818887 7002389 7 0.00571352499165447 6888611 7084558 195947
9 621 rs17149310 135450636 1 0.00544227773931391 135450636 135538016 87380
9 497 rs7030545 114726308 6 0.00532337152132966 114721455 114811564 90109
9 479 rs1333344 111776224 1 -0.00531999069217062 111647581 111961389 313808
9 14 rs7871293 1354036 3 0.00522493798659881 1336460 1373944 37484
9 283 rs1417614 75295593 3 -0.00520715980907661 75138675 75586627 447952
9 3 rs912170 656736 7 -0.0050788970992491 521172 682528 161356
9 520 rs2418412 118541068 5 0.00502636159207817 118413485 118559109 145624
9 500 rs4978512 115660368 6 -0.00499920912679109 115404746 115667355 262609
9 470 rs10979049 110545467 1 -0.00499544663909077 110512551 110618098 105547
9 137 rs1332488 16207279 3 -0.00485356302570841 16160638 16233085 72447
9 170 rs1412395 21471499 4 0.00482803931725687 21323089 21536423 213334
9 355 rs329206 87806205 2 0.0047173020572755 87704881 87806205 101324
9 385 rs12341391 91848678 5 -0.00470340471837521 91656963 91953252 296289
9 143 rs10962725 16933037 2 -0.00469918553245841 16931342 16971165 39823
9 77 rs1155271 8312169 4 -0.0046908079877023 8269073 8373735 104662
9 427 rs2067986 101816399 4 -0.00465428315543126 101749498 101835165 85667
9 260 rs2381871 38426961 6 0.00465071312176848 38404352 38466944 62592
9 344 rs1535750 85910950 4 0.00464680086674347 85812142 85932455 120313
9 386 rs10797126 92043184 3 -0.00462382574835655 92010796 92126015 115219
9 195 rs1537262 25538362 2 0.00462203829142026 25430845 25557615 126770
9 124 rs7023433 14511645 7 0.00461614141534049 14491347 14573613 82266
9 490 rs35142681 113449489 1 0.00461390462339766 113336184 113490972 154788
9 174 rs10757282 22133984 4 0.0045924871624738 22133284 22159416 26132
9 253 rs913280 37483309 7 -0.00458566810643181 37418935 37565522 146587
9 304 rs11144880 79025675 6 -0.00452814707553886 78987645 79156769 169124
9 542 rs10818328 122279421 4 0.00440574134032518 122264713 122434053 169340
9 91 rs12684795 9817047 3 -0.00436344057619581 9798092 9890962 92870
9 210 rs1161680 27430232 1 0.00426618667123447 27372924 27456928 84004
9 161 rs713168 19847234 1 -0.00425167986488425 19751357 19857154 105797
9 473 rs1831590 110864014 3 -0.00415172567305612 110761427 110874194 112767
9 278 rs2297089 74305098 3 0.00405158365056082 74272001 74308389 36388
9 521 rs7469818 118738647 5 0.00403500618302705 118585450 118741214 155764
9 269 rs13290881 71985169 9 -0.00399834950427937 71973435 72273898 300463
9 519 rs10817750 118099068 4 -0.00396824915197445 118081458 118373618 292160
9 109 rs10511576 12925921 1 0.00393751321720279 12922330 12931403 9073
9 504 rs45559933 115950114 3 -0.00388517046070008 115917783 116130924 213141
9 117 rs7855714 13968369 2 0.00379080699745249 13865260 14010270 145010
9 347 rs11793330 86666444 4 0.00378323009082176 86229249 86693470 464221
9 565 rs10986270 126967977 1 -0.00374448306410239 126935882 126968133 32251
9 496 rs1413218 114658407 8 0.00373093197801293 114406649 114711743 305094
9 510 rs2418265 116865784 2 0.00369421229579269 116825745 116873183 47438
9 454 rs10820780 107851745 4 0.00361805221708767 107833459 107929206 95747
9 286 rs1388364 76693382 5 -0.00359714883330196 76480444 76767313 286869
9 477 rs10979414 111387353 2 -0.00356422034449317 111387353 111469933 82580
9 602 rs914978 133277641 2 0.00352515668450089 133277641 133318751 41110
9 458 rs10978431 108919024 4 0.00347990578553288 108759480 109147362 387882
9 628 rs9409872 136458311 2 0.0034478796112619 136458311 136466832 8521
9 431 rs10115383 103370532 3 0.0034429464145376 103157515 103539701 382186
9 268 rs2275431 71850853 2 -0.00335876980279352 71850853 71962528 111675
9 443 rs10990599 105942389 3 0.0032677809412478 105767349 105965683 198334
9 375 rs3118839 90362777 2 0.00326158857388244 90297680 90366947 69267
9 243 rs12000024 35892051 4 0.00325387302867105 35700837 35944775 243938
9 613 rs1123551 134621809 2 -0.00316998844041824 134428507 134635088 206581
9 515 rs12379659 117394595 3 0.00315666732036914 117324845 117453668 128823
9 158 rs2383090 19247848 5 0.00314009890669332 19234830 19438279 203449
9 44 rs11789633 4321558 1 0.00297057026464182 4303682 4331760 28078
9 127 rs12683551 14783623 4 -0.0029621541177916 14754010 14832349 78339
9 223 rs10969108 29368665 5 -0.00295709048034584 29297803 29594461 296658
9 274 rs7875338 73444238 4 0.00292244316235078 73405244 73575662 170418
9 179 rs2789476 23161189 2 0.00290853509678987 23103266 23226243 122977
9 411 rs1335049 98447883 5 0.00290040171686166 98420881 98538041 117160
9 569 rs829179 128316645 5 0.0028803822900418 127616537 128783188 1166651
9 522 rs6478223 118781688 2 0.00283428055579455 118781688 118887949 106261
9 441 rs7026565 105208847 4 -0.0028214460489491 105042624 105414477 371853
9 0 rs526509 268740 3 0.00277637469880163 204201 274433 70232
9 250 rs16933784 36944882 4 -0.00273658005083327 36878774 36944882 66108
9 291 rs1081877 77782517 2 0.00272794167012646 77766854 77857783 90929
9 211 rs12686452 27555016 2 -0.00270462478927662 27488092 27580674 92582
9 54 rs3739636 5392199 6 -0.0026462657378995 5306824 5435709 128885
9 65 rs17528044 7275995 2 -0.00262112983356066 7240918 7286273 45355
9 562 rs7867502 126470140 2 0.00261989676024511 126253077 126749631 496554
9 512 rs13300252 116974295 2 0.00260945659413249 116964061 117011595 47534
9 498 rs2762475 114888516 1 -0.0026090510753213 114837337 114888773 51436
9 587 rs4836644 131984706 3 0.00259315894396836 131873222 131984706 111484
9 163 rs2383134 20093557 2 0.00252835458911914 20004364 20131746 127382
9 181 rs7035046 23407386 4 -0.00249585394685837 23404131 23431906 27775
9 98 rs4427223 10663815 3 -0.00249144821706247 10559329 10673850 114521
9 147 rs9407838 17760260 3 -0.00246423518317065 17633023 17829258 196235
9 642 rs11103509 137654103 3 0.0024446027024241602 137593099 137666414 73315
9 598 rs10988625 132927568 3 0.00243205320878075 132902219 132940007 37788
9 393 rs10993273 93151196 3 -0.00242358802841834 93104329 93418243 313914
9 625 rs626713 136007988 1 0.00239892822506484 135903997 136009191 105194
9 266 rs12378665 71597840 3 0.00239599883111731 71417919 71606315 188396
9 24 rs4741657 2239429 2 0.00237774685344755 2212574 2270503 57929
9 16 rs7854400 1490577 2 0.00237702873947606 1489454 1610367 120913
9 590 rs17457362 132098060 1 0.00236239584553698 132098060 132162470 64410
9 270 rs13284442 72488417 1 0.00235448873803551 72331806 72489640 157834
9 414 rs2025444 98994706 3 0.00234012820016284 98924140 98997810 73670
9 523 rs13298102 119022802 1 -0.00225978108434101 118954624 119022802 68178
9 106 rs791658 12493565 2 0.00224297788285445 12493565 12585186 91621
9 34 rs10814219 3536260 2 0.00220756202106611 3383495 3547259 163764
9 626 rs6597604 136049780 2 -0.00220582472036236 136042694 136102199 59505
9 22 rs10811530 2142191 2 0.00220370318532001 2123435 2143543 20108
9 366 rs7021048 89453847 4 0.00215875086916486 89440597 89468654 28057
9 645 rs10858300 137842500 2 0.00215152639652443 137790916 137856280 65364
9 661 rs9409914 139049385 2 -0.00215125391808682 139048452 139050961 2509
9 180 rs10811885 23321297 8 -0.00214897989235315 23262261 23354494 92233
9 42 rs499357 4122302 2 -0.00214796811175713 4117942 4226630 108688
9 141 rs1888207 16696187 1 0.00213805603959943 16669912 16815861 145949
9 440 rs10739833 104950962 4 -0.00204810719075011 104945543 105037839 92296
9 48 rs4742027 4629595 1 0.00201826752088141 4598379 4657040 58661
9 444 rs10990652 106008694 2 -0.00201776294563022 105971237 106169268 198031
9 25 rs12684262 2301610 1 0.00200562146516475 2282951 2301610 18659
9 317 rs10867212 81119846 2 -0.00199876284249038 81078138 81132551 54413
9 267 rs3763609 71647410 2 0.00197769083490368 71629914 71821388 191474
9 27 rs955547 2537511 5 0.00197638141722907 2459387 2618969 159582
9 629 rs45465204 136507444 3 -0.00197056617939513 136503819 136528721 24902
9 528 rs10983506 119835790 3 0.00194259557156456 119803284 119880993 77709
9 664 rs10747029 139534703 1 0.00193470078651891 139534703 139544437 9734
9 132 rs643531 15296034 4 0.00191082522589373 15261589 15336653 75064
9 297 rs4416887 78597225 2 0.00190751068127294 78562669 78608872 46203
9 165 rs7021788 20295863 1 -0.00190537073106322 20289153 20323424 34271
9 41 rs895236 4038228 3 0.00187195895462965 4038228 4103703 65475
9 376 rs10123732 90395684 1 0.00186157862689701 90383163 90455686 72523
9 558 rs1329957 125377505 1 0.00182142894586213 125334787 125436147 101360
9 295 rs2990413 78332803 3 0.00181678013031939 78276675 78332861 56186
9 200 rs1219932 25907211 1 -0.00177754245206858 25840113 25919851 79738
9 573 rs2809443 128947475 1 0.00177500258620501 128928087 128986077 57990
9 415 rs2476927 99038030 1 0.00176951405111897 99031628 99806169 774541
9 254 rs999988 37635299 1 -0.00174165556259869 37583429 37676472 93043
9 205 rs10812443 26681499 2 0.0016860423518321 26649956 26736162 86206
9 390 rs2196923 92711789 3 0.00165815765816492 92698716 92859704 160988
9 271 rs12554412 72629662 3 0.00165167336536732 72523453 72978218 454765
9 439 rs320263 104860147 2 0.00160651077207648 104759737 104941304 181567
9 10 rs4741151 1158199 2 0.00158358769719141 1115998 1158199 42201
9 403 rs7025554 95898531 3 0.00157131265949913 95812707 95907107 94400
9 53 rs2230724 5081780 3 -0.00156796188831694 4946989 5273180 326191
9 166 rs7870252 20351075 1 -0.00152480246320235 20327360 20430468 103108
9 167 rs10964583 20508503 3 0.00152231079159984 20484604 20642609 158005
9 457 rs1806664 108626502 6 -0.00150398035478977 108457806 108733453 275647
9 652 rs11103850 138270241 2 -0.00149805626438304 138211368 138312393 101025
9 37 rs10814596 3777523 1 0.00149521267028867 3765395 3823277 57882
9 589 rs4366175 132049842 1 0.00148875901025969 132049842 132073191 23349
9 216 rs10968337 28086683 3 -0.00148290273340692 28004967 28087657 82690
9 430 rs10760706 102723692 6 0.0014779205035783 102400263 103065884 665621
9 103 rs10960317 11848457 1 0.00146360433587066 11695785 12007658 311873
9 572 rs7046411 128893045 3 -0.00146281182630807 128879934 128910419 30485
9 401 rs11789973 94651984 5 0.00145348706502716 94589135 94883070 293935
9 405 rs11787920 96631523 1 -0.00143931031329399 96493773 96661535 167762
9 409 rs4448343 98266370 2 -0.00143522586217878 98171417 98266370 94953
9 129 rs1916314 14925706 1 0.00141491503317471 14906868 15059821 152953
9 416 rs2447290 100062414 2 0.00140869163071912 100037880 100307493 269613
9 28 rs7870360 2681430 1 -0.00138424342015149 2631092 2691186 60094
9 315 rs9314866 80717949 1 0.00138266930481864 80712244 80857346 145102
9 49 rs7874378 4695068 4 0.00138149906545801 4695068 4726367 31299
9 256 rs10814620 37788911 3 0.00137450202500803 37774893 38138880 363987
9 193 rs1381148 25049865 2 0.00136565805203375 25049865 25241316 191451
9 217 rs4574938 28218512 2 -0.00136406279568877 28111873 28220635 108762
9 460 rs10978560 109379687 2 0.00136329373232853 109323247 109480510 157263
9 265 rs7032966 71211602 2 0.0013459254441283 71183181 71328378 145197
9 382 rs7867153 91377672 1 0.00131061449036753 91368043 91377672 9629
9 484 rs7035935 112706482 2 0.00126318672401458 112608710 112760293 151583
9 456 rs10120372 108440542 4 0.00126151917447729 108234207 108440542 206335
9 11 rs1933041 1196586 1 0.00125028009524403 1196570 1218816 22246
9 588 rs7048616 131996947 2 0.0012401647349408 131992861 132041447 48586
9 648 rs11790742 138007995 4 0.00123634263887359 138007995 138037372 29377
9 102 rs10809343 11114781 1 -0.00122036893233918 11114781 11683901 569120
9 451 rs2230805 107624029 3 0.00121626396254778 107584309 107624029 39720
9 459 rs7873699 109274388 1 0.00120084863124522 109175575 109296536 120961
9 113 rs10491754 13548060 1 0.00117208160533942 13526525 13600898 74373
9 221 rs10968773 28795700 4 -0.00116498587036412 28772999 28879500 106501
9 408 rs396538 97487704 4 0.0011451662772682 97429160 98102983 673823
9 472 rs7026539 110707964 3 -0.00113956019666463 110707050 110752106 45056
9 18 rs1382189 1818518 1 -0.00112569252226084 1818518 1842469 23951
9 508 rs7034929 116672801 3 0.00112153458621304 116443721 116723488 279767
9 412 rs1413178 98586312 1 0.00110921877763377 98554957 98826252 271295
9 323 rs6559456 81757988 2 -0.00109432377371903 81729460 81843768 114308
9 105 rs4008031 12460256 2 -0.00103213892012677 12297444 12460256 162812
9 135 rs1887677 16079296 2 0.00102780483499636 16069629 16096547 26918
9 246 rs3780350 36639442 1 0.00102566788000142 36639442 36639442 0
9 62 rs1260463 6632061 9 0.00101777934146464 6631611 6849317 217706
9 359 rs570516 88530006 1 -0.00101730316730233 88123347 88710845 587498
9 276 rs10781013 73935754 3 0.00100157800064236 73931778 74072841 141063
9 78 rs1392524 8398021 3 -9.574257530893856e-4 8379313 8453781 74468
9 346 rs2277176 85964563 3 9.543008077670772e-4 85959871 86135188 175317
9 617 rs9411446 135015927 2 9.268191333636006e-4 135009024 135053756 44732
9 538 rs7850538 121756868 1 -9.245350316489356e-4 121475729 121759567 283838
9 336 rs3814535 84304985 1 9.173056599918708e-4 84256984 84372741 115757
9 1 rs1410221 354913 2 9.123670223730036e-4 279149 396380 117231
9 142 rs1339548 16846323 2 -9.121568368400336e-4 16841628 16915021 73393
9 563 rs3861868 126835484 3 8.986688772843263e-4 126768582 126862735 94153
9 257 rs2810723 38244221 2 8.907206089103922e-4 38165646 38252526 86880
9 513 rs2636860 117030582 1 8.853681809259464e-4 117022495 117051020 28525
9 290 rs10118224 77545238 4 -8.796729057422625e-4 77545238 77755469 210231
9 204 rs2148600 26572236 1 -8.695829988171918e-4 26489225 26629382 140157
9 421 rs10986084 101147503 1 8.676936775381833e-4 101092018 101147503 55485
9 229 rs10970317 31381021 2 8.627830314913492e-4 31291138 31573759 282621
9 199 rs1231373 25755422 1 8.581947672864684e-4 25748799 25819089 70290
9 175 rs7027027 22472289 1 8.436363117723192e-4 22266091 22583181 317090
9 423 rs1758799 101339690 2 -8.28373637266137e-4 101339690 101442402 102712
9 226 rs10969625 30340919 2 8.278014546011192e-4 30103515 30448896 345381
9 612 rs4076428 134353724 1 8.160596347281335e-4 134233268 134402338 169070
9 112 rs1556577 13453984 1 8.030106347968527e-4 13393739 13492623 98884
9 501 rs10759611 115683429 2 8.004197814879534e-4 115678033 115684234 6201
9 593 rs1780482 132293940 1 7.742176963160526e-4 132287630 132352178 64548
9 532 rs10983712 120368736 8 -7.682110020653474e-4 120275159 120464725 189566
9 387 rs1983976 92154969 1 -7.576255980954136e-4 92148993 92281403 132410
9 220 rs4879261 28705607 1 7.538430181918355e-4 28539581 28717480 177899
9 455 rs327967 108001107 3 7.396259293893049e-4 107969815 108147763 177948
9 425 rs2295929 101609768 1 -7.389326957961997e-4 101594103 101611545 17442
9 244 rs10972659 35978321 6 -7.369954179402137e-4 35954375 36137513 183138
9 371 rs10125534 90125129 2 -7.233821736796137e-4 90066956 90128429 61473
9 194 rs7848925 25359813 2 7.227863140185503e-4 25325777 25398069 72292
9 69 rs2890755 7539001 2 7.19275841085727e-4 7521577 7543551 21974
9 207 rs565586 27170934 1 7.048964104049714e-4 27118807 27171373 52566
9 627 rs17150554 136269143 3 7.016549960151169e-4 136119527 136275188 155661
9 432 rs10512274 103603201 2 -6.995286050141396e-4 103558414 103871680 313266
9 391 rs7848094 92876060 1 6.97305754510542e-4 92875390 92887231 11841
9 333 rs11139068 83811684 1 -6.905236936606149e-4 83714890 84007124 292234
9 550 rs7047340 124441404 1 6.872860208605071e-4 124422403 124457949 35546
9 189 rs16908586 24605254 1 -6.85270217961083e-4 24478577 24671257 192680
9 505 rs818706 116148630 3 -6.849048408314181e-4 116136198 116151191 14993
9 110 rs1412304 13010074 1 -6.441764010821228e-4 12959188 13010074 50886
9 575 rs13287948 129216848 1 6.395287195098585e-4 129061512 129258837 197325
9 120 rs10810126 14292207 1 -6.250828802576269e-4 14292207 14292720 513
9 196 rs10757553 25576240 1 -6.044756037009175e-4 25576240 25628819 52579
9 306 rs7862059 79282119 1 -5.974963405597263e-4 79225259 79300111 74852
9 392 rs2798025 93090915 8 -5.937995516260711e-4 92903522 93100550 197028
9 553 rs1571586 124957525 2 5.889830518866246e-4 124876341 124957776 81435
9 281 rs7029217 74870018 3 -5.837346491903108e-4 74679126 74893024 213898
9 92 rs10978079 9909795 1 5.802965976038814e-4 9896971 9910993 14022
9 450 rs1883023 107564846 1 -5.703694296886971e-4 107550222 107564846 14624
9 203 rs10812394 26433751 3 -5.689389812667148e-4 26324013 26433751 109738
9 349 rs6559779 86906107 3 -5.670760024443063e-4 86774339 86933884 159545
9 66 rs10976254 7341412 3 -5.639968924677698e-4 7315798 7373868 58070
9 529 rs10983563 119946330 1 -5.41275758969178e-4 119913492 120029861 116369
9 57 rs4740820 5610381 1 -5.361018612527244e-4 5610381 5864988 254607
9 632 rs2810472 136760639 2 5.262487805560795e-4 136686242 136760639 74397
9 322 rs7038375 81675754 1 5.237814482114001e-4 81632946 81720891 87945
9 81 rs7032107 8795072 1 -5.030075549066938e-4 8751968 8796449 44481
9 150 rs7862129 18290410 4 4.919508152736916e-4 18267185 18372052 104867
9 611 rs4740407 133946574 1 4.902614723479783e-4 133927878 134105048 177170
9 467 rs7041758 110280496 1 -4.856997795531483e-4 110280496 110318782 38286
9 83 rs12554855 8901169 1 -4.8543106283660987e-4 8890946 8901169 10223
9 5 rs4742429 816742 2 -4.822920256280155e-4 804436 863635 59199
9 234 rs1328994 32717013 1 4.7991218047511953e-4 32618055 32723639 105584
9 480 rs1879069 111991700 2 4.75804126435287e-4 111991700 112062247 70547
9 420 rs3780454 100964470 1 4.7457894615128766e-4 100930947 101072843 141896
9 493 rs4576485 113815164 3 4.7448660218909816e-4 113792706 113901309 108603
9 51 rs10758658 4856877 4 4.7155783392338423e-4 4792339 4856877 64538
9 584 rs7853999 131146409 1 4.629110900719626e-4 130910687 131146409 235722
9 449 rs41277753 107288995 3 4.514696609201281e-4 107273553 107545903 272350
9 47 rs6476874 4527201 1 4.500617672679585e-4 4506655 4576680 70025
9 368 rs11141719 89854486 4 4.458018396375645e-4 89650543 89858267 207724
9 152 rs10963676 18622043 1 4.373132535771897e-4 18617804 18639300 21496
9 301 rs10869736 78836985 1 -4.345047346924322e-4 78826932 78889021 62089
9 503 rs10981640 115897803 2 4.274069373321441e-4 115811102 115905850 94748
9 176 rs1999761 22795727 3 -4.2574309742826816e-4 22598741 22937343 338602
9 321 rs7867093 81518152 1 -4.2562098726236543e-4 81474084 81574729 100645
9 343 rs952744 85766721 2 -4.1745766597224646e-4 85756459 85808708 52249
9 101 rs7848707 10942628 1 3.984150103099448e-4 10904815 11093422 188607
9 90 rs10733553 9709405 5 -3.983644010377888e-4 9518199 9790222 272023
9 351 rs11140676 87190178 1 3.92763741922433e-4 87160854 87409025 248171
9 492 rs10980644 113699498 2 -3.8841049029490586e-4 113662681 113769925 107244
9 131 rs693196 15202417 1 3.874254933086021e-4 15115717 15229622 113905
9 437 rs12552818 104623359 1 -3.872950894362541e-4 104588622 104623359 34737
9 367 rs7036455 89554097 1 -3.808633027207815e-4 89501366 89596153 94787
9 452 rs2000069 107635869 1 -3.792642142905247e-4 107635869 107663094 27225
9 242 rs34791102 35612978 4 3.7628433908121466e-4 35166763 35679251 512488
9 259 rs4878797 38380350 2 3.7402443503826326e-4 38380350 38396065 15715
9 465 rs12004443 110167103 1 -3.7191980512608447e-4 110144329 110167103 22774
9 183 rs17698074 23569870 1 3.671184267639939e-4 23569870 23585350 15480
9 537 rs1335254 121400064 1 3.6388518353603575e-4 121327323 121468282 140959
9 130 rs4741450 15078040 1 3.5757649694568883e-4 15075185 15083039 7854
9 140 rs6475059 16554405 2 3.516308837628535e-4 16406897 16656587 249690
9 398 rs10991808 93946379 1 -3.5111369388954067e-4 93920745 94154803 234058
9 636 rs12376985 137092388 1 -3.3930681640405156e-4 137092388 137138000 45612
9 446 rs10760988 106539597 5 -3.3823905584590185e-4 106539597 106637033 97436
9 2 rs4741955 447887 2 3.3769986415291986e-4 421860 484786 62926
9 296 rs3934253 78416813 1 3.35197192780547e-4 78347251 78489484 142233
9 133 rs10962014 15386490 1 -3.3134165521808066e-4 15347022 15386490 39468
9 488 rs7028791 113240481 4 3.312744941159889e-4 113103292 113252011 148719
9 564 rs2807602 126888457 2 3.283515871380454e-4 126871299 126920280 48981
9 123 rs10961534 14470833 5 -3.2543982675281927e-4 14387817 14470833 83016
9 13 rs9969818 1294789 1 3.234477632393651e-4 1282293 1325179 42886
9 160 rs17492143 19655267 3 3.2192739460445996e-4 19639713 19736871 97158
9 201 rs1332339 25956931 1 3.1137525911723854e-4 25956931 26034790 77859
9 327 rs11138411 82536522 1 3.080571881252564e-4 82536522 82582993 46471
9 540 rs230089 121956076 1 -3.0631018909497396e-4 121883165 122095833 212668
9 531 rs1577808 120226415 1 2.8532852632130425e-4 120110190 120240163 129973
9 570 rs1558836 128800424 2 2.73148452767706e-4 128788342 128816587 28245
9 84 rs4742554 8984469 1 -2.728877591062926e-4 8922467 9000709 78242
9 596 rs11998910 132541344 1 2.625234937343662e-4 132539425 132620224 80799
9 238 rs567691 33439829 5 -2.5480002290740613e-4 33404808 33478434 73626
9 354 rs4361832 87595734 1 2.488225267521272e-4 87575500 87651621 76121
9 80 rs7020239 8595338 1 2.371039018608364e-4 8578261 8694330 116069
9 316 rs12376992 81059643 1 -2.1840068286411844e-4 80918420 81064328 145908
9 494 rs7871113 113944432 3 2.103156594415659e-4 113915905 114056169 140264
9 202 rs367832 26297693 2 -2.0291275955142664e-4 26058260 26302903 244643
9 100 rs10756099 10692461 1 -2.0033873840657972e-4 10686202 10856892 170690
9 320 rs6559402 81331339 1 1.9113082188175644e-4 81331339 81422195 90856
9 128 rs1874105 14852141 1 1.8901378072524235e-4 14851703 14898161 46458
9 544 rs2416735 122763224 1 -1.4673874988157878e-4 122681580 122779915 98335
9 79 rs7868790 8505087 1 -1.3997294484256466e-4 8458811 8546095 87284
9 94 rs368297 10063148 1 1.3546959180616564e-4 10061106 10178560 117454
9 581 rs41421145 130612459 1 1.2845870314829553e-4 130612218 130619637 7419
9 289 rs2274925 77376633 1 -1.2566787354691014e-4 77357968 77535672 177704
9 97 rs1855850 10480030 1 -1.2255067482266522e-4 10478387 10510683 32296
9 552 rs4837936 124810592 1 1.0682349053806658e-4 124650611 124869062 218451
9 489 rs7869676 113261095 1 1.0352140864297655e-4 113261095 113316224 55129
9 514 rs41278657 117124785 1 1.0051300926754476e-4 117076684 117275129 198445
9 43 rs911491 4242464 3 -9.172743881883176e-5 4242464 4292083 49619
9 125 rs2890992 14672267 1 -8.306653162179649e-5 14585052 14701616 116564
9 525 rs4837261 119142351 1 8.216893043893098e-5 119142351 119526375 384024
9 262 rs11790597 38646995 1 -7.864033467555999e-5 38646995 38671889 24894
9 663 rs75200747 139292762 1 -7.517855736799309e-5 139270876 139369079 98203
9 59 rs1342326 6190076 1 -7.039705384005867e-5 6161686 6213387 51701
9 245 rs4879980 36291214 1 6.661103375586566e-5 36160040 36318240 158200
9 433 rs1367754 103930908 1 6.191422816953596e-5 103877764 103968906 91142
9 231 rs10970826 32176938 2 5.822699259275336e-5 31842496 32234067 391571
9 369 rs6559977 89932790 1 5.5898247570382014e-5 89903221 89946647 43426
9 232 rs10813789 32305110 3 4.39691403788967e-5 32267867 32328019 60152
9 461 rs4237185 109542204 1 4.262813321619102e-5 109529338 109658333 128995
9 361 rs187117 89029703 1 3.968670114876501e-5 89029703 89063984 34281
9 164 rs1889245 20180613 1 3.556851100227241e-5 20178680 20287139 108459
9 610 rs45628035 133901752 1 3.167229224531683e-5 133901752 133901752 0
9 302 rs2842483 78906150 1 -2.8325642565133552e-5 78906150 78910273 4123
9 338 rs1330823 85103465 1 2.5673413631354147e-5 84473474 85135915 662441
9 396 rs296614 93837417 1 -2.083629588731928e-5 93724516 93842021 117505
9 233 rs13295477 32561304 1 -2.0136736446602897e-5 32372280 32561304 189024
9 426 rs6478963 101708150 1 1.8133831124638713e-5 101634716 101708150 73434
9 660 rs1717455 138985141 2 1.5332750691435824e-5 138958552 138985434 26882
9 225 rs9408148 29896950 2 2.026977409223243e-6 29785304 30068009 282705
9 547 rs3780674 123166919 1 -5.348559496916416e-7 123161735 123633948 472213
