CHR Group SNP.lead BP.lead Size W BP.min BP.max BP.width
2 835 rs10931468 191538562 11 0.16223852457612067 191504064 191935804 431740
2 834 rs4638823 191312906 5 0.08670289615726491 191045969 191469731 423762
2 176 rs7583409 25491056 5 0.06294012923398637 25491056 25894556 403500
2 71 rs10174949 8442248 6 0.06196896283303182 8438959 8531037 92078
2 1002 rs2048054 228652347 4 0.05938469109483649 228622128 228653164 31036
2 874 rs3181113 204601910 13 0.05493298997492052 204459206 204802578 343372
2 539 rs11694541 114509074 8 0.05012925338711901 114432293 114784936 352643
2 601 rs6725404 128972833 7 0.0478189509098043 128465547 129007898 542351
2 636 rs842362 135341120 5 0.03547878245981374 135341120 135690061 348941
2 183 rs1260326 27730940 4 0.03347055363599256 27414134 28479472 1065338
2 529 rs1398030 111972005 6 0.03166826058734048 111864915 112000058 135143
2 836 rs10497711 192013921 3 0.03148366734720038 191991459 192020729 29270
2 496 rs12475055 102878891 4 0.0308186831500912 102878891 103091540 212649
2 731 rs1990760 163124051 2 0.02966867202227015 163110536 163314609 204073
2 637 rs10928531 135817760 8 0.02768907567868429 135803425 136590558 787133
2 730 rs4420712 162952349 3 0.02707924342554676 162811186 162983749 172563
2 358 rs1186706 61673394 14 0.02646619295084399 60972786 61731478 758692
2 1016 rs1365776 231072709 3 0.02580133529735884 231035575 231223383 187808
2 250 rs4670932 39618666 4 0.02486144268132305 39198036 39814690 616654
2 500 rs1433312 103987135 9 0.02482921781232339 103987135 104537499 550364
2 510 rs17031337 106215749 4 0.02474355654438382 106214189 106372671 158482
2 552 rs1019590 118688162 8 0.02441960423282823 118506345 118873587 367242
2 239 rs6708310 37600427 1 0.02343586853556871 37599963 37630993 31030
2 451 rs13395022 79882260 2 0.02249330782198457 79864370 79894172 29802
2 712 rs7602743 157529654 2 0.02135964557648642 156996364 157539961 543597
2 248 rs17493321 38772507 2 0.02133696082026379 38736090 38881106 145016
2 318 rs968972 51171962 8 0.02123104519145912 50889959 51303910 413951
2 632 rs6720404 134929274 2 0.02070451910570439 134893447 134965464 72017
2 640 rs47150 137220743 5 0.02057498974439551 137167663 137374734 207071
2 1041 rs11563204 234917377 4 0.02030836650226105 234912215 234938888 26673
2 211 rs6751050 31993081 4 0.02007153280064087 31628705 32447718 819013
