CHR Group SNP.lead BP.lead Size W BP.min BP.max BP.width
7 572 rs10488631 128594183 9 0.2164873244263201 128568960 128746301 177341
7 246 rs11984075 37436854 5 0.07778221495522439 37360358 37436975 76617
7 142 rs17365098 20408459 8 0.06135525584308787 20376018 20468718 92700
7 161 rs10155981 22756463 4 0.03811148482007388 22716524 22807473 90949
7 626 rs3735008 138732457 10 0.03591452108026283 138597036 138735734 138698
7 366 rs8891 73096993 10 0.03474546344564904 72885810 73133241 247431
7 682 rs10229125 149015443 4 0.03363067748221517 148801091 149015443 214352
7 536 rs1799999 113518434 2 0.03218668658288862 113377065 113534005 156940
7 371 rs13238568 74076493 7 0.02870546412071865 74076493 74115258 38765
7 254 rs2043260 38657224 4 0.02730819197979101 38646891 38721690 74799
7 767 rs3763412 158525086 10 0.02707406925222818 158412279 158730579 318300
