CHR Group SNP.lead BP.lead Size W BP.min BP.max BP.width
12 274 rs10774625 111910219 14 0.11235459901656888 111618332 113016553 1398221
12 34 rs1800693 6440009 1 0.107389541212226 6440009 6476723 36714
12 315 rs838878 125260645 4 0.06465490605092097 125201015 125314921 113906
12 121 rs3747562 42854205 18 0.05972754736667774 42443484 43071393 627909
12 3 rs2075032 717138 4 0.05228408252622658 677756 854331 176575
12 136 rs2640518 51561056 15 0.04779597169664404 50880216 51755293 875077
12 44 ss1388110319 9811832 20 0.04644998327783872 9045670 9813867 768197
12 290 rs11068090 117013350 10 0.04505091731154816 116891156 117082846 191690
12 89 rs1487648 24887648 7 0.0449735944088212 24578672 24925239 346567
12 68 rs726206 16650668 9 0.0436059793778432 16322907 16695762 372855
12 310 rs585522 123550813 9 0.0431127734483991 123160304 123822711 662407
12 306 rs482522 121194862 12 0.04273836228593258 120846679 121489377 642698
12 92 rs1115093 25586533 11 0.04238062861439022 25445122 25590600 145478
12 153 rs10877013 58165085 15 0.04120028202289253 57578673 58521091 942418
12 61 rs17820480 13638977 9 0.03898010441974139 13560255 13872044 311789
12 54 rs1797659 12186453 10 0.03840606082384357 12106881 12256375 149494
12 151 rs1701704 56412487 5 0.03756997806429951 56379298 56956213 576915
12 63 rs11055989 14622002 6 0.03418325386187473 14288015 14653867 365852
12 258 rs1043469 104166760 14 0.03350926442446395 104138980 104453196 314216
12 152 rs1466535 57534470 7 0.03317341356030765 56988342 57539082 550740
12 172 rs7300749 67015716 9 0.02986873460459854 66945123 67147603 202480
12 1 rs4980814 443795 2 0.02879253576068882 349298 547683 198385
12 138 rs7299647 52544099 6 0.02717475576327299 52282748 52544099 261351
12 366 rs2306546 133358870 6 0.02659181196679955 133341344 133754245 412901
12 72 rs1471941 18961341 12 0.02642442832525147 18816556 19225583 409027
12 31 rs6489661 5936315 5 0.02620885216130915 5759609 5971176 211567
12 56 rs11834080 12617367 4 0.02563827451303643 12549503 12659894 110391
12 70 rs1163929 17602872 8 0.02493916419222445 17376899 18276749 899850
12 190 rs7970417 72734174 6 0.02487891141119011 72636635 73078427 441792
12 245 rs3815997 99071023 5 0.02441165745063236 98791382 99233282 441900
12 60 rs10744020 13479485 9 0.02382393603046039 13338113 13537838 199725
12 22 rs873613 4232802 4 0.02321749803447632 4118317 4310680 192363
12 80 rs4762726 22237590 8 0.02252486071160493 21951107 22245880 294773
12 129 rs2285831 48125702 9 0.02220946064664147 47746478 48177238 430760
12 196 rs4406865 77095701 10 -0.02195124868844153 76543066 77095868 552802
12 284 rs7137643 115291611 4 -0.02125025315978528 115272875 115428241 155366
12 240 rs2075362 96606889 4 0.02124702449664844 96539484 96812261 272777
12 36 rs870849 6887020 3 0.02095139389895363 6887020 7053149 166129
12 187 rs1705221 71575611 12 0.02038406157099506 71167528 71666552 499024
12 364 rs4077838 132692165 1 -0.02029011581943255 132156008 132694963 538955
12 204 rs11525598 79870126 6 0.02013162422288911 79481297 79944776 463479
12 275 rs233716 113039943 5 0.0200142256209638 113036817 113238728 201911
12 248 rs1500670 100004829 7 -0.01968771647267475 99829495 100215417 385922
12 343 rs12818539 129439155 1 0.01953863761524307 129432789 129501057 68268
12 337 rs1683689 128858494 6 0.01871371000473701 128858494 128902895 44401
12 243 rs2060733 98026477 11 0.01814666394201027 97873725 98205710 331985
12 244 rs7954125 98762487 11 0.01795615900437505 98219791 98762487 542696
12 307 rs7296507 121847135 11 0.01779474195841975 121506154 121933663 427509
12 215 rs1782934 85185396 7 0.01749385631604529 85052616 85397604 344988
12 83 rs79129189 23104620 6 0.01710829005949956 22976813 23183392 206579
12 101 rs11049439 28349302 6 0.01683187550394312 28209566 28728836 519270
12 158 rs1383187 61321575 12 0.01658462092107636 60861783 61910246 1048463
12 198 rs11104350 77627677 5 -0.01641698155396894 77436044 77761458 325414
12 207 rs7294577 81204764 13 0.01633301893789785 81007139 81329672 322533
12 280 rs7960468 114241098 14 0.01630513641002235 114188042 114674261 486219
12 100 rs10771387 28059187 8 -0.01617249526997669 27964996 28165457 200461
12 317 rs1080910 125608492 4 0.01616420672234064 125500077 125732246 232169
12 98 rs1037920 27553741 7 -0.01602063987176484 27536031 27797020 260989
12 65 rs1024843 15731744 5 0.01566730729184408 15253372 15763224 509852
12 238 rs11610816 96275860 9 0.01558478794856275 96051177 96312686 261509
12 276 rs916972 113366049 5 0.01517491928058968 113273050 113509628 236578
12 217 rs2635060 87248804 12 0.01517348630564593 86593101 88294483 1701382
12 177 rs10492199 68487099 18 -0.01488726971102875 68249369 68504592 255223
12 250 rs618278 101394344 14 0.01479405495817828 100995849 101421625 425776
12 144 rs1976935 54094036 13 -0.01411205590549746 53637466 54187582 550116
12 256 rs12310655 103628391 2 0.01359062155783421 103436241 103762406 326165
12 233 rs17022716 94948299 8 0.01341985266349643 94934823 95023405 88582
12 85 rs7969423 23721644 5 -0.01327114637835894 23666839 23898340 231501
12 29 rs10849261 5522556 6 0.01314755814693979 5391393 5618814 227421
12 178 rs10878764 68564677 10 0.01306746474604017 68530956 68726857 195901
12 346 rs7304563 129705832 5 0.01272151833738583 129693530 129810707 117177
12 311 rs4930714 124067197 7 0.01261160584323241 124053767 124709263 655496
12 319 rs736438 126021888 5 0.01202826620562093 125899452 126036203 136751
12 195 rs11180765 76344606 7 0.01189028519932048 76312596 76446308 133712
12 51 rs2111049 11827629 3 0.01167558182525943 11768969 11934852 165883
12 57 rs11055015 12836679 3 0.01162786752056826 12765603 12902011 136408
12 114 rs1909510 32778913 8 0.01161497473075935 32649190 33073718 424528
12 43 ss1388083997 8904132 5 0.01145010520735987 8808006 9027429 219423
12 59 rs741433 13087061 7 0.01140251271272057 13054234 13324295 270061
12 71 rs518345 18799164 7 -0.01132059011266177 18304086 18808012 503926
12 81 rs12817074 22386648 6 0.01121079879097203 22263219 22475724 212505
12 159 rs931872 61972806 3 -0.0111436118664357 61945917 62367084 421167
12 145 rs10876528 54421476 3 0.01104503353258797 54257941 54452275 194334
12 20 rs10774176 3969126 1 0.01084809889001055 3878659 4007898 129239
12 105 rs302385 29872623 7 0.01064128162421466 29805354 30077283 271929
12 79 rs10437776 21583242 14 0.01058534717888371 21317791 21728260 410469
12 96 rs7303990 26664976 11 -0.01057957609846691 26554608 26854487 299879
12 108 rs7974251 30772129 10 -0.01052274370774991 30723966 31053979 330013
12 45 ss1388112291 9876505 15 0.0104917695640252 9833398 10176144 342746
12 155 rs7299020 59121881 3 -0.01047915250757547 58979278 59307299 328021
12 208 rs7138951 81475633 26 0.01036210001071761 81350719 82338356 987637
12 143 rs10876405 53500021 5 0.01033011941978399 53393964 53552475 158511
12 133 rs7304456 49788266 1 -0.01024117815803779 49664786 50149347 484561
12 228 rs4247307 93773927 9 -0.01018971045559569 93628915 93996980 368065
12 305 rs10849704 120326063 5 0.01009955322039699 120021728 120796112 774384
12 116 rs7961495 38843441 8 0.01007830911625891 38514872 39613021 1098149
12 2 rs10735031 573870 5 0.01003819977123991 573870 662873 89003
12 212 rs10778941 83506968 4 -0.00996003649515296 83322071 83540904 218833
12 194 rs1275585 76258647 8 -0.00963963099938594 76129356 76293660 164304
12 220 rs704061 89771903 6 0.00963003782710429 89703762 90562017 858255
12 142 rs10876360 53240025 6 0.00958725027992049 53044267 53364014 319747
12 185 rs2870883 70561697 20 0.0095512358925046 70318228 70937443 619215
12 69 rs994883 17243041 6 0.0094543328461301809 16773372 17319646 546274
12 180 rs6581826 68873722 3 0.00934089320466916 68845536 69233215 387679
12 247 rs2201161 99631219 3 0.00920363021760654 99321471 99808128 486657
12 154 rs11172586 58786586 5 -0.00917008963083903 58569801 58962959 393158
12 14 rs3825364 3109873 3 0.00912956951011701 3073149 3134516 61367
12 102 rs993168 28999673 8 -0.0088430730998155 28776755 29098855 322100
12 131 rs4760683 48516296 6 -0.00881105589835694 48278487 48954040 675553
12 216 rs11116995 86105320 3 -0.00877217285724676 85406066 86469798 1063732
12 189 rs7309856 72286116 4 -0.0086871737918381 71943537 72551952 608415
12 117 rs17127129 39825613 10 0.00867904217611389 39633558 40559062 925504
12 237 rs10777704 95950130 4 0.0086483919658975 95948094 96027467 79373
12 86 rs17485141 24213634 3 0.00864170696766048 23952345 24249224 296879
12 261 rs7301525 105158826 5 -0.00841847071504874 105110412 105719138 608726
12 41 ss1388062797 8279784 2 0.00840595536685077 8142798 8315255 172457
12 358 rs10082840 131233805 1 -0.00835804275031359 131226142 131400652 174510
12 179 rs6581824 68807832 2 0.00827224603444096 68771452 68829232 57780
12 286 rs7978533 115653952 4 0.00827192347341158 115603902 115836522 232620
12 90 rs12230878 25001100 10 -0.00810629380024482 24947105 25192784 245679
12 355 rs11836499 130832922 3 -0.00807336855032212 130753999 130899033 145034
12 242 rs1013422 97737126 6 0.00806176160676191 97689188 97866233 177045
12 345 rs10847790 129674124 4 0.00805642989158798 129595327 129675423 80096
12 203 rs17045886 79291711 3 -0.0080231896903036 79199306 79442837 243531
12 103 rs10734773 29558505 14 0.00799057653988518 29130200 29630081 499881
12 333 rs1463672 128412363 1 -0.00788491988742848 128380890 128449125 68235
12 62 rs220590 13964967 8 -0.00787978758419745 13918341 14214636 296295
12 30 rs3782594 5717713 7 -0.0077810894895824 5641113 5747963 106850
12 192 rs11180347 75451227 4 -0.0077560280484082 74906884 75521362 614478
12 176 rs2620791 68045584 5 0.00773864204055721 68045584 68236562 190978
12 95 rs2137547 26261873 3 -0.00772091567765172 26261873 26523923 262050
12 150 rs772262 56163734 4 -0.00772028593481939 55507465 56163734 656269
12 360 rs7300592 131503864 14 -0.00771864235803249 131461618 131642228 180610
12 167 rs1494505 65810174 10 0.00752815699899879 65146676 65910217 763541
12 24 rs11063088 4444742 5 0.00745617379684004 4433389 4664821 231432
12 163 rs12372119 63665997 13 -0.00740174956536772 63338414 63897387 558973
12 352 rs6486515 130527398 8 0.00730745887807805 130426025 130591803 165778
12 170 rs10748036 66472284 2 0.00727937351679554 66398933 66606228 207295
12 293 rs2650163 117693037 10 -0.00715318483642129 117594254 117861069 266815
12 181 rs7971479 69247483 10 -0.00713796314766915 69247483 69508022 260539
12 186 rs10879175 71043254 4 -0.00708310464486782 70973596 71139664 166068
12 97 rs841614 27304878 5 0.00690784424740337 26883825 27529219 645394
12 235 rs7133992 95381702 6 0.00677455322767215 95160155 95715994 555839
12 73 rs11044610 19646532 5 -0.00667502753680297 19254633 19909772 655139
12 365 rs75585377 133196037 4 0.0065846667639136 133008773 133331537 322764
12 148 rs11831847 55314346 8 0.00657493210532551 54980215 55316786 336571
12 200 rs7131741 78251906 4 0.00653728831334584 78124579 78542699 418120
12 309 rs11043307 122494845 5 -0.00650331976622866 122494809 123123258 628449
12 32 rs7139057 6169323 3 0.00646803547892153 6056450 6174729 118279
12 271 rs12302686 109622975 4 -0.00627664618493851 109133588 109675029 541441
12 104 rs7301855 29661473 1 0.00624994952456476 29656604 29762976 106372
12 210 rs9989031 83041884 7 0.00610891647860522 82612417 83112586 500169
12 362 rs11061544 131941961 7 -0.0060918368567488 131836281 132010067 173786
12 211 rs7979743 83171936 5 -0.0060320563077253 83160190 83239281 79091
12 230 rs10777556 94312091 5 0.0060187038909929 94295622 94491385 195763
12 4 rs7306130 1374396 5 0.00599175027372406 889902 1493559 603657
12 126 rs11534909 46456826 3 0.00599091178252049 46084699 46591906 507207
12 122 rs275605 43946204 18 -0.00592434646545383 43094326 43973953 879627
12 214 rs17815728 84508840 10 -0.00587392296591448 84200102 85026276 826174
12 336 rs7977882 128696981 7 0.00586379248760233 128659722 128799504 139782
12 107 rs7962202 30563395 7 -0.00576421613293353 30368441 30712061 343620
12 205 rs4477495 80375064 3 -0.00570821333494798 80133070 80429390 296320
12 35 rs7300366 6652227 5 0.00570713301620509 6524679 6836051 311372
12 322 rs224773 126508567 2 0.00568132956575622 126462568 126534862 72294
12 135 rs7296291 50744119 9 -0.00549253333763159 50341465 50757628 416163
12 9 rs7967890 1952990 4 0.00541860436658363 1952990 2156904 203914
12 78 rs2117032 21074122 10 0.00539883247849312 20869434 21309714 440280
12 252 rs2373455 101892921 1 0.00512653507004071 101890922 102071290 180368
12 270 rs2228315 109017898 6 0.00506398624606367 108707123 109017898 310775
12 363 rs6598159 132056310 2 -0.00503432900083078 132039877 132096632 56755
12 113 rs11051890 32423991 8 0.00483636652808716 32370224 32642023 271799
12 262 rs17037272 105907310 8 -0.00463373004382804 105734338 106048351 314013
12 75 rs4529948 20218803 7 -0.00460329683973505 20087157 20372499 285342
12 47 rs2617170 10560957 7 0.00457486363649685 10484014 10722585 238571
12 149 rs7978952 55397643 3 0.00450473162386053 55335383 55431990 96607
12 281 rs933741 114861719 4 -0.00441719126496243 114702099 114868138 166039
12 23 rs3217830 4392530 5 0.00437676846865287 4322051 4402817 80766
12 222 rs2735333 91449990 15 0.00425550349759939 91197897 92050203 852306
12 82 rs2728643 22878685 5 0.00424713692124562 22500419 22916596 416177
12 308 rs12832268 122222761 8 0.00407357452758742 122062722 122468687 405965
12 112 rs16919122 32134815 10 0.00402418021533487 32128219 32322171 193952
12 294 rs6490128 117975866 2 0.00401874117770557 117875158 118000836 125678
12 206 rs60216135 80838175 10 0.00401132936777686 80444611 80943669 499058
12 227 rs963542 93563956 3 0.00399158510274947 93513096 93563956 50860
12 291 rs11068157 117147566 2 0.00398778464975272 117093237 117185647 92410
12 344 rs555131 129559086 3 -0.00397801700687018 129528907 129593425 64518
12 120 rs286996 42022186 5 0.00392331289393605 41698342 42344420 646078
12 125 rs7303050 45933519 6 0.00381347063991836 45231387 45986738 755351
12 37 ss1388032312 7266805 8 -0.00371262179659086 7085171 7370502 285331
12 288 rs7970151 116278388 4 -0.00356787466244113 116197943 116746302 548359
12 324 rs4765391 126944404 5 -0.00353043049094623 126703253 127035173 331920
12 255 rs1464789 103211059 3 -0.00343585611264996 103211059 103361379 150320
12 287 rs11067725 116130409 11 0.00343522547809626 115840082 116178812 338730
12 191 rs17768585 74545304 17 -0.00328949029600699 73170582 74835107 1664525
12 118 rs7966550 40688695 4 0.00327223820105805 40601708 40995961 394253
12 303 rs2251190 119708088 2 -0.00320240069658844 119673183 119733874 60691
12 279 rs6489912 114115419 8 -0.00313058640647144 114000115 114177890 177775
12 314 rs11057735 125147543 5 -0.00304580042750053 125041081 125197450 156369
12 283 rs7297062 115222910 6 -0.00286818770195744 115050048 115236746 186698
12 64 rs10505784 15127141 14 0.00277749425330554 14673715 15205821 532106
12 273 rs12810957 111347333 4 -0.00275031707460369 110132304 111401316 1269012
12 295 rs487894 118112859 5 0.00274321038701444 118018700 118145683 126983
12 10 rs1006737 2345295 3 -0.00273543979957433 2184560 2461223 276663
12 218 rs7302806 88649009 3 -0.0026611260463843 88362392 89128000 765608
12 266 rs7303842 107426172 2 -0.00265878731969229 106665078 107539486 874408
12 134 rs706795 50297670 3 0.00259072511180331 50187579 50316439 128860
12 251 rs78440807 101679658 6 0.00254104999701238 101468352 101843240 374888
12 127 rs11615015 47062286 9 0.00253522529660457 46607280 47450430 843150
12 234 rs7306517 95136893 1 0.00249157612692948 95053555 95138070 84515
12 302 rs7485049 119605598 3 -0.0024811081045141 119530424 119665735 135311
12 253 rs6539019 102303086 4 0.00245031722366364 102087844 102352707 264863
12 225 rs1385060 92946515 1 -0.00236795987423039 92843638 92968457 124819
12 249 rs10860548 100380198 5 -0.00233993703514404 100230985 100899427 668442
12 38 ss1388039239 7518422 6 -0.00232898513578547 7376438 7630833 254395
12 285 rs2384569 115560137 1 0.00231723694699033 115452473 115575544 123071
12 18 rs11062734 3708546 4 0.00231450648312231 3582651 3744487 161836
12 226 rs7979357 93009553 3 -0.00230497221937357 93002195 93482124 479929
12 166 rs10506538 64933925 1 -0.0023038416912828 64927493 65082330 154837
12 94 rs10842638 26093161 5 -0.00225977964955591 26016838 26215107 198269
12 348 rs10847899 130022144 3 -0.00224387566114672 129939109 130064448 125339
12 213 rs2403106 84008275 10 0.00222824200597275 83580357 84167218 586861
12 282 rs713559 115006437 1 -0.00222150112082139 114894728 115030724 135996
12 55 rs16907786 12314602 3 -0.00221855668410746 12279361 12514842 235481
12 301 rs12309091 119444197 5 0.00213205965566384 119335124 119510036 174912
12 160 rs11174442 62755631 13 0.00205696033819551 62386908 63055620 668712
12 298 rs10850957 118526648 7 0.00204909314783297 118502467 118886322 383855
12 265 rs1863863 106600420 1 -0.00204795651316488 106592207 106632873 40666
12 241 rs6538754 97361004 17 0.00203929151266065 96856310 97674468 818158
12 74 rs1609085 20028378 2 0.0019579163851622702 19947908 20063968 116060
12 53 rs2710278 12045185 1 0.00194275542313384 12045185 12084073 38888
12 356 rs12578145 131044757 1 0.0019005566581992 130933687 131092583 158896
12 109 rs7309016 31085550 2 0.00189063086154641 31082324 31139301 56977
12 146 rs11170866 54716092 5 -0.00186504123982718 54539005 54774379 235374
12 329 rs1485862 127905639 2 0.00178908118736423 127882841 127917085 34244
12 299 rs2730573 119031672 6 -0.00178028162667698 118925115 119172763 247648
12 219 rs17016580 89655786 6 -0.00177253245550701 89175535 89655786 480251
12 84 rs11046763 23198526 3 -0.00176693875936907 23195088 23656815 461727
12 341 rs4760557 129228730 3 0.00171867194420563 129228730 129251350 22620
12 297 rs5745879 118467645 3 0.00171667765583067 118327310 118477182 149872
12 77 rs4583026 20794191 5 0.00171183458953774 20719629 20860093 140464
12 239 rs10859990 96336039 5 0.00170056980730067 96315487 96483815 168328
12 335 rs4268573 128645217 1 0.00165390342093883 128590748 128651244 60496
12 312 rs78753849 124798811 3 -0.0016486676580296 124718558 124839540 120982
12 260 rs875679 105013796 6 0.0016436619610677699 104854011 105081014 227003
12 28 rs10849210 5298052 7 -0.00164314090559375 5210761 5372620 161859
12 13 rs10848704 2882544 1 0.00162937093788952 2882544 3060224 177680
12 87 rs11047284 24308717 4 0.00162101715281197 24308717 24424791 116074
12 231 rs3847801 94550008 3 -0.00159509124929964 94515826 94640095 124269
12 232 rs10859699 94859009 3 -0.0015686706611386 94654986 94888615 233629
12 164 rs1983148 64168113 2 0.00155435480041151 63946056 64366408 420352
12 264 rs1862028 106281355 9 0.00153284022008109 106241604 106507724 266120
12 304 rs500606 119984178 2 -0.00152917479457391 119763890 120001334 237444
12 7 rs2010851 1756642 1 0.00148271858103293 1720794 1760478 39684
12 326 rs4765473 127317495 5 -0.00144747823264834 127231835 127518105 286270
12 199 rs10777158 77835446 1 0.00140564017789955 77806686 78090240 283554
12 39 ss1388045795 7756706 13 0.00138499247714015 7649484 7912675 263191
12 76 rs1896614 20403211 6 -0.00128187348045214 20398906 20699771 300865
12 183 rs485288 69980028 4 0.00127824437235587 69697366 70012260 314894
12 184 rs775466 70101023 3 0.0012466974437101 70021405 70311069 289664
12 320 rs2345779 126317824 3 -0.00124211070158829 126069856 126326568 256712
12 132 rs17238800 49061511 5 0.00124115919699386 49058814 49464449 405635
12 40 ss1388054811 8023500 1 -0.00120150187402409 7960852 8123306 162454
12 140 rs4761907 52880097 2 0.00119893655518632 52657665 52913668 256003
12 229 rs7959913 94108172 4 -0.00119457356713507 94013143 94243853 230710
12 209 rs10506861 82448055 4 -0.00113252422990248 82343899 82570636 226737
12 321 rs12578839 126366825 1 0.00111938845122796 126356564 126433433 76869
12 313 rs1243888 124930214 1 0.00105401084364813 124863599 124930214 66615
12 46 rs7979266 10233077 9 0.00104232825674015 10186284 10467067 280783
12 316 rs4765623 125320850 5 -0.00103558977333101 125320715 125446436 125721
12 354 rs903951 130719915 2 -0.00103317233886328 130680437 130721733 41296
12 48 rs2305849 10854537 1 9.637204837213862e-4 10771039 10894663 123624
12 340 rs11829045 129172019 4 -9.61623297716133e-4 129153986 129208187 54201
12 11 rs2239074 2538549 1 9.550413255414532e-4 2482330 2560116 77786
12 327 rs11059014 127688917 1 -9.278674123620068e-4 127548249 127735962 187713
12 289 rs1732334 116826177 3 -9.084608152903472e-4 116769723 116863241 93518
12 268 rs11835862 108346718 6 -8.792284734344784e-4 107861624 108496508 634884
12 165 rs2279740 64586309 6 -8.683623042426605e-4 64415030 64863983 448953
12 52 rs743613 12008864 2 -8.560144401980916e-4 11964940 12039551 74611
12 157 rs17123206 60405103 1 8.532603409266032e-4 60028954 60823755 794801
12 257 rs7973658 104069795 3 -8.34191089876501e-4 103786515 104124018 337503
12 292 rs11068296 117467372 2 8.21718500406515e-4 117250034 117539934 289900
12 12 rs10848668 2621192 4 -8.18884641790787e-4 2613716 2865649 251933
12 91 rs10743535 25225335 3 8.165509820190001e-4 25213582 25410283 196701
12 342 rs9738836 129281838 2 8.158019532079598e-4 129266496 129395114 128618
12 254 rs2172873 103125690 7 -7.542707862192516e-4 102489302 103125690 636388
12 259 rs4255604 104573715 9 7.38417910413874e-4 104477393 104839243 361850
12 223 rs7960822 92191466 3 -6.919672939982463e-4 92161384 92407252 245868
12 221 rs2520500 91016143 6 -6.91209028156798e-4 90571042 91156974 585932
12 106 rs10771627 30233898 5 -6.724792977981153e-4 30084002 30337790 253788
12 171 rs1565730 66857210 1 -6.712426110719279e-4 66662280 66935080 272800
12 202 rs12315707 78880444 2 -6.635293563779546e-4 78713436 79055383 341947
12 331 rs1683614 128070724 4 -6.201360875866173e-4 128063305 128187674 124369
12 111 rs1259771 32076823 3 6.149859992747925e-4 31516706 32076823 560117
12 269 rs12824955 108655308 3 6.037886465657797e-4 108526385 108702560 176175
12 162 rs2839798 63265984 1 6.019928386463988e-4 63256210 63309327 53117
12 169 rs7972091 66128647 7 5.960144102748755e-4 66127948 66384885 256937
12 25 rs16933918 4977980 5 -5.478914525297277e-4 4699232 4984601 285369
12 139 rs7295280 52630866 3 -4.958086861613338e-4 52583604 52632573 48969
12 193 rs7979548 75750513 3 4.901095681634983e-4 75575308 76100750 525442
12 58 rs7314463 12990869 4 4.786564451632006e-4 12932281 13037392 105111
12 173 rs11176533 67405457 5 -4.197959779917562e-4 67192442 67428382 235940
12 27 rs11612811 5186956 1 -4.176987055932724e-4 5086778 5186956 100178
12 224 rs427560 92777017 4 4.08714998980683e-4 92487362 92821171 333809
12 332 rs7309553 128248503 2 3.8443628691438926e-4 128219247 128341078 121831
12 141 rs7295084 52990150 2 3.697758872458345e-4 52938320 53036090 97770
12 5 rs4238025 1618202 1 -3.598023647961418e-4 1553797 1619897 66100
12 130 rs886441 48262964 1 3.4685041382017626e-4 48187329 48262964 75635
12 123 rs277203 44034159 1 -3.462125754163828e-4 43993734 44459583 465849
12 246 rs10492269 99283865 2 3.2346431054873574e-4 99256895 99286617 29722
12 19 rs2191537 3851710 5 -3.17211700900516e-4 3757923 3867471 109548
12 351 rs12306127 130332478 1 3.145563830511454e-4 130276410 130361533 85123
12 115 rs12227043 33100678 11 -3.0009943110789316e-4 33085304 34380350 1295046
12 328 rs906737 127763342 3 -2.926268849293614e-4 127763342 127860333 96991
12 272 rs7954301 109857093 1 2.909002885134143e-4 109692053 110108063 416010
12 26 rs4766312 5031590 1 2.840997695367116e-4 4995220 5038334 43114
12 66 rs17415853 15930805 1 2.803055944542454e-4 15856513 16136782 280269
12 137 rs4761992 52057660 1 2.668882876729438e-4 51802656 52251272 448616
12 93 rs146650787 25702478 5 2.390946401982577e-4 25613164 25972117 358953
12 128 rs214711 47618366 3 2.2206721468520456e-4 47496338 47679348 183010
12 323 rs976310 126575659 2 2.2144225924098564e-4 126548335 126680346 132011
12 197 rs11115181 77113284 1 -2.1131899323009832e-4 77107258 77319533 212275
12 33 rs11064024 6202049 1 -1.9692038145029036e-4 6202049 6349328 147279
12 318 rs326387 125805148 1 1.84674255562488e-4 125760992 125878240 117248
12 347 rs11060281 129852893 1 -1.6758882517946646e-4 129839544 129932796 93252
12 330 rs11059209 127976657 1 1.5994774752568612e-4 127924265 128040502 116237
12 263 rs17037498 106115200 2 -1.5836543550663067e-4 106063813 106219192 155379
12 350 rs2398469 130204943 2 1.5445993979442142e-4 130166947 130247031 80084
12 49 rs1548804 11001406 2 1.5170901883301607e-4 10953057 11460063 507006
12 357 rs7967173 131143201 1 1.3998416321454697e-4 131115069 131222100 107031
12 161 rs549433 63180816 1 1.396176755140683e-4 63068496 63224547 156051
12 156 rs12367511 59484069 3 1.320965564487991e-4 59316881 59986704 669823
12 110 rs10843894 31296219 2 -1.290714464030429e-4 31162614 31513999 351385
12 325 rs7306289 127082208 2 -9.680434407784914e-5 127082208 127179905 97697
12 267 rs10746091 107842206 4 8.970005517788078e-5 107557112 107842206 285094
12 201 rs169949 78601978 1 8.077117868577144e-5 78577755 78643490 65735
12 236 rs2727668 95785039 1 -6.45182614238438e-5 95731336 95927762 196426
12 0 rs7955954 264136 1 6.27561134365709e-5 221203 310334 89131
12 119 rs11178431 41190135 8 -6.195141198601841e-5 41023399 41685895 662496
12 88 rs542388 24502516 2 6.177725174577028e-5 24471815 24555622 83807
12 124 rs12308701 44801922 8 5.666454488627943e-5 44487061 45195228 708167
12 174 rs11176716 67786770 7 -4.425086782620176e-5 67440088 67903726 463638
12 8 rs62621429 1910786 1 2.8450244673322432e-5 1787240 1935073 147833
12 15 rs7310021 3321967 1 7.206232788698806e-6 3200476 3326187 125711
