CHR Group SNP.lead BP.lead Size W BP.min BP.max BP.width
16 393 rs12924729 11187783 6 0.14854518631909502 11167914 11210415 42501
16 2065 rs11117432 86019271 2 0.10862318557494446 86018633 86019271 638
16 811 rs1859308 27397998 2 0.05779763890447862 27391788 27398555 6767
16 1180 rs2731780 58254730 4 0.03895105180663436 58253460 58268436 14976
16 1391 rs255052 68024995 1 0.03641888554930701 67971380 68024995 53615
16 403 rs12927773 11403963 4 0.03504460683449571 11403893 11409841 5948
16 839 rs252308 29221318 1 0.03367767481408613 29221318 29221318 0
16 2058 rs1044873 85955671 1 0.0333219754951521 85955242 85959438 4196
16 400 rs243325 11354497 3 0.03289511882808744 11354497 11362729 8232
16 1585 rs4888659 77699400 3 0.03083676677834264 77694091 77699915 5824
16 1808 rs1143687 81922813 1 0.02917040961047071 81919466 81922813 3347
