CHR Group SNP.lead BP.lead Size W BP.min BP.max BP.width
9 1440 rs2519803 136805789 3 0.07248418355045794 136798370 136824023 25653
9 1184 rs6478109 117568766 6 0.04271924055910543 117541450 117667443 125993
9 1188 rs16932349 117956937 4 0.03772600274491353 117896349 117975864 79515
9 1304 rs10818930 126991185 3 0.03547460859435902 126991185 127060431 69246
9 581 rs730283 37483926 4 -0.02845626955617367 37483309 37483926 617
9 908 rs1380 95147434 3 0.02782526852981001 94985637 95551830 566193
9 543 rs831271 33270748 6 0.02715482080353605 33200956 33291520 90564
9 359 rs2383090 19247848 4 -0.02673731824996122 19234830 19397040 162210
9 1185 rs873212 117735806 3 0.02667177522833643 117728895 117744430 15535
9 398 rs3217992 22003223 5 0.02666527852117711 21970916 22116071 145155
9 753 rs1332879 83691628 3 -0.02660853122637685 83636366 83695647 59281
9 1267 rs10818605 124614496 1 0.02551940223999006 124604264 124643367 39103
9 476 rs41305329 27284785 3 0.02349575071329478 27263515 27292474 28959
9 553 rs7024727 34730395 2 0.02338509038390612 34710450 34743681 33231
9 994 rs2485530 104473886 8 0.02263197997351988 104416955 104552360 135405
9 148 rs2770759 7197023 6 -0.02241410141292486 7150997 7198770 47773
9 887 rs10821507 93561614 2 0.02140784015827655 93461649 93563536 101887
9 579 rs7873371 37397532 2 -0.02120186287118433 37394542 37406391 11849
9 1389 rs10901344 133946909 5 -0.02117297522691706 133927878 133970178 42300
9 952 rs4743110 100326824 2 0.02084467846527584 100313725 100458109 144384
9 978 rs417512 102108814 8 -0.02071904701801463 102084038 102271150 187112
9 875 rs10118363 92339924 1 0.01958579873764534 92321289 92342790 21501
9 124 rs17804441 5457733 2 0.01847299723288601 5442487 5461379 18892
9 67 rs1412693 2705874 4 0.01824751313021987 2699004 2737697 38693
9 243 rs10809843 12780670 4 0.01803737109063506 12758881 12780670 21789
9 695 rs561970 79318677 7 0.01777166608754989 79310246 79361021 50775
9 1420 rs1330292 135884806 4 0.01765482033515773 135883620 135890991 7371
9 956 rs4743150 100740124 3 0.01760342485182256 100740124 100843660 103536
9 1334 rs11790967 130170561 2 0.01653387661987047 130165995 130303640 137645
9 40 rs6475120 1732880 4 0.01646781512654072 1721126 1786681 65555
9 354 rs7871217 18929692 2 0.01613254770237844 18928210 18930880 2670
9 1335 rs3802357 130478653 1 0.01610940376852744 130334178 130523904 189726
9 606 rs4745375 71513962 4 -0.01605913553690513 71417919 71557341 139422
9 140 rs934854 6631611 3 -0.01570832312892672 6631611 6635045 3434
9 25 rs12346252 1239644 2 0.01561364124087582 1221840 1239722 17882
9 1122 rs578430 113563143 1 0.01530289084066398 113547476 113579789 32313
9 146 rs7857570 7032710 2 -0.0152267643198281 7032710 7084558 51848
9 336 rs12684916 17937036 1 0.01508765942465538 17937036 17962477 25441
9 1305 rs10818950 127130137 3 0.0150602347320815 127090966 127177161 86195
9 275 rs10810150 14452729 4 -0.01502158632278333 14440552 14470833 30281
9 1492 rs73670288 139369079 1 -0.01483850827116249 139270876 139369079 98203
9 197 rs2065514 9412518 2 0.0147299400559595 9388678 9423523 34845
9 787 rs1529952 86719547 5 0.01468104725027355 86719547 86761781 42234
9 534 rs7042042 32451144 1 -0.01395712944984819 32432565 32456656 24091
9 480 rs13691 27546890 5 -0.01395142868107328 27488092 27580674 92582
9 1209 rs4091697 119654521 2 0.01378695658853391 119639180 119676324 37144
9 1364 rs1054874 132681619 1 0.01374702967022772 132681619 132766685 85066
9 1245 rs10818328 122279421 1 0.01361754049088006 122264713 122279421 14708
9 1040 rs11431378 108274510 1 -0.01313599744966284 108234207 108380721 146514
9 1413 rs10901206 135603540 1 -0.01311127523425985 135600320 135603540 3220
9 599 rs7853023 38772575 8 0.01299321467067828 38741712 68170421 29428709
9 1332 rs10819243 129633328 3 0.01294233336770972 129633328 129858518 225190
9 613 rs13290881 71985169 6 0.01287922756160503 71973435 72067942 94507
9 646 rs348484 75515325 6 -0.0128220425915288 75382598 75515669 133071
9 936 rs6478302 98392340 3 0.01252314356747518 98376367 98407526 31159
9 878 rs10116558 92813938 5 -0.01220447566376435 92698716 92814420 115704
9 1293 rs2799465 126544609 2 -0.01219001353036448 126415616 126548090 132474
9 921 rs12341268 96693709 1 0.01217192216016301 96693709 96693709 0
9 575 rs10125775 36993071 2 0.01209017691904903 36952743 36993788 41045
9 650 rs278727 76161901 3 0.01164708254930995 75866968 76189863 322895
9 266 rs508940 14107096 3 -0.01147425344548012 14087769 14157468 69699
9 1261 rs2196311 124170490 2 0.01135461249084969 124170490 124295569 125079
9 574 rs16933784 36944882 2 -0.01123851822988471 36903692 36944882 41190
9 245 rs483855 12846491 2 -0.01077335034024357 12839484 12886899 47415
9 176 rs7868790 8505087 2 -0.01041598012684497 8458811 8505087 46276
9 679 rs2297343 78722328 3 0.01034418270324404 78686818 78726242 39424
9 471 rs621786 27118807 1 -0.01033607541161225 27118807 27135831 17024
9 659 rs577787 77315134 1 0.01027259077838844 77312690 77315134 2444
9 883 rs7854823 93126348 3 -0.010229744631112229 93104329 93231161 126832
9 578 rs7025491 37387177 1 -0.00994842666327836 37382099 37390964 8865
9 1372 rs7031579 133250275 1 0.00970460161846226 133250275 133250275 0
9 371 rs7869796 19946627 4 0.00963740702950877 19904103 19989693 85590
9 982 rs7853484 103391639 5 0.00955876402551095 103340309 103439019 98710
9 749 rs13284117 83247711 3 -0.00952523800218233 83197354 83253373 56019
9 1419 rs628094 135877287 1 0.00948587241684297 135872063 135877287 5224
9 855 rs7867717 90899627 1 0.00948302036159649 90899627 90899627 0
9 247 rs10511576 12925921 2 -0.00937736417267327 12925921 12931403 5482
9 640 rs11143080 74656309 3 0.00925957925571026 74642649 74668581 25932
9 1273 rs1571586 124957525 1 -0.00913845496725839 124957525 124957776 251
9 260 rs7866165 13812685 1 0.00901113405192609 13812685 13825565 12880
9 1411 rs17149310 135450636 2 -0.00894325171849101 135450636 135450636 0
9 866 rs3750399 91656963 3 0.00878035458708909 91656963 91670399 13436
9 1444 rs12344192 136965553 2 -0.00851516331499869 136943067 136965553 22486
9 169 rs10758939 8125410 3 0.00851339204252569 8097977 8160714 62737
9 586 rs10814620 37788911 2 0.00849415787613108 37774893 38020544 245651
9 827 rs7021048 89453847 2 0.00836745513925313 89440597 89468654 28057
9 307 rs6475025 16289428 2 -0.00835916457996885 16287778 16291556 3778
9 655 rs2991751 76936998 1 0.00828633168804595 76905350 76967832 62482
9 1166 rs10124293 116800860 1 0.00821363609884138 116780314 116814126 33812
9 871 rs2480490 92158225 2 -0.00821093564803833 92148993 92218782 69789
9 1019 rs653828 106746290 5 0.00792933957777277 106742792 106882931 140139
9 300 rs3008725 16009322 4 -0.00788536726809297 16009322 16053710 44388
9 1035 rs10820780 107851745 2 0.00783710690592093 107833459 107870014 36555
9 133 rs343494 6070342 4 0.00773631040482361 6070342 6119329 48987
9 1104 rs10980070 112584723 2 0.00772800028260222 112531466 112589454 57988
9 484 rs4879740 27750375 1 0.00761176142637796 27750375 27753227 2852
9 1194 rs2418412 118541068 2 0.00754442318596063 118541068 118559109 18041
9 881 rs1539519 92950272 2 0.00754122787998049 92903522 92951303 47781
9 447 rs1537262 25538362 2 0.00733538528523346 25522087 25557615 35528
9 263 rs7855714 13968369 3 0.00732120343272539 13951940 14010270 58330
9 1167 rs2418265 116865784 1 0.0072987956212917 116825745 116867054 41309
9 1119 rs35142681 113449489 3 0.00725874746271173 113336184 113449489 113305
9 199 rs10977771 9455222 2 0.00719017312318115 9454258 9495226 40968
9 1017 rs7864801 106554028 2 0.007145128842587 106539597 106637033 97436
9 636 rs2297089 74305098 3 0.00712136071779592 74272001 74308389 36388
9 27 rs9298685 1293445 2 -0.0071088043205622 1282293 1294789 12496
9 267 rs10810113 14200005 5 0.00706693008293893 14196340 14213974 17634
9 391 rs7025006 21415687 3 -0.00702946074926973 21323089 21415687 92598
9 804 rs329206 87806205 1 0.00699648026646599 87726012 87806205 80193
9 298 rs10125713 15517742 11 0.00696418250532476 15397969 15602101 204132
9 177 rs10120190 8517545 1 -0.00694002428424765 8512133 8546095 33962
9 1148 rs10981574 115745577 2 0.00691286562494804 115745240 115783589 38349
9 967 rs2808541 101357407 1 -0.00684876941676269 101355624 101363329 7705
9 1292 rs10986064 126351423 1 -0.00683190589220516 126292586 126400092 107506
9 1137 rs7030545 114726308 5 0.00682676398944815 114721455 114759313 37858
9 815 rs10115513 88741540 1 0.00677998206782826 88741540 88790268 48728
9 399 rs10757282 22133984 2 0.00677369218725702 22133284 22134172 888
9 683 rs13293615 78852069 1 -0.00670646463180041 78826932 78859359 32427
9 746 rs11138659 83048003 2 0.00666012370273611 83048003 83070979 22976
9 299 rs2794632 15875162 1 0.0066454030228863 15782874 15923770 140896
9 763 rs3814535 84304985 4 -0.00657882379967435 84304985 84372741 67756
9 711 rs9314866 80717949 3 -0.00648140993337763 80712244 80740886 28642
9 1348 rs395119 131996071 3 -0.00648033332491197 131992861 131996962 4101
9 1325 rs10987356 129325439 1 -0.00638520049398561 129302884 129325439 22555
9 1 rs526509 268740 3 -0.00633325145137549 268740 274433 5693
9 1269 rs2416848 124711549 4 -0.00633303929472845 124697877 124740606 42729
9 1375 rs7860909 133331226 1 0.00633077451336611 133331226 133371501 40275
9 557 rs943842 35395276 3 0.00632723311422086 35177345 35425169 247824
9 311 rs4612476 16388447 5 0.00630928151785299 16368732 16390697 21965
9 30 rs7871293 1354036 2 0.00628723331498219 1354036 1358244 4208
9 1196 rs7469818 118738647 2 0.00624643904819978 118698901 118741214 42313
9 523 rs12347982 31030360 2 0.00621281785446585 31023908 31116343 92435
9 571 rs1176844 36814647 1 -0.0060559494822324 36776224 36814647 38423
9 145 rs818887 7002389 1 0.0059357701699064 6988475 7006539 18064
9 595 rs7046458 38430109 7 -0.00590784334723199 38404352 38440543 36191
9 617 rs13284442 72488417 1 0.00583255957452736 72413613 72489640 76027
9 1319 rs4838355 128929771 3 -0.00578680863914359 128928087 128954507 26420
9 1462 rs10858300 137842500 2 0.00575736946756245 137829465 137856280 26815
9 54 rs4741657 2239429 2 -0.00568615577271993 2239429 2239429 0
9 665 rs1081877 77782517 1 0.00559115885534018 77766854 77782517 15663
9 1146 rs10817407 115684234 5 -0.00559016830685983 115678033 115684234 6201
9 1195 rs10759828 118634305 1 -0.00547688415513863 118585450 118665465 80015
9 258 rs656315 13670617 7 -0.00546689444961149 13660128 13708607 48479
9 940 rs1413178 98586312 1 0.00546686591360491 98554957 98805260 250303
9 112 rs7874378 4695068 3 0.00538455631934835 4695068 4716078 21010
9 118 rs7025867 4937872 3 0.0053654225126774004 4888724 4943454 54730
9 374 rs2383134 20093557 1 0.00533015629330519 20083046 20093557 10511
9 63 rs520752 2550811 3 -0.00526037957062762 2527980 2559492 31512
9 1098 rs7857376 112100958 1 0.00520619704356151 112087325 112165546 78221
9 664 rs1033777 77722267 2 -0.00517694765527941 77713279 77755469 42190
9 325 rs10963072 17378776 2 -0.00498747363849884 17165698 17391531 225833
9 1367 rs10988625 132927568 2 0.00496168330757233 132917235 132940007 22772
9 1455 rs11103509 137654103 2 0.00490581974718588 137654103 137666414 12311
9 935 rs10818991 98367717 1 0.00489711092373164 98349921 98367717 17796
9 1406 rs3739915 135277130 2 -0.00475014241686984 135227581 135277341 49760
9 724 rs11137879 81476382 2 -0.00461488444415592 81474084 81497316 23232
9 101 rs11789633 4321558 2 -0.00460778317343303 4321558 4327960 6402
9 999 rs10820051 104844220 8 -0.00459990157087031 104799619 104941304 141685
9 626 rs7875338 73444238 2 0.0045889398759092 73422925 73476497 53572
9 786 rs11793330 86666444 4 0.0045538173870036 86518796 86693470 174674
9 675 rs7025650 78484125 1 -0.00453192332947131 78473260 78489484 16224
9 159 rs10117858 7561756 1 -0.00449641041941849 7561756 7604979 43223
9 138 rs12347506 6549841 1 -0.0044691135710322304 6535057 6549841 14784
9 558 rs34791102 35612978 2 0.00443444691826143 35514653 35631423 116770
9 254 rs10961109 13526525 1 -0.00442032550414947 13526525 13530711 4186
9 282 rs10115703 14722616 1 -0.00438137994051655 14722616 14724502 1886
9 563 rs10972659 35978321 4 -0.00428295796501171 35954375 36002881 48506
9 90 rs895236 4038228 1 0.00427685259747231 4038228 4048636 10408
9 1106 rs7035935 112706482 2 0.00420376451945713 112636653 112735377 98724
9 1428 rs9409872 136458311 1 0.00417658901723626 136458311 136466832 8521
9 1142 rs1411680 115229693 2 -0.00414235334448994 115155264 115375153 219889
9 1000 rs7854132 104991230 1 -0.00414135634054195 104945543 104993672 48129
9 1260 rs3747846 124118776 2 -0.00410754237444919 124060879 124128354 67475
9 1297 rs3861868 126835484 5 -0.00408740481681604 126801596 126848249 46653
9 637 rs17057133 74319677 2 -0.00408327282029534 74319677 74392687 73010
9 1028 rs2297398 107598884 5 -0.00406991781681388 107584309 107604197 19888
9 1034 rs7850052 107797889 2 0.00405108730847825 107767036 107814671 47635
9 750 rs1576758 83382243 6 -0.00390430152769722 83266060 83441767 175707
9 1312 rs829179 128316645 2 0.00387534751710774 128233506 128724683 491177
9 603 rs1411999 71215776 2 0.00382399733815768 71183181 71225132 41951
9 847 rs10123732 90395684 1 0.00376126428239357 90383163 90425335 42172
9 849 rs6560041 90495370 2 0.00373516455954952 90487391 90496987 9596
9 414 rs2789476 23161189 4 0.00371469365247869 23127562 23171516 43954
9 902 rs9409617 94350040 2 -0.00371150766535778 94339510 94391378 51868
9 865 rs3750396 91622177 2 -0.00369008662000031 91616843 91624397 7554
9 110 rs4742027 4629595 3 0.00366073341483233 4598379 4635912 37533
9 816 rs4484780 88860820 4 0.00364307192652621 88839915 88860820 20905
9 364 rs2208557 19661935 4 -0.00363739531719941 19639713 19665239 25526
9 337 rs12002358 18054030 1 -0.00361294962460597 18009671 18061458 51787
9 57 rs12684262 2301610 1 0.00359424228396055 2290590 2301610 11020
9 991 rs533017 104194532 1 -0.00357580567094104 104194532 104194532 0
9 677 rs6560480 78599133 2 0.0035640983384928 78594609 78608872 14263
9 218 rs988954 10572234 1 0.00354188907219355 10559329 10603845 44516
9 1079 rs4978670 110826546 3 -0.00352965368900674 110761427 110826546 65119
9 1172 rs13300252 116974295 1 0.00352088734284513 116974295 116974295 0
9 308 rs6475036 16313409 1 -0.00350203857916246 16308000 16325026 17026
9 845 rs3118839 90362777 2 0.00346919293504393 90297680 90362777 65097
9 488 rs10757699 27950863 2 0.00342580844209232 27912332 27950863 38531
9 906 rs12002478 94603970 3 0.00342444751777601 94589135 94651984 62849
9 1259 rs12685344 123764991 2 0.00336279905947936 123640500 123951917 311417
9 1165 rs7852787 116680454 4 -0.00331787313267891 116660999 116723488 62489
9 509 rs1590444 29486705 2 -0.00329394348037342 29435030 29508543 73513
9 909 rs10821041 95694499 1 -0.00326710602996188 95599825 95746936 147111
9 1197 rs6478223 118781688 3 0.00326623851011415 118781688 118845404 63716
9 73 rs9792663 3047991 3 -0.00323187233917995 3030814 3066302 35488
9 1157 rs1805313 116151191 1 0.00322813000121317 116151191 116151191 0
9 1135 rs1413218 114658407 4 0.0032037008235215 114593311 114703347 110036
9 739 rs10746608 82536663 2 -0.00320225038321679 82536522 82582993 46471
9 560 rs4879926 35700837 4 0.00316648514056608 35700837 35870001 169164
9 392 rs7848909 21504973 6 0.00310758891969608 21455814 21536423 80609
9 79 rs10758319 3579989 2 -0.00310293501275211 3579891 3584207 4316
9 1338 rs7032368 130755881 3 0.00309757622118564 130755881 130777468 21587
9 748 rs928012 83174331 3 -0.00307875994570041 83128214 83174331 46117
9 929 rs471161 97500580 4 0.00307056653595134 97487704 97651128 163424
9 1093 rs2000129 111607701 12 0.00305142250188855 111587959 111626090 38131
9 188 rs7871755 9000709 1 -0.0030343325081728 9000033 9000709 676
9 608 rs3763609 71647410 1 0.00302617530290059 71629914 71701174 71260
9 427 rs959091 23775449 4 0.00302439193266926 23775449 23817548 42099
9 979 rs10760706 102723692 6 0.00302111820594051 102400263 102723692 323429
9 705 rs3824405 80076442 1 -0.00301696910537772 80075134 80076442 1308
9 284 rs12683551 14783623 2 0.00295793948638855 14754010 14788886 34876
9 568 rs3780350 36639442 2 -0.00295232150451688 36639442 36639442 0
9 785 rs7848656 86229249 2 -0.0029493638715346 86229249 86283423 54174
9 946 rs2476927 99038030 1 0.00294081624898432 99031628 99079114 47486
9 696 rs4744812 79442798 1 0.00293822748808544 79371206 79442798 71592
9 255 rs10491754 13548060 2 0.00293742714334914 13542579 13592808 50229
9 1117 rs7869676 113261095 1 -0.00292134417688839 113261095 113302975 41880
9 926 rs12342274 97280338 3 -0.00292110111535646 97280338 97321172 40834
9 442 rs1381148 25049865 1 0.00291580637516801 25049865 25122214 72349
9 430 rs4977912 24091818 1 0.00288849175007756 24075368 24125018 49650
9 439 rs7039242 24821877 3 0.00287311306217613 24821877 24848892 27015
9 383 rs10964583 20508503 2 0.00286618050048008 20484604 20537343 52739
9 1442 rs3780792 136835343 2 0.00282156030550287 136835343 136835343 0
9 969 rs337589 101496508 1 -0.00281529552126518 101496508 101590318 93810
9 751 rs6559594 83501287 1 -0.0028127997311119 83462500 83503203 40703
9 922 rs10993045 96843245 6 0.00280778127029281 96713690 96861798 148108
9 743 rs11138518 82768721 5 0.0027898593293419 82768721 82913245 144524
9 178 rs7020239 8595338 1 0.00269657660285648 8578261 8603606 25345
9 1390 rs928675 134014000 2 -0.00267162150301716 133981491 134105048 123557
9 201 rs7856030 9685304 2 -0.00265199878043068 9609283 9687487 78204
9 278 rs10810178 14547556 4 -0.00260681397231379 14547556 14573613 26057
9 576 rs4880050 36999024 3 -0.00259424418337902 36997417 37011289 13872
9 629 rs1329776 73756531 5 -0.00258079841002927 73742312 73914369 172057
9 927 rs16910850 97398792 2 0.00257409479963023 97338996 97403720 64724
9 839 rs3758308 90110124 2 0.00254275023689371 90095024 90128429 33405
9 223 rs3904270 10856892 1 -0.00252078906787989 10770620 10856892 86272
9 34 rs7854400 1490577 1 0.00251847890444685 1489454 1490577 1123
9 596 rs10973827 38445998 3 0.00249507762592875 38445998 38466944 20946
9 710 rs12555424 80491636 1 -0.00249390966200764 80342602 80616526 273924
9 1279 rs45579335 125239501 1 0.00248066535727665 125169930 125246793 76863
9 345 rs10963676 18622043 1 -0.00246292879726133 18617804 18629283 11479
9 1145 rs4978512 115660368 2 -0.00245888778934107 115633479 115667355 33876
9 239 rs791658 12493565 1 0.00245722795618435 12493565 12493565 0
9 689 rs7032380 79085839 5 0.00244300815905246 78987645 79123201 135556
9 693 rs3739518 79253347 1 -0.00244216267910159 79251229 79272580 21351
9 1337 rs10987759 130618377 2 -0.00243425793600051 130612218 130619637 7419
9 418 rs10811923 23404131 3 0.00242890799585352 23404131 23422031 17900
9 53 rs7024071 2227217 1 0.00242764754864737 2212574 2227217 14643
9 1467 rs11790742 138007995 4 0.002417156732368 138007995 138008243 248
9 1228 rs2722806 120854939 11 0.00239288742377046 120733712 120869313 135601
9 993 rs1016429 104402364 2 0.00238901025909854 104350424 104410903 60479
9 340 rs2383068 18273100 3 0.00238574384158472 18267185 18300778 33593
9 668 rs10512042 78119359 2 0.00236710815836345 78080515 78163305 82790
9 1432 rs511293 136577094 1 -0.00234241545809476 136570740 136592342 21602
9 1010 rs10990599 105942389 2 0.00231887657733154 105853222 105965683 112461
9 975 rs7031588 101822302 5 -0.00230045409140784 101810339 101835165 24826
9 1080 rs1412435 110864436 2 0.00225635142677406 110843426 110874194 30768
9 1070 rs4978541 110451516 2 0.00222979442046573 110434545 110457258 22713
9 203 rs1174581 9763352 1 -0.0022170112575753 9756868 9790222 33354
9 1021 rs1450679 107026812 3 0.00220909110853093 107013530 107056847 43317
9 860 rs7867153 91377672 1 0.00220221008761526 91368043 91377672 9629
9 503 rs1032472 28793694 5 -0.00219647403255641 28793694 28879500 85806
9 1422 rs626713 136007988 2 0.00219235896401701 135977366 136009191 31825
9 316 rs1888207 16696187 3 0.00217654366232316 16695690 16730653 34963
9 83 rs10814596 3777523 1 0.00217186501787594 3765395 3781983 16588
9 780 rs1535750 85910950 5 0.00217068839586767 85876633 85932455 55822
9 583 rs4621903 37587742 5 -0.00216716002614819 37583429 37635299 51870
9 1038 rs327967 108001107 2 0.00216073448716011 107969815 108066854 97039
9 647 rs348460 75534760 2 0.00214134070756168 75519975 75586627 66652
9 1151 rs10981640 115897803 1 0.00212309481191018 115866017 115905850 39833
9 972 rs1028653 101651948 3 -0.00211132541779771 101634716 101655952 21236
9 1299 rs2807602 126888457 1 0.00210897234139945 126871299 126888457 17158
9 473 rs565586 27170934 1 0.00209810835236163 27166159 27171373 5214
9 78 rs10814219 3536260 4 0.00209579074140027 3383495 3547259 163764
9 985 rs7868230 103598789 1 -0.00208701065791127 103585379 103787416 202037
9 998 rs1935381 104760482 1 -0.0020847054112556 104759737 104771134 11397
9 653 rs2046913 76669299 2 0.00207752759736468 76480444 76696788 216344
9 1182 rs12379659 117394595 6 0.00205482444063039 117394595 117453668 59073
9 1468 rs11103712 138037372 1 0.00205039338191332 138037372 138037372 0
9 1045 rs10978431 108919024 6 0.0020293411574299 108868577 109014185 145608
9 1024 rs41277753 107288995 1 0.00201133899678755 107273553 107382410 108857
9 889 rs2290889 93639849 1 0.00201012868080263 93618236 93658854 40618
9 614 rs2777864 72091413 2 0.00200248895900368 72077866 72218613 140747
9 790 rs10868138 86917301 3 -0.00194606014290375 86857433 86921615 64182
9 526 rs16917077 31532212 2 -0.00193503070549369 31454538 31573759 119221
9 777 rs17308435 85793511 3 0.00192702275755938 85756459 85798771 42312
9 479 rs1161680 27430232 3 0.00192359256510149 27402961 27456928 53967
9 384 rs668703 20601177 2 0.00191995032254352 20597576 20629553 31977
9 1214 rs11789213 119878770 2 0.00190552886492538 119846424 119880993 34569
9 1347 rs7873242 131984217 2 0.00190196912985542 131953598 131984706 31108
9 416 rs7868316 23262261 3 -0.00189344904944527 23262261 23274023 11762
9 47 rs4741641 2072356 3 -0.00189147106046166 2054409 2073839 19430
9 916 rs10122014 96353485 1 0.00189021667219661 96163260 96353485 190225
9 22 rs4741151 1158199 2 0.00184883031723222 1115998 1158199 42201
9 1051 rs10978560 109379687 1 0.00184202449390495 109323247 109389147 65900
9 708 rs7046214 80162570 1 0.00183876199029806 80159865 80196611 36746
9 519 rs10969625 30340919 2 0.00183774332683719 30297393 30448896 151503
9 1373 rs914978 133277641 2 0.00183770018793508 133277641 133283255 5614
9 832 rs10512182 89849237 3 0.00183718501860434 89771569 89858267 86698
9 737 rs11138362 82437835 2 -0.00183462043219191 82364676 82441651 76975
9 1493 rs10747029 139534703 1 0.00176467602636677 139534703 139544437 9734
9 1116 rs13286541 113251951 1 0.00176152793946721 113168501 113252011 83510
9 955 rs3183927 100684757 5 -0.00175057988438512 100588839 100701446 112607
9 501 rs4879261 28705607 3 0.0017023829557118 28626095 28717480 91385
9 996 rs4348562 104708709 3 -0.00169113554673785 104630136 104709020 78884
9 824 rs7864375 89347214 1 -0.00166301718400083 89315229 89368334 53105
9 1009 rs1584415 105825222 3 -0.00166212988077499 105767349 105837587 70238
9 1193 rs10118264 118484799 1 0.0016474801344862 118413485 118514444 100959
9 885 rs689637 93351821 1 -0.00164489308071203 93332475 93392332 59857
9 1342 rs7853999 131146409 1 0.00163523926977492 131039250 131146409 107159
9 658 rs11144051 77282470 1 -0.00163085389776439 77282470 77299740 17270
9 252 rs1556577 13453984 1 0.00161262639901898 13393739 13453984 60245
9 923 rs10761317 96898436 2 -0.0015893920659803501 96893945 96898436 4491
9 944 rs13300603 98968292 3 -0.00156358199934894 98924140 98972430 48290
9 819 rs7038873 89062045 1 -0.00156267542989592 89046282 89063984 17702
9 1139 rs12338324 114870301 1 -0.00153994457713609 114837337 114888773 51436
9 1052 rs1388235 109475636 2 -0.00153463155045847 109417359 109480510 63151
9 129 rs7846809 5748232 3 -0.00152117835943337 5687387 5820878 133491
9 698 rs7031918 79511499 2 -0.00151433042279278 79511499 79537871 26372
9 1351 rs17457362 132098060 2 0.00150437140819539 132098060 132106034 7974
9 42 rs7020364 1842469 2 0.00150043939084242 1840933 1842469 1536
9 292 rs527634 15201745 2 0.00149996875118912 15150372 15202417 52045
9 1127 rs17205494 113890473 1 -0.00149018609381352 113864545 113901309 36764
9 1427 rs17150554 136269143 1 0.00148136841679959 136199466 136275188 75722
9 520 rs10969868 30797625 1 -0.00146688022684094 30500252 30797625 297373
9 462 rs367832 26297693 2 -0.00146555806701775 26273887 26302903 29016
9 164 rs1332916 7814465 1 0.00145818953719016 7793309 7814465 21156
9 882 rs2771090 93080054 3 -0.0014553840943663 93016875 93100550 83675
9 99 rs10814906 4270669 3 0.00144188354518393 4257339 4292083 34744
9 467 rs1033991 26659562 3 0.00142733741846488 26649956 26699111 49155
9 240 rs1325129 12512973 2 0.00142035780876592 12510515 12532584 22069
9 35 rs10756623 1499001 2 0.0014070371017225 1499001 1528388 29387
9 834 rs6559977 89932790 5 0.00137493797660505 89922395 89946647 24252
9 1144 rs2676622 115454504 1 0.00136562906822128 115454504 115608188 153684
9 119 rs10758669 4981602 1 0.0013594124317335 4946989 4981602 34613
9 507 rs12378755 29318695 1 -0.00135619431198143 29297803 29331710 33907
9 1128 rs7871113 113944432 1 0.00135448586435665 113915905 113957534 41629
9 1374 rs10901326 133292993 2 0.00134113176593782 133292993 133318751 25758
9 1298 rs10818918 126860510 2 0.00132871138171861 126859995 126862735 2740
9 671 rs1013792 78306320 1 -0.00132255450734949 78276675 78308605 31930
9 242 rs16929332 12671693 3 -0.00131559535526627 12593124 12716172 123048
9 23 rs1933041 1196586 2 0.00131517669135087 1196570 1196586 16
9 611 rs12350141 71886979 2 0.00131078013704186 71886979 71911566 24587
9 238 rs1929425 12367988 1 0.00131044763956709 12362801 12460256 97455
9 528 rs780749 31819604 1 -0.00129721385698453 31636424 31836555 200131
9 1223 rs1927914 120464725 4 -0.00128701290390604 120331278 120464725 133447
9 113 rs10974751 4726367 1 -0.0012596948102644 4725823 4726367 544
9 853 rs1888875 90776494 1 -0.00125232453419381 90764361 90796268 31907
9 1179 rs10982218 117200140 2 -0.00124807481115694 117150070 117214909 64839
9 1270 rs4837936 124810592 3 -0.00124073809482807 124747323 124869062 121739
9 1265 rs7047340 124441404 1 0.00123332327484932 124433975 124457949 23974
9 314 rs6475059 16554405 1 0.00122962981280311 16546099 16656587 110488
9 949 rs2447290 100062414 3 -0.00122263990606642 100037880 100161524 123644
9 1500 rs11137198 140638534 1 -0.00120070966675255 140526439 140682841 156402
9 950 rs11999505 100194825 1 0.00117656833347685 100194825 100194825 0
9 395 rs7037277 21772064 1 -0.00116709175645849 21675545 21772064 96519
9 959 rs3780454 100964470 3 0.00115787784135151 100963653 100985312 21659
9 26 rs7037665 1265994 1 -0.00115739753297555 1265994 1265994 0
9 784 rs11140109 86078128 3 0.00115579301962779 86071342 86135188 63846
9 546 rs3860989 33460141 1 0.00115480603955484 33460141 33478434 18293
9 50 rs10811530 2142191 3 0.00115329206394941 2142191 2143543 1352
9 913 rs7025554 95898531 3 0.00114888302138454 95898531 95907107 8576
9 320 rs12006360 16887073 1 -0.00114681199786968 16864521 16915021 50500
9 417 rs10811885 23321297 5 0.00114416468506887 23307724 23354494 46770
9 1126 rs2900522 113844435 2 -0.00112600616397053 113831644 113850877 19233
9 1283 rs1329957 125377505 1 0.00112539450161588 125365128 125394163 29035
9 907 rs10761137 94728959 1 0.00111967897479944 94668733 94883070 214337
9 747 rs17256298 83104358 1 -0.00110376007943802 83077768 83115815 38047
9 925 rs10993121 97024028 2 0.00109428850694403 97017858 97261572 243714
9 1258 rs10984971 123404508 2 0.00109404789127424 123370985 123633948 262963
9 116 rs531122 4830849 1 0.00109244025206357 4792339 4834394 42055
9 1065 rs7041758 110280496 1 -0.0010899522473797 110280496 110280496 0
9 514 rs9408148 29896950 2 0.00106978507747317 29823067 29906484 83417
9 869 rs6559350 92010796 2 0.00106089389421298 92010796 92074429 63633
9 779 rs10867954 85845746 1 0.00105353278552051 85812142 85863174 51032
9 628 rs1411164 73655072 1 -0.00104935023878442 73600430 73711655 111225
9 1423 rs6597604 136049780 3 0.00104625323394884 136042694 136049780 7086
9 537 rs4879604 32721882 3 -0.00103991587598068 32717013 32723639 6626
9 870 rs11265908 92077132 3 -0.00103207373846092 92077132 92126015 48883
9 117 rs295254 4848630 3 0.00102537506010734 4836811 4856877 20066
9 510 rs12380193 29533691 1 0.00102465491365092 29531579 29594461 62882
9 492 rs1839967 28083672 3 0.00102064024442544 28058180 28087657 29477
9 321 rs10962725 16933037 2 0.00101512417155364 16931342 16948706 17364
9 968 rs1930130 101385839 3 -0.00100219306621711 101384719 101442402 57683
9 734 rs2378383 82039362 1 9.877950819558873e-4 82033019 82099407 66388
9 157 rs1986733 7505902 1 -9.844427117772375e-4 7497932 7511166 13234
9 1102 rs10816855 112451003 1 9.798860602063708e-4 112418293 112453013 34720
9 212 rs294829 10197122 1 -9.718136536754172e-4 10192290 10231178 38888
9 532 rs992710 32310726 2 9.69368336833153e-4 32267867 32328019 60152
9 703 rs10869907 79810889 8 -9.635800390550876e-4 79810889 80041641 230752
9 1311 rs3122931 128185330 1 9.630516268609124e-4 128116817 128185330 68513
9 64 rs10967084 2590349 3 -9.547684854889926e-4 2583439 2618969 35530
9 1437 rs12344583 136723520 1 9.538817953848582e-4 136723520 136723520 0
9 1222 rs495062 120299808 5 -9.524215714683342e-4 120275159 120299808 24649
9 122 rs1322220 5340596 3 -9.471441240641008e-4 5335470 5364592 29122
9 1123 rs474186 113622466 2 9.407519116002654e-4 113582672 113644930 62258
9 505 rs7847631 29024894 1 -9.316272543430842e-4 29024733 29192125 167392
9 1125 rs3739707 113792706 2 -9.28053805269187e-4 113792706 113815164 22458
9 1461 rs10858293 137809685 1 -9.240068426375956e-4 137790916 137811698 20782
9 531 rs10970826 32176938 2 9.204820121555068e-4 32137678 32234067 96389
9 1365 rs10819596 132829354 2 -9.009821929448244e-4 132829354 132869344 39990
9 362 rs4977547 19526674 4 8.968621874558941e-4 19484869 19526712 41843
9 141 rs1759402 6680477 2 -8.965110718271029e-4 6656630 6695502 38872
9 1445 rs10785872 137092910 1 -8.946557727837776e-4 137092388 137109245 16857
9 276 rs1318729 14515364 5 8.91827118934201e-4 14491347 14525980 34633
9 1481 rs2297570 138475150 1 8.872242851941947e-4 138463166 138475150 11984
9 619 rs4744982 72749590 1 -8.856875328336573e-4 72679678 72978218 298540
9 1371 rs914977 133226582 2 -8.829139952770612e-4 133226582 133226582 0
9 59 rs10123371 2361656 3 -8.710682168578746e-4 2361656 2419538 57882
9 983 rs7019439 103518490 2 -8.710566171756868e-4 103448341 103539701 91360
9 38 rs796424 1639935 2 -8.61895072291676e-4 1625303 1675111 49808
9 953 rs16924042 100520796 1 -8.529687856511272e-4 100467594 100520796 53202
9 295 rs643531 15296034 1 8.394075432683904e-4 15283761 15300968 17207
9 1198 rs204505 118887949 1 -8.351537251263502e-4 118887949 118887949 0
9 1221 rs10983659 120211956 2 -8.349750649658165e-4 120189474 120240163 50689
9 121 rs3758239 5306824 1 8.081357577551364e-4 5306824 5306824 0
9 545 rs10813978 33436471 2 8.073027329236251e-4 33420008 33439829 19821
9 1124 rs2900520 113697520 2 -7.897821901261945e-4 113662681 113769925 107244
9 3 rs7020261 316247 1 7.838047446401734e-4 312134 336186 24052
9 1355 rs1780482 132293940 1 7.830456478677597e-4 132287630 132302923 15293
9 288 rs1916314 14925706 1 7.813853380136578e-4 14906868 15005594 98726
9 1456 rs3811159 137688657 1 -7.809061369682365e-4 137688657 137705289 16632
9 207 rs10978079 9909795 1 7.774027195051687e-4 9908722 9910993 2271
9 192 rs7036801 9155721 1 -7.571130082769334e-4 9149128 9162042 12914
9 589 rs2810723 38244221 1 7.537994037006968e-4 38232043 38244221 12178
9 1362 rs11998910 132541344 1 7.537690105441841e-4 132539425 132541344 1919
9 466 rs10511787 26582312 1 7.479123367286296e-4 26582312 26629382 47070
9 290 rs4741450 15078040 1 7.305743075415816e-4 15075185 15083039 7854
9 174 rs1392524 8398021 1 7.269887356315335e-4 8379313 8416196 36883
9 1138 rs10981228 114810102 1 7.219451442157989e-4 114810102 114811564 1462
9 1429 rs5320 136507473 1 7.20537040911453e-4 136503819 136509370 5551
9 1050 rs7018699 109296536 1 -7.186211160853465e-4 109296536 109296536 0
9 915 rs4633120 96093865 3 7.170569872176928e-4 95978265 96144349 166084
9 577 rs10973291 37295658 3 -7.093751755953214e-4 37070398 37375126 304728
9 330 rs3808747 17626616 1 -7.084673920271753e-4 17618048 17626616 8568
9 817 rs791323 88959938 1 -7.053368168343488e-4 88959938 89022298 62360
9 172 rs10739155 8330652 4 6.999204685429015e-4 8269073 8338690 69617
9 1029 rs2230805 107624029 1 6.956807534825341e-4 107620299 107624029 3730
9 1350 rs4366175 132049842 2 6.951876325028651e-4 132049842 132073191 23349
9 1215 rs10759904 119913492 1 6.926486224384319e-4 119913492 119946330 32838
9 1077 rs7026539 110707964 2 6.887858852517876e-4 110707050 110709587 2537
9 1379 rs10901226 133483217 1 6.868731636924957e-4 133415084 133488494 73410
9 108 rs10974584 4509590 2 -6.862547919923424e-4 4506655 4546594 39939
9 305 rs9407730 16231985 1 6.857263837284457e-4 16221771 16233085 11314
9 1357 rs1228439 132352178 1 6.840071710119935e-4 132336394 132352178 15784
9 268 rs10961450 14247488 1 6.814217849933255e-4 14235002 14247488 12486
9 1156 rs818706 116148630 1 -6.785204181546772e-4 116148630 116148630 0
9 413 rs1934115 23103266 2 -6.739694621454114e-4 23103266 23103266 0
9 490 rs1930018 28036991 1 -6.727697292408707e-4 28004967 28037611 32644
9 1082 rs687992 110929030 1 6.692595343178055e-4 110923883 110929030 5147
9 997 rs1007468 104728905 1 6.592840392960461e-4 104728905 104728905 0
9 924 rs4744321 96932414 1 6.565662282714797e-4 96913764 97000863 87099
9 905 rs10992087 94533121 1 -6.560669445976065e-4 94525452 94572614 47162
9 1346 rs2541161 131884802 1 6.549103197550965e-4 131873222 131909736 36514
9 1497 rs6605 139934020 1 -6.35449621962505e-4 139876141 139934020 57879
9 977 rs431892 102056057 1 -6.344324591454058e-4 102039043 102066983 27940
9 403 rs7027027 22472289 2 6.267236534317644e-4 22426564 22531190 104626
9 379 rs7021788 20295863 1 6.262806804733936e-4 20289153 20295863 6710
9 1315 rs4838320 128831097 2 -6.243671506712383e-4 128831097 128831097 0
9 627 rs2992999 73567545 2 -6.193745705835962e-4 73497518 73575662 78144
9 1234 rs7850923 121387146 1 -6.179913806929432e-4 121370958 121409332 38374
9 960 rs10985680 101034477 4 6.17791579331872e-4 100988477 101072843 84366
9 886 rs4744000 93418243 1 -6.171519845793324e-4 93409161 93418243 9082
9 538 rs664241 32769523 1 6.093710236022907e-4 32755028 32809306 54278
9 1499 rs10867123 140432318 3 6.036362894737175e-4 140422452 140432318 9866
9 1363 rs2417150 132620224 1 -5.992826885227059e-4 132568500 132620224 51724
9 605 rs2151418 71324475 2 -5.88996442984054e-4 71324475 71328378 3903
9 745 rs11138655 83039827 1 -5.860207154856551e-4 82970253 83039827 69574
9 301 rs1887677 16079296 1 5.850034256944621e-4 16069629 16096547 26918
9 1310 rs10986578 127893864 7 5.798022349976854e-4 127616537 128001119 384582
9 1094 rs1333344 111776224 2 5.771335723298378e-4 111647581 111857676 210095
9 1007 rs10990317 105546493 5 -5.752687155640202e-4 105546493 105619674 73181
9 343 rs2153416 18485191 2 5.70681454737461e-4 18424272 18512570 88298
9 551 rs10814123 34561808 2 5.637240362226657e-4 34548009 34564274 16265
9 97 rs732957 4219259 1 -5.614942415184821e-4 4207526 4226630 19104
9 1192 rs12115665 118368761 1 -5.605570044200911e-4 118260090 118373618 113528
9 801 rs4361832 87595734 2 -5.585867158785184e-4 87575500 87595734 20234
9 1132 rs7875749 114387135 1 5.564811489718674e-4 114342378 114387135 44757
9 641 rs4745167 74745434 1 5.527048068426026e-4 74679126 74797309 118183
9 454 rs17290832 25751461 2 5.521361457918398e-4 25748799 25772172 23373
9 262 rs10961300 13921272 1 5.514348838891018e-4 13891525 13921272 29747
9 755 rs12000290 83865218 3 -5.446800155966626e-4 83796167 83893170 97003
9 1241 rs10760028 121984673 1 -5.410504790488619e-4 121967597 122032936 65339
9 1324 rs12352000 129227192 3 -5.408139155530456e-4 129096474 129258837 162363
9 1213 rs10983506 119835790 1 5.390753803258039e-4 119822186 119837715 15529
9 1033 rs2437817 107690057 6 -5.378724071255312e-4 107686405 107740191 53786
9 1044 rs4742661 108807861 1 5.364645147929281e-4 108759480 108807861 48381
9 980 rs10123913 103063826 1 5.224324787982124e-4 102777978 103065884 287906
9 12 rs7029407 702412 1 -5.201016734309672e-4 693182 712156 18974
9 1120 rs4401940 113468897 2 -5.17509250086659e-4 113463218 113490972 27754
9 269 rs10121140 14292720 2 5.152497008238351e-4 14292207 14292720 513
9 457 rs1219942 25919851 1 5.143296294396166e-4 25902763 25919851 17088
9 208 rs4636255 9940329 1 -5.105246846619546e-4 9929916 9968038 38122
9 135 rs2890704 6184165 1 -5.054110421397656e-4 6184165 6213387 29222
9 1431 rs2073817 136559460 1 5.020344669095396e-4 136559460 136559460 0
9 768 rs1411664 85106906 2 5.01635341581592e-4 85018616 85135915 117299
9 691 rs7042923 79188714 1 -4.962260027736317e-4 79179861 79212932 33071
9 1092 rs10512387 111551724 1 4.915649315534326e-4 111528013 111577140 49127
9 1425 rs13298002 136155127 1 -4.8824279674883586e-4 136119527 136156067 36540
9 1489 rs1717455 138985141 2 4.820721350872522e-4 138985141 138985434 293
9 884 rs970686 93287793 1 -4.7789028039849914e-4 93246553 93316821 70268
9 811 rs11141010 88138617 1 -4.753870714430357e-4 88123347 88285174 161827
9 367 rs1182672 19751357 1 -4.752997369851008e-4 19751357 19760153 8796
9 740 rs13297228 82598756 1 -4.71293083011953e-4 82596501 82602724 6223
9 694 rs7862059 79282119 1 -4.688699505377367e-4 79282119 79300111 17992
9 1405 rs12343347 135192063 3 4.685499606326604e-4 135137364 135206460 69096
9 1224 rs7027711 120524178 1 4.671854557280016e-4 120475302 120524178 48876
9 1359 rs7866070 132444099 1 -4.6507467716338087e-4 132436381 132444099 7718
9 561 rs12000024 35892051 3 4.639357805728586e-4 35892051 35905966 13915
9 499 rs12005012 28539581 1 -4.626634588355526e-4 28539581 28571014 31433
9 1443 rs2789864 136852891 1 4.624742400743291e-4 136852891 136852891 0
9 879 rs1329045 92852199 1 -4.610459393925381e-4 92852199 92859704 7505
9 863 rs9410425 91562311 2 -4.6011401404715295e-4 91485589 91563034 77445
9 625 rs1028879 73406551 1 4.564084838097848e-4 73405244 73409102 3858
9 937 rs1335049 98447883 6 -4.544738958978936e-4 98420881 98452966 32085
9 963 rs10986084 101147503 1 4.4947704489429064e-4 101147503 101147503 0
9 864 rs4570242 91587228 3 -4.405310632966594e-4 91575778 91607869 32091
9 522 rs10813381 30918764 2 4.2501660080334215e-4 30918764 31021219 102455
9 458 rs1332339 25956931 1 4.249296012248384e-4 25956931 25956931 0
9 368 rs7032894 19840697 1 -4.2474247665458167e-4 19792882 19840697 47815
9 1180 rs942518 117272858 1 4.2169488623166874e-4 117249874 117275129 25255
9 759 rs10115264 84140380 1 4.197200415087422e-4 84113944 84144714 30770
9 324 rs411167 17130360 1 -4.191964596671685e-4 17117875 17130360 12485
9 674 rs3934253 78416813 2 4.140603511820274e-4 78378795 78458130 79335
9 856 rs12377675 90925255 3 -4.0867923111486624e-4 90917641 90945833 28192
9 766 rs2378592 84495227 1 -4.039179859874972e-4 84473474 84495608 22134
9 559 rs3829078 35679251 2 -4.028172940476662e-4 35648008 35679251 31243
9 1452 rs1409832 137428425 1 4.020020269387516e-4 137417115 137431424 14309
9 701 rs11793898 79706284 1 3.9661430472961144e-4 79689203 79714137 24934
9 315 rs1337395 16669912 1 3.9353459035031504e-4 16669912 16669912 0
9 638 rs10511995 74410755 1 -3.923270093671059e-4 74410755 74599651 188896
9 4 rs1410221 354913 1 3.915342425981033e-4 348772 354913 6141
9 598 rs11790597 38646995 1 3.9039297212683816e-4 38646995 38671889 24894
9 1176 rs1687410 117051020 1 -3.8674931250640783e-4 117051020 117051020 0
9 789 rs2251530 86812940 3 3.863792540867833e-4 86789200 86838505 49305
9 757 rs10116365 84006221 1 -3.832418132115539e-4 83984974 84007124 22150
9 850 rs7470248 90515619 1 -3.728620099967554e-4 90500405 90515619 15214
9 1203 rs16933690 119339463 3 -3.719752062260526e-4 119285144 119482114 196970
9 632 rs10116204 74052978 1 3.7049972363242334e-4 74039166 74072841 33675
9 161 rs186629 7725346 5 3.688008347361008e-4 7682063 7734480 52417
9 232 rs10960317 11848457 1 3.6100783905546936e-4 11695785 11850283 154498
9 656 rs11143958 77010681 3 3.600777116016877e-4 77002414 77149837 147423
9 648 rs11143486 75744524 2 3.5956918758576513e-4 75719701 75771935 52234
9 406 rs593909 22730877 1 3.5848177286825617e-4 22664213 22748083 83870
9 1211 rs10817976 119780936 2 3.5613448260657534e-4 119771893 119799584 27691
9 58 rs4741676 2340310 1 -3.56080420375369e-4 2321242 2342366 21124
9 1087 rs11795133 111245848 2 -3.498843236218745e-4 111236780 111281324 44544
9 1053 rs4237185 109542204 1 3.4749164401563375e-4 109529338 109542204 12866
9 156 rs943170 7468664 1 -3.4537011249974873e-4 7415094 7468664 53570
9 954 rs1877432 100543880 1 3.4342616161348375e-4 100543880 100557291 13411
9 1143 rs10759581 115440165 2 -3.3768500299006664e-4 115404746 115440165 35419
9 1084 rs1330591 111029103 2 -3.345669715074299e-4 111005738 111068483 62745
9 1190 rs10982691 118104142 2 3.3376292487890147e-4 118081458 118121424 39966
9 1225 rs1927924 120559976 2 -3.2949041354778065e-4 120539470 120591239 51769
9 672 rs2990413 78332803 2 3.2928107145819945e-4 78314854 78332861 18007
9 513 rs2184513 29791863 1 -3.2650774099370473e-4 29785304 29816465 31161
9 460 rs7035912 26125099 1 3.248506454962447e-4 26058260 26155894 97634
9 773 rs7038698 85506296 2 3.2146070476154294e-4 85460807 85527035 66228
9 463 rs10812394 26433751 1 3.2093679261903385e-4 26324013 26433751 109738
9 92 rs806032 4097344 1 -3.201028827353546e-4 4090601 4103703 13102
9 1011 rs4743634 105977018 1 -3.173307681341086e-4 105971237 105977018 5781
9 945 rs7020106 98974141 4 3.171360335736924e-4 98974141 98997810 23669
9 352 rs2082580 18878842 1 -3.1538917674464655e-4 18853327 18903330 50003
9 744 rs11138606 82938321 1 3.153628974326076e-4 82932712 82965051 32339
9 286 rs729492 14851703 1 -3.1355562842048343e-4 14851703 14880667 28964
9 277 rs7850989 14541236 1 -3.1232495253635687e-4 14535343 14541236 5893
9 360 rs10811184 19438279 1 -3.0874447065203607e-4 19406107 19438279 32172
9 1438 rs2810472 136760639 1 3.0718407599546616e-4 136759508 136760639 1131
9 901 rs7856591 94281499 1 -3.027760144421813e-4 94260376 94320054 59678
9 837 rs2314 90036219 2 -2.9996692381652884e-4 90036219 90036219 0
9 1041 rs10120372 108440542 2 2.9833029919772787e-4 108417743 108440542 22799
9 1237 rs10818249 121624958 1 -2.9805638922499164e-4 121547660 121672574 124914
9 964 rs4743222 101188123 1 -2.9643410561927986e-4 101179298 101238974 59676
9 609 rs6560585 71747395 2 -2.953787526470123e-4 71712224 71821388 109164
9 342 rs4961644 18395376 1 2.928926881477338e-4 18395376 18395376 0
9 803 rs630426 87704881 1 -2.9187450580648623e-4 87704881 87704881 0
9 667 rs1327377 78012662 2 2.9078034312910914e-4 77988304 78061301 72997
9 1202 rs17220352 119248059 4 -2.892813612637692e-4 119142351 119255010 112659
9 639 rs11787649 74612197 1 -2.8858441118760516e-4 74612197 74622195 9998
9 158 rs2890755 7539001 1 -2.8685573662721683e-4 7521577 7543551 21974
9 1096 rs1879069 111991700 1 2.8324369745299165e-4 111991700 111991700 0
9 1099 rs17793718 112199506 3 2.810668642508376e-4 112199506 112281863 82357
9 123 rs1535453 5410624 1 2.729080030124212e-4 5389122 5435709 46587
9 807 rs12004989 87984163 2 -2.6837152913761116e-4 87909739 87995971 86232
9 265 rs10961364 14074099 2 2.6832931673917795e-4 14063510 14074099 10589
9 494 rs4604546 28215694 2 2.682166534743836e-4 28198623 28220635 22012
9 706 rs990000 80086534 2 -2.6668657512573515e-4 80086534 80124810 38276
9 224 rs10738194 10931959 1 -2.5912922337931605e-4 10904815 10957549 52734
9 215 rs1359099 10411338 1 -2.589547021340291e-4 10371281 10411393 40112
9 219 rs7048007 10635719 1 -2.587938069608806e-4 10634079 10673850 39771
9 592 rs1004604 38362171 1 -2.576225501190642e-4 38342744 38362171 19427
9 1175 rs2636860 117030582 2 2.5558989424513115e-4 117022495 117030582 8087
9 461 rs1836463 26180249 1 2.523154481518965e-4 26179065 26222987 43922
9 438 rs4284108 24770615 3 2.4374654106758595e-4 24770615 24799884 29269
9 580 rs17502738 37441650 1 -2.415192165171979e-4 37418935 37441650 22715
9 974 rs4743309 101779824 1 2.3620556460591464e-4 101749498 101779824 30326
9 539 rs10971169 32866253 1 2.3538698798002963e-4 32850506 32907608 57102
9 181 rs7862354 8791925 1 -2.3507142229159465e-4 8787733 8796449 8716
9 615 rs975645 72243177 1 -2.323031664529705e-4 72243177 72273898 30721
9 712 rs10870056 80767173 1 2.283803757033316e-4 80767173 80857346 90173
9 965 rs1999498 101308111 2 -2.2679972365761896e-4 101277609 101328200 50591
9 147 rs4742308 7093871 1 2.2409914036099172e-4 7091968 7126175 34207
9 802 rs1387924 87632993 1 2.13597890125578e-4 87616257 87651621 35364
9 11 rs10815466 680714 1 2.0986809743027025e-4 635677 682528 46851
9 782 rs2277176 85964563 1 2.0969600251754473e-4 85959871 86007105 47234
9 942 rs10760787 98888628 1 2.0818671820549309e-4 98879734 98888628 8894
9 130 rs10739077 5857408 1 -2.01464536834623e-4 5850834 5864988 14154
9 0 rs496152 236828 2 2.008216418710231e-4 204201 250889 46688
9 594 rs1555480 38386351 1 -1.9991072603524495e-4 38384578 38396065 11487
9 339 rs4424360 18214878 1 1.97229360203707e-4 18127068 18216477 89409
9 29 rs12345947 1339942 1 1.9714049293847064e-4 1336460 1347743 11283
9 194 rs4357351 9223809 1 -1.9172384286355524e-4 9197298 9230674 33376
9 149 rs10976135 7231559 1 -1.9138130134017443e-4 7205742 7231559 25817
9 1216 rs10818014 119990556 2 -1.8638180057557255e-4 119956288 120029861 73573
9 365 rs7862478 19698751 1 -1.8539158654947964e-4 19691013 19712378 21365
9 132 rs1478938 5931216 2 1.849320795684079e-4 5898829 6027931 129102
9 1314 rs929673 128816587 4 -1.844170627699651e-4 128788342 128816587 28245
9 652 rs1352514 76256736 2 -1.8422267776003424e-4 76249152 76385522 136370
9 794 rs4877276 87089546 1 -1.805347165031986e-4 87056301 87097373 41072
9 1463 rs10124926 137883639 1 1.7945110416818885e-4 137883639 137895354 11715
9 930 rs2095069 97702500 1 -1.785718403466956e-4 97702500 97831471 128971
9 106 rs10814970 4429762 1 -1.7766680232598377e-4 4429762 4462265 32503
9 630 rs4744628 73931778 3 1.7540004765327047e-4 73931778 73935754 3976
9 317 rs10962589 16783380 1 -1.7532073117401917e-4 16761597 16795790 34193
9 1061 rs817870 110144688 1 -1.714159053595872e-4 110144329 110156300 11971
9 236 rs7873432 12251115 2 -1.70909208484676e-4 12234642 12272705 38063
9 622 rs7034027 73165816 1 -1.6660898218390477e-4 73150873 73193371 42498
9 17 rs1322984 916220 1 -1.656282224071528e-4 916220 924525 8305
9 1409 rs569434 135344407 1 1.654367867295919e-4 135344407 135351031 6624
9 280 rs17216147 14678017 1 -1.6424929700171938e-4 14649728 14694372 44644
9 296 rs688254 15335853 2 1.550690388132538e-4 15310704 15336653 25949
9 1026 rs4149341 107544285 1 1.5197576975114685e-4 107506122 107545903 39781
9 506 rs7045302 29236498 1 -1.5175735419650397e-4 29218907 29285982 67075
9 470 rs7038314 26893662 4 -1.506752522717461e-4 26843342 27112311 268969
9 355 rs4607710 18969584 1 -1.4934836870828555e-4 18952553 18974072 21519
9 862 rs2653814 91423611 1 -1.485021826679491e-4 91399821 91423611 23790
9 128 rs4740820 5610381 1 1.485018716060238e-4 5610381 5610381 0
9 992 rs3739722 104335682 1 -1.4235582792853526e-4 104253681 104338305 84624
9 1178 rs41306498 117139280 1 -1.3588336564177662e-4 117102046 117148430 46384
9 1244 rs10120508 122202000 1 1.2878571406580068e-4 122174362 122258577 84215
9 415 rs9298846 23226243 1 1.285327598930628e-4 23181445 23226243 44798
9 153 rs1926374 7355129 2 1.278659064519222e-4 7338263 7373868 35605
9 840 rs1983973 90168002 1 -1.263684277030568e-4 90137616 90186976 49360
9 894 rs7859968 93840753 2 -1.2292757784671676e-4 93837417 93842021 4604
9 1251 rs6478444 122681580 3 -1.2280235702121048e-4 122681580 122779915 98335
9 1115 rs10739300 113155541 2 -1.20402455235837e-4 113123871 113162304 38433
9 251 rs1330136 13273293 1 -1.1810967882185873e-4 13273293 13282447 9154
9 867 rs11137533 91805113 1 1.1712092312416092e-4 91680600 91900556 219956
9 662 rs13299921 77535672 1 1.14984895704078e-4 77530589 77535672 5083
9 445 rs13300284 25452812 1 1.1127771947730064e-4 25430845 25462188 31343
9 1388 rs45628035 133901752 2 1.1067434008248776e-4 133901752 133901752 0
9 341 rs17201892 18341074 1 -1.0728489559608273e-4 18302439 18372052 69613
9 1465 rs664866 137937988 1 -1.01546690779381e-4 137933642 137941854 8212
9 618 rs4487842 72568962 4 -1.0091420596975916e-4 72523453 72648582 125129
9 444 rs7848925 25359813 2 9.818861979121484e-5 25325777 25398069 72292
9 1393 rs4076428 134353724 1 9.698082466863797e-5 134313625 134402338 88713
9 1089 rs13289732 111387462 1 9.602019949163897e-5 111387353 111387462 109
9 422 rs17698074 23569870 1 9.19510230684926e-5 23569870 23585350 15480
9 1448 rs11185717 137182099 1 -8.916016845550854e-5 137182099 137182099 0
9 981 rs10989097 103211802 1 -8.866788864293472e-5 103157515 103299435 141920
9 1141 rs6477923 115141720 1 -8.856195781832564e-5 115120143 115141720 21577
9 125 rs11790653 5484418 1 8.741935182014799e-5 5484418 5512522 28104
9 356 rs883440 19008823 1 8.741068178888195e-5 18990027 19098712 108685
9 593 rs4878797 38380350 2 8.551076647303474e-5 38380350 38380350 0
9 1418 rs8193003 135865496 1 -8.514903275249808e-5 135865496 135865496 0
9 1316 rs12552226 128858795 1 8.504051677201587e-5 128847170 128858795 11625
9 210 rs433922 10099327 1 8.466198410392954e-5 10061106 10132437 71331
9 521 rs2210441 30883856 2 7.863685537403374e-5 30825999 30883856 57857
9 573 rs4074255 36878774 1 -7.785301746759246e-5 36878774 36896143 17369
9 1134 rs10981018 114461077 4 7.754800069379907e-5 114444565 114577770 133205
9 566 rs117143733 36169894 1 7.641748883715725e-5 36160040 36291214 131174
9 1254 rs4837728 122954405 1 -7.399268788044959e-5 122954405 122975509 21104
9 1047 rs17290816 109175575 1 7.128318382591172e-5 109175575 109205274 29699
9 548 rs307682 33973324 3 6.755263628382182e-5 33932702 34085859 153157
9 1397 rs11243524 134653128 1 6.723171196294791e-5 134644208 134667753 23545
9 758 rs10867751 84013508 1 -6.622288209335775e-5 84013508 84096178 82670
9 1200 rs13298102 119022802 1 6.613144341700898e-5 119022802 119022802 0
9 1229 rs2806117 120913104 1 -6.424106068846551e-5 120875685 120967585 91900
9 206 rs10491914 9896971 1 -6.252495495666125e-5 9896971 9905809 8838
9 973 rs6478963 101708150 1 6.241660845117102e-5 101685520 101708150 22630
9 1271 rs10116346 124881622 1 -5.715014563760796e-5 124876341 124881622 5281
9 39 rs510169 1709013 1 -5.6295835498032096e-5 1685649 1711307 25658
9 1503 rs1123190 140958350 1 -5.461788451336349e-5 140955547 141004945 49398
9 222 rs13283737 10754695 1 -5.4264447671387185e-5 10723877 10754695 30818
9 943 rs4743598 98918433 1 -5.085566817455633e-5 98905141 98918433 13292
9 1004 rs4743564 105347447 1 -4.9541891753225833e-05 105173098 105347447 174349
9 96 rs10974390 4203214 1 -4.6926323084876646e-5 4180887 4203214 22327
9 390 rs10964854 21129246 1 -4.651522919477323e-5 21108817 21150650 41833
9 259 rs10756506 13780196 1 4.552254712626935e-5 13743830 13780196 36366
9 1303 rs7851784 126981390 2 4.184174923966747e-5 126975022 126985334 10312
9 725 rs7867093 81518152 1 3.785408344972635e-5 81518152 81574729 56577
9 1108 rs10980178 112851601 1 -3.656572694381566e-5 112802091 112851601 49510
9 1401 rs7858174 135009024 1 3.6314292732762216e-5 135009024 135018146 9122
9 1003 rs1924024 105096394 1 -3.545921784587388e-5 105050664 105128891 78227
9 179 rs7021243 8692722 1 -3.285605040304246e-5 8622613 8694330 71717
9 1001 rs10118114 105029381 1 -3.217141434429578e-5 105007884 105037839 29955
9 446 rs1360523 25499528 1 3.149566524094725e-5 25481979 25503991 22012
9 1155 rs1043836 116136198 1 3.0661399090887755e-5 116136198 116139835 3637
9 1170 rs2808770 116931445 2 -2.6846459338577865e-5 116916931 116942796 25865
9 663 rs2769059 77565617 1 -2.6342940681057333e-5 77545238 77650696 105458
9 799 rs1838158 87473009 1 -2.5143391621469696e-5 87473009 87473009 0
9 1140 rs10739335 114934114 1 2.338378098708798e-5 114931106 114960138 29032
9 727 rs1341086 81673370 1 -2.261213998070414e-5 81657195 81694374 37179
9 396 rs7850937 21846285 1 1.938921173364812e-5 21785660 21856777 71117
9 1110 rs4978881 112947936 1 1.528388153725429e-5 112945405 112983819 38414
9 880 rs7848094 92876060 1 1.3277915817225836e-5 92875390 92887231 11841
9 1042 rs10739214 108620961 1 1.2053149674767188e-5 108457806 108626502 168696
9 897 rs7043552 94025991 1 -1.0877313273559355e-5 93941796 94103290 161494
9 795 rs9886924 87201325 1 8.77830734821655e-6 87160854 87208419 47565
9 111 rs2146423 4657040 1 -8.630975402720352e-6 4645935 4657040 11105
9 692 rs700802 79234712 1 7.77256616203216e-6 79225259 79236165 10906
9 273 rs4740570 14411546 1 6.7676467063482e-6 14405158 14411546 6388
9 550 rs11547035 34459025 1 6.071447544562426e-6 34407204 34515328 108124
9 1240 rs115795 121883165 1 -4.181367230325528e-6 121883165 121956076 72911
9 105 rs13295153 4415824 1 -3.4558247452923944e-6 4410854 4415824 4970
9 497 rs1543674 28379203 1 -2.8640532120050885e-6 28358436 28400979 42543
9 939 rs7035549 98502921 1 7.124225947918965e-7 98501892 98538041 36149
9 297 rs7870630 15350556 1 7.880627592744503e-8 15347022 15386490 39468
