CHR Group SNP.lead BP.lead Size W BP.min BP.max BP.width
17 223 rs9303277 37976469 18 0.16029698999718506 37409625 38223191 813566
17 249 rs3826397 46509447 11 0.05540459817329837 45885687 46548644 662957
17 248 rs2292700 45362423 10 0.04893143974910374 45315486 45847230 531744
17 208 rs12941866 34900120 4 0.03409436658376988 34848874 35009883 161009
17 324 rs6504191 62041068 1 0.02642494913541085 61710010 62041068 331058
17 393 rs2661611 71708855 2 0.02610906587012845 71622669 71715356 92687
17 63 rs11654033 8315649 7 0.02534500763178459 8047081 8315649 268568
17 454 rs7216806 77538517 1 0.02521966389025035 77538517 77538517 0
17 373 rs12451606 70023827 8 0.02490809894082109 69811571 70120551 308980
17 270 rs10514997 50299021 7 0.02478797247233918 49913259 50321347 408088
17 467 rs7342974 79483999 4 0.02370671319135941 79471895 79612633 140738
17 15 rs58337165 1684605 6 0.02356745716525959 1673276 1801592 128316
17 337 rs17769593 64221641 9 0.02341391831857428 63942253 64331957 389704
17 282 rs7207114 53434046 4 0.0232614218906529 53371047 53445130 74083
17 442 rs7218605 76811803 3 0.02255601299101737 76650175 76852828 202653
17 91 rs406446 10614442 2 0.02098305802531849 10583589 10718089 134500
17 55 rs2270981 7216540 2 0.0205068623824571 7091650 7221197 129547
17 408 rs4789114 72950927 3 0.01908472490647976 72937851 72950927 13076
17 171 rs3110454 28651363 9 0.01826974624136123 28574177 29247715 673538
17 360 rs8071899 67930946 1 0.01826974287154582 67860494 67962664 102170
17 369 rs17178041 69138255 4 0.01742820636767872 69074425 69239272 164847
17 310 rs1292053 57963537 11 0.01742354214473893 57512957 58024275 511318
17 283 rs7213162 53489599 3 0.01709039409679706 53477038 53519844 42806
