CHR Group SNP.lead BP.lead Size W BP.min BP.max BP.width
14 240 rs8017161 103563195 11 0.20366475318735375 103009367 103584674 575307
14 129 rs3784099 68749927 20 0.08531654196648082 68749927 69039588 289661
14 195 rs17184313 93102251 7 0.07853467906808628 93064069 93372370 308301
14 200 rs11621961 94769476 5 0.06871826950272511 94585064 94892438 307374
14 63 rs696 35871093 10 0.05909644863810742 35871093 36454851 583758
14 62 rs712314 35408548 20 0.05344100581204719 34879025 35853388 974363
14 164 rs11623789 82450632 11 0.04695719339313985 82075469 82505045 429576
14 194 rs737522 93014672 3 0.04266988700310616 93005721 93047936 42215
14 179 rs1287662 89290630 18 0.03484818354645452 88734104 89393381 659277
14 246 rs3924892 105494262 12 0.03220880681944454 105368733 105752404 383671
14 144 rs2193596 75234101 6 0.02998510638795923 74860214 75558163 697949
14 188 rs1286083 91442779 7 0.02849284098709849 91189977 91642234 452257
14 239 rs62000389 102912150 14 0.02843550666089116 102094630 102933347 838717
14 178 rs12883250 88446876 11 0.02756360624878318 88256925 88695342 438417
14 49 rs2300835 33207522 6 0.02725283336990014 33041232 33237374 196142
14 120 rs8005319 63822521 11 0.0269701870837129 63591740 63857808 266068
14 13 rs3748366 22204911 14 0.02664654098151375 22022117 22377905 355788
14 79 rs1959379 44974966 7 0.02542918960239389 44903433 45224071 320638
14 153 rs17811635 77573757 6 0.02530970630848236 77440979 77713146 272167
14 168 rs229776 83902685 12 0.02442330771979888 83437617 84062199 624582
14 93 rs1002132 52285373 9 0.02367286553772544 52250365 52425506 175141
14 70 rs2415482 38958967 7 0.02356112186811398 38721995 39370726 648731
14 136 rs12589331 71343331 4 -0.02332895453074925 71179711 71343331 163620
14 220 rs966047 98273349 7 0.02325975366983457 98273349 98498951 225602
14 116 rs217671 62360464 5 0.02314065501617895 62065848 62375195 309347
14 231 rs3742384 100800103 5 0.02199268320972519 100800103 101224922 424819
14 177 rs8017892 87851097 11 0.02161182782829926 87546785 88206607 659822
14 97 rs7149928 54098459 10 0.02090180713309343 53700341 54148442 448101
14 159 rs7141420 79899454 10 0.02058843411538189 79698367 80176931 478564
14 99 rs2358477 54607636 15 0.02005003107175861 54451302 55085624 634322
14 36 rs12887396 27749054 19 -0.01957808632953975 27720455 28446721 726266
14 193 rs10134832 92928693 4 0.01949763968448033 92849593 92959940 110347
14 148 rs11621363 76530921 5 0.01928553217489809 76031313 76581121 549808
14 126 rs1434903 66703569 7 0.01830804755197872 66485947 67886781 1400834
14 0 rs12882648 20492492 6 0.01792517839836673 20425051 20529177 104126
14 72 rs8005565 41097075 12 0.01773508367734601 40343703 41103660 759957
14 18 rs970348 23069853 5 0.01744434536963297 23041656 23242828 201172
14 132 rs1275824 70194563 6 0.01741696734138818 69795199 70198189 402990
14 187 rs1286496 91027608 5 0.01718560817228334 90983296 91183327 200031
14 85 rs1953917 49154469 5 -0.01698525825141924 49025952 49274102 248150
14 86 rs7146952 49773025 20 0.01698138182398254 49331680 50164452 832772
14 43 rs179562 31224458 7 0.01675102002295146 30870187 31237170 366983
14 48 rs1951187 32908192 3 0.01607299352532825 32903616 33033695 130079
14 131 rs12050161 69360631 14 0.01576477324363846 69328022 69780678 452656
14 122 rs11621026 64389502 19 0.01565657104092424 64232386 65174586 942200
14 147 rs2300603 76005557 2 0.01563840550077522 75904660 76028680 124020
14 245 rs4247027 105139894 2 0.01562927357494391 105100021 105222037 122016
14 155 rs177143 78590808 15 0.01544544626088237 78390060 78608741 218681
14 190 rs2202955 92118160 9 0.01504819171024002 91820372 92126827 306455
14 15 rs2178787 22604418 15 0.01394396452486343 22544393 22737591 193198
14 221 rs8021007 98943569 13 0.01319651750445453 98503520 98964100 460580
14 77 rs1389565 43836526 27 0.01304104394295997 43367596 44535160 1167564
14 135 rs11158847 70741697 6 -0.01265936580300348 70671567 71152433 480866
14 172 rs1449419 85687413 9 -0.01260493572629541 85569284 85809911 240627
14 156 rs7158445 78719220 12 0.01258846030213524 78641734 79018345 376611
14 230 rs12588659 100587813 5 0.01224539180506807 100465652 100743421 277769
14 98 rs10147611 54234753 6 0.0121764746791556 54172855 54433533 260678
14 80 rs17115982 45783546 9 -0.01182639561549804 45289062 46079277 790215
14 39 rs7155255 29695661 3 0.01175276021242266 29203701 29896499 692798
14 209 rs1033769 96034350 14 -0.01159617815029072 96009307 96260801 251494
14 108 rs268819 58032340 5 0.01142512364310132 57612996 58042753 429757
14 134 rs41286548 70633411 9 0.01135156795208994 70401814 70648166 246352
14 191 rs1051340 92441066 7 -0.01085444928813921 92159558 92627138 467580
14 154 rs11622293 78203636 16 0.01083570399150112 77726516 78370261 643745
14 41 rs718545 30489623 6 0.01076157023536647 30230638 30524538 293900
14 133 rs1079903 70365001 1 0.01075815206001168 70226487 70366437 139950
14 138 rs10483837 72449491 8 -0.00969037725428288 72265949 72542119 276170
14 74 rs1957863 42302552 8 0.00965217016520347 41934289 42710883 776594
14 130 rs1465788 69263599 9 0.00944657814985439 69060068 69273905 213837
14 125 rs6573638 66328997 4 0.00944339205714838 66294143 66475085 180942
14 84 rs698331 48536772 12 -0.00935846255807832 48356630 48999279 642649
14 68 rs177899 38139214 6 0.00935107889914022 37449287 38438536 989249
14 224 rs1257499 99566723 4 0.00931082563311013 99479669 99582467 102798
14 169 rs12887744 84104059 7 -0.00929308809108556 84094388 84265662 171274
14 105 rs8009384 57061998 8 -0.00923174621845454 56972072 57122815 150743
14 87 rs4900974 50462432 2 0.0090385204044094 50406826 50484040 77214
14 42 rs12436395 30706026 5 0.00898187897650109 30552778 30839557 286779
14 238 rs10144492 101991506 2 0.00895634300187594 101910778 101991506 80728
14 113 rs7152548 61122040 2 -0.00884121904793301 60789176 61665229 876053
14 189 rs12878426 91738696 2 -0.00877309347874949 91689496 91773494 83998
14 192 rs8006358 92705919 3 -0.0087715895758385 92656568 92824871 168303
14 199 rs2402386 94484156 2 -0.00860596438239435 94432783 94572431 139648
14 11 rs10146416 21519599 5 -0.00844603588316061 21519599 21629898 110299
14 71 rs6571897 39587438 27 0.00841629758565861 39376359 40319433 943074
14 1 rs12891553 20692188 5 -0.00824710357749731 20568700 20694968 126268
14 127 rs10873203 67974505 3 0.00820523428478993 67912792 67984540 71748
14 52 rs17460823 33586563 6 0.00811695333277032 33555133 33825093 269960
14 160 rs7156557 80297163 24 -0.00801571894873065 80187637 80770951 583314
14 104 rs10149559 56882189 7 0.00799951360010827 56594745 56920900 326155
14 219 rs1350922 98246190 2 0.00794405312270518 98175467 98263147 87680
14 101 rs8009181 55583424 8 0.00791257897646875 55236176 56197878 961702
14 184 rs243202 90048612 2 0.00778662989260223 89983256 90066451 83195
14 91 rs10147918 51898181 3 0.00774783507243971 51838641 52044782 206141
14 73 rs17111162 41279247 2 0.0077353266506745 41279247 41918350 639103
14 110 rs7140492 58520500 8 0.00769852361048255 58460588 59112677 652089
14 28 rs17200568 25278656 14 -0.00757656250817035 25182686 25426899 244213
14 102 rs945272 56336645 4 -0.00723979615967414 56221073 56341221 120148
14 226 rs1912268 99770759 3 -0.00709108492714821 99753792 99835434 81642
14 118 rs2046811 63047648 12 0.00708787205703349 62718847 63159182 440335
14 29 rs10141197 25504988 3 -0.00708578248484748 25443592 25616188 172596
14 83 rs4900734 47744407 12 -0.00695096570176393 47473866 48342605 868739
14 242 rs6575979 103841018 6 0.00651142113524046 103841018 104628406 787388
14 139 rs8010242 72739064 5 0.00646807097893015 72553387 72883078 329691
14 223 rs1257613 99448000 5 0.00640411990538771 99147232 99474165 326933
14 44 rs4981081 31328834 1 -0.00614077563975447 31265509 31329598 64089
14 14 rs723879 22391433 4 0.00603867359529462 22381668 22483101 101433
14 58 rs1769621 34423678 2 -0.00601848350166237 34401104 34431277 30173
14 170 rs1381608 84546472 10 -0.00583458370366971 84277147 85013821 736674
14 12 rs4982421 21647420 5 -0.00583169134322577 21647420 21993498 346078
14 196 rs12895695 93595051 7 0.00576153817425749 93389030 93684814 295784
14 215 rs10145396 97255679 6 -0.00563867742456323 97181785 97565056 383271
14 182 rs10484021 89875897 1 -0.00562186509208698 89748882 89889586 140704
14 117 rs1514928 62678303 9 0.00516067424628645 62435628 62678303 242675
14 162 rs45541932 81744076 24 0.00503676772377336 81008723 81778644 769921
14 112 rs216526 60650086 29 0.00491897706271225 59452572 60782370 1329798
14 60 rs1154104 34660676 2 -0.00486191950245872 34607464 34754717 147253
14 89 rs7154732 51370849 8 -0.00477072014104325 51279108 51395384 116276
14 94 rs10151177 52575512 13 0.00472717416444404 52433115 52670514 237399
14 166 rs7148115 83176013 3 0.0046422341255061 82894760 83256589 361829
14 150 rs3813545 76967305 3 0.00454009009917377 76897213 76967305 70092
14 124 rs2411915 65794692 13 0.00448226361150825 65659664 66283754 624090
14 137 rs917065 71397846 6 0.00445174736683727 71352648 72183309 830661
14 20 rs61745081 23564437 2 0.00434532347695945 23322613 23598976 276363
14 228 rs4905879 100124648 4 -0.00434259266962987 100057672 100209154 151482
14 47 rs11156725 32496696 10 0.00434052798544365 32496696 32876958 380262
14 216 rs10131135 97717525 4 0.00433156059628849 97580724 97745959 165235
14 34 rs6575139 27174402 2 0.00432855977297645 26935221 27271382 336161
14 54 rs12881368 33979974 4 0.004258790440774 33937784 34030244 92460
14 183 rs243224 89954050 1 0.0040482027719883 89910907 89954050 43143
14 37 rs10131241 28769405 7 -0.00399744071606769 28473408 29007707 534299
14 103 rs7153071 56408735 6 0.00399230897557811 56358841 56564144 205303
14 241 rs2771396 103660158 2 0.0038861611038326 103617950 103811249 193299
14 109 rs7152180 58286918 13 -0.00385053289053557 58054979 58446570 391591
14 201 rs12895360 95038922 10 0.00384107475358003 94910363 95089440 179077
14 95 rs3783449 53154350 11 0.00375981350077768 52700209 53154350 454141
14 107 rs862152 57244671 5 0.00374929547773987 57204584 57598022 393438
14 30 rs17278020 25715736 5 0.00372538994533003 25631999 26024780 392781
14 229 rs7152866 100253163 3 0.00370944123204706 100248780 100404067 155287
14 176 rs1420813 87476592 6 0.00348616678072433 87039711 87494360 454649
14 151 rs4903474 77182078 1 -0.00337258882780385 77039784 77225409 185625
14 32 rs1956612 26436743 5 -0.00334776710105519 26436743 26671662 234919
14 75 rs1698507 43152763 9 -0.00326659764897769 42731966 43173574 441608
14 8 rs1885318 21244696 4 -0.00325852663221601 21203159 21265637 62478
14 38 rs1002750 29145878 2 0.00325346092165447 29049457 29172829 123372
14 157 rs11629205 79156785 4 0.0032251921496105 79029834 79226876 197042
14 174 rs11159732 86257811 4 0.00320335182680838 86064367 86634681 570314
14 142 rs17782124 74203789 8 0.00300579961658256 73335169 74250126 914957
14 171 rs11623283 85453100 5 -0.00291072070628833 85046837 85548835 501998
14 2 rs8010116 20723695 8 0.00283208382660895 20712322 20863070 150748
14 143 rs2336561 74288871 12 0.00281639209143073 74263752 74808105 544353
14 23 rs7142207 24164243 2 0.00276678110416328 24117528 24202501 84973
14 115 rs2181985 61940910 4 0.00247565608637056 61908332 62021879 113547
14 141 rs2526896 73055107 12 -0.0023850320919318402 73052019 73329055 277036
14 24 rs11852080 24412772 4 -0.0023719095732732 24247710 24423007 175297
14 185 rs4904594 90122106 4 0.00231170786569578 90106316 90451500 345184
14 19 rs8006372 23259699 1 -0.00227910698656714 23259699 23313633 53934
14 146 rs7160507 75846884 1 -0.00226834504235727 75790221 75867306 77085
14 57 rs1958058 34260635 3 0.00226796115041206 34239296 34311717 72421
14 243 rs7142555 104710505 2 -0.00219792812205974 104662014 104807712 145698
14 244 rs7147000 105007815 2 0.00193498062152737 104865071 105007815 142744
14 140 rs1548685 72958725 2 0.00192233023681764 72895442 73037708 142266
14 205 rs2798819 95423041 6 -0.0018755601225415 95422491 95523851 101360
14 66 rs11847459 37199161 4 0.00186962738814911 37150160 37278964 128804
14 211 rs10131278 96543481 3 -0.00180930025031315 96399382 96565323 165941
14 40 rs17115183 30137407 3 0.00178475174451885 29916912 30137407 220495
14 128 rs117228915 68265135 5 0.00178219088783182 68019608 68703741 684133
14 214 rs11847642 97153198 6 0.00175448667252975 96883969 97173569 289600
14 53 rs10148795 33845322 1 0.00174845748019361 33845322 33920274 74952
14 197 rs7154252 94095960 5 0.0017285600407832 93708759 94240020 531261
14 5 rs8011671 21020554 3 0.00169104329006118 20971784 21024786 53002
14 149 rs4569181 76813677 1 -0.00168645962814288 76593690 76867629 273939
14 123 rs1741488 65245956 14 -0.00149339939536536 65230358 65649000 418642
14 27 rs7154849 25126342 6 0.00142801568509134 24883630 25162082 278452
14 88 rs10139934 50987481 7 -0.00141719578524985 50518636 51262092 743456
14 46 rs4981938 32427796 5 -0.00138607432937267 32389856 32460060 70204
14 78 rs10220539 44586864 4 0.00137365418677397 44566484 44862795 296311
14 67 rs2022601 37341703 4 -0.00133264232322134 37288393 37442671 154278
14 167 rs7145839 83267946 5 0.00132963728017551 83267946 83417466 149520
14 119 rs12588552 63336929 7 -0.0013059815722857 63175105 63566055 390950
14 198 rs927236 94266671 12 0.00129911513598853 94264690 94378321 113631
14 21 rs11629105 23721880 6 -0.00126680945102525 23632506 23845244 212738
14 111 rs311864 59214542 5 0.00126609264024175 59169665 59447625 277960
14 163 rs11499034 81972441 1 0.00125829186319687 81820060 82044026 223966
14 186 rs7350740 90563186 3 -0.00124842704085002 90542118 90890278 348160
14 51 rs1953443 33508657 2 -0.00116158681268315 33474811 33508657 33846
14 6 rs17308457 21078596 1 0.00108912771064909 21051075 21109726 58651
14 22 rs17184212 24017278 3 -0.00107506816752169 23861811 24017278 155467
14 9 rs2771358 21422666 4 0.00106867260022097 21325687 21436124 110437
14 212 rs12888576 96611391 4 0.00104769578387344 96574434 96661993 87559
14 33 rs8020422 26804451 1 -9.979104754383548e-4 26690571 26908201 217630
14 59 rs980464 34568993 2 9.296550504227656e-4 34467340 34575688 108348
14 114 rs12101174 61798825 2 -8.832150100325951e-4 61692955 61898580 205625
14 69 rs2415438 38577533 7 -8.578918986353028e-4 38539949 38706711 166762
14 26 rs7158744 24717791 10 8.118408314081588e-4 24653954 24852046 198092
14 65 rs17104630 37000049 3 8.012197771894901e-4 36888567 37128936 240369
14 96 rs4898765 53281883 5 7.423782116824111e-4 53196348 53690253 493905
14 207 rs1187751 95894578 4 -7.151433123453216e-4 95844779 95917231 72452
14 181 rs751124 89612967 1 -6.815138211301292e-4 89592955 89722699 129744
14 82 rs1020898 47118259 2 -6.777052373335776e-4 46777209 47447920 670711
14 50 rs17099578 33285857 3 6.724779990210155e-4 33271488 33386759 115271
14 56 rs8014172 34200151 1 -6.606741863680558e-4 34170982 34224530 53548
14 145 rs741847 75722496 2 -6.569953814838418e-4 75709566 75782101 72535
14 234 rs8003403 101529313 1 -6.519408454832066e-4 101475770 101539384 63614
14 206 rs3742332 95645872 5 5.996708774035401e-4 95645872 95823870 177998
14 7 rs750142 21130632 2 5.912307983040985e-4 21130632 21189672 59040
14 213 rs3783428 96755626 3 -5.18658533164778e-4 96684959 96846092 161133
14 202 rs8016615 95187870 6 5.181271918158236e-4 95096255 95263461 167206
14 173 rs7145081 85893171 5 5.175908016979297e-4 85870837 86037541 166704
14 225 rs1273226 99607842 3 4.977856721272228e-4 99607842 99688743 80901
14 152 rs117254981 77294729 1 4.942770320891991e-4 77231722 77332408 100686
14 90 rs11851025 51803928 15 -4.457235756537385e-4 51417886 51821239 403353
14 100 rs4898848 55196586 2 -4.279209911925739e-4 55122827 55211833 89006
14 217 rs2776556 97899537 2 -3.7050791138796207e-4 97781834 97959474 177640
14 17 rs1154153 23001547 2 3.6258203642717645e-4 22961102 23009999 48897
14 165 rs1652583 82542096 1 -3.614706080607761e-4 82542096 82857376 315280
14 235 rs10144079 101639874 1 3.6044443954027616e-4 101585205 101639874 54669
14 233 rs17172 101429659 2 3.4902043600676565e-4 101349454 101459060 109606
14 25 rs2277483 24591892 1 -3.4835110113518584e-4 24534471 24591892 57421
14 61 rs4246986 34797502 1 -3.440316686007595e-4 34782336 34828738 46402
14 10 rs1263871 21484086 2 3.208753002627377e-4 21469151 21502431 33280
14 16 rs3811266 22747055 6 -2.984155527100054e-4 22741734 22930158 188424
14 64 rs3762904 36790795 1 2.919403979585298e-4 36469009 36843139 374130
14 210 rs11626868 96329369 2 2.6802777139473173e-4 96271965 96389594 117629
14 3 rs4465523 20913523 2 -1.8912459954408e-4 20876189 20920250 44061
14 76 rs10134020 43228638 1 1.008000619547268e-4 43228638 43277615 48977
14 175 rs1542944 86734963 9 8.236405942342161e-5 86722953 86995594 272641
14 237 rs9324033 101869029 1 -8.163360952465507e-5 101727107 101872299 145192
14 81 rs12147602 46558653 1 7.69837780905423e-5 46091372 46738855 647483
14 45 rs2378932 31983754 8 6.078705550694287e-5 31351785 32368934 1017149
14 247 rs17113281 107139583 1 -5.9107405401171144e-5 107139583 107274052 134469
14 227 rs4407000 100016045 1 5.110179989902136e-5 99859247 100037018 177771
14 236 rs8013718 101689506 3 3.940413509730851e-5 101653358 101710360 57002
14 204 rs12879866 95386262 3 3.50256425346475e-5 95335491 95390794 55303
