CHR Group SNP.lead BP.lead Size W BP.min BP.max BP.width
19 567 rs3745516 50926742 1 0.17081193334995742 50926742 50926742 0
19 160 rs2304256 10475652 2 0.09166654302741371 10469975 10546771 76796
19 591 rs273634 51718837 3 0.05666693353265412 51718837 51738920 20083
19 241 rs8109466 17207011 3 0.04956510100216176 17148156 17212992 64836
19 361 rs10411210 33532300 8 0.04594205151786949 33532300 33630693 98393
19 230 rs12710303 16282131 4 0.0445296336167017 16282131 16352403 70272
19 215 rs116923487 15133803 3 0.04203400575847531 15131668 15143453 11785
19 566 rs1726801 50905074 4 0.04155693894705884 50855935 50905074 49139
19 60 rs243335 4402017 5 0.03565377894753668 4353174 4433412 80238
19 663 rs17305311 54705641 1 0.03342439964928247 54705641 54707822 2181
