CHR Group SNP.lead BP.lead Size W BP.min BP.max BP.width
14 2305 rs8017161 103563195 1 0.13260072372757012 103563195 103563195 0
14 1274 rs3784099 68749927 3 0.06700844954495959 68749927 68753593 3666
14 498 rs696 35871093 2 0.04028150162929436 35871093 35871217 124
14 2306 rs7145735 103584674 2 0.03953885421289152 103584674 103584674 0
14 1981 rs11621961 94769476 2 0.03855404273135275 94769476 94769476 0
14 2294 rs62000389 102912150 2 0.03289084326171531 102898363 102933347 34984
14 1896 rs2202955 92118160 2 0.03179225348024345 92104196 92126827 22631
14 1517 rs17811635 77573757 1 0.0285864854044651 77573757 77581481 7724
14 1448 rs2193596 75234101 3 0.02677630063327724 75234101 75347585 113484
14 96 rs3748366 22204911 1 0.02556972225630418 22200989 22204911 3922
14 489 rs712314 35408548 2 0.02539679816973877 35390146 35501800 111654
14 1478 rs17783366 76543004 3 0.02446045836183887 76519805 76550644 30839
14 1651 rs11623789 82450632 1 0.02393566419840739 82450632 82458472 7840
14 2341 rs894039 105461067 3 0.02180502646602235 105457161 105508666 51505
14 1816 rs1287662 89290630 6 0.0212065378193387 89276431 89362069 85638
14 493 rs10137019 35748036 4 0.02111590067052024 35732369 35802483 70114
14 1585 rs7141420 79899454 3 0.01999310841239057 79890677 79945162 54485
14 1178 rs8005319 63822521 3 0.01979291198043978 63822521 63833977 11456
14 285 rs1892555 28027925 4 0.01937953716630956 28012163 28070164 58001
14 404 rs2300835 33207522 1 0.01935794004119998 33206755 33208081 1326
14 507 rs7147797 36449424 2 0.01935176513612527 36437005 36449424 12419
14 1127 rs217671 62360464 4 0.0192741914290946 62360464 62375195 14731
