CHR Group SNP.lead BP.lead Size W BP.min BP.max BP.width
18 200 rs1790588 67535184 3 0.05274357115789756 67493884 67556646 62762
18 164 rs7228600 56508351 11 0.03442708072528076 56227820 56518513 290693
18 171 rs17773430 57963117 6 0.02377101998364933 57732689 58067037 334348
18 116 rs7241839 35557827 10 -0.02262601764630707 35557827 36060187 502360
18 197 rs17080654 66898945 8 0.02132898814789276 66800137 67160595 360458
18 113 rs61735998 34289285 12 0.02066455694140691 34003734 34810178 806444
18 84 rs7238618 20913598 8 0.01980932402377931 20879217 21620065 740848
18 85 rs2278664 21719327 5 0.01647069577233351 21631244 21762678 131434
18 204 rs9807205 69123267 11 -0.01616639926202895 68723356 69131848 408492
18 111 rs1540043 33691313 4 0.01550525985822344 33063368 33781725 718357
18 14 rs11665524 2978535 1 0.01530351688857998 2951876 3133302 181426
18 75 rs2187502 13325561 3 -0.01502900773401074 13294262 13434152 139890
18 124 rs1835499 40335882 6 0.01450340623337028 39895631 40468883 573252
18 69 rs9789222 11255069 4 -0.01433763619766278 11232515 11320782 88267
18 194 rs17078903 65982452 3 0.01350626192768239 65942408 66175662 233254
18 165 rs17835556 56818766 3 0.01247224788359704 56578953 56828687 249734
18 115 rs972900 35335646 3 -0.01177442135524343 35078723 35453385 374662
18 205 rs649809 69160304 4 0.01100357578064449 69153026 69334079 181053
18 76 rs3859299 13462726 4 0.01073481016539113 13458063 13606170 148107
18 139 rs937019 45981769 6 0.01066448638664264 45969470 46217774 248304
18 50 rs962808 8481846 3 -0.01058450496644235 8436239 8482651 46412
18 187 rs12455246 63498880 4 0.01057356132814673 63204981 63614124 409143
18 182 rs6567383 61375683 5 0.0103816294610541 61183511 61631447 447936
18 226 rs7228334 73500233 2 0.01036762491344257 73409626 73515143 105517
18 53 rs55676538 8819246 4 0.01012343315785582 8792044 8950560 158516
18 24 rs8085726 4370882 1 0.00991846587244131 4341519 4376022 34503
18 83 rs2278452 20774097 1 0.00947260935621557 20160314 20819090 658776
18 49 rs646684 8356972 4 -0.00900752940480571 8327182 8410522 83340
18 218 rs1573486 71955979 4 0.00898192244082239 71900332 72073178 172846
18 144 rs11082811 47763296 7 -0.00788217075651506 47566647 47918639 351992
18 16 rs1785272 3314310 2 0.00780786889648737 3256112 3347813 91701
18 70 rs7239176 11452145 4 0.00767286528709677 11367098 11583447 216349
18 98 rs8088478 26413621 12 0.0076391203868072 25941461 26847118 905657
18 117 rs5025765 36510940 9 -0.00748449935869516 36083127 36968880 885753
18 32 rs7242770 5647875 6 0.00726694449865249 5643417 5843069 199652
18 212 rs12458846 71055600 4 -0.00672385156024066 71044198 71239581 195383
18 142 rs2000813 47093864 7 0.00671212067097679 46564559 47179516 614957
18 159 rs12958967 55315959 3 0.00658211868574369 55247454 55432083 184629
18 112 rs1057251 33848581 3 0.00606532371175488 33802526 33989375 186849
18 47 rs1441002 7887531 2 -0.00579402606917419 7871278 8135770 264492
18 103 rs10163532 29111449 5 -0.00556665421547427 29018114 29262427 244313
18 66 rs12608436 10797856 7 0.00552212269274818 10729880 10843483 113603
18 1 rs618671 362199 2 0.00543533608638252 354439 491967 137528
18 172 rs1532486 58684235 5 0.00537206253932879 58104556 58809023 704467
18 157 rs948655 54773343 10 -0.00526932985347088 54265847 54922829 656982
18 163 rs4309483 56085917 6 0.00499673638522892 55859854 56205551 345697
18 73 rs2096847 12415136 4 0.0049215364448835 12300936 12750499 449563
18 167 rs17769526 57047921 13 0.00486227410314123 56946086 57212391 266305
18 42 rs8088532 7082526 1 0.00473227711819533 7054431 7082526 28095
18 155 rs2646949 53654719 5 -0.00470657311088443 52829535 53729156 899621
18 136 rs7226941 45579668 3 -0.00463421913481505 45493026 45599434 106408
18 91 rs1539836 23336581 3 -0.00438454699070612 23014701 23336581 321880
18 71 rs16976596 11696613 2 0.00411654298686998 11666215 11878535 212320
18 176 rs567629 59641926 6 0.00397977607431633 59472346 60000477 528131
18 191 rs2448731 65376601 8 0.00395496578529654 65290714 65479871 189157
18 92 rs12458331 23825857 6 0.00387935499311437 23396250 24062211 665961
18 228 rs2116283 73869891 4 0.00383412571447421 73699090 73890904 191814
18 190 rs17077518 65256173 2 -0.00372740439300523 64898303 65263773 365470
18 55 rs16955101 9429811 3 0.00371946074805736 9025906 9429811 403905
18 245 rs7232284 76667529 5 -0.00367509909539825 76512308 76754549 242241
18 188 rs2715335 63671513 4 0.00366690307860582 63626583 64205891 579308
18 109 rs2579799 32155796 2 -0.00363063014310879 31906011 32448251 542240
18 239 rs6566047 75652876 2 -0.00354136723648572 75628237 75822359 194122
18 178 rs6567313 60702324 2 0.00344413812101698 60287284 60754772 467488
18 126 rs8097046 41252922 4 -0.00331511614576996 41168311 41509655 341344
18 202 rs2581704 68077204 2 -0.00326147963511481 68062874 68173054 110180
18 134 rs16951012 44829782 9 -0.00304624505276239 44335724 45118805 783081
18 72 rs669838 11994598 2 -0.0029918130022698 11902127 12109597 207470
18 81 rs1465501 19814796 4 0.00298506476152397 19786854 19954143 167289
18 22 rs1543229 4130516 2 0.0029267107105362 4056012 4201153 145141
18 237 rs909028 75285146 4 -0.00281959044236708 75220303 75377547 157244
18 153 rs588705 51763722 4 0.00280867026410105 51213366 51958845 745479
18 40 rs7244230 6939755 2 0.00258523266760045 6851557 6942997 91440
18 104 rs12606084 29558592 2 0.00257713790023157 29311034 29558592 247558
18 88 rs6508330 22379964 1 0.00242130739573491 22135024 22510457 375433
18 77 rs10513904 14023754 3 0.0023646205787832 13662150 14090271 428121
18 20 rs16945381 3791194 2 -0.00230624634911195 3736629 3865658 129029
18 130 rs10502868 43153949 3 0.00229062362354857 42973922 43231622 257700
18 63 rs206605 10335737 3 0.00226520362606767 10323659 10402789 79130
18 137 rs1124349 45718309 4 0.00226041957643324 45624977 45793917 168940
18 146 rs17805042 48324575 2 0.00216628489077499 48250288 48349191 98903
18 138 rs7239555 45888124 2 -0.00206174893260972 45821540 45913212 91672
18 7 rs8090522 1542523 4 0.00201072262659665 1481898 1718332 236434
18 177 rs11152344 60111781 6 0.00199050500069146 60014463 60253761 239298
18 108 rs2000677 31338906 5 0.00190167530988928 31147930 31763797 615867
18 211 rs6566715 70986258 2 0.0018579678310568 70741699 71027541 285842
18 147 rs321899 48910603 3 0.00181851273703706 48359730 48974344 614614
18 10 rs546198 2172406 1 -0.0017448083726507 2042445 2200876 158431
18 79 rs785989 14902902 3 0.00172379816774255 14584726 14978677 393951
18 244 rs2931024 76502001 2 0.00171462096818611 76437601 76502001 64400
18 232 rs4365382 74356391 4 0.00169867210998723 74327084 74449883 122799
18 248 rs7233060 77392379 3 -0.00164494534101469 77385879 77916015 530136
18 121 rs8087566 38792674 2 -0.00160944656001055 38701427 39013172 311745
18 100 rs9957831 27451322 3 -0.00160782640343989 27239696 27815609 575913
18 161 rs4591234 55582254 2 0.00141127946185353 55531247 55682592 151345
18 25 rs16946716 4425743 4 0.00140913673934563 4400387 4488582 88195
18 27 rs8089250 4772807 2 0.00139648417126371 4772807 5079328 306521
18 206 rs4268850 69892689 3 0.00138945610492914 69401163 69892689 491526
18 123 rs987380 39448009 3 0.00138375691439155 39428052 39890680 462628
18 26 rs16947109 4609374 2 -0.00137183798344455 4545834 4718609 172775
18 51 rs4798656 8579817 1 -0.00133759505535587 8517847 8656598 138751
18 181 rs2850761 60966397 1 0.00128247297423893 60966397 61163925 197528
18 97 rs1158983 25478085 4 -0.0012130469730166 25313101 25904868 591767
18 246 rs625311 76821509 3 -0.0011999211325696 76806843 77147472 340629
18 196 rs9963985 66407942 2 0.0011963802099857 66327314 66600079 272765
18 133 rs34589386 44157764 4 0.00119560802380153 43976885 44292598 315713
18 208 rs9966507 70308101 2 0.00107627674683776 70099656 70308101 208445
18 39 rs6506446 6834651 1 -0.00106978278136996 6687257 6834651 147394
18 36 rs882838 6429648 1 0.00106394980489165 6429648 6487465 57817
18 65 rs7234687 10694410 1 0.00106269427776192 10663094 10717819 54725
18 19 rs12457197 3680476 3 -0.00103348703771563 3606272 3693772 87500
18 169 rs1788897 57419473 4 0.00101767377843083 57383568 57503378 119810
18 105 rs7237501 29919836 3 0.00100429974850134 29621938 30032385 410447
18 152 rs1431183 50822084 5 9.961170755658343e-4 50370920 51183679 812759
18 122 rs1115001 39406192 2 9.849800989258591e-4 39109891 39408516 298625
18 48 rs12965261 8218296 3 9.771197576299402e-4 8207445 8298633 91188
18 58 rs8082842 9814778 1 9.638718977386328e-4 9814778 9869865 55087
18 207 rs11873090 69935750 5 -9.569002060599592e-4 69908670 70054042 145372
18 57 rs7228240 9729894 2 9.544338083370376e-4 9710554 9787464 76910
18 192 rs633865 65526817 2 -9.29447534520648e-4 65494529 65804001 309472
18 127 rs3819128 41795393 1 9.13282766801599e-4 41626891 42298323 671432
18 140 rs2337094 46403018 1 -9.057661906802792e-4 46263316 46442183 178867
18 96 rs2617939 25298983 2 9.01201336744534e-4 24992045 25298983 306938
18 162 rs4528665 55715670 1 8.979119345690489e-4 55709155 55839162 130007
18 33 rs565841 5990968 2 -8.957505348123626e-4 5926216 5990968 64752
18 6 rs789029 1053252 1 8.29045595045186e-4 1050812 1466512 415700
18 28 rs599322 5148001 2 7.968848630572145e-4 5096936 5193132 96196
18 154 rs1944362 52570345 3 -7.95112410087318e-4 51976374 52821124 844750
18 31 rs6506302 5444240 2 7.752764921866068e-4 5444240 5590926 146686
18 179 rs12457700 60860246 2 7.577296651652041e-4 60809783 60860246 50463
18 54 rs9941409 9006277 2 7.543973807548616e-4 8972284 9006277 33993
18 145 rs10502909 48130532 4 7.116540971414297e-4 48001121 48226068 224947
18 160 rs2850243 55453784 4 6.979310610304748e-4 55448382 55510523 62141
18 148 rs3894774 49278632 3 6.962145698795306e-4 49043350 49443797 400447
18 18 rs8083633 3522006 2 6.826891890533089e-4 3438823 3522006 83183
18 223 rs652015 72898905 1 6.802845087276021e-4 72898905 72933187 34282
18 203 rs17082769 68204223 1 6.541656209409685e-4 68199224 68695033 495809
18 131 rs7237763 43495416 4 -6.364232188128997e-4 43234904 43840064 605160
18 185 rs778771 62449810 3 -6.248670733485117e-4 62100203 62540568 440365
18 238 rs4890856 75558694 2 -6.245134332972847e-4 75390648 75603617 212969
18 158 rs10503016 55175433 2 -5.615447051062992e-4 54976972 55201461 224489
18 0 rs7226677 278796 1 5.500647230256884e-4 139767 339386 199619
18 217 rs1540032 71700987 1 5.437459602424834e-4 71671333 71889999 218666
18 101 rs4420605 27907683 10 -5.416180731382244e-4 27826653 28545570 718917
18 110 rs11872966 32765310 3 5.175931460734021e-4 32470291 32891656 421365
18 56 rs329020 9558525 1 -5.165606258117316e-4 9448360 9685268 236908
18 9 rs1940646 2002665 3 -5.146047552150035e-4 1970379 2029423 59044
18 125 rs2622781 41081332 6 -4.985970513846465e-4 40512135 41083535 571400
18 216 rs4146451 71570874 2 -4.939797028691897e-4 71570861 71626962 56101
18 129 rs13381286 42679318 2 -4.897461933063919e-4 42612091 42966587 354496
18 80 rs4800343 19603013 1 4.815556793432361e-4 18570235 19708348 1138113
18 199 rs4891764 67320971 5 -4.50174672737573e-4 67258303 67469275 210972
18 99 rs1492801 27205055 8 4.267783906949556e-4 26881864 27223970 342106
18 102 rs1313586 28586964 6 3.8784194140786566e-4 28584556 28988468 403912
18 222 rs1828098 72857946 2 3.6855703236573026e-4 72813958 72857946 43988
18 189 rs9967525 64782143 1 3.5911997533965895e-4 64255420 64871339 615919
18 8 rs7227078 1804120 1 3.4908572726138215e-4 1731154 1901534 170380
18 150 rs9951523 49867224 2 3.350394166975435e-4 49804768 50135346 330578
18 180 rs1005793 60890160 1 3.182550378384479e-4 60890160 60936047 45887
18 41 rs483480 7031103 2 3.157111699356549e-4 6969761 7034508 64747
18 119 rs4533359 37765354 1 -3.049608329402317e-4 37686439 37896596 210157
18 118 rs307078 37642885 1 2.660083810738262e-4 37013771 37675866 662095
18 234 rs7239621 74929495 5 -2.542247385260954e-4 74848698 75020170 171472
18 221 rs9963429 72695434 2 -2.396410670052377e-4 72252137 72774673 522536
18 175 rs17068764 59330019 3 2.239312300006944e-4 59246069 59404286 158217
18 225 rs12458682 73097909 2 -2.1524399365737128e-4 73086616 73342901 256285
18 12 rs2139661 2460332 4 -2.122233585920624e-4 2408938 2639451 230513
18 186 rs681307 63126211 1 2.0783618734506856e-4 62608159 63196837 588678
18 210 rs12957553 70651874 2 -1.9196553380670305e-4 70512587 70704474 191887
18 240 rs8084678 75858655 2 1.9034127740277492e-4 75858655 75967549 108894
18 128 rs12454763 42434615 1 1.845793248940259e-4 42313262 42599920 286658
18 233 rs966782 74772891 2 1.6901411327889027e-4 74496416 74782069 285653
18 37 rs8084667 6559076 1 -1.6712189801459774e-4 6547131 6603954 56823
18 90 rs7240975 22989234 1 1.665553249626549e-4 22772069 22989234 217165
18 149 rs10048311 49500742 1 -1.5326002450613812e-4 49500742 49777309 276567
18 141 rs4939826 46453406 2 -1.525214991085618e-4 46453406 46539469 86063
18 15 rs1962519 3188976 1 1.5094033192333237e-4 3162390 3228493 66103
18 67 rs7235865 11041332 1 -1.4595055493430497e-4 10849597 11063871 214274
18 166 rs10469215 56915473 2 1.4459605153548173e-4 56849429 56934358 84929
18 4 rs9950408 876569 1 -1.386712628360472e-4 866138 900789 34651
18 184 rs2193860 62053185 2 1.3207488941809894e-4 61840388 62085800 245412
18 243 rs2002842 76409597 1 1.0644874804226154e-4 76242139 76421267 179128
18 220 rs11151964 72201918 1 -1.0346250769700448e-4 72128424 72234635 106211
18 5 rs12373400 923096 1 1.0295360439257244e-4 920151 1013959 93808
18 38 rs11081250 6640510 1 9.449781329879668e-5 6635800 6662650 26850
18 193 rs596557 65873103 3 8.683437648955449e-5 65848177 65934739 86562
18 151 rs768204 50187873 3 -8.149217507776333e-5 50158120 50355807 197687
18 3 rs1059393 672836 1 5.486349079036008e-5 631435 844449 213014
18 201 rs3862700 67862224 1 3.875114936719799e-5 67747484 68027361 279877
18 30 rs4387679 5385035 1 -3.492478966706142e-5 5351610 5431000 79390
18 209 rs4892024 70335003 2 -2.1875110421827023e-5 70335003 70488219 153216
18 74 rs10502414 12802416 6 -1.283980069181575e-5 12797694 13271319 473625
18 156 rs215029 54114020 1 4.988266896634864e-6 53813720 54243554 429834
