CHR Group SNP.lead BP.lead Size W BP.min BP.max BP.width
20 389 rs6074022 44740196 6 0.04699680842388355 44688665 44777295 88630
20 598 rs944893 60902389 4 0.03230261747234567 60890375 60902402 12027
20 423 rs6125345 47119981 5 -0.03157864790574422 47036502 47142287 105785
20 372 rs6017247 42657841 1 0.03140067204611772 42657841 42657841 0
20 52 rs6076524 3452447 7 0.03090947639569798 3445445 3643653 198208
20 430 rs543477 48209718 1 0.0278436049557561 48205055 48210099 5044
20 158 rs8118592 10996304 5 0.0274358894651605 10922146 10996304 74158
20 374 rs6130568 42834765 11 0.02555771471135602 42803776 42846694 42918
20 499 rs6127423 53807443 6 0.02427962451956141 53757603 53859706 102103
20 243 rs6075523 19503039 8 -0.02315999865591588 19456060 19565693 109633
20 464 rs6063841 51214293 6 0.02297689452103993 50823305 51236215 412910
20 189 rs6033981 14572059 3 0.02291905302823856 14511168 14688519 177351
20 76 rs1543452 4974106 1 0.02197574659103838 4952923 5024237 71314
20 456 rs3827032 50225206 6 0.02019238864833867 50224206 50366971 142765
20 468 rs2031979 51475632 3 0.01981656989670059 51436401 51535828 99427
20 476 rs6063942 52037947 2 0.01977247623310265 52003413 52037947 34534
20 285 rs6138531 25167724 5 -0.01965458529961127 25054440 25485352 430912
20 480 rs6013772 52344919 1 0.01769111858414349 52328338 52344962 16624
20 271 rs6048661 23251415 3 0.01696264616992889 23245623 23305768 60145
20 438 rs6063516 49057248 3 0.01671807772917421 48996594 49063113 66519
20 109 rs6077153 7179994 4 0.01564729874581281 7106289 7199413 93124
20 272 rs6048822 23454758 8 0.01531612419282331 23328004 23548401 220397
20 526 rs61733436 55758929 2 0.01495089026163972 55758929 55918939 160010
20 277 rs6114429 24023945 4 0.0144484944316868 23979305 24024259 44954
20 328 rs4812412 38467674 6 0.01399614693411186 38438771 38589813 151042
20 292 rs6088033 31486051 3 0.01395007189033697 31225355 31486051 260696
20 560 rs6070854 58163650 2 -0.0138647711413208 58163650 58190157 26507
20 345 rs7348444 40830224 4 -0.01357463512944 40751163 40847486 96323
20 144 rs6104550 10068488 1 0.01351697112804142 10055467 10068488 13021
20 154 rs6040095 10680221 3 0.01343973232194691 10639543 10705007 65464
20 433 rs1555317 48643650 2 0.01314858009085412 48454671 48643650 188979
20 405 rs6018359 45873923 2 0.01223516664613085 45867852 45905856 38004
20 469 rs16997342 51574683 1 0.01217881137711296 51571802 51620301 48499
20 614 rs4809330 62349586 1 -0.01173972919973722 62309839 62399641 89802
20 491 rs2426509 53055836 2 -0.01171406663016398 53045630 53098135 52505
20 267 rs6082866 22803909 4 0.01168739735161442 22790548 22939045 148497
20 559 rs3934412 58120733 3 0.01123869974684762 58105747 58147605 41858
20 449 rs6126195 49869862 1 0.01104741204190031 49848254 49869862 21608
20 190 rs2208083 14771194 4 0.01074180843540727 14759169 14877654 118485
20 90 rs742711 5904040 3 0.01059462786455985 5870347 5905779 35432
20 550 rs6123832 57418071 2 0.01048655148828051 57339126 57429447 90321
20 253 rs17307939 20148329 2 0.01040427320630322 20079360 20169641 90281
20 488 rs2762932 52768391 2 0.01036582775902782 52746669 52776841 30172
20 95 rs2326748 6293824 5 0.01033438646397414 6201249 6404281 203032
20 241 rs6045989 19292926 8 0.01031194898798879 19254573 19372443 117870
20 503 rs6024282 54240941 4 0.01028935243830947 54158005 54240941 82936
20 45 rs6515646 2593863 5 0.01023191261683791 2576272 2656495 80223
20 306 rs1146264 35489005 5 0.00951239312971984 35075339 35489005 413666
20 337 rs4812456 39406575 10 -0.0094025185095059 39339774 39438939 99165
20 51 rs6051693 3244449 3 0.00930848888911844 3244449 3433158 188709
20 148 rs2423487 10213095 1 0.00894600057694065 10164632 10231174 66542
20 263 rs6047982 22246450 7 -0.00850600748513916 22246450 22403287 156837
20 91 rs236110 5933108 5 -0.00847362206305692 5915922 6042852 126930
20 597 rs6061457 60777232 6 0.00826723566270828 60718420 60778301 59881
20 327 rs294428 38278997 5 0.00796157383607683 38252159 38338620 86461
20 159 rs6033028 11076171 4 -0.00786712433805706 11037154 11092044 54890
20 58 rs4815648 4079276 1 0.00776381545045911 4075290 4101800 26510
20 195 rs6043241 15359412 1 0.00772487774811161 15264901 15365627 100726
20 580 rs16984735 59707964 3 0.00723654283233137 59707964 59739626 31662
20 497 rs6023759 53598881 2 -0.00699377051562165 53532627 53598881 66254
20 425 rs2426092 47384255 3 0.00694605072976435 47219377 47385467 166090
20 61 rs2027237 4177104 1 0.00676610648111025 4167234 4177104 9870
20 26 rs6042507 1459060 3 0.00675992617485763 1386395 1483926 97531
20 338 rs6102208 39533949 2 0.0063595746600324 39471427 39583952 112525
20 444 rs1062651 49508683 2 0.00626142262937646 49508683 49588788 80105
20 496 rs7263291 53490704 5 -0.00624986502215419 53454024 53514380 60356
20 262 rs2180700 21796855 5 0.00600497585491645 21770908 22214901 443993
20 166 rs6041029 11982632 2 0.00593030862663665 11945421 12004113 58692
20 571 rs164469 59074914 5 -0.00587637195742873 58970583 59095407 124824
20 437 rs6091139 48979631 3 0.00557381504723006 48959241 48983697 24456
20 218 rs6075167 17045941 3 -0.00555284985310496 17045941 17194831 148890
20 317 rs5743509 36940314 1 -0.00551041450935575 36920753 36952342 31589
20 415 rs911952 46774898 4 -0.0054751063279079 46770211 46778604 8393
20 235 rs6132112 18761714 1 0.0053429830327978 18759921 18794754 34833
20 471 rs8117683 51731191 2 0.00508545813889648 51699756 51782686 82930
20 384 rs2267868 43969840 2 -0.00499591961184158 43950816 43970377 19561
20 578 rs6093035 59570634 1 -0.00487941032884345 59570371 59618023 47652
20 194 rs6135362 15171838 3 0.0048256560184547 15171838 15234479 62641
20 388 rs3746513 44594228 2 0.00479784274439173 44534651 44656112 121461
20 252 rs6046570 20029464 2 0.00479698844396205 20006368 20054759 48391
20 281 rs1883924 24609645 4 -0.00477481602352258 24556797 24618814 62017
20 346 rs13040321 40922844 2 -0.00474983156006454 40912206 40922844 10638
20 215 rs6044374 16794650 3 0.00470631588758216 16794650 16845525 50875
20 391 rs1321001 44816736 1 -0.00466645271510941 44816736 44824624 7888
20 240 rs16980240 19222336 9 0.0046258564429429 19113918 19227638 113720
20 104 rs10485708 6926675 1 0.0045240907879314 6881898 6931717 49819
20 477 rs7271609 52137810 1 0.0045186871972216 52068141 52152979 84838
20 455 rs6021301 50205040 1 -0.00441727502715319 50189220 50205040 15820
20 307 rs34488353 35835826 1 0.00423214262117086 35509130 35882698 373568
20 478 rs2766664 52171241 1 0.0040642978437954 52169493 52172404 2911
20 521 rs1276446 55535498 1 0.00398766137565607 55488739 55547696 58957
20 248 rs6046391 19852181 3 -0.0039555411072706 19849409 19883823 34414
20 395 rs202377 45181441 2 0.00394659969733255 45131665 45198531 66866
20 329 rs6028800 38648634 4 0.00392118686009361 38616582 38648634 32052
20 135 rs6118611 9414641 1 0.00388927725842195 9414641 9485967 71326
20 131 rs6118469 9055820 2 -0.00386955420590714 9044617 9123558 78941
20 283 rs226665 24764183 2 -0.00373252418401052 24734936 24783483 48547
20 475 rs6022394 51949510 3 0.00370542623233959 51932381 51971152 38771
20 590 rs6061740 60262223 1 0.00360260142218431 60262223 60279179 16956
20 284 rs78661674 24952147 2 -0.00359502548141 24952147 25011423 59276
20 220 rs16999051 17361482 4 0.00359460102319026 17261305 17445449 184144
20 552 rs260005 57773121 3 0.00348333708655943 57589516 57773121 183605
20 567 rs6100755 58725838 4 -0.00337450155176093 58669008 58748891 79883
20 106 rs6133387 6994830 1 -0.00328237522986757 6969479 6994830 25351
20 120 rs708925 8358004 3 -0.00324839559590751 8308944 8389911 80967
20 233 rs7262420 18321970 4 0.003218956249646 18235516 18341196 105680
20 73 rs6084910 4826400 1 -0.00316935883889241 4826400 4826400 0
20 431 rs6063413 48218161 6 0.00316545774163135 48218161 48323380 105219
20 145 rs647518 10102530 1 0.00311399487327498 10076860 10108941 32081
20 305 rs6129195 34975232 2 -0.00305471742929451 34975232 35047221 71989
20 315 rs1209245 36866553 3 -0.00294220110612807 36796412 36869516 73104
20 506 rs731803 54507813 1 -0.00293670573336812 54507813 54540328 32515
20 386 rs6073744 44093284 3 -0.00291035298039326 44082799 44279034 196235
20 62 rs946189 4227524 2 -0.00289575446614945 4210448 4281673 71225
20 615 rs2281929 62422080 5 -0.00288576896924535 62404416 62473704 69288
20 387 rs3746500 44511533 4 0.00281409355807996 44336716 44523782 187066
20 357 rs761027 41560394 2 0.00271906032093482 41496896 41560394 63498
20 528 rs6128046 56052828 1 0.00270632880494033 56043765 56070505 26740
20 258 rs6047132 20869688 2 0.00270016299539541 20817745 20948861 131116
20 224 rs6044953 17669186 3 0.00264976900285485 17611777 17721590 109813
20 473 rs2426474 51861958 2 0.00253761351543944 51861958 51881039 19081
20 0 rs75442118 126149 5 0.00252830298334243 100505 169701 69196
20 446 rs6067635 49698104 1 -0.00249403490723548 49687290 49698104 10814
20 56 rs6076598 4043286 3 -0.0024874912309865 3843027 4048021 204994
20 246 rs13036479 19797038 8 -0.00245955630747922 19751330 19809473 58143
20 297 rs6088301 32369354 4 0.00240921993242877 31937048 32369354 432306
20 447 rs6020997 49746325 3 0.00235716899542801 49729512 49772819 43307
20 510 rs4810019 54910917 2 0.00233657011175251 54834133 54910917 76784
20 128 rs6086690 8898570 1 -0.0023185383677928402 8810198 8899426 89228
20 96 rs13036588 6462428 2 0.00228965340024861 6416132 6500296 84164
20 564 rs13039338 58476841 3 0.0022508689198039 58452582 58581873 129291
20 70 rs2245220 4705718 1 0.00223980053951524 4705274 4705718 444
20 221 rs761015 17456418 2 0.00221591504179999 17453135 17479730 26595
20 314 rs2076387 36767103 2 0.00217422794213319 36760559 36770588 10029
20 245 rs6075559 19673257 1 -0.00212727161418307 19617409 19703335 85926
20 275 rs6138139 23827431 1 -0.00212319429904989 23756139 23860178 104039
20 22 rs6040222 1140727 2 0.00209639258148691 1039828 1147775 107947
20 115 rs2235244 7918684 4 0.0020705860997634 7905050 7918912 13862
20 300 rs3746429 33703607 10 0.00206218243833545 32955423 33793159 837736
20 247 rs4814911 19843894 1 0.00204138343155293 19820785 19843894 23109
20 83 rs6038219 5610737 1 -0.00204107171643966 5610737 5644184 33447
20 165 rs2423626 11827424 3 0.00201896963859161 11791094 11827424 36330
20 325 rs16987905 37940679 3 0.00199357086767511 37906360 38151081 244721
20 381 rs6031872 43566518 3 0.0019705058751144 43454185 43580118 125933
20 303 rs2746105 34712386 2 -0.0019572852201527 34568092 34722255 154163
20 268 rs3176123 23027413 2 -0.00195641352337311 22978973 23028724 49751
20 66 rs6139433 4449910 2 0.00194583030762035 4449910 4449931 21
20 611 rs6062941 62078487 2 0.00194171085310925 62078487 62078487 0
20 392 rs2050113 44860471 3 -0.00187170006778247 44860471 44911954 51483
20 401 rs1150441 45599327 2 0.00186711703657944 45594395 45599327 4932
20 429 rs5619 48120843 3 0.00178427106060205 48110188 48129706 19518
20 363 rs11698067 41993294 2 0.00172582322372163 41896776 42012681 115905
20 163 rs2423565 11521784 2 0.0017069087593770899 11508980 11598946 89966
20 78 rs6085122 5329782 4 -0.00170570730500362 5325798 5359457 33659
20 509 rs3827103 54824029 5 -0.00170164908641472 54809462 54829609 20147
20 547 rs16982131 57162403 2 0.00166787256442962 57154805 57177541 22736
20 513 rs2870755 55218181 1 -0.00163699102993707 55184293 55218181 33888
20 326 rs6028507 38181661 2 0.00163303222156325 38160374 38220719 60345
20 226 rs16823 17791064 4 0.00161339795390996 17762373 17815664 53291
20 139 rs6077598 9756882 2 0.00156556637116102 9756882 9764263 7381
20 80 rs6053422 5449373 1 0.00153980716103947 5449373 5467063 17690
20 529 rs6070157 56137184 3 0.00150375074622336 56118666 56163687 45021
20 92 rs55666319 6090969 3 0.00148068910405359 6056356 6096632 40276
20 223 rs6105783 17599087 2 0.00145124914222759 17566854 17599087 32233
20 508 rs6024660 54757601 2 -0.00144704933879829 54756026 54801215 45189
20 324 rs7271186 37858095 2 -0.00144210259538878 37799520 37881482 81962
20 485 rs158548 52643045 6 0.00144136293151267 52573971 52668126 94155
20 202 rs4813189 15702037 1 0.00140075544579305 15692683 15716671 23988
20 581 rs817699 59758921 2 -0.00138234481875701 59758921 59758921 0
20 260 rs12624732 21055354 2 -0.00137498567299757 21011236 21218023 206787
20 234 rs2424205 18440185 4 0.00137324444549781 18366623 18742928 376305
20 532 rs6025728 56272618 1 -0.00136058970474536 56272618 56272618 0
20 228 rs2618553 17866344 1 0.00134785888430177 17866344 17867550 1206
20 454 rs12481623 50130865 5 0.00133160782404642 50108980 50155124 46144
20 67 rs1555367 4543742 2 -0.00130845301691445 4508090 4578080 69990
20 27 rs41297640 1551564 2 0.0012842170562195 1494464 1552430 57966
20 47 rs215551 2785279 2 -0.00127712208373615 2746354 2785598 39244
20 602 rs16983209 61374823 1 -0.00127312513385578 61349383 61375168 25785
20 555 rs16982720 57999598 1 0.00125472053181229 57967906 58002599 34693
20 127 rs6086567 8708203 1 -0.00124482027933676 8708203 8783279 75076
20 376 rs6093978 43041591 2 -0.00122397786079023 43024049 43051213 27164
20 204 rs766970 15929488 4 0.00121676868750803 15851077 15937424 86347
20 435 rs6125931 48795413 1 -0.00121545248308794 48779125 48876431 97306
20 574 rs17201325 59337447 1 0.00118841533215346 59271068 59348668 77600
20 113 rs6086143 7624747 4 0.00118831538229139 7553476 7700272 146796
20 295 rs3818222 31812923 3 -0.00115011346855219 31714837 31839036 124199
20 181 rs6074557 13079630 1 0.00113976852621679 13079630 13192648 113018
20 352 rs6030381 41256291 1 0.00112688718714542 41202893 41258896 56003
20 25 rs4814223 1383325 1 -0.00111647736294629 1300456 1384298 83842
20 527 rs2426736 56025915 1 0.00106882621881611 55991695 56031962 40267
20 35 rs6137005 2088698 2 -0.00106352120386447 2037867 2133668 95801
20 111 rs17399484 7435615 1 0.00101783939211602 7374248 7458007 83759
20 265 rs6048205 22559601 1 0.00101309611768182 22537865 22653584 115719
20 421 rs16993703 47010222 2 -0.00100878482934686 46970254 47020122 49868
20 188 rs6110278 14388215 3 0.0010063082540224 14358117 14479272 121155
20 411 rs6122616 46439232 2 -9.974265594680702e-4 46401779 46446181 44402
20 264 rs6048138 22484805 1 -9.971278515342487e-4 22430527 22485322 54795
20 15 rs512236 785108 2 9.959944211437638e-4 785108 806878 21770
20 465 rs6022031 51278134 6 9.807454525035631e-4 51247928 51333439 85511
20 301 rs619865 33867697 2 9.80709299096375e-4 33825378 33867697 42319
20 7 rs150207 440443 2 9.771748633613866e-4 425097 440443 15346
20 419 rs16993521 46862885 4 -9.627415387832376e-4 46855820 46895949 40129
20 366 rs2070235 42331457 1 9.06892309253502e-4 42249398 42331457 82059
20 595 rs6089553 60499953 2 -8.935865362869745e-4 60499953 60593396 93443
20 414 rs11696988 46658235 2 8.876937226834165e-4 46578719 46674680 95961
20 217 rs4814581 17015617 3 -8.823121747734695e-4 16977946 17039959 62013
20 548 rs10460623 57205221 1 8.763572850767883e-4 57195469 57205221 9752
20 375 rs6017299 42866656 5 8.737061971907144e-4 42854134 42989714 135580
20 169 rs6078503 12269409 2 8.643860384047016e-4 12226754 12280735 53981
20 48 rs6133002 2991560 4 -8.344837613330335e-4 2901540 3039115 137575
20 232 rs1581925 18088624 4 -8.317471571240823e-4 18088624 18201837 113213
20 378 rs6094017 43288087 1 8.203526653042046e-4 43288087 43288087 0
20 69 rs6052780 4689474 1 7.898003938681328e-4 4689474 4695812 6338
20 230 rs910901 17933686 2 -7.822899835444866e-4 17933686 18019274 85588
20 304 rs6060901 34891416 1 -7.777898035859421e-4 34891416 34950604 59188
20 333 rs6029039 38965667 1 7.768542976268531e-4 38905823 39036537 130714
20 279 rs6049612 24323976 4 7.666243488644159e-4 24323976 24428285 104309
20 156 rs6040218 10864326 1 -7.641145935380171e-4 10793175 10879336 86161
20 353 rs970283 41280315 1 7.385285530829927e-4 41280315 41332179 51864
20 207 rs2760550 16116624 1 7.373470945173995e-4 16091031 16160141 69110
20 199 rs6034225 15579575 2 7.317370068402481e-4 15572152 15602064 29912
20 396 rs439339 45238334 1 -7.166135460602585e-4 45221935 45238334 16399
20 222 rs201928 17524903 1 7.138361156439095e-4 17491874 17524903 33029
20 274 rs8123755 23682133 1 -7.021910868232532e-4 23677829 23740161 62332
20 573 rs6027715 59188729 1 -6.873757360530554e-4 59188729 59269198 80469
20 582 rs6129079 59800128 2 6.772117819069377e-4 59771005 59802749 31744
20 270 rs844930 23158402 2 -6.750954528788426e-4 23144070 23217817 73747
20 200 rs455659 15644641 1 6.73594123725043e-4 15644537 15654842 10305
20 371 rs6124611 42620085 1 -6.618370446072349e-4 42583196 42620085 36889
20 339 rs6093462 39908689 3 6.605225451202361e-4 39614299 39994193 379894
20 49 rs306755 3099752 1 6.558081443589169e-4 3088010 3099752 11742
20 117 rs6039041 8110530 1 6.487434434480825e-4 8045872 8110530 64658
20 261 rs6035902 21582338 5 -6.465548690035925e-4 21301991 21657602 355611
20 209 rs4814484 16376473 2 -6.453653444025702e-4 16334002 16506382 172380
20 81 rs6053442 5474901 1 -6.450933078362285e-4 5474423 5474901 478
20 50 rs11087571 3196253 1 -6.439676318179803e-4 3180283 3196253 15970
20 164 rs6134321 11656858 1 -6.397188501983771e-4 11626200 11773203 147003
20 29 rs6043722 1661245 1 6.299298730798683e-4 1661245 1727964 66719
20 579 rs6065036 59625880 1 6.262255824457578e-4 59625880 59692266 66386
20 335 rs6093367 39193406 2 6.231847528708381e-4 39146936 39221983 75047
20 46 rs1028408 2721474 1 6.000246798252477e-4 2684924 2725678 40754
20 254 rs2424303 20246306 1 5.806850332778528e-4 20198740 20246306 47566
20 543 rs1192511 56793764 2 -5.780314443100711e-4 56793706 56942557 148851
20 72 rs2423045 4799322 1 5.543122849424627e-4 4787035 4799322 12287
20 82 rs6107647 5517445 2 -5.526153639611821e-4 5490828 5548081 57253
20 255 rs1327911 20267718 1 5.443038557664053e-4 20259855 20305840 45985
20 461 rs4811276 50632282 1 -5.435824923212171e-4 50586336 50637660 51324
20 174 rs6134639 12679627 1 5.311750644054709e-4 12655810 12713069 57259
20 606 rs2248900 61595636 2 5.262257041256834e-4 61519042 61605769 86727
20 367 rs285198 42364734 1 5.24065638749783e-4 42364734 42375432 10698
20 137 rs219861 9597555 1 5.182613391807005e-4 9595352 9726640 131288
20 238 rs6045766 18999826 2 5.085750250100631e-4 18987154 18999826 12672
20 187 rs6033941 14295645 5 -5.015864804117408e-4 14096380 14338493 242113
20 63 rs7266945 4300150 2 -5.004330867328785e-4 4292429 4348440 56011
20 118 rs6055625 8173394 1 4.901083810341148e-4 8121097 8213786 92689
20 107 rs6054715 7057829 2 -4.777337248403029e-4 7014445 7057829 43384
20 133 rs7265290 9368102 2 -4.7167572531975094e-4 9298258 9380556 82298
20 321 rs6071119 37322023 2 4.632235874909985e-4 37320416 37352558 32142
20 370 rs6103513 42555227 1 4.5675147628546856e-4 42555227 42575841 20614
20 616 rs2236149 62506947 2 4.4899557799095256e-4 62506947 62553498 46551
20 524 rs6092424 55672544 1 4.238054087366607e-4 55672544 55682387 9843
20 132 rs2206138 9252390 1 -4.162472359912034e-4 9155339 9252390 97051
20 359 rs6065574 41711226 1 -4.120068913216034e-4 41666379 41711226 44847
20 24 rs4814111 1292989 1 4.072954081693223e-4 1268250 1293141 24891
20 489 rs2585422 52804369 1 -3.974673855186396e-4 52786219 52817038 30819
20 239 rs6075458 19047923 1 -3.916836547714208e-4 19047923 19079293 31370
20 426 rs11700187 47410937 3 -3.8813346279772986e-4 47410937 47463731 52794
20 525 rs6025407 55717661 1 -3.869699712395496e-4 55717661 55754110 36449
20 382 rs6073629 43706559 1 3.8533646561636297e-4 43653713 43768495 114782
20 501 rs3852925 54067599 1 -3.798271666998069e-4 54056378 54067599 11221
20 417 rs707516 46811799 1 3.794356436642004e-4 46811799 46827141 15342
20 20 rs7261002 1002656 2 3.7557698754810023e-4 992713 1020318 27605
20 535 rs7268460 56381629 2 -3.6379258432490513e-4 56367949 56420820 52871
20 318 rs2232580 36974945 3 -3.613563535517164e-4 36957837 36993333 35496
20 5 rs6037460 356785 2 3.537022379097055e-4 351944 357050 5106
20 201 rs6034270 15685665 2 -3.5271839299023814e-4 15663854 15685665 21811
20 278 rs761865 24073113 1 3.368069655315919e-4 24073113 24282230 209117
20 343 rs1987336 40534844 2 -3.112140111625421e-4 40526564 40573522 46958
20 404 rs7262634 45834279 2 -3.1075117819956855e-4 45761700 45857208 95508
20 584 rs2427082 59897979 2 -3.0343295259464245e-4 59895287 59928237 32950
20 43 rs12480575 2478707 1 2.99446873368702e-4 2478707 2491209 12502
20 116 rs6039004 8006128 2 -2.865841408677745e-4 7962707 8038670 75963
20 330 rs6028900 38774289 1 2.811427513501166e-4 38757002 38805930 48928
20 184 rs4814225 13300820 1 2.7815924408579307e-4 13299735 13507057 207322
20 451 rs6067742 49961976 1 2.7656220699391664e-4 49961976 49999884 37908
20 216 rs2424004 16927096 2 2.702800291857271e-4 16906789 16952341 45552
20 294 rs403461 31651583 4 -2.637852914294861e-4 31651583 31682778 31195
20 490 rs6023083 52886844 1 2.61062378838321e-4 52827293 52927642 100349
20 577 rs237644 59517318 1 2.495755107406229e-4 59463632 59529199 65567
20 64 rs6076667 4367040 2 2.15596558133228e-4 4364866 4393118 28252
20 71 rs2422956 4746387 1 2.056868830542661e-4 4716479 4778754 62275
20 360 rs2425600 41734905 1 2.0367682330063016e-4 41729903 41778943 49040
20 540 rs6026056 56691649 1 -1.8857057032687388e-4 56691649 56691649 0
20 551 rs919197 57480933 1 -1.8473583977731144e-4 57480933 57490248 9315
20 539 rs874431 56674049 1 -1.8329107597964912e-4 56594279 56674049 79770
20 403 rs2011254 45716586 1 -1.827981399150237e-4 45695518 45739406 43888
20 162 rs967972 11275243 1 1.8046762125281508e-4 11262159 11473176 211017
20 141 rs6087052 9879166 1 -1.754929085523214e-4 9821007 9911110 90103
20 463 rs4811293 50717288 1 1.7320535906576037e-4 50717288 50796522 79234
20 125 rs2223837 8611999 1 1.6723448488632477e-4 8607426 8650239 42813
20 536 rs6070304 56465967 1 -1.6494425315598032e-4 56465967 56510343 44376
20 373 rs926600 42703197 1 1.629184134399559e-4 42696580 42763717 67137
20 583 rs6028103 59886152 1 1.62561439182333e-4 59829847 59886179 56332
20 587 rs6061602 60104659 1 -1.623275442110878e-4 60104659 60116607 11948
20 589 rs6142824 60235676 1 1.6181455982748567e-4 60204680 60235676 30996
20 320 rs220501 37297126 1 1.617138954936442e-4 37245958 37297126 51168
20 427 rs34467662 47989624 1 -1.5388840992184178e-4 47510093 47993898 483805
20 179 rs364585 12962718 2 1.5208218980604967e-4 12945963 13011475 65512
20 124 rs6055912 8556693 1 1.50769223782649e-4 8556693 8590519 33826
20 31 rs156330 1826095 2 -1.260883222308317e-4 1815620 1848203 32583
20 97 rs13038490 6604972 1 -1.2529119196976257e-4 6578556 6623374 44818
20 517 rs6069891 55385595 1 1.211262617804224e-4 55364185 55385595 21410
20 462 rs6021698 50706403 1 -1.2101976464635912e-4 50663255 50712346 49091
20 514 rs4583526 55270493 1 -1.2064722111076935e-4 55270493 55293730 23237
20 309 rs12329503 36007131 1 -1.1454737077935858e-4 36005275 36063565 58290
20 409 rs4809647 46361758 1 1.1044078133141208e-4 46346459 46365359 18900
20 537 rs4561716 56548520 3 -1.1028081283654615e-4 56515754 56548520 32766
20 588 rs6121444 60171993 1 9.371778731137732e-5 60136084 60180124 44040
20 316 rs4353702 36900290 1 9.17268704948675e-5 36900290 36900290 0
20 296 rs6057813 31872928 1 8.721759483545116e-5 31857328 31905813 48485
20 554 rs2268689 57887918 1 -8.037732619063241e-5 57887918 57887918 0
20 203 rs2223674 15780127 1 7.87527722300023e-5 15724399 15780127 55728
20 266 rs6075950 22752843 2 6.706380147665514e-5 22703167 22757960 54793
20 94 rs11087720 6126302 2 5.670842872923699e-5 6126302 6187441 61139
20 493 rs2870343 53287737 1 4.7649494932787886e-5 53285374 53317873 32499
20 182 rs181719 13243610 1 4.71635015064919e-5 13220601 13243610 23009
20 334 rs6101997 39106253 1 -4.600879022784778e-5 39091487 39124041 32554
20 356 rs208254 41414077 1 4.565265868924219e-5 41412033 41476399 64366
20 287 rs6088864 30228157 1 -4.353345262215653e-5 30061053 30506673 445620
20 424 rs1883888 47171338 1 4.268856252027919e-5 47171338 47171338 0
20 603 rs139953956 61391378 1 -3.5661384208493636e-5 61391378 61391378 0
20 502 rs6024151 54101054 3 3.2368167115730826e-5 54100955 54103522 2567
20 178 rs6078834 12927466 2 2.9437842253803065e-5 12898621 12927894 29273
20 407 rs6094752 46256424 1 2.8799317996308203e-5 46139520 46256424 116904
20 293 rs4911112 31581159 1 2.7358018221753213e-5 31529528 31600217 70689
20 457 rs761212 50398001 1 -2.6781126367014664e-5 50383679 50459530 75851
20 313 rs8115683 36596604 1 2.3875628278980403e-5 36567067 36711934 144867
20 34 rs2422671 1989383 1 2.363191060687827e-5 1969934 2010334 40400
20 470 rs1950889 51634893 4 1.952313047050877e-5 51633964 51686119 52155
20 601 rs6011628 61313506 1 -1.3790464927622436e-5 61303346 61313506 10160
20 28 rs6080060 1648606 1 1.2362515517495448e-5 1610551 1648606 38055
20 416 rs2869349 46796076 1 -1.0870327682892775e-5 46787459 46807296 19837
20 408 rs11906661 46305112 1 5.78982526249592e-6 46305112 46312604 7492
