CHR Group SNP.lead BP.lead Size W BP.min BP.max BP.width
9 983 rs2519803 136805789 4 0.07163952428730962 136798370 136829071 30701
9 886 rs10818930 126991185 6 0.04971289671487847 126975022 127177161 202139
9 653 rs4743150 100740124 4 0.0436625686733929 100740124 100843660 103536
9 799 rs6478109 117568766 6 0.04342085370679761 117502242 117667443 165201
9 968 rs1330292 135884806 5 0.0377497567398742 135872063 135890991 18928
9 801 rs16932349 117956937 5 0.03570066653732964 117848394 117975864 127470
9 624 rs1380 95147434 3 0.02704572545601787 94985637 95551830 566193
9 373 rs831271 33270748 6 0.02607318733871833 33200956 33291520 90564
9 800 rs873212 117735806 4 0.02551796484295219 117728895 117830812 101917
9 277 rs3217992 22003223 5 0.02488443886913787 21970916 22116071 145155
9 861 rs10818605 124614496 1 0.02421078647318956 124604264 124643367 39103
9 679 rs2485530 104473886 5 0.0220422055558614 104416955 104552360 135405
9 651 rs4743110 100326824 2 0.02005565542028514 100313725 100520796 207071
9 612 rs10821507 93561614 3 0.01993935791462311 93461649 93611737 150088
9 330 rs41305329 27284785 3 0.01953680141787338 27228022 27292474 64452
9 196 rs10810150 14452729 5 -0.01883001061388379 14422035 14470833 48798
9 88 rs17804441 5457733 2 0.01873125535613226 5442487 5461379 18892
9 379 rs7024727 34730395 3 0.01791580031529378 34710450 34925271 214821
9 602 rs10118363 92339924 1 0.01791402469004364 92301054 92342790 41736
9 173 rs10809843 12780670 4 0.01785667864035896 12758881 12780670 21789
9 481 rs561970 79318677 10 0.01726801531363539 79310246 79442798 132552
9 37 rs1359259 2251454 2 -0.01695301442688504 2239429 2270503 31074
9 906 rs3802357 130478653 1 0.01634803658142045 130334178 130588091 253913
9 272 rs10119678 21340786 3 -0.01634605182425416 21323089 21415687 92598
9 46 rs1412693 2705874 4 0.01621033583805376 2699004 2737697 38693
9 640 rs6478302 98392340 4 0.01596530335338148 98349921 98407526 57605
9 289 rs10811885 23321297 6 0.01569390081627348 23262261 23354494 92233
9 605 rs10116558 92813938 4 -0.01567133897359923 92698716 92814420 115704
9 905 rs11790967 130170561 2 0.01555143315706885 130052614 130303640 251026
9 964 rs10901206 135603540 1 -0.01471579325571631 135600320 135654476 54156
9 396 rs7025491 37387177 7 0.01421097763279202 37070398 37406391 335993
9 230 rs10963072 17378776 1 -0.01416456787134004 17165698 17391531 225833
9 241 rs7865006 18294429 3 -0.01408012599239993 18267185 18372052 104867
9 17 rs12346252 1239644 3 0.01398181174518233 1221840 1265994 44154
9 544 rs1529952 86719547 4 0.01374059030923168 86719547 86761781 42234
9 249 rs7871217 18929692 3 0.01362833354739685 18914103 18930880 16777
9 238 rs12684916 17937036 2 0.01350601756776584 17937036 17962477 25441
9 596 rs34075341 91616843 5 -0.01341793815532319 91575778 91624397 48619
9 25 rs6475120 1732880 4 0.01310790549821856 1721126 1786681 65555
9 487 rs41289969 79938069 7 0.01307137311389222 79747317 80060927 313610
9 394 rs10125775 36993071 2 0.0129613526306891 36952743 36993788 41045
9 421 rs13290881 71985169 9 0.01276327657489599 71973435 72218613 245178
9 398 rs913280 37483309 5 0.01223682932409041 37483309 37565522 82213
9 759 rs578430 113563143 4 0.01183094335946628 113503673 113579789 76116
9 843 rs10818328 122279421 1 0.01166973701764935 122264713 122279421 14708
9 904 rs10819243 129633328 3 0.01153077342796989 129617253 129858518 241265
9 411 rs7853023 38772575 4 0.01152869674724975 38741712 68170421 29428709
9 447 rs278727 76161901 1 0.01133868677754613 75800805 76189863 389058
9 563 rs4484780 88860820 4 0.01129350035875029 88741540 88860820 119280
9 469 rs2297343 78722328 3 0.01127192875218033 78686818 78742354 55536
9 368 rs605383 32492903 1 -0.01113536513005489 32492903 32561304 68401
9 655 rs10985441 100970881 5 -0.01108487367700099 100930947 100985312 54365
9 632 rs12341268 96693709 1 0.01099752819498902 96693709 96693709 0
9 818 rs4091697 119654521 3 0.01093149799454449 119639180 119762707 123527
9 588 rs2250723 90831398 2 -0.01017125015019932 90764361 90875879 111518
9 103 rs2770759 7197023 4 0.01003046605957024 7150997 7231559 80562
9 399 rs4621903 37587742 2 -0.00992601889279285 37583429 37676472 93043
9 260 rs7869796 19946627 3 0.00986068782692615 19897119 19989693 92574
9 984 rs3780792 136835343 2 -0.00974708454656063 136835343 136835343 0
9 589 rs7867717 90899627 1 0.00936755491374753 90899627 90899627 0
9 805 rs2418412 118541068 5 0.0092901755231576209 118413485 118559109 145624
9 24 rs510169 1709013 3 -0.00915887927873591 1625303 1711307 86004
9 750 rs10980070 112584723 2 0.00915781504962537 112531466 112589454 57988
9 416 rs17392931 71480296 2 -0.0090816497349323 71417919 71557341 139422
9 222 rs4612476 16388447 4 0.00905890251971569 16368732 16390697 21965
9 169 rs10123440 12383180 4 -0.00893334882168213 12297444 12460256 162812
9 184 rs642806 13671296 8 0.00888817826044545 13610778 13708607 97829
9 440 rs11143080 74656309 5 0.00876797784334263 74642649 74668581 25932
9 610 rs10993273 93151196 2 -0.00876644857906746 93104329 93316821 212492
9 18 rs9298685 1293445 3 -0.00875487090626048 1282293 1325179 42886
9 191 rs10810113 14200005 7 0.00873805323572953 14196340 14247488 51148
9 453 rs577787 77315134 3 0.00872763235911132 77282470 77315134 32664
9 758 rs35142681 113449489 4 0.00864362695126443 113336184 113490972 154788
9 571 rs7021048 89453847 2 0.00852615971430919 89440597 89468654 28057
9 930 rs1054874 132681619 2 0.00840481576650228 132681619 132869344 187725
9 856 rs2196311 124170490 5 0.0084038291380294 124060879 124295569 234690
9 327 rs621786 27118807 1 -0.00830279980170201 27118807 27155544 36737
9 908 rs7032368 130755881 2 0.00827348885421513 130755881 130777468 21587
9 708 rs11431378 108274510 1 -0.00821329819836657 108234207 108380721 146514
9 429 rs7875338 73444238 3 -0.00820160464339718 73405244 73476497 71253
9 214 rs2794632 15875162 4 0.00817856040174497 15782874 16053710 270836
9 141 rs10977771 9455222 2 0.0081372817421065 9454258 9495226 40968
9 514 rs11138518 82768721 4 0.00793906173853503 82706489 82913245 206756
9 175 rs483855 12846491 2 -0.0079001461539613 12839484 12886899 47415
9 336 rs4879740 27750375 2 0.00779467780094611 27750375 27824832 74457
9 517 rs13284117 83247711 8 0.0077166599644867 83128214 83441767 313553
9 401 rs10814620 37788911 2 0.00767568722406375 37774893 38138880 363987
9 93 rs343494 6070342 4 0.00761366644465992 5872531 6119329 246798
9 186 rs7866165 13812685 1 0.00751672133311137 13812685 13825565 12880
9 597 rs3750399 91656963 4 0.00750375949053325 91656963 91670399 13436
9 518 rs1332879 83691628 9 0.00715945308375358 83462500 83695647 233147
9 682 rs1449663 104856493 6 -0.00711935754305107 104759737 104941304 181567
9 119 rs941904 8136132 4 0.00701194257249342 8097977 8160714 62737
9 635 rs12342274 97280338 3 0.00697171918727966 97280338 97403720 123382
9 693 rs7864801 106554028 2 0.00694803037054842 106539597 106637033 97436
9 769 rs7030545 114726308 3 0.0067789354208964 114721455 114759313 37858
9 188 rs7855714 13968369 5 0.00675289694778214 13891525 14010270 118745
9 39 rs4740678 2386539 1 -0.00669645779321689 2321242 2419538 98296
9 451 rs2991751 76936998 2 0.00665616322697502 76905350 76967832 62482
9 641 rs1335049 98447883 2 0.00665082846236731 98420881 98483660 62779
9 287 rs2789476 23161189 3 -0.00651809526099789 23103266 23171516 68250
9 608 rs1539519 92950272 3 0.00643452846503554 92903522 92951303 47781
9 704 rs10820780 107851745 1 0.00633367349879094 107833459 107893381 59922
9 123 rs1392524 8398021 2 -0.00631194222701326 8379313 8416196 36883
9 338 rs10757699 27950863 2 0.00629733488308941 27872232 27998125 125893
9 239 rs16936281 18058912 2 -0.00629324125267573 18009671 18119661 109990
9 278 rs10757282 22133984 3 0.00625684147571503 22133284 22134172 888
9 742 rs2039923 111598970 11 -0.00623344383539508 111587959 111626090 38131
9 694 rs12115654 106798942 5 0.00620604724159354 106667534 106993898 326364
9 937 rs7860909 133331226 1 0.00618862558707457 133331226 133394635 63409
9 310 rs1537262 25538362 2 0.00617512759041136 25522087 25557615 35528
9 898 rs548403 129121098 1 -0.00614728686759303 129096474 129258837 162363
9 42 rs955547 2537511 2 0.00598793976926878 2527980 2559492 31512
9 180 rs1330136 13273293 1 -0.0059317641545352 13273293 13282447 9154
9 332 rs1161680 27430232 1 0.00591368811981774 27372924 27456928 84004
9 807 rs7469818 118738647 2 0.00591044077462583 118698901 118741214 42313
9 381 rs943842 35395276 3 0.00575851820114839 35166763 35425169 258406
9 776 rs10981574 115745577 2 0.00574909577166023 115716647 115783589 66942
9 783 rs482318 116373700 2 -0.00571915256470795 116162760 116374990 212230
9 491 rs12555424 80491636 1 -0.00568137200492756 80342602 80616526 273924
9 369 rs1326917 32717956 2 -0.005614062905277 32618055 32723639 105584
9 177 rs10511576 12925921 2 -0.00560178141089144 12925921 12931403 5482
9 436 rs2297089 74305098 2 0.00555562270173114 74272001 74308389 36388
9 140 rs2065514 9412518 2 0.00551792233623218 9388678 9440664 51986
9 297 rs959091 23775449 4 0.0054331889555678 23775449 23817548 42099
9 899 rs10987356 129325439 1 -0.00542660149671164 129302884 129325439 22555
9 788 rs2418265 116865784 1 0.00532522621967861 116825745 116867054 41309
9 555 rs329206 87806205 1 0.00530621474667935 87726012 87806205 80193
9 702 rs1800977 107690450 4 0.00521363905830955 107678278 107740191 61913
9 19 rs7871293 1354036 3 0.0051828951404845 1336460 1358244 21784
9 963 rs17149310 135450636 1 0.00516788576377597 135450636 135538016 87380
9 915 rs4836644 131984706 4 0.00513349668146733 131873222 131984706 111484
9 687 rs10990317 105546493 3 -0.00501281919795393 105546493 105730131 183638
9 268 rs2780840 20608377 3 -0.00499476645258034 20597576 20642609 45033
9 98 rs1260463 6632061 4 0.00495042636156277 6631611 6695502 63891
9 508 rs10491791 82096194 1 -0.00489973392821242 82033019 82099407 66388
9 538 rs1535750 85910950 5 0.00488946086784697 85876633 85932455 55822
9 41 rs914492 2468858 1 -0.00487350548016444 2459387 2509947 50560
9 646 rs2025444 98994706 5 0.00480474779524027 98924140 98997810 73670
9 692 rs970603 106464499 3 -0.00475252656989958 106205827 106464499 258672
9 643 rs1413178 98586312 1 0.00472695521316719 98554957 98826252 271295
9 947 rs2275140 133948049 8 -0.00469541237123169 133927878 134105048 177170
9 733 rs10512367 110826460 3 -0.00468159974878986 110761427 110826546 65119
9 746 rs7857376 112100958 1 0.00465624015660361 112087325 112165546 78221
9 190 rs508940 14107096 3 0.00459516176129724 14063510 14157468 93958
9 752 rs7035935 112706482 1 0.00459134815901425 112636653 112760293 123640
9 1002 rs11103712 138037372 3 0.00454408174614643 138007995 138037372 29377
9 587 rs28364935 90588970 2 -0.0045364485836148 90570335 90669303 98968
9 382 rs34791102 35612978 4 0.00451480627713219 35514653 35679251 164598
9 213 rs10738395 15429539 10 -0.00449174994021752 15397969 15602101 204132
9 77 rs4742027 4629595 3 0.00447679035309595 4598379 4635912 37533
9 444 rs348479 75512300 5 -0.00443323397028439 75138675 75515669 376994
9 890 rs394750 127801065 9 -0.00431132578405898 127616537 128185330 568793
9 999 rs10858300 137842500 2 0.00429159091122929 137829465 137856280 26815
9 457 rs1081877 77782517 1 0.00428032638702692 77766854 77782517 15663
9 787 rs10124293 116800860 3 0.00424708138049719 116780314 116814126 33812
9 583 rs3118839 90362777 2 0.00424670687303774 90297680 90366947 69267
9 358 rs12347982 31030360 2 0.00424584566625378 31023908 31116343 92435
9 79 rs7874378 4695068 3 0.00421141218214987 4695068 4726367 31299
9 732 rs9792589 110724246 3 -0.0041734202714899 110707050 110752106 45056
9 671 rs7853484 103391639 4 0.00416397371249414 103157515 103439019 281504
9 994 rs11103509 137654103 2 0.00411838839719803 137593099 137666414 73315
9 183 rs10491754 13548060 1 0.00411485512327942 13542579 13600898 58319
9 262 rs2383134 20093557 2 0.00402783145664698 20083046 20131746 48700
9 477 rs7032380 79085839 5 0.00402593389443292 78987645 79156769 169124
9 391 rs1176844 36814647 1 -0.00394201982155833 36776224 36814647 38423
9 423 rs13284442 72488417 2 0.0039414861016002 72331806 72489640 157834
9 586 rs34017995 90501500 4 -0.00391555565994594 90487391 90515619 28228
9 931 rs10988625 132927568 2 0.0038462215179515 132902219 132940007 37788
9 623 rs12003273 94601233 4 0.00380434954481166 94589135 94883070 293935
9 395 rs4880050 36999024 3 -0.00378569391077404 36997417 37011289 13872
9 855 rs12685344 123764991 3 0.00375137247778977 123640500 123951917 311417
9 832 rs2806117 120913104 10 -0.00373754056061317 120733712 120967585 233873
9 891 rs829179 128316645 1 0.00373706448440934 128233506 128783188 549682
9 688 rs1584415 105825222 2 -0.00371570766908667 105767349 105837587 70238
9 304 rs7039242 24821877 4 0.00371516814083094 24770615 24848892 78277
9 307 rs1381148 25049865 1 0.00370178255992316 25049865 25241316 191451
9 971 rs6597604 136049780 5 -0.00364146952029252 136042694 136102199 59505
9 64 rs895236 4038228 1 0.00362678243218943 4038228 4048636 10408
9 736 rs1556473 111005738 3 -0.00358092392283691 110954627 111068483 113856
9 652 rs7040232 100664194 3 0.00357614261624745 100543880 100701446 157566
9 14 rs4741151 1158199 1 0.00348129229798587 1115998 1158199 42201
9 202 rs12683551 14783623 2 0.00340148832683892 14754010 14788886 34876
9 83 rs7025867 4937872 3 -0.00339998060622498 4888724 4943454 54730
9 383 rs4879926 35700837 3 0.00338658205412442 35700837 35870001 169164
9 584 rs10123732 90395684 1 0.00336978521336167 90383163 90425335 42172
9 935 rs10736862 133283255 2 -0.00336308639996394 133277641 133283255 5614
9 466 rs7025650 78484125 2 -0.00334508599758413 78473260 78489484 16224
9 1022 rs73670288 139369079 1 -0.0033259765955001 139270876 139369079 98203
9 578 rs3758308 90110124 1 0.00331900242737147 90066956 90128429 61473
9 703 rs7850052 107797889 1 0.00331080678898489 107767036 107814671 47635
9 894 rs4595229 128879934 1 -0.0032751372577611 128879934 128910419 30485
9 197 rs1318729 14515364 6 0.00316860079531289 14491347 14541236 49889
9 111 rs186629 7725346 5 0.00315305763928069 7682063 7734480 52417
9 38 rs12684262 2301610 1 0.00313768563464664 2282951 2301610 18659
9 67 rs10814860 4181652 2 -0.00313119385896195 4169816 4226630 56814
9 649 rs11999505 100194825 3 0.00312474045610985 100037880 100194825 156945
9 253 rs2383090 19247848 7 -0.00312380339593218 19234830 19438279 203449
9 721 rs10978803 110114432 5 -0.00311146322975545 110001533 110127130 125597
9 233 rs1535346 17602001 1 -0.00309103502551812 17524038 17609302 85264
9 414 rs1411999 71215776 2 0.00306272198430125 71183181 71267754 84573
9 371 rs16918866 32923482 1 -0.00306262701826593 32850506 32923482 72976
9 33 rs2376305 2143543 4 -0.00303925356906799 2142191 2143543 1352
9 256 rs2208557 19661935 5 -0.00301872224127526 19639713 19665239 25526
9 986 rs10993924 136943067 3 0.00300336503791141 136943067 136965553 22486
9 526 rs3860897 84344542 4 -0.00299081182656174 84304985 84372741 67756
9 633 rs10993045 96843245 6 0.0029484842754118 96713690 96898436 184746
9 357 rs1115507 30825999 3 -0.00294183486189926 30825999 31021219 195220
9 552 rs1838158 87473009 1 -0.00292344031440303 87473009 87558294 85285
9 73 rs10814970 4429762 1 -0.00291116893710017 4429762 4462265 32503
9 0 rs526509 268740 4 0.00290516734776837 204201 274433 70232
9 431 rs17056359 73767864 3 -0.0028950261460142 73600430 73914369 313939
9 779 rs7851623 116002565 5 -0.00288250250829457 115917783 116084691 166908
9 821 rs11789213 119878770 1 0.00286253839848865 119846424 119880993 34569
9 645 rs4743598 98918433 1 -0.00280703376338189 98905141 98918433 13292
9 467 rs6560480 78599133 1 0.0027875222576291 78562669 78608872 46203
9 418 rs3763609 71647410 3 0.00277826273687871 71629914 71821388 191474
9 1024 rs945386 139693596 1 -0.00275918284195721 139633733 139719671 85938
9 309 rs10812250 25455147 3 -0.00275556046948995 25430845 25503991 73146
9 82 rs295254 4848630 5 0.00271470453829335 4792339 4856877 64538
9 959 rs3739915 135277130 9 -0.00267109989687003 135137364 135277341 139977
9 609 rs2771090 93080054 3 -0.00264384272274077 93016875 93100550 83675
9 792 rs13300252 116974295 1 0.00260162181553267 116964061 116974295 10234
9 880 rs7867502 126470140 2 0.00259748064835144 126253077 126548090 295013
9 55 rs10814219 3536260 3 0.00256011442280313 3383495 3547259 163764
9 647 rs2476927 99038030 2 0.00255834913175262 99031628 99079114 47486
9 102 rs7033001 7092759 2 -0.00255678435494663 7091968 7126175 34207
9 269 rs12164232 20763513 3 -0.0025223464452799 20668315 20883241 214926
9 101 rs818887 7002389 4 0.00251955818999083 6988475 7084558 96083
9 142 rs7039700 9683443 3 -0.00249545365768088 9518199 9687487 169288
9 70 rs11789633 4321558 3 0.00248971618167596 4321558 4331760 10202
9 463 rs1013792 78306320 1 -0.00248115339257354 78276675 78308605 31930
9 543 rs2118166 86693470 5 -0.00245913407697239 86518796 86693470 174674
9 328 rs565586 27170934 1 0.00245876039830795 27166159 27171373 5214
9 689 rs10990599 105942389 1 0.00244917993838747 105853222 105965683 112461
9 808 rs6478223 118781688 1 0.00241755017938768 118781688 118845404 63716
9 273 rs2383192 21471726 7 -0.00241148522787115 21455814 21536423 80609
9 354 rs2769643 30219494 1 -0.00240736391504063 30103515 30288080 184565
9 936 rs10901326 133292993 1 0.00239926103729695 133292993 133318751 25758
9 170 rs791658 12493565 1 0.00239432061418315 12493565 12493565 0
9 681 rs7867903 104690092 4 -0.00237436744613915 104630136 104728905 98769
9 59 rs10814596 3777523 1 0.0023108290086285 3765395 3823277 57882
9 617 rs10991918 94154282 1 -0.00230677180130936 93920745 94154803 234058
9 670 rs1997368 102713580 7 0.00226412610953391 102400263 103065884 665621
9 575 rs4878057 89936504 3 0.00217966474537947 89903221 89946647 43426
9 553 rs4361832 87595734 2 0.00215625354173254 87575500 87651621 76121
9 225 rs1888207 16696187 2 0.00215245589420668 16669912 16730653 60741
9 110 rs10117858 7561756 1 -0.00213894892758551 7561756 7666387 104631
9 595 rs9410429 91563034 2 -0.00213857252729928 91485589 91563034 77445
9 51 rs3904467 3046849 2 -0.00212079903097734 3030814 3066302 35488
9 942 rs139997194 133768966 1 -0.00211280488008234 133760592 133779020 18428
9 1023 rs10747029 139534703 1 0.0021124241386926 139534703 139544437 9734
9 804 rs12115665 118368761 2 -0.0020673571025589 118124242 118373618 249376
9 700 rs2230805 107624029 2 0.00204633045568614 107584309 107624029 39720
9 510 rs11138362 82437835 1 -0.00203018313277404 82364676 82441651 76975
9 36 rs7024071 2227217 1 0.00201046761294836 2212574 2227217 14643
9 657 rs660148 101127379 1 -0.00197984971116894 101092018 101128916 36898
9 778 rs10981640 115897803 2 0.001979813705398 115866017 115905850 39833
9 267 rs10964583 20508503 1 0.00196636000824308 20484604 20537343 52739
9 662 rs2808541 101357407 3 -0.00194353917699385 101355624 101442402 86778
9 870 rs45579335 125239501 1 0.001928400461219 125169930 125246793 76863
9 445 rs348460 75534760 2 0.00191597723500181 75519975 75586627 66652
9 883 rs10818918 126860510 2 0.00191283076783163 126859995 126862735 2740
9 155 rs988954 10572234 3 0.00191080312704268 10559329 10603845 44516
9 480 rs3739518 79253347 2 -0.00190825594310909 79251229 79300111 48882
9 600 rs2480490 92158225 1 -0.00189531820991955 92148993 92218782 69789
9 384 rs10814303 35935963 6 -0.00188200794584046 35892051 35944775 52724
9 734 rs10120248 110857507 2 0.00187542164076345 110843426 110874194 30768
9 454 rs6560408 77396655 1 -0.0018384681088882 77357968 77442616 84648
9 245 rs530120 18717903 2 -0.00180121379181385 18664041 18751638 87597
9 715 rs10978560 109379687 3 0.00177520748573996 109323247 109480510 157263
9 594 rs9410340 91399821 1 -0.00176296664051099 91392349 91423611 31262
9 974 rs9409872 136458311 1 0.00176094887851826 136458311 136466832 8521
9 22 rs7854400 1490577 1 0.00175250487539055 1489454 1490577 1123
9 574 rs10113878 89843781 5 0.00172668916274997 89771569 89858267 86698
9 667 rs869776 101810339 2 -0.00171965761117195 101749498 101835165 85667
9 929 rs2417150 132620224 1 -0.00168612586210501 132568500 132620224 51724
9 727 rs4978541 110451516 2 0.0016711813507806 110424575 110457258 32683
9 706 rs327967 108001107 1 0.00165991877794651 107969815 108066854 97039
9 613 rs2290889 93639849 1 0.0016580120753283 93618236 93658854 40618
9 546 rs883431 86867036 1 0.00165375368187981 86857433 86933884 76451
9 773 rs2676622 115454504 1 0.00163886947979264 115404746 115608188 203442
9 760 rs474186 113622466 3 0.00163632353820955 113582672 113644930 62258
9 345 rs4879261 28705607 2 0.00163544675262678 28539581 28717480 177899
9 290 rs10811923 23404131 3 0.00163458149522028 23404131 23422031 17900
9 895 rs2809443 128947475 1 0.00162926214646899 128928087 128986077 57990
9 96 rs12347506 6549841 1 -0.0016226550314725 6535057 6549841 14784
9 678 rs1016429 104402364 3 0.0016162765990715 104253681 104410903 157222
9 712 rs1876376 109094026 4 -0.00158838301220697 108868577 109147362 278785
9 663 rs337589 101496508 1 -0.00155515143050667 101496508 101590318 93810
9 771 rs12338324 114870301 1 -0.00155007115654874 114837337 114888773 51436
9 911 rs7853999 131146409 1 0.00153670190330644 130976557 131146409 169852
9 551 rs1187287 87414794 2 -0.00153502476983633 87414794 87441475 26681
9 419 rs12350141 71886979 1 0.00150501568885529 71850853 71911566 60713
9 919 rs17457362 132098060 1 0.00150424415632031 132098060 132106034 7974
9 385 rs10972659 35978321 4 0.00150014277728194 35954375 36025452 71077
9 599 rs6559350 92010796 3 0.00149733428115221 92010796 92126015 115219
9 296 rs1360226 23713284 1 -0.00149183385969692 23687455 23713680 26225
9 768 rs1413218 114658407 4 0.00148234101569795 114593311 114711743 118432
9 629 rs10122014 96353485 1 0.00147768465772069 96163260 96451784 288524
9 198 rs10756576 14556659 3 0.00145424324450726 14547556 14573613 26057
9 669 rs162624 102059951 11 -0.00143430674314708 102039043 102271150 232107
9 449 rs2046913 76669299 3 0.00143252293537376 76480444 76696788 216344
9 221 rs10962386 16345371 1 -0.00143081035895068 16345371 16361171 15800
9 695 rs1450679 107026812 3 0.00142464220971596 107013530 107056847 43317
9 677 rs533017 104194532 1 -0.0014239492692247 104194532 104194532 0
9 472 rs13293615 78852069 1 -0.00139859360647713 78826932 78859359 32427
9 377 rs10758257 34387524 1 -0.00137057875627538 34151280 34515328 364048
9 887 rs10818964 127190340 1 0.00133172178158089 127190340 127205611 15271
9 378 rs10972175 34625409 1 -0.00131835395018399 34548009 34683607 135598
9 224 rs6475059 16554405 1 0.0013162892225441901 16546099 16656587 110488
9 492 rs9314866 80717949 2 -0.00131178931834562 80712244 80857346 145102
9 593 rs7867153 91377672 2 0.00130408833973131 91368043 91377672 9629
9 521 rs10116365 84006221 1 -0.00129763071727274 83984974 84007124 22150
9 136 rs7036801 9155721 1 -0.00129366426578823 9149128 9162042 12914
9 362 rs288884 31748036 1 -0.00128722406359722 31612603 31836555 223952
9 321 rs367832 26297693 2 -0.00127406195847564 26179065 26302903 123838
9 128 rs7862354 8791925 1 -0.00126779320989317 8787733 8796449 8716
9 970 rs626713 136007988 2 0.00124839854551982 135977366 136009191 31825
9 813 rs4837261 119142351 2 -0.00124756648369398 119142351 119255010 112659
9 460 rs10512042 78119359 2 0.00124277950082424 78080515 78163305 82790
9 542 rs7848656 86229249 2 -0.00124176820138909 86229249 86283423 54174
9 352 rs9408148 29896950 2 0.00123317512585413 29785304 29906484 121180
9 215 rs1887677 16079296 1 0.0012217739125348 16069629 16096547 26918
9 865 rs1571586 124957525 3 0.00120155560575537 124900274 124957776 57502
9 872 rs10124314 125384197 5 -0.00119006466277592 125334787 125394163 59376
9 348 rs1010587 29218907 3 -0.00118948853974558 29218907 29285982 67075
9 981 rs12344583 136723520 2 0.00117185948590906 136723520 136760639 37119
9 258 rs1182672 19751357 1 -0.00114282694015494 19751357 19760153 8796
9 356 rs2791599 30770699 2 -0.00113437194558007 30500252 30797625 297373
9 325 rs1033991 26659562 2 0.00113265163331028 26649956 26736162 86206
9 126 rs7020239 8595338 1 0.00110979018642435 8578261 8694330 116069
9 192 rs10810126 14292207 2 0.00110964272099774 14292207 14292720 513
9 684 rs1924025 105096543 2 -0.00109869854627217 105042624 105128891 86267
9 918 rs4366175 132049842 2 0.00109645306838306 132049842 132073191 23349
9 465 rs3934253 78416813 1 0.00109117443045072 78347251 78458130 110879
9 934 rs7031579 133250275 3 0.00108786442595169 133226582 133250275 23693
9 109 rs2890755 7539001 1 0.00108740586876804 7521577 7543551 21974
9 782 rs1805313 116151191 2 0.00108620152151451 116151191 116151191 0
9 437 rs17057133 74319677 2 -0.00108455765894714 74319677 74392687 73010
9 798 rs12379659 117394595 6 0.00108248291862497 117324845 117453668 128823
9 489 rs7046214 80162570 1 0.00108055370605645 80137434 80196611 59177
9 316 rs1231353 25748799 2 0.00107733964071045 25748799 25819089 70290
9 446 rs1342014 75731311 1 -0.00106771688508342 75719701 75771935 52234
9 275 rs7037277 21772064 1 -0.00106182848299284 21675545 21772064 96519
9 794 rs2636860 117030582 2 -0.00105283414255484 117022495 117051020 28525
9 234 rs3808747 17626616 1 -0.00104963275324465 17618048 17626616 8568
9 84 rs10758669 4981602 1 0.00104943049059561 4946989 4981602 34613
9 697 rs41277753 107288995 2 0.00103618721487583 107273553 107485577 212024
9 370 rs664241 32769523 1 0.00101015297180841 32755028 32809306 54278
9 761 rs12551377 113751324 2 -0.00101012855860001 113662681 113769925 107244
9 68 rs7037716 4265363 3 0.00100015391839555 4242464 4292083 49619
9 171 rs1325129 12512973 2 9.981744654558385e-4 12510515 12585186 74671
9 15 rs1933041 1196586 1 9.958178583393124e-4 1196570 1196586 16
9 893 rs4838320 128831097 2 9.948940007087003e-4 128831097 128858795 27698
9 75 rs6476874 4527201 1 9.778985755624346e-4 4506655 4546594 39939
9 210 rs643531 15296034 1 9.756934615946844e-4 15261589 15300968 39379
9 764 rs7871113 113944432 1 9.690076385583204e-4 113915905 114056169 140264
9 281 rs7027027 22472289 3 9.60471708005338e-4 22426564 22583181 156617
9 882 rs3861868 126835484 1 9.590391945749376e-4 126768582 126848249 79667
9 2 rs1410221 354913 1 9.590350247220428e-4 348772 396380 47608
9 108 rs10511474 7511166 2 -9.566905930012288e-4 7415094 7511166 96072
9 770 rs10981228 114810102 1 9.354504322347884e-4 114810102 114811564 1462
9 523 rs10115264 84140380 1 9.304508003756388e-4 84113944 84193897 79953
9 620 rs9409617 94350040 1 -9.301793747403536e-4 94339510 94391378 51868
9 973 rs17150554 136269143 1 9.295321937952718e-4 136199466 136275188 75722
9 254 rs7858547 19484869 5 9.293704994126224e-4 19472784 19526712 53928
9 729 rs944173 110514626 1 -9.162060849907404e-4 110512551 110573303 60752
9 939 rs10901226 133483217 2 9.111240053219144e-4 133415084 133488494 73410
9 956 rs9411446 135015927 1 8.961514003271498e-4 135009024 135018146 9122
9 432 rs4744628 73931778 1 8.957201097286498e-4 73931778 73935754 3976
9 355 rs10969625 30340919 1 8.818306207751762e-4 30297393 30448896 151503
9 627 rs7025554 95898531 2 8.637580415447985e-4 95869943 95907107 37164
9 923 rs1780482 132293940 1 8.637574544189255e-4 132287630 132321716 34086
9 220 rs6475025 16289428 2 -8.630199676915584e-4 16287778 16325026 37248
9 881 rs9696009 126619233 1 -8.62659511432742e-4 126619233 126749631 130398
9 615 rs7859968 93840753 1 8.429260966182229e-4 93724516 93842021 117505
9 892 rs10217721 128810846 4 8.419524895422878e-4 128788342 128816587 28245
9 393 rs16933784 36944882 4 -8.365146873818615e-4 36878774 36944882 66108
9 634 rs12379483 96973995 4 -8.139341756269291e-4 96913764 97261572 347808
9 366 rs992710 32310726 2 7.977660659188143e-4 32267867 32328019 60152
9 756 rs11791314 113141959 5 7.91617999893611e-4 113103292 113252011 148719
9 375 rs3860989 33460141 4 7.644730924855311e-4 33420008 33478434 58426
9 735 rs687992 110929030 1 7.639004126725633e-4 110885479 110929030 43551
9 211 rs688254 15335853 1 7.634964495806349e-4 15310704 15336653 25949
9 738 rs9918937 111277519 4 -7.49573108803003e-4 111160310 111281324 121014
9 243 rs6475232 18580905 2 7.447074992674964e-4 18424272 18580905 156633
9 464 rs2990413 78332803 2 7.373721032633689e-4 78314854 78332861 18007
9 924 rs1228439 132352178 1 7.228318711131026e-4 132336394 132352178 15784
9 146 rs10978079 9909795 1 7.222854254280966e-4 9908722 9910993 2271
9 884 rs2807602 126888457 3 7.220903272039149e-4 126871299 126920280 48981
9 710 rs6477477 108632678 3 7.195939507451272e-4 108457806 108733453 275647
9 89 rs10815237 5485166 2 7.184049513396328e-4 5484418 5512522 28104
9 408 rs2381871 38426961 5 7.161270375050056e-4 38404352 38466944 62592
9 743 rs2139350 111928593 4 -7.101802743000019e-4 111647581 111961389 313808
9 493 rs10867178 80924008 1 -7.073092575832634e-4 80918420 80958922 40502
9 598 rs7864748 91713387 5 -6.894114666173635e-4 91680600 91953252 272652
9 537 rs10867954 85845746 1 6.855938042830648e-4 85812142 85863174 51032
9 320 rs7035912 26125099 1 6.832785945934482e-4 26058260 26155894 97634
9 125 rs72694737 8497250 1 6.779084116438682e-4 8458811 8546095 87284
9 636 rs1530331 97620602 4 -6.676880145506103e-4 97429160 97651128 221968
9 417 rs12378665 71597840 1 6.567907655547822e-4 71595965 71606315 10350
9 452 rs11143958 77010681 1 6.551789135128469e-4 77002414 77224424 222010
9 209 rs527634 15201745 4 6.472637342364461e-4 15150372 15229622 79250
9 960 rs7037570 135296341 1 -6.375287689193085e-4 135296341 135296341 0
9 143 rs2382056 9785685 2 -6.21674220480201e-4 9704501 9790222 85721
9 1028 rs10867123 140432318 2 6.20538003833163e-4 140422452 140432318 9866
9 92 rs7846809 5748232 4 -6.170016696588339e-4 5687387 5864988 177601
9 557 rs11140942 87984634 3 -6.025743054864173e-4 87909739 87995971 86232
9 433 rs10116204 74052978 1 6.014185911754016e-4 73995267 74072841 77574
9 916 rs7048616 131996947 1 5.984285287385868e-4 131992861 131996962 4101
9 403 rs2810723 38244221 1 5.963278273951828e-4 38232043 38252526 20483
9 749 rs10816855 112451003 1 5.917788386056223e-4 112418293 112512382 94089
9 122 rs1155271 8312169 3 5.883255712149664e-4 8269073 8373735 104662
9 490 rs11145506 80264584 1 -5.872549578784835e-4 80264584 80264584 0
9 858 rs10217648 124380922 1 -5.810695351286946e-4 124379788 124380922 1134
9 774 rs4978512 115660368 2 -5.745958571851165e-4 115633479 115667355 33876
9 1019 rs1717455 138985141 2 5.633154843407327e-4 138958552 138985434 26882
9 361 rs16917077 31532212 2 -5.415716503458468e-4 31454538 31573759 119221
9 228 rs10962725 16933037 2 5.38339050939288e-4 16931342 16971165 39823
9 164 rs10809527 11580309 1 -5.375915760223996e-4 11499438 11683901 184463
9 995 rs4842173 137718113 1 5.291329598495918e-4 137688657 137718113 29456
9 522 rs10867762 84086002 2 5.291269072027172e-4 84013508 84096178 82670
9 536 rs17308435 85793511 4 5.28211002139378e-4 85756459 85808708 52249
9 138 rs4357351 9223809 1 -5.275367123472545e-4 9197298 9269284 71986
9 206 rs1916314 14925706 3 5.263846514791689e-4 14906868 15059821 152953
9 56 rs10814271 3579891 1 -5.263717606837494e-4 3579891 3686568 106677
9 541 rs11140109 86078128 1 5.24970335462151e-4 86071342 86135188 63846
9 322 rs10812394 26433751 1 5.236325799125866e-4 26324013 26433751 109738
9 828 rs10983712 120368736 6 5.184816791424388e-4 120331278 120464725 133447
9 754 rs10816943 112983819 1 -5.162120170924512e-4 112891853 113008574 116721
9 561 rs7018466 88477869 1 -5.079231077022205e-4 88123347 88530072 406725
9 1 rs7020261 316247 2 5.078677939604989e-4 279149 336186 57037
9 448 rs13288902 76334135 4 -5.072005449375025e-4 76224560 76385522 160962
9 388 rs3780350 36639442 2 4.932831997102871e-4 36639442 36639442 0
9 105 rs11792571 7370794 2 -4.898883479255765e-4 7315798 7373868 58070
9 529 rs2378592 84495227 1 -4.775040044044808e-4 84473474 84495608 22134
9 174 rs2182549 12795679 1 -4.703279899028528e-4 12794833 12818455 23622
9 350 rs12380193 29533691 1 4.695859341168375e-4 29435030 29594461 159431
9 859 rs7047340 124441404 2 4.6384850629909417e-4 124422403 124457949 35546
9 235 rs10963190 17662411 1 -4.6366995450496166e-4 17633023 17736342 103319
9 516 rs11138659 83048003 4 4.48976962141712e-4 83048003 83115815 67812
9 838 rs12376255 121724665 1 -4.48932772782331e-4 121547660 121759567 211907
9 218 rs9407730 16231985 1 4.4881907341116407e-4 16221771 16233085 11314
9 349 rs16914695 29336303 3 -4.44724909054984e-4 29297803 29431179 133376
9 926 rs7866070 132444099 1 -4.4413966614499975e-4 132436381 132478092 41711
9 512 rs10746608 82536663 1 -4.4256255460483463e-4 82536522 82582993 46471
9 793 rs2060129 116983847 2 -4.4193158064510216e-4 116983847 117011595 27748
9 153 rs1855850 10480030 1 -4.405400713870168e-4 10478387 10480030 1643
9 775 rs10817407 115684234 4 -4.402947309096266e-4 115678033 115684234 6201
9 488 rs3824405 80076442 2 -4.3376165211477506e-4 80075134 80124810 49676
9 133 rs7871755 9000709 1 -4.24404113260294e-4 9000033 9000709 676
9 676 rs10760793 104128527 3 -4.153809822064446e-4 103976442 104137818 161376
9 520 rs7867933 83850716 1 4.135877933226461e-4 83796167 83928836 132669
9 979 rs12552884 136680815 2 -4.121112864224597e-4 136643994 136681696 37702
9 741 rs10512387 111551724 1 4.067359838864875e-4 111511992 111577140 65148
9 456 rs9776041 77742844 1 -4.06139661594801e-4 77545238 77755469 210231
9 207 rs4741450 15078040 1 3.986690465020466e-4 15075185 15083039 7854
9 9 rs1322984 916220 1 -3.957547363564227e-4 916220 924525 8305
9 302 rs16908586 24605254 1 -3.870487497790262e-4 24539632 24671257 131625
9 975 rs5320 136507473 1 3.835274848246144e-4 136503819 136509370 5551
9 534 rs7038698 85506296 2 3.813843244338117e-4 85460807 85574053 113246
9 483 rs7031918 79511499 2 -3.753389640324634e-4 79511499 79537871 26372
9 991 rs9409898 137406529 1 -3.738568893080895e-4 137382629 137406638 24009
9 163 rs10809488 11467111 1 -3.728065746928755e-4 11305052 11471766 166714
9 658 rs10986084 101147503 1 3.726274874400192e-4 101147503 101147503 0
9 424 rs4487842 72568962 3 -3.723263766162276e-4 72523453 72648582 125129
9 1013 rs10776824 138471546 2 -3.7060181713780254e-4 138463166 138475150 11984
9 863 rs4837936 124810592 2 3.667299463922099e-4 124697877 124869062 171185
9 564 rs791323 88959938 1 -3.6626114341704126e-4 88959938 89022298 62360
9 786 rs10982017 116722693 4 3.6366063860129914e-4 116507666 116723488 215822
9 540 rs3860902 85959871 3 -3.564088439298827e-4 85959871 86055337 95466
9 23 rs10756623 1499001 1 3.5604097724778e-4 1499001 1610367 111366
9 259 rs7849437 19857154 1 3.524293370458124e-4 19792882 19857154 64272
9 806 rs10759828 118634305 1 3.459554597286014e-4 118585450 118665465 80015
9 151 rs16925740 10293792 2 3.3751694680659596e-4 10284628 10341540 56912
9 87 rs1535453 5410624 1 3.3488603098543867e-4 5389122 5435709 46587
9 494 rs12376992 81059643 1 -3.3415047666514563e-4 80968877 81064328 95451
9 229 rs1487499 17014026 1 -3.233195628307724e-4 16998232 17130360 132128
9 628 rs41296061 96051100 3 3.205939117925183e-4 95930572 96144349 213777
9 242 rs4961644 18395376 1 3.201852715581775e-4 18395376 18395376 0
9 747 rs1109478 112281863 2 3.201483155723959e-4 112199506 112354798 155292
9 928 rs11998910 132541344 1 3.168331242340419e-4 132539425 132541344 1919
9 719 rs7864018 109895391 1 -3.126204693507385e-4 109812226 109942554 130328
9 91 rs4740820 5610381 1 3.0985851304168703e-4 5610381 5610381 0
9 814 rs16933690 119339463 1 -3.0537807891742774e-4 119285144 119482114 196970
9 530 rs1411664 85106906 2 3.0037145142386505e-4 84589869 85135915 546046
9 763 rs17205494 113890473 1 -2.9583485027013243e-4 113864545 113901309 36764
9 26 rs7020364 1842469 1 2.957217443779096e-4 1818518 1842469 23951
9 502 rs7867093 81518152 1 2.925920201762006e-4 81518152 81574729 56577
9 744 rs1879069 111991700 1 2.855337768548934e-4 111991700 111991700 0
9 441 rs4745167 74745434 2 2.839359966308173e-4 74679126 74797309 118183
9 709 rs10120372 108440542 2 2.829778517299081e-4 108417743 108440542 22799
9 324 rs10511787 26582312 1 2.8212292426714724e-4 26555763 26629382 73619
9 713 rs17290816 109175575 1 2.818234515255467e-4 109175575 109260333 84758
9 724 rs7041758 110280496 1 -2.812007363932463e-4 110280496 110318782 38286
9 716 rs4237185 109542204 1 2.8077910786147555e-4 109529338 109542204 12866
9 333 rs13290599 27533001 4 -2.8062307465912385e-4 27488092 27580674 92582
9 854 rs1359329 123370985 2 -2.804755241775837e-4 123370985 123633948 262963
9 159 rs3904270 10856892 1 -2.789283608722278e-4 10770620 10856892 86272
9 150 rs294830 10196809 3 -2.756862338275563e-4 10192290 10277319 85029
9 949 rs4076428 134353724 1 -2.7462333719216264e-4 134258779 134402338 143559
9 860 rs7858071 124572031 2 -2.724327894080281e-4 124560853 124572031 11178
9 977 rs2073817 136559460 1 2.709875179663967e-4 136559460 136592342 32882
9 631 rs10114476 96631459 1 -2.662613476297853e-4 96631459 96661535 30076
9 94 rs2890704 6184165 1 -2.639280154808142e-4 6161686 6213387 51701
9 124 rs1323588 8453781 1 -2.6262053191853903e-4 8436963 8453781 16818
9 479 rs700802 79234712 2 2.619014320862681e-4 79225259 79236165 10906
9 673 rs7868230 103598789 1 -2.614083913021443e-4 103558414 103787416 229002
9 376 rs307682 33973324 2 2.577478353711551e-4 33617310 34085859 468549
9 318 rs1219942 25919851 1 2.5642121264930084e-4 25902763 25919851 17088
9 319 rs1332339 25956931 1 2.4880144879127063e-4 25956931 26034790 77859
9 337 rs4581139 27860390 1 -2.4849797801437123e-4 27845760 27860390 14630
9 347 rs7847631 29024894 1 -2.4492947862603606e-4 28882697 29192125 309428
9 659 rs4743222 101188123 1 -2.3963813130394737e-4 101179298 101238974 59676
9 343 rs10968554 28391010 2 -2.3808878106947623e-4 28358436 28400979 42543
9 326 rs10967701 27083814 2 2.345664870667364e-4 26760477 27112311 351834
9 265 rs7021788 20295863 2 2.324335660529875e-4 20289153 20323424 34271
9 346 rs10968773 28795700 5 2.3111161112996867e-4 28772999 28879500 106501
9 246 rs10963760 18787794 1 -2.21976868912628e-4 18776784 18796886 20102
9 766 rs7875749 114387135 1 2.213383138703258e-4 114342378 114387135 44757
9 961 rs569434 135344407 1 -2.1904653407314351e-4 135331958 135351031 19073
9 836 rs1335254 121400064 1 2.1888313243004207e-4 121370958 121468282 97324
9 803 rs10982691 118104142 2 2.1378777940024e-4 118081458 118121424 39966
9 762 rs2900522 113844435 3 2.137279813348344e-4 113792706 113850877 58171
9 139 rs1412885 9294304 1 -2.1236470808126885e-4 9294304 9363616 69312
9 668 rs334353 101908365 2 -2.066003140009656e-4 101908365 101984146 75781
9 725 rs4979136 110360883 1 2.0361720441769695e-4 110360883 110365337 4454
9 817 rs10124883 119616074 1 -2.018273842023905e-4 119572218 119632617 60399
9 823 rs10465132 120007625 1 1.9922589647233672e-4 119956288 120029861 73573
9 797 rs725340 117249874 2 -1.9446774943695e-4 117249874 117275129 25255
9 946 rs45628035 133901752 1 -1.8917745679561843e-4 133901752 133901752 0
9 714 rs7018699 109296536 1 -1.8789607827170528e-4 109273253 109296536 23283
9 691 rs16922886 106153263 1 -1.8749179347716017e-4 106081379 106169268 87889
9 341 rs4604546 28215694 1 1.8204423627176113e-4 28111873 28220635 108762
9 365 rs10970826 32176938 1 1.811669019885692e-4 32137678 32234067 96389
9 985 rs2789864 136852891 2 -1.7631622969246702e-4 136852891 136852891 0
9 86 rs2181146 5360293 5 -1.7593030227637115e-4 5306824 5364592 57768
9 767 rs10981018 114461077 1 1.719803747929899e-4 114406649 114577770 171121
9 340 rs10968337 28086683 4 -1.692186499354369e-4 28040264 28087657 47393
9 674 rs10819899 103859537 1 -1.6866631591540862e-4 103829867 103871680 41813
9 685 rs7034261 105363327 1 -1.638800741313891e-4 105173098 105414477 241379
9 294 rs983967 23608791 2 -1.6364439506085502e-4 23608349 23645189 36840
9 226 rs10962619 16815861 1 1.5798514243388717e-4 16761597 16815861 54264
9 50 rs2327699 3014702 1 -1.395697723832043e-4 3012175 3015465 3290
9 827 rs495062 120299808 1 -1.386788615017189e-4 120275159 120299808 24649
9 819 rs10817976 119780936 2 1.3486390277265268e-4 119771893 119799584 27691
9 270 rs2383176 21061642 1 -1.3315479410141485e-4 20988423 21097135 108712
9 425 rs4744982 72749590 1 -1.308160906323259e-4 72679678 72978218 298540
9 740 rs13289732 111387462 2 1.2773090551734573e-4 111387353 111469933 82580
9 410 rs11790597 38646995 1 1.2439625837347125e-4 38646995 38671889 24894
9 638 rs7389278 98172085 1 -1.23059190515374e-4 98171417 98266370 94953
9 920 rs11789821 132150995 1 -1.2160860589809048e-4 132150995 132162470 11475
9 486 rs11793898 79706284 1 1.2131425175689704e-4 79689203 79714137 24934
9 172 rs11791497 12687872 2 1.1778081323522146e-4 12593124 12716172 123048
9 386 rs1408469 36066220 1 -1.1709009257756185e-4 36036003 36137513 101510
9 848 rs6478444 122681580 3 -1.1081119384736236e-4 122681580 122779915 98335
9 830 rs1927924 120559976 3 1.0859375990944346e-4 120539470 120591239 51769
9 811 rs13298102 119022802 1 1.0634097833554296e-4 119022802 119022802 0
9 907 rs41421145 130612459 1 9.856470337085348e-5 130612218 130619637 7419
9 276 rs4478653 21853221 1 9.720958384843882e-5 21785660 21925855 140195
9 263 rs1889245 20180613 1 9.680443533005766e-5 20178680 20180613 1933
9 611 rs689637 93351821 1 -9.629228100123996e-5 93332475 93418243 85768
9 459 rs12004565 77992822 1 -9.429345073442706e-5 77988304 78061301 72997
9 660 rs1999498 101308111 1 9.195759842202104e-5 101277609 101328200 50591
9 829 rs7027711 120524178 1 9.099379191428244e-5 120475302 120524178 48876
9 5 rs10815466 680714 1 9.054462492781346e-5 635677 682528 46851
9 219 rs7040587 16256964 1 -9.018538562718484e-5 16256964 16256964 0
9 181 rs7045485 13393739 2 -8.542151662456108e-5 13393739 13492623 98884
9 717 rs7027110 109599046 1 8.20277912114778e-5 109557941 109658333 100392
9 525 rs12551040 84256984 1 -7.687140376802973e-5 84256984 84256984 0
9 565 rs7038873 89062045 1 -6.428524112217371e-5 89029703 89063984 34281
9 353 rs9298912 29985893 1 -6.187075762980239e-5 29938935 30068009 129074
9 95 rs7034801 6322415 1 -5.965901288412669e-5 6219176 6495789 276613
9 809 rs204505 118887949 2 -5.866180833786192e-5 118887949 118887949 0
9 303 rs10124916 24756027 1 -5.641564270648478e-5 24733226 24756027 22801
9 288 rs1227466 23181445 1 5.299671582764932e-5 23181445 23226243 44798
9 503 rs7871268 81680914 2 5.1774950110039874e-5 81632946 81720891 87945
9 387 rs117143733 36169894 1 5.141835105550046e-5 36160040 36318240 158200
9 501 rs11137879 81476382 1 -4.987146699825286e-5 81474084 81497316 23232
9 407 rs1555480 38386351 2 4.814006608116464e-5 38384578 38396065 11487
9 772 rs4979106 115134357 4 -4.749298512057203e-5 114931106 115375153 444047
9 665 rs1028653 101651948 1 -3.866052820720841e-5 101634716 101655952 21236
9 43 rs4741738 2583439 1 3.78874633560894e-5 2583439 2618969 35530
9 199 rs1343705 14610866 1 3.441149430017269e-5 14585052 14694372 109320
9 114 rs4740916 7806697 1 3.34021197820418e-5 7793309 7814465 21156
9 656 rs10985825 101072843 1 3.278541013601246e-5 100988477 101072843 84366
9 78 rs2146423 4657040 1 -3.078696819047044e-5 4645935 4657040 11105
9 162 rs10809375 11191795 1 -2.9772579534079385e-5 11114781 11254070 139289
9 781 rs1043836 116136198 1 2.926804753886967e-5 116136198 116148630 12432
9 299 rs4977912 24091818 4 -2.7879153721646708e-5 24034180 24125018 90838
9 869 rs10306202 125159521 2 -2.007140942636906e-5 125143973 125159521 15548
9 156 rs7048007 10635719 1 -1.8585918576553925e-5 10634079 10673850 39771
9 590 rs12377675 90925255 1 -1.7902096840572873e-5 90917641 90945833 28192
9 149 rs433922 10099327 2 1.4877260661690312e-5 10061106 10178560 117454
9 165 rs10960317 11848457 1 6.153205040224554e-6 11695785 11850283 154498
9 577 rs2314 90036219 1 1.8438893949003269e-6 90036219 90036219 0
9 796 rs10982218 117200140 1 6.158389322548254e-7 117102046 117214909 112863
