CHR Group SNP.lead BP.lead Size W BP.min BP.max BP.width
2 417 rs10931468 191538562 12 0.16146462317751867 191504064 191935804 431740
2 416 rs4638823 191312906 6 0.08558017631974645 190959523 191469731 510208
2 436 rs3181113 204601910 11 0.08040457882211963 204459206 204802578 343372
2 316 rs842362 135341120 11 0.06594355270772825 135341120 136590558 1249438
2 38 rs10174949 8442248 6 0.06210384040978112 8438959 8561739 122780
2 93 rs7583409 25491056 6 0.05143053040619597 25491056 26191296 700240
2 177 rs1186706 61673394 13 0.05016197373395493 60972786 62474984 1502198
2 268 rs11694541 114509074 9 0.0483183928368331 114432293 114784936 352643
2 297 rs6725404 128972833 7 0.04786088976010054 128465547 129118215 652668
2 318 rs4434047 137452607 28 0.04689365639450231 137061077 137756717 695640
2 500 rs2048054 228652347 5 0.04532807499567855 228622128 228776938 154810
