CHR Group SNP.lead BP.lead Size W BP.min BP.max BP.width
4 235 rs7665090 103551603 6 0.1193139937909536 103448582 104340317 891735
4 136 rs4695248 47555196 17 0.05595454031366354 47421325 48222818 801493
4 379 rs11733331 175076940 5 0.04536556709621937 174873969 175076940 202971
4 1 rs3755963 894255 8 0.04511313412700518 712222 941290 229068
4 230 rs6849832 101120472 10 0.0401480113123488 100740709 101179982 439273
4 169 rs1371863 68192816 8 0.03159852435731057 68061633 68629070 567437
4 173 rs4600889 72337490 3 0.03129825913948887 71629537 72412029 782492
4 234 rs10049581 103192893 13 0.02968217083344657 102714886 103374154 659268
4 238 rs7678440 106178902 12 0.02967797901188944 105872720 106472577 599857
4 191 rs13109882 81469618 5 -0.02836384020018378 81225455 81829660 604205
4 361 rs4147034 166453722 4 0.02658316909459909 166453722 166679175 225453
4 24 rs16838780 6417785 4 0.02520622310193819 6401102 6507841 106739
4 187 rs147332320 79176444 9 0.02456197647935967 79118533 79846570 728037
4 116 rs630428 38121363 11 0.02435530893740916 37903382 38193772 290390
4 29 rs6836687 7151812 3 0.02332011676425097 7146033 7183984 37951
4 333 rs2404903 155071496 2 0.02324688535835485 155062069 155542248 480179
4 61 rs2697707 17427573 7 0.02296216670723383 17385551 17550349 164798
4 5 rs4690055 2748663 3 0.02279144186623542 2332705 2826400 493695
4 40 rs4697909 9896760 7 0.02146231177565019 9371116 10388610 1017494
4 383 rs10461336 176391372 1 -0.02077256040326764 176200230 176391372 191142
4 334 rs7691720 155739051 1 -0.02073187360940343 155580418 155766258 185840
4 295 rs1589127 137885582 9 0.02032289579982575 137650213 137964269 314056
4 53 rs10155296 15175539 4 0.02026501185782847 14872639 15223639 351000
4 266 rs1587734 120809455 8 0.02018923413041251 120704766 121371794 667028
4 310 rs4690760 143972745 2 -0.01957742809113064 143450575 144406061 955486
4 114 rs6816980 37417596 6 0.01947106564332531 37390658 37648845 258187
4 421 rs6812958 185325242 5 0.01900004162690004 185278885 185353799 74914
4 371 rs10213032 171009360 5 0.01858624675067144 170754412 171244684 490272
4 89 rs6855865 27011357 4 0.01839626779106421 26498513 27045049 546536
4 76 rs1316862 23976060 6 -0.01837311398763614 23957254 24264901 307647
4 344 rs6849580 159950990 6 0.0183536036057008 159206103 160350425 1144322
4 47 rs2903351 12707180 11 0.01816741323606803 12361202 13002341 641139
4 331 rs6535930 154540056 3 0.01812473951817782 154513627 154726634 213007
4 155 rs2880170 60581437 7 -0.01745688637607675 59988095 60681208 693113
4 180 rs10008757 76903036 17 0.0173360066626834 76769442 77128026 358584
4 93 rs13110484 27757391 8 0.01719199964775803 27715503 27948005 232502
4 205 rs447990 88033352 15 0.01718196199504233 86935890 88148812 1212922
4 199 rs721461 84793018 4 -0.01706884541508892 84374480 84793814 419334
4 340 rs1521703 157449624 9 0.01524553594595393 157166746 157574035 407289
4 272 rs6836610 123601697 4 0.01485005278371398 123578850 124242996 664146
4 95 rs1402492 28923633 2 -0.01481243145654655 28901589 29095909 194320
4 184 rs6835713 78168932 3 -0.01475598643701007 78069066 78330433 261367
4 280 rs1471556 128096615 12 0.01464718945622245 127283300 128167093 883793
4 200 rs2091745 84961080 1 0.01435541773224388 84831724 85056551 224827
4 398 rs1546680 180411508 2 0.01421240570697137 180313511 180542333 228822
4 315 rs6537382 146867376 2 0.01417704237867 146685889 146870683 184794
4 181 rs10025494 77189380 11 0.01412918790428982 77139510 77701909 562399
4 165 rs4364313 66289167 7 0.01405656533851544 65613269 66576310 963041
4 392 rs10011916 178711450 10 -0.01397060679295423 178646542 178979494 332952
4 290 rs1486993 135290385 1 -0.01370749072261244 134409421 135440831 1031410
4 48 rs10008923 13213672 4 0.01344011632063937 13023307 13526386 503079
4 150 rs12642622 57902276 5 0.01331468320619335 57686657 57948187 261530
4 324 rs6839352 151887280 7 0.01327319253812707 150955500 152147441 1191941
4 141 rs17230634 55480024 3 0.01324709145307105 55434828 55643116 208288
4 67 rs522501 20497277 2 -0.01313694170028926 20467767 20585883 118116
4 381 rs7685956 175422196 5 0.01284058481302201 175246203 175617314 371111
4 423 rs12650715 185776850 4 0.01266656668798002 185491838 185791901 300063
4 252 rs78336146 113468564 10 -0.01216852845635931 113248536 113779891 531355
4 211 rs12505696 89931070 4 -0.01202924628474365 89751858 90116432 364574
4 194 rs6819863 82667620 6 0.01192785953419548 82659400 83045736 386336
4 318 rs17612742 148414651 10 0.01190439675054679 147941013 148491480 550467
4 380 rs12651020 175121923 2 0.01175861747088435 175103590 175126378 22788
4 370 rs6553418 170019039 2 0.01168745171252259 169979856 170676328 696472
4 297 rs5020420 138333658 10 -0.011557240972465299 138238306 138520936 282630
4 322 rs10019047 150459436 1 0.01154768379725386 149742690 150576943 834253
4 391 rs17749802 178520166 4 0.01131005865010501 178317692 178598308 280616
4 382 rs13130150 175876473 11 0.01117831949010077 175667606 176110924 443318
4 363 rs4596200 167368812 4 -0.01099990290559982 167104872 167540460 435588
4 10 rs2980164 4297389 7 0.01083791311087856 4207366 4360381 153015
4 328 rs7664303 153829996 1 0.01075102280956052 153629791 153958198 328407
4 171 rs72552708 70512721 4 -0.01073049790279608 69646009 70516520 870511
4 373 rs12505546 172228547 6 0.01060540424978012 171788150 172540259 752109
4 58 rs283029 16698184 4 0.01059731270172768 16698184 16786858 88674
4 377 rs4695849 174471671 5 -0.01027114773581511 173962425 174471671 509246
4 35 rs12641498 7917574 8 0.01007440927174562 7714212 7992749 278537
4 62 rs740672 17782264 7 0.0100253096999443 17643848 18203435 559587
4 138 rs4864715 53907444 10 -0.00999662781045295 53893156 54638662 745506
4 270 rs6534309 122609929 6 0.00986066429978611 122473563 122653300 179737
4 256 rs17592440 114472402 4 -0.0096434298139643 114332705 114594271 261566
4 133 rs4326040 44870506 10 0.0095401436598318 43968054 44935266 967212
4 140 rs17747127 55241063 4 0.009495585365328 55049751 55424655 374904
4 201 rs1442164 85274948 3 0.00940165864179739 85090749 85430800 340051
4 122 rs16995300 39478264 8 0.00937348075054215 39452290 40139719 687429
4 135 rs4695140 45975343 15 -0.00935270664936556 45737256 47406635 1669379
4 347 rs1946869 161386383 11 -0.00930433640349021 161116677 161699005 582328
4 197 rs2868729 84147407 5 0.00926007046929683 84013509 84216941 203432
4 320 rs12650033 148987187 6 0.00908835578314501 148884189 149131264 247075
4 237 rs574966 105534056 16 0.00908678712972608 104944893 105716540 771647
4 271 rs4833811 123027723 12 0.0090057912327835 122659704 123563078 903374
4 289 rs12501689 133786573 3 -0.00899863551650134 133772334 134335871 563537
4 349 rs12512822 162461996 8 0.00887019344253178 162220823 162607930 387107
4 244 rs2198329 109774351 2 -0.00881100230365572 109672194 109870169 197975
4 144 rs11729403 56267182 8 0.00848786511452179 55997340 56527767 530427
4 414 rs4602536 184298419 7 -0.00836353248141989 184292528 184415338 122810
4 152 rs34982972 58570597 5 0.00827998080391321 58296826 58670994 374168
4 325 rs361191 152761633 10 0.00810331853288346 152172980 152991825 818845
4 430 rs6852642 186917039 2 0.00804575413968353 186893350 186972741 79391
4 112 rs9995922 36317970 7 0.00803698980758329 36310049 36656080 346031
4 303 rs1350038 140744599 2 0.0078405900610244 140724600 140985905 261305
4 175 rs6840693 73796573 5 -0.00775318404689801 73311640 74528627 1216987
4 246 rs61745483 110773048 6 0.00769766366446087 110663642 111055435 391793
4 435 rs9998558 187874691 1 -0.00763875180240723 187860363 187946831 86468
4 74 rs13118539 23631863 2 0.00757232249922895 23346349 23759757 413408
4 42 rs10516217 10973261 4 0.00754594098547185 10706422 11050420 343998
4 248 rs17625855 111288254 4 -0.0073780865662255 111269842 111463277 193435
4 75 rs2932965 23805486 4 0.00735744528907199 23805486 23921453 115967
4 215 rs11727861 91700548 7 -0.00735363428060313 91315436 91974658 659222
4 408 rs9312290 183067139 2 0.00730465097835641 182964412 183111871 147459
4 285 rs6836368 130751286 8 0.00715937938528542 130373727 131062875 689148
4 397 rs7681905 180172956 2 -0.00712834326132341 180131863 180298293 166430
4 118 rs6531631 38396739 8 0.00701206472374186 38308761 38548187 239426
4 189 rs9991949 80634958 6 0.00698954596486385 80272792 80959926 687134
4 432 rs9999651 187366649 8 0.00688263142451814 187247089 187388958 141869
4 293 rs2897153 137105336 4 0.0066499149097643 136570132 137359917 789785
4 369 rs1392750 169745078 4 0.00664349776996246 169689516 169928842 239326
4 300 rs10020229 139687856 2 0.00655517334664285 139567815 139717020 149205
4 228 rs729147 100333267 6 -0.00654512151592152 99719961 100335586 615625
4 55 rs4698433 15964863 10 -0.00620603357053029 15930961 16034634 103673
4 147 rs11732236 57132047 3 0.00618812634780886 57116323 57162619 46296
4 261 rs10024264 117468423 4 0.00617022101987527 117245430 117475813 230383
4 357 rs12513081 165490671 2 0.00616675540304636 165490671 165516166 25495
4 41 rs17383444 10621516 7 -0.00605414830498758 10419465 10693222 273757
4 186 rs6845871 79048490 4 0.00601056949230945 78655778 79048490 392712
4 265 rs6828669 119947135 5 -0.00591411445757535 119947135 120695322 748187
4 365 rs11132983 168256989 3 0.00586161510374322 168256989 168390470 133481
4 358 rs11724238 165607558 5 -0.00577020084070614 165576740 165800154 223414
4 336 rs1155097 156414715 4 0.00575108744416767 156051299 156517289 465990
4 94 rs2131464 28795758 7 -0.00563202020271275 27975847 28863159 887312
4 312 rs11944404 145670871 3 -0.00545869450231793 145210834 145986668 775834
4 70 rs11730849 21438786 7 0.00533044128580465 21425057 21689430 264373
4 156 rs1378566 61264831 3 0.00532338893299666 60751868 61370159 618291
4 332 rs6813540 154930494 4 -0.00524615226540544 154787090 155008496 221406
4 13 rs1010776 4942150 3 -0.00520682124236492 4888990 4984192 95202
4 111 rs13152028 36060318 2 0.00518135475461115 36046629 36293143 246514
4 308 rs3098027 142204581 5 0.00513758131799033 142117424 142797440 680016
4 243 rs1003169 109176161 3 0.00512646888211139 109163035 109517946 354911
4 4 rs2236998 2256716 6 0.00512403886424886 1996670 2275835 279165
4 182 rs17002218 77725091 1 -0.0050294866813806 77725091 77763831 38740
4 217 rs4455379 92673841 15 0.00501846336642859 92651110 94159658 1508548
4 102 rs4692508 31354090 6 -0.00499450141301063 31319406 31758426 439020
4 305 rs3104107 141449275 4 0.00495476318696955 141181146 141537771 356625
4 275 rs7695058 125826626 5 -0.00493149348818265 125512711 125856465 343754
4 0 rs6817633 181832 3 0.00492353799018248 85422 658089 572667
4 277 rs4834060 126572145 10 0.00491608676198802 126239986 126696308 456322
4 65 rs12650682 19942443 5 -0.00490575995253999 19092157 20064263 972106
4 253 rs1354681 113954926 2 -0.00489162087099149 113916575 114019871 103296
4 367 rs590272 169181074 4 0.00484045456244091 168985670 169401199 415529
4 90 rs2041627 27102429 4 0.00482801271264706 27060775 27254091 193316
4 157 rs1486492 61830190 4 0.00481313435173265 61395456 61836190 440734
4 330 rs6810447 154461884 4 0.00479868108180435 154138086 154469214 331128
4 6 rs6855981 3148276 4 -0.00471193059949071 2906285 3526645 620360
4 166 rs6847427 66786055 3 0.00469574828371053 66610307 67029494 419187
4 54 rs4303974 15375984 6 0.00460401610727753 15369280 15896341 527061
4 45 rs6828619 11666971 6 -0.00459907564876155 11547681 11956720 409039
4 103 rs6813096 31895086 5 -0.00459642440624735 31784698 32315731 531033
4 356 rs17675820 165035159 5 -0.00458448608696526 164797386 165404456 607070
4 342 rs4234914 158468178 3 0.00455911198282929 158131579 158669702 538123
4 257 rs7662446 114702819 6 0.00451970239789971 114626620 114898691 272071
4 227 rs11097632 99687168 6 -0.00450812854735341 99541283 99703142 161859
4 72 rs358238 22812879 3 -0.00446183369278506 22530016 22812879 282863
4 131 rs923309 42376356 4 0.00444893617903684 42368901 42975329 606428
4 247 rs7697518 111151421 2 -0.00439433948926576 111072985 111252829 179844
4 16 rs7678335 5452895 1 0.00430006877181599 5413525 5629298 215773
4 63 rs1568234 18789372 5 -0.0042648369828001 18277716 18803502 525786
4 242 rs4956159 109050217 8 -0.00425717805094913 108611941 109111726 499785
4 311 rs1808991 144792959 5 0.00424259166391016 144451912 145141405 689493
4 258 rs10020382 114985792 2 -0.00421164233705352 114938478 115271601 333123
4 395 rs6816550 179790822 2 0.00416659553573304 179563805 179930635 366830
4 442 rs2377458 189756940 4 0.00416645461150419 189584353 189885883 301530
4 100 rs13115999 30641018 5 0.00413593334866149 30455150 31017642 562492
4 410 rs6552568 183449806 3 0.00413015158315637 183272312 183504017 231705
4 179 rs1391010 76081553 11 0.00410714451184717 75992533 76730195 737662
4 214 rs3775442 90715231 7 0.00408682682015994 90516679 91289294 772615
4 440 rs952719 189271272 1 0.00406608179334821 189166087 189344863 178776
4 113 rs1870504 36847609 7 -0.00402365486013328 36684936 37335699 650763
4 174 rs1453458 72425863 5 -0.00398475698736634 72425863 73146274 720411
4 11 rs12512085 4372439 2 0.00389457968665662 4372439 4562916 190477
4 394 rs17066352 179482420 8 -0.0038219391068297 179399523 179541387 141864
4 309 rs17015594 143075715 8 0.00381854910949418 142848136 143406773 558637
4 401 rs17069022 181161490 3 -0.00380066567785037 181153885 181350463 196578
4 56 rs10516295 16064027 12 0.00375780027595372 16063055 16513748 450693
4 190 rs13119154 81069624 3 -0.00371647813159548 80993133 81200645 207512
4 188 rs1484140 80234648 1 -0.00371072117623295 79914407 80234648 320241
4 245 rs4632736 110017206 4 -0.00370225858021541 109999116 110659067 659951
4 350 rs1388834 163019507 11 -0.00357630584129674 162651017 163149785 498768
4 362 rs904246 167044948 5 0.00357473111098688 166705990 167083575 377585
4 431 rs5974 187201211 7 -0.00357320231435218 186994039 187223583 229544
4 254 rs10022885 114038963 7 0.00349536380179481 114038963 114224764 185801
4 224 rs1506302 97263153 6 0.00347823981932751 96916758 97779789 863031
4 314 rs11100883 146450970 5 0.00343584675296326 146309232 146644389 335157
4 221 rs6826261 96047368 2 -0.0034280948039144 95948640 96200216 251576
4 158 rs6854914 62076443 3 0.00336585454905265 61903366 62140177 236811
4 164 rs10002861 64976578 6 -0.00325576380955943 64625606 65549349 923743
4 92 rs7697958 27614790 1 -0.00325316300158471 27584802 27680483 95681
4 207 rs2904178 88794008 16 -0.00324913899272509 88502642 88856733 354091
4 386 rs1106568 176861301 2 0.00322301625605498 176850196 177263983 413787
4 134 rs7659184 45133240 4 0.00317576094265571 45030609 45548380 517771
4 375 rs333384 173245389 2 0.00317241614027091 172929844 173356104 426260
4 292 rs4146972 136503631 2 0.00306399782972172 135831516 136549624 718108
4 149 rs12642085 57549528 3 0.00303377065715871 57516896 57629710 112814
4 80 rs4364247 24954586 5 -0.0029696283992846 24836416 25009491 173075
4 241 rs2672470 108464074 6 0.00296753922942433 108167905 108587771 419866
4 441 rs6826087 189475684 8 0.00296349256329812 189365509 189522110 156601
4 240 rs17549820 108118301 6 0.00293907654430865 107517238 108120955 603717
4 259 rs6820993 115897055 6 -0.00287027840642251 115368816 116029548 660732
4 50 rs7690022 13872720 8 0.00278290809895917 13824647 14026708 202061
4 291 rs13144694 135735591 2 -0.00270562152467194 135473527 135798890 325363
4 159 rs1350246 62276356 2 -0.0026771774306248 62258836 62739674 480838
4 87 rs1567649 26026002 2 0.00267456031161898 26016156 26175955 159799
4 129 rs6839810 41850006 1 -0.00263647145841588 41841334 42117173 275839
4 298 rs12374402 138678024 6 0.002616301788083 138577151 139183123 605972
4 78 rs12507254 24673420 2 0.00253513978733961 24528048 24736258 208210
4 108 rs10023150 34595824 3 0.00253353761846328 34370370 35128162 757792
4 82 rs316807 25310351 6 0.00249706844808658 25168417 25465970 297553
4 18 rs12331393 5759347 3 0.00249203476081308 5746620 5843328 96708
4 269 rs4833219 122449490 11 0.00242158219500827 122156142 122450475 294333
4 204 rs7696763 86829529 3 -0.00239012350271474 86615391 86847640 232249
4 339 rs13143174 157022492 4 0.00235013745822957 156787340 157152021 364681
4 286 rs1968821 131499397 3 0.00232885509271437 131127633 131596752 469119
4 225 rs7659471 97915370 8 0.00230679810102868 97889973 98432390 542417
4 360 rs12330937 166168419 1 -0.00223076407036229 166089111 166390220 301109
4 250 rs9307366 112233572 4 0.00221566922114452 111966090 112497952 531862
4 193 rs1037405 82347502 5 -0.00220470265363321 82347502 82624148 276646
4 294 rs10519392 137485929 1 0.00217713409217442 137413277 137597423 184146
4 284 rs186444 129825629 2 0.00216572441772421 129737089 130364383 627294
4 206 rs10006766 88160018 11 0.00213986663455802 88159940 88468852 308912
4 172 rs17838972 71357077 7 0.00212691313662589 70588741 71426541 837800
4 338 rs10517620 156676558 1 0.00210584949620583 156622727 156727377 104650
4 355 rs950565 164529829 1 -0.00209094667121602 164492395 164766062 273667
4 85 rs959903 25810096 2 0.0020773816187806 25758940 25863375 104435
4 399 rs12500438 180613345 4 0.00207683567088862 180564205 180687498 123293
4 387 rs2167095 177373302 1 0.00207275741020319 177328296 177607731 279435
4 219 rs17311887 95313228 7 0.00204673830829751 94793323 95589337 796014
4 268 rs3817171 122063735 7 0.00195916120779051 121645012 122143664 498652
4 422 rs2059516 185469914 1 -0.00190517696232421 185370066 185469914 99848
4 84 rs6448388 25654566 1 0.00190293000247618 25638736 25674194 35458
4 264 rs13140433 119093448 2 -0.00188118836209983 118941387 119902065 960678
4 212 rs518156 90137336 1 -0.001848356266601 90137336 90211918 74582
4 321 rs17484454 149209008 4 -0.00179279659780279 149170058 149713872 543814
4 236 rs6533126 104882439 2 0.00177596844804134 104414511 104882439 467928
4 44 rs7699705 11467103 2 -0.00177284838752789 11424898 11524263 99365
4 145 rs2593086 56835114 6 -0.00175695180284329 56551185 56874517 323332
4 105 rs6855223 32626298 2 0.00175241714905859 32609134 33055785 446651
4 208 rs2725264 89026109 5 0.0017291523675756 88889605 89228455 338850
4 15 rs989707 5210283 2 0.0017242351446098 5154673 5367985 213312
4 202 rs7685784 86074453 1 0.00170672728169575 85449323 86338233 888910
4 396 rs12643053 180051555 1 -0.00170669273380436 179942389 180085436 143047
4 316 rs9991712 146968904 2 -0.0016919806953432 146883385 147137951 254566
4 132 rs1369175 43714649 6 -0.00167668127362029 43019669 43951981 932312
4 222 rs4130507 96259062 3 0.00167381568059541 96255088 96434992 179904
4 160 rs9994927 63214913 3 -0.00166596038319392 62845490 63323188 477698
4 34 rs2079169 7685529 1 0.00163542222532756 7666180 7689152 22972
4 125 rs2437346 40831652 6 0.00159603699704829 40598634 40843288 244654
4 220 rs6812065 95626444 5 0.00158313589487163 95618987 95892128 273141
4 419 rs4862298 184988203 3 -0.00157493937476335 184875120 185062880 187760
4 109 rs6837097 35295899 2 -0.00153596735603916 35164369 35401416 237047
4 128 rs1061597 41691601 1 0.00152069051057414 41639999 41805686 165687
4 402 rs2546614 181426359 3 0.00150871497711931 181382631 181720229 337598
4 126 rs6817509 40885144 7 0.00150639916238388 40881353 41212997 331644
4 281 rs13134269 129412788 9 -0.00149836935165847 128367991 129471494 1103503
4 393 rs1458717 179114110 3 0.00147856321478469 179009622 179380467 370845
4 388 rs1545089 177854130 1 0.00144201099622075 177650866 177964148 313282
4 263 rs6852211 118445531 9 -0.00141955556912605 118244984 118870933 625949
4 195 rs13116695 83094251 2 0.00139936075119591 83094251 83457572 363321
4 127 rs11735648 41319962 3 0.00139664739601452 41222917 41526749 303832
4 307 rs6820265 141903402 1 -0.00138827179799918 141890683 141996416 105733
4 405 rs17071724 182458937 5 0.00137655709338857 182292227 182514392 222165
4 69 rs17448392 21189870 2 0.00137333603657246 20908415 21407759 499344
4 400 rs1870347 180824638 2 -0.00133685790041616 180696728 181108510 411782
4 374 rs1907084 172609720 1 -0.00131449386621343 172609720 172896473 286753
4 38 rs754740 8331956 6 0.00131373980847316 8320126 8554894 234768
4 323 rs12504006 150746787 1 0.00130048654299852 150678416 150924437 246021
4 409 rs7669106 183161639 1 -0.00129782879441124 183137216 183239761 102545
4 60 rs649405 17269405 4 -0.00127394432554214 17255650 17361114 105464
4 420 rs11724229 185128641 3 0.00126488615070076 185086713 185249147 162434
4 287 rs17051169 132177937 5 -0.00125469207334896 131629960 132794301 1164341
4 178 rs11734944 75681217 3 0.00123065290497592 75659256 75980925 321669
4 104 rs1454310 32398607 2 -0.00120510670849358 32368307 32588326 220019
4 301 rs4863633 140105381 2 -0.00120177141396432 139753601 140370149 616548
4 21 rs6446469 6168155 2 -0.00120045881383068 6109614 6168155 58541
4 168 rs7669686 68038559 3 -0.00114061040855626 67607007 68038559 431552
4 148 rs7667406 57503077 4 0.00111616539390025 57176832 57503077 326245
4 137 rs17051586 53463566 5 -0.00109669765596124 48229886 53778384 5548498
4 154 rs9942216 59843855 3 -0.00107446930731705 58967480 59953116 985636
4 163 rs10009133 64454716 1 0.00104773315440007 64174876 64473271 298395
4 267 rs4833652 121474572 2 -0.00104593153008353 121396721 121538689 141968
4 232 rs2645373 101904475 2 0.00103608366915003 101904205 102074134 169929
4 274 rs4833962 124897159 9 -0.00102342408917066 124395024 125465163 1070139
4 416 rs13124076 184546565 2 -0.00101028340568812 184546565 184641445 94880
4 96 rs13103446 29673019 5 -9.769010511612333e-4 29135608 29726094 590486
4 378 rs11941310 174705265 1 9.446431642663704e-4 174530927 174824576 293649
4 302 rs11940710 140637882 2 9.440371880174148e-4 140537671 140693870 156199
4 439 rs4862860 189022420 3 8.349370669600999e-4 188971489 189101773 130284
4 12 rs6840368 4645158 2 8.323566559748151e-4 4579042 4852354 273312
4 438 rs7439650 188904235 1 8.027304019024158e-4 188724806 188936629 211823
4 345 rs4690958 160766276 3 7.643682882101984e-4 160364016 160766276 402260
4 262 rs7675219 117689811 5 -7.624251441094476e-4 117569522 118218045 648523
4 124 rs10018317 40447356 2 -7.306319102687437e-4 40420437 40565469 145032
4 110 rs10517350 35673557 7 -7.203710394474618e-4 35410631 36015133 604502
4 329 rs10001638 154055176 4 7.109416172292208e-4 154000968 154087520 86552
4 98 rs2613180 30132119 2 6.873053883171736e-4 30132119 30161847 29728
4 354 rs10517780 164313181 6 6.855323610981962e-4 164007992 164471823 463831
4 91 rs1993400 27496410 2 -6.832142405035233e-4 27298305 27560693 262388
4 278 rs17010372 126776121 3 -6.830990634353073e-4 126742571 127134711 392140
4 229 rs13119384 100443782 4 6.771838206256491e-4 100341861 100705602 363741
4 185 rs920666 78511203 2 6.696112381501898e-4 78335569 78562040 226471
4 216 rs10516896 92356118 1 6.695282915683883e-4 92142940 92544404 401464
4 424 rs10001154 185849906 3 6.608204136599034e-4 185810760 185977226 166466
4 412 rs2309777 183722743 1 6.591206046087419e-4 183709536 183791706 82170
4 299 rs12233744 139541397 5 -6.547289818430169e-4 139243656 139541397 297741
4 317 rs9996620 147473314 7 6.505730249849809e-4 147180527 147935557 755030
4 411 rs12639914 183553276 1 -6.334582215892377e-4 183553276 183664522 111246
4 31 rs11734491 7350677 3 -6.133315475524969e-4 7280033 7352477 72444
4 52 rs905043 14539140 6 6.030940305314766e-4 14397827 14813651 415824
4 364 rs10517920 167932509 2 5.969525504064413e-4 167652786 168150023 497237
4 167 rs10517989 67500915 1 -5.844642839965615e-4 67069599 67525255 455656
4 43 rs10034384 11235941 1 5.682788604810794e-4 11069265 11401087 331822
4 213 rs1495556 90458283 2 5.648222656189838e-4 90241029 90492766 251737
4 337 rs7680331 156540258 1 -5.514903998623622e-4 156540258 156586949 46691
4 177 rs1350666 75224590 5 5.509774390934654e-4 75199609 75619533 419924
4 403 rs6840326 181784244 2 -5.338842100824013e-4 181784244 182065498 281254
4 83 rs10013819 25577184 1 5.291160823807748e-4 25475192 25587743 112551
4 279 rs11938961 127255447 3 5.218596289810872e-4 127201582 127265065 63483
4 14 rs12651470 5128511 1 5.162762825218997e-4 5055774 5128511 72737
4 151 rs10517394 58271686 5 -4.992444541468467e-4 58015899 58289649 273750
4 249 rs11098092 111798201 3 -4.973329332791769e-4 111538121 111869115 330994
4 389 rs3114031 178001276 4 -4.954214061994684e-4 178001276 178201257 199981
4 390 rs13112358 178274750 2 4.691406712317542e-4 178236402 178290368 53966
4 366 rs10002325 168705038 1 4.6548426698039434e-4 168515495 168898057 382562
4 335 rs17032433 156007879 1 -4.568490115242076e-4 155780165 156007879 227714
4 121 rs10018049 39117401 2 -4.516074180702427e-4 39005601 39419322 413721
4 376 rs1551665 173742298 1 -4.408655258664677e-4 173541374 173797669 256295
4 209 rs10022462 89243818 1 -4.21451063309996e-4 89243818 89287709 43891
4 406 rs6855088 182704551 1 -4.079215964324761e-4 182537084 182704551 167467
4 433 rs3775307 187510280 2 -4.037227098609683e-4 187394590 187580706 186116
4 351 rs12508239 163267782 1 -3.977147512852194e-4 163190862 163392037 201175
4 130 rs2632694 42330823 3 -3.7555121231517034e-4 42206574 42344051 137477
4 434 rs6553020 187668886 3 3.7452300487770824e-4 187591526 187786316 194790
4 119 rs7663239 38785850 11 -3.695211442249144e-4 38570708 38893843 323135
4 231 rs1396286 101642607 5 3.691936190577454e-4 101238386 101811324 572938
4 404 rs9999847 182120631 1 -3.6491443557850223e-4 182089409 182286222 196813
4 288 rs13119882 133685637 1 3.591758316543876e-4 132914907 133707298 792391
4 368 rs17707379 169509103 2 3.5530032858662277e-4 169422705 169669891 247186
4 260 rs6533871 116319080 2 -3.4222679600754465e-4 116074054 117042009 967955
4 97 rs28655724 29825693 3 -3.240128973040462e-4 29740429 30068213 327784
4 384 rs2333233 176538654 1 3.227344556164255e-4 176538654 176662797 124143
4 413 rs10520555 184204777 5 -3.1452387623187627e-4 183809272 184281811 472539
4 326 rs7664527 153218592 1 -3.103775103351564e-4 153016797 153218592 201795
4 28 rs7675524 6951583 1 3.069376926329671e-4 6918679 7112676 193997
4 101 rs6448754 31196514 1 2.974615546609739e-4 31037602 31249967 212365
4 51 rs12499480 14167488 5 2.7871535182874985e-4 14037934 14370747 332813
4 348 rs4128879 161878992 1 2.584428521933401e-4 161763818 162105557 341739
4 153 rs12644730 58758826 3 2.53320386451483e-4 58706462 58900069 193607
4 192 rs3796804 82009707 2 -2.425150275600777e-4 81897005 82315470 418465
4 319 rs11557361 148560193 1 2.3997004137766287e-4 148554421 148828922 274501
4 407 rs10001447 182756765 1 2.30441953463936e-4 182740613 182942414 201801
4 210 rs11736472 89458051 3 2.1769263164512215e-4 89389640 89742764 353124
4 226 rs10516428 99237439 1 2.117754301078953e-4 98652689 99510279 857590
4 23 rs6446495 6376273 1 -2.0287458632466224e-4 6361632 6391735 30103
4 251 rs1544383 113244470 5 1.981713807110582e-4 112524778 113244470 719692
4 276 rs13110472 126117627 1 -1.9484576913264697e-4 125892629 126216963 324334
4 3 rs2282763 1728120 6 1.695179492426568e-4 1566164 1737262 171098
4 196 rs953534 83617849 4 -1.6571523353921085e-4 83527733 83697854 170121
4 372 rs10012640 171603479 4 1.478135970005383e-4 171288473 171762217 473744
4 71 rs1913330 21929301 2 1.432090952924051e-4 21707905 22451781 743876
4 86 rs10517082 25903209 3 1.302336582892471e-4 25874058 25983887 109829
4 233 rs13142024 102089849 3 -1.282161238253185e-4 102084331 102679337 595006
4 429 rs7687824 186851062 1 -1.2418371410176596e-4 186782009 186884336 102327
4 33 rs4689789 7588936 2 -1.1427433805853464e-4 7466980 7632223 165243
4 239 rs7690115 107448046 2 -1.0749121892956511e-4 106516028 107499928 983900
4 426 rs13123635 186504441 1 1.0459808535651578e-4 186423637 186559109 135472
4 346 rs4691640 161103592 2 -9.733148784781876e-5 160889694 161109431 219737
4 27 rs13115900 6876569 1 9.493391611008046e-5 6854060 6890937 36877
4 20 rs16838138 6058701 1 8.626022600839705e-5 5975538 6058701 83163
4 417 rs6552711 184779187 1 7.68571500817235e-5 184728682 184792187 63505
4 428 rs11132350 186725449 1 -6.995324410802883e-5 186710312 186758065 47753
4 19 rs9684740 5948793 2 -6.93612436577236e-5 5847493 5966801 119308
4 183 rs2703147 77831307 1 -6.872144549823965e-5 77771345 77984155 212810
4 123 rs11728461 40329548 1 -4.922770810257106e-5 40207190 40379061 171871
4 306 rs2321689 141875683 1 -4.8334686421224265e-5 141578155 141875683 297528
4 296 rs10519410 138134581 6 3.3394488969347934e-5 137984231 138227898 243667
4 57 rs16893606 16537510 4 3.189811777192311e-5 16531401 16648246 116845
4 343 rs1410789 159179862 3 1.7123891159748323e-5 158778839 159189417 410578
4 223 rs1579627 96636651 6 -1.625192392025552e-5 96508701 96816411 307710
4 146 rs10213659 57039609 2 -1.2756513835010673e-5 56916879 57097742 180863
4 444 rs1551137 190438606 3 1.171681578848358e-5 190106915 190467123 360208
4 36 rs4696669 8062202 1 -7.805149305758536e-6 8010112 8120120 110008
4 66 rs5016268 20370143 1 -5.398728048736577e-6 20088468 20380257 291789
