CHR Group SNP.lead BP.lead Size W BP.min BP.max BP.width
6 112 rs2281389 33059796 24 0.2910504965453421 33025493 33195604 170111
6 109 rs12529318 32434314 19 0.26852325910558494 32019769 32578052 558283
6 110 rs17212090 32650809 35 0.26536258326419226 32590722 32899296 308574
6 106 rs2233976 31079994 27 0.12229985579843766 30800577 31206979 406402
6 107 rs2523544 31333562 7 0.10459711440251596 31207692 31433558 225866
6 108 rs915653 31657047 29 0.10367333873595648 31436273 31947460 511187
6 247 rs535490 106564434 19 0.08135634747415105 106564434 106915830 351396
6 312 rs6920220 138006504 14 0.0520436516545243 137692864 138022540 329676
6 407 rs3093024 167532793 4 0.04620931013709489 167360389 167578405 218016
6 101 rs806794 26200677 11 0.04550738151534408 25414846 26322985 908139
6 120 rs6457940 36663357 13 0.0447598625457779 36304505 36744778 440273
6 309 rs6912539 137108757 4 0.04447488391955861 137017749 137298126 280377
6 150 rs660953 44645943 11 0.04294079761196239 44549333 45520719 971386
6 138 rs12208813 42025318 7 0.04098272889386002 41744948 42025318 280370
6 100 rs6940230 25247120 9 0.04020549164477329 25200842 25411464 210622
6 62 rs12529514 14096658 6 0.03985702164736748 13836672 14131854 295182
6 75 rs9297068 18353562 15 0.03925091668353237 17773790 18353562 579772
6 71 rs236968 16583147 5 0.03844856351578256 16570089 16700833 130744
6 208 rs2307389 88318883 14 0.03608134612587545 87666493 88466990 800497
6 286 rs7738609 128295502 7 0.03473923064859957 127600630 128320912 720282
6 152 rs3777594 45933157 3 0.03454548985455624 45814499 45992333 177834
6 68 rs6933491 16268408 9 0.03362012091918361 15837290 16289328 452038
6 199 rs6935142 81856665 17 0.03265984401903562 80715838 81907559 1191721
6 111 rs423639 32987774 14 0.03238158454165796 32900642 33016728 116086
6 205 rs6935503 85234404 10 0.03228185051898492 85038395 85558462 520067
6 371 rs6924755 159264974 7 0.03110534955898923 158973475 159317512 344037
6 102 rs200486 27779506 22 0.03104520261260889 26355283 28667448 2312165
6 185 rs1857225 71829282 17 0.02897415012371274 71675774 72440951 765177
6 307 rs9376124 135979220 12 0.02812147893070706 135606565 136340592 734027
6 135 rs16894733 41460739 2 0.02747044834073312 41389484 41474727 85243
6 353 rs687508 153406657 12 0.02723821409541162 153119212 153529163 409951
6 54 rs1569731 11825414 5 0.02577141616804151 11721455 11825414 103959
6 174 rs1723535 64136886 19 0.02572480170149881 62284240 65193820 2909580
6 117 rs820065 35040420 22 -0.02565766335847005 35008247 35701280 693033
6 245 rs2013092 106040613 9 -0.02553781267203869 106006230 106292430 286200
6 196 rs10943608 79674929 3 0.02553115285438742 79042990 79861169 818179
6 408 rs7767627 167822221 9 0.02501138720075497 167611757 167833557 221800
6 40 rs2068361 7736743 11 0.02441757525868181 7718590 7913556 194966
6 357 rs1293928 154640746 3 0.02403753666277828 154478440 154669628 191188
6 2 rs2804731 702398 13 -0.02384088254678729 526744 732846 206102
6 30 rs640887 6037327 7 0.02357136485523164 5898375 6159049 260674
6 72 rs642859 16796614 6 -0.02339733491726815 16717736 16801866 84130
6 182 rs1321980 70003609 10 0.02333583123076914 69459942 70349202 889260
6 310 rs17066096 137452908 4 0.02284090093569422 137326103 137500786 174683
6 325 rs2128977 143846791 11 0.02239465502769513 143765778 144038185 272407
6 340 rs6570947 149469655 11 0.02198999505250875 149279188 149606801 327613
6 122 rs9357239 37060809 4 0.02161572488694668 36999682 37257787 258105
6 115 rs4713755 34135235 5 -0.02159599960556648 33991368 34135235 143867
6 317 rs9376387 139285630 11 0.02152912393919709 139062907 139513381 450474
6 143 rs1096699 43528441 6 0.02139245079549816 43479067 43742579 263512
6 375 rs7754295 160061229 11 0.02057196707211745 159991083 160448462 457379
6 133 rs10807248 40844002 15 0.02055940325944931 40801731 41164005 362274
6 264 rs7758596 114025253 8 -0.02043133352722594 113708819 114216946 508127
6 141 rs12201447 42401992 3 -0.02038156027174748 42252385 42407020 154635
6 290 rs9375674 130216510 14 0.02037732743669135 130071629 130420052 348423
6 255 rs191611 109527347 5 -0.02004196272999131 109049607 109641411 591804
6 142 rs3805931 43089429 17 0.02003204263666164 42462055 43418528 956473
6 38 rs2876098 7374207 9 0.01981291244135236 6994388 7476908 482520
6 76 rs4716289 18582886 11 -0.01886966070647867 18424299 19195308 771009
6 207 rs6919366 87113172 18 0.01844015128900631 86056783 87646919 1590136
6 15 rs2165125 2934641 7 0.01826950302472801 2906147 3174947 268800
6 313 rs643177 138195693 5 0.01800120160623769 138052680 138283265 230585
6 216 rs6911698 91188927 8 0.01787605874816432 91105896 91399141 293245
6 305 rs6914876 135014966 4 -0.01771405589235857 134740564 135121662 381098
6 55 rs11963539 11969231 10 0.01767935277598163 11942371 12230804 288433
6 214 rs10806414 90665969 2 0.01726001708169336 90643281 90806835 163554
6 306 rs11549504 135286230 7 0.01721165527908154 135138990 135560157 421167
6 410 rs902393 168463624 6 0.01706723033877083 168463624 168531451 67827
6 384 rs1893895 162440687 10 0.017004232792471 162344712 162622828 278116
6 80 rs2457345 20089466 3 0.01672169564953232 20015205 20152095 136890
6 41 rs6930629 8113343 8 -0.01669125652216397 7918311 8230771 312460
6 168 rs991286 54166054 12 0.01620354461040345 53921981 54557664 635683
6 97 rs4582376 24167807 16 0.01598764168149776 24107093 24576631 469538
6 372 rs3923900 159343610 8 -0.0159498638054728 159324086 159572922 248836
6 189 rs2073465 74229792 4 0.01580569385077715 73875255 74381926 506671
6 346 rs11758761 151443655 5 -0.01577553281769553 151252917 151467445 214528
6 295 rs9493120 132213001 8 0.01575234766813915 131995313 132213001 217688
6 78 rs6910563 19610835 9 0.01571600195525739 19569044 19803768 234724
6 304 rs6569937 134620673 4 0.01554458279831234 134539179 134674309 135130
6 311 rs1539495 137580222 2 -0.01547211427129263 137551037 137664402 113365
6 186 rs41265489 72809641 9 0.01541883208109557 72453473 73171594 718121
6 113 rs4304152 33723290 10 -0.01511681378528707 33222163 33817929 595766
6 278 rs4310075 124332238 3 0.01436639438367458 124153758 124355206 201448
6 231 rs9493282 99504377 9 -0.01434493407479538 99221669 99672014 450345
6 387 rs6922754 163651283 4 -0.01434337765146394 163361196 163661513 300317
6 269 rs9489193 117769728 12 0.0140380025818004 117683821 118496796 812975
6 33 rs9405920 6397716 5 0.01389845467736808 6355950 6558928 202978
6 398 rs576853 165943163 9 0.0136963258094541 165901124 166051508 150384
6 211 rs990060 89074336 4 0.01368512570280259 88894422 89272446 378024
6 179 rs1349813 67801858 9 0.01361167746967479 67335843 67895080 559237
6 227 rs9398152 97063724 7 0.01345974671836439 96324208 97077504 753296
6 237 rs17062729 102432315 6 0.01340158593677097 102202511 102626292 423781
6 194 rs9343469 77288517 8 0.01330918473382553 77284830 78162536 877706
6 175 rs16896133 65692485 2 -0.01319484406844748 65263122 65750892 487770
6 284 rs9482716 126245644 9 -0.01286920631822895 125731930 126255034 523104
6 406 rs2178806 167218762 6 0.01276074947031842 167192368 167311818 119450
6 242 rs2211033 104992395 7 0.01274228153973293 104742765 105436053 693288
6 131 rs2033527 40380338 4 -0.01268856771786283 40260515 40391564 131049
6 201 rs884656 82767410 4 0.01262532331869662 82763865 83132239 368374
6 392 rs206704 164528619 3 0.01248355742481271 164402861 164589462 186601
6 277 rs7749215 123869906 2 0.01237955742255542 123868992 124083410 214418
6 271 rs7757317 119753856 12 0.0123244724189322 119451257 120277828 826571
6 342 rs11963544 150549998 9 0.01226836843839714 150318351 150591429 273078
6 220 rs1761783 92401171 6 0.01220211381837167 92365086 92712609 347523
6 192 rs766244 76367201 6 -0.01214991499053819 75847036 76601992 754956
6 155 rs6928814 47081070 4 -0.01214762941864824 47028167 47310938 282771
6 389 rs9347738 163769090 2 0.01195556700516466 163736204 163822296 86092
6 23 rs437875 4666878 9 0.01195532146337836 4644601 4737179 92578
6 99 rs6918101 25027288 4 -0.01166944142718632 24957511 25122715 165204
6 221 rs9345259 93359457 6 0.01162636668523999 92750174 93378969 628795
6 329 rs9399525 145313726 8 0.01153523161977554 144811319 145472281 660962
6 275 rs7762002 123323407 4 -0.01139041468919249 123131515 123434838 303323
6 323 rs765875 143185683 10 0.01129107510377287 142879589 143235252 355663
6 368 rs675658 158101911 3 0.01119753518758478 157939801 158184853 245052
6 219 rs10944534 91994620 8 0.01108954870619245 91859454 92344201 484747
6 217 rs1145743 91412651 1 0.01105033932019921 91406809 91636139 229330
6 223 rs1492964 94031097 13 0.01093932221097268 93833436 94325460 492024
6 64 rs9476591 14579439 5 0.01086875875042908 14352513 14664322 311809
6 324 rs7738387 143437284 3 0.0108600950294119 143256102 143706420 450318
6 240 rs10872782 104290530 3 0.01043682129981052 103986702 104377656 390954
6 103 rs362511 29530850 19 0.010205276363337 28689672 29600104 910432
6 265 rs1011910 114417219 6 0.01006260525081154 114228256 114601774 373518
6 285 rs719727 127414838 12 0.01006012786838861 126356389 127532381 1175992
6 90 rs6934462 22581038 16 -0.00998707129071382 22272753 22743403 470650
6 169 rs7756097 55034424 7 0.0099196833462945 54562935 55185043 622108
6 252 rs17854547 108214694 9 0.00985845334735999 108006922 108262363 255441
6 167 rs1409098 53882340 6 0.00959981569715975 53564059 53889975 325916
6 390 rs6914455 164311616 4 0.00940681220488066 164008408 164316375 307967
6 181 rs6455286 69238598 6 0.00932582044649192 68898262 69285887 387625
6 86 rs1322884 21753645 5 0.00932009137121341 21497929 21805714 307785
6 294 rs497082 131469461 2 -0.00921210872197887 131469461 131893463 424002
6 382 rs7760443 162172718 1 0.00915773847536195 162158580 162252602 94022
6 215 rs370409 90921740 5 0.0091136153636242 90814199 91084452 270253
6 34 rs3804490 6653139 5 0.0090836246596782 6574384 6662286 87902
6 187 rs2149528 73220254 9 -0.00907623988086488 73185309 73525349 340040
6 270 rs9387599 119064649 14 -0.00896926145936984 118532549 119434014 901465
6 236 rs9498687 102198018 4 -0.0089487299742855 102017666 102198018 180352
6 204 rs2875382 84799185 3 -0.0088475890419553 84767124 84997747 230623
6 383 rs9689943 162283824 2 -0.00863307801913575 162266376 162317269 50893
6 16 rs9378784 3316746 4 -0.00851023487087585 3262501 3398623 136122
6 243 rs7769944 105547105 2 0.00847888405919626 105547105 105670495 123390
6 297 rs9388972 132622813 7 -0.00844707459345417 132560968 132762095 201127
6 79 rs1047014 19841493 2 0.00843905466019174 19841493 19959784 118291
6 203 rs9449593 83932731 4 0.00834611867586173 83911334 84675796 764462
6 126 rs17336909 38954145 8 0.00807792914873632 38702959 39020542 317583
6 188 rs12203617 73672548 4 0.00806223001456429 73572196 73845366 273170
6 202 rs9449501 83284573 9 0.00806151666807133 83284573 83894382 609809
6 249 rs908819 107307003 1 0.00797148794045891 107190424 107307003 116579
6 170 rs4715555 55448610 7 0.00791642169926076 55196587 55638082 441495
6 70 rs9396676 16460906 5 0.00790225973106411 16420840 16560159 139319
6 321 rs661704 141174222 14 0.00789393836947888 141141957 142259172 1117215
6 404 rs2345258 167110134 7 -0.00787336637058007 166930424 167110134 179710
6 77 rs9348385 19548810 3 0.00784759348680283 19212155 19548810 336655
6 373 rs9365057 159808288 2 0.00783729879945351 159626072 159822140 196068
6 320 rs6903764 139851661 10 0.00779732052084581 139851661 140958047 1106386
6 104 rs1633005 29764472 14 0.00776737780883804 29607747 30073847 466100
6 376 rs3088442 160872652 12 0.00776654412034269 160468278 161082695 614417
6 183 rs3806014 70795455 8 0.00772085326157675 70363194 71008339 645145
6 190 rs10455296 74894737 10 -0.00768369293781148 74421677 75063124 641447
6 163 rs364932 52801687 3 -0.00763719834646897 52598501 52801687 203186
6 178 rs6924193 67157506 4 0.00735541411406742 67054961 67305307 250346
6 20 rs9328207 3944564 1 0.00730345029691908 3895914 3944564 48650
6 193 rs6900948 76876104 8 0.00728669938277314 76640781 77268990 628209
6 364 rs9371942 156234522 5 0.00720112097560106 156122600 156327561 204961
6 288 rs17056876 129483375 5 0.00719140981629799 129185534 129704589 519055
6 224 rs515814 94845639 8 0.00718795052551652 94388836 95145888 757052
6 21 rs13206717 4154018 3 0.00716751299977214 3963730 4297286 333556
6 298 rs9321348 132864548 7 0.00706022290423888 132776734 132925613 148879
6 91 rs12529562 22929284 3 -0.00704589184573135 22755319 23183971 428652
6 89 rs6924146 22238088 2 0.00689303310298914 22194664 22238088 43424
6 58 rs12196110 12679904 9 -0.00681161871300153 12536342 12725941 189599
6 251 rs2500585 107637582 4 0.00678247657728883 107472949 107992074 519125
6 83 rs77152992 21065449 11 0.00675805808523307 20468635 21130870 662235
6 267 rs9320552 116310336 15 0.00666583685973337 116131731 117075632 943901
6 56 rs10947946 12327232 5 -0.00664715789404165 12286838 12344262 57424
6 87 rs6909060 21986847 10 0.00653663428152413 21832546 22021230 188684
6 151 rs6941971 45587594 5 -0.00643766197746488 45536080 45777347 241267
6 233 rs4461737 100495365 6 -0.00641103630628173 100296024 100627435 331411
6 116 rs16889706 34384852 15 -0.00636913592625695 34165721 34982599 816878
6 6 rs2252693 1277151 2 0.00624954508584967 1264403 1361844 97441
6 22 rs4959299 4492079 6 0.00615963192648687 4338841 4604939 266098
6 134 rs2803492 41191221 8 -0.00615333762576677 41171213 41366838 195625
6 400 rs11756707 166303168 5 0.00611798050371955 166197276 166366509 169233
6 73 rs1408299 17154680 7 0.00602176671175993 16814304 17302983 488679
6 416 rs9383480 170193459 9 0.00583878438656176 169742250 170279658 537408
6 210 rs6454676 88877455 3 -0.00569137868570472 88843390 88883356 39966
6 341 rs112225 149786129 11 0.00568224925446547 149628277 150298842 670565
6 61 rs9296672 13425532 2 -0.00567840421265456 13395558 13777209 381651
6 144 rs943072 43795968 2 -0.00567627004595485 43758485 43828573 70088
6 263 rs11153378 113047040 6 -0.005469112862161 112967841 113642991 675150
6 238 rs1933992 103010088 3 0.00543697188162584 102639153 103169903 530750
6 260 rs4947138 111960388 16 0.00539028017358262 111415640 112321879 906239
6 177 rs9453597 66826432 6 0.00537899427099648 66314880 66957869 642989
6 283 rs9482645 125672037 2 0.00533041691410686 125431881 125672037 240156
6 257 rs9487321 110555401 5 -0.00530503651934617 110296455 110617709 321254
6 28 rs6924018 5723227 2 0.00522849666846074 5666064 5746943 80879
6 9 rs12527698 1648955 7 -0.00519895708694389 1641007 1763561 122554
6 156 rs7740768 47788531 19 0.00518975897312728 47318885 48329893 1011008
6 343 rs9397900 150665752 7 0.00517836782818993 150649726 150731232 81506
6 287 rs7744000 129037359 5 0.00517695450994537 128442857 129175884 733027
6 258 rs6922009 110819059 3 -0.00511011899074713 110657142 110857994 200852
6 367 rs287945 157223707 3 -0.0050670784472959 157059428 157442540 383112
6 351 rs2623958 152841248 5 0.00493494420123844 152540278 152841248 300970
6 300 rs11154703 133243774 5 0.00492808871391188 133105120 133768525 663405
6 418 rs6909815 170814626 6 0.00483928040540137 170526065 170847181 321116
6 1 rs7757906 412741 4 0.00479983172151943 383546 486193 102647
6 358 rs7742597 154784600 3 -0.00460815693452649 154685454 154800018 114564
6 363 rs6919626 155766362 7 0.00448051722990324 155755404 156101388 345984
6 399 rs7738923 166077866 2 0.00441886173203384 166070424 166184203 113779
6 235 rs241819 100910798 7 0.00441551646493176 100894587 102007227 1112640
6 395 rs2136940 165278363 9 -0.00441445729917007 165072761 165434315 361554
6 377 rs1652500 161192189 11 -0.00434677362687218 161128812 161639071 510259
6 248 rs3747787 106967778 8 0.0042969625737728 106924458 107178542 254084
6 119 rs12197079 36274153 3 -0.00429545400846168 36248957 36293083 44126
6 51 rs6910232 10902439 7 -0.00424753791838195 10872061 11227987 355926
6 330 rs12200797 146615383 8 0.00417700429593151 145528057 146652354 1124297
6 105 rs3130666 30740160 31 -0.00415814108922833 30075843 30796738 720895
6 195 rs12211608 78218505 9 -0.00412197466229873 78172750 78955109 782359
6 176 rs9360139 66284186 8 -0.00409458995770329 65801996 66307143 505147
6 326 rs7738300 144056863 7 0.00400445058313281 144056863 144268954 212091
6 250 rs311232 107396658 7 -0.00391791982383201 107380837 107408585 27748
6 173 rs7758052 57710238 1 0.00381857523643375 57112128 58547058 1434930
6 10 rs9328072 1828165 1 0.00380884925399528 1784096 1976501 192405
6 43 rs17403999 9017266 3 0.00375926946792 8901524 9142017 240493
6 158 rs488132 49696473 15 0.00374453706236264 49513767 50357617 843850
6 222 rs9359995 93561006 6 -0.00367687775113344 93443329 93806820 363491
6 319 rs668459 139835689 6 0.00366608368477946 139721842 139835689 113847
6 409 rs35140809 168297647 1 0.00366468400506293 168289199 168445769 156570
6 303 rs11968128 134445802 2 -0.00364620674203145 134416205 134447959 31754
6 374 rs438657 159948959 2 -0.00364598120859042 159868031 159978469 110438
6 118 rs9368895 35913096 7 0.00359611502593468 35718651 36227308 508657
6 166 rs9395875 53535989 5 -0.00359180169630934 53420503 53535989 115486
6 39 rs9406039 7528113 7 0.00355664945465664 7528113 7671631 143518
6 296 rs9375851 132243683 7 0.00355585836082633 132228577 132460724 232147
6 7 rs731394 1405284 2 0.00354480998280251 1405284 1441282 35998
6 130 rs1923474 39938471 5 0.00353853105948449 39815595 40247122 431527
6 302 rs2811676 134327815 1 0.00349917264571866 134260676 134333273 72597
6 327 rs6570607 144454797 5 -0.00349338693216466 144281385 144590648 309263
6 314 rs666769 138415087 7 0.00347523804435485 138343019 138628807 285788
6 401 rs10946116 166480503 12 -0.00341411443474168 166374108 166689600 315492
6 45 rs2206553 9590282 2 -0.00330658984115716 9553237 9810702 257465
6 273 rs4946572 121809450 19 0.00317487975306105 121083812 121895061 811249
6 378 rs9364590 161713967 2 -0.00315822610403669 161651368 161713967 62599
6 274 rs2606645 122433255 5 0.00311896768500915 121907968 123095188 1187220
6 393 rs6915442 164663686 3 0.00310722326173712 164596778 164752315 155537
6 414 rs1555523 169589925 4 -0.00309738691937184 169471078 169617726 146648
6 17 rs4959847 3516504 1 -0.0030274871952995 3433318 3569274 135956
6 212 rs1796740 89882849 5 -0.0029759818481415 89421027 89967498 546471
6 11 rs1883587 2374821 2 0.00293856076846366 2032259 2449186 416927
6 81 rs9348414 20168333 1 -0.0029179134506023 20168333 20200420 32087
6 129 rs1328388 39379854 13 0.00287559394296502 39296416 39796910 500494
6 370 rs350289 158509750 3 -0.00277402333880123 158435572 158941011 505439
6 333 rs325129 147807143 4 0.00267257997096 147511721 147834827 323106
6 365 rs2354391 156395008 3 -0.00264907571417961 156377582 156586753 209171
6 153 rs7766067 46240228 3 -0.00252125127306603 46047140 46287917 240777
6 299 rs2294758 133045812 1 0.00252074283424851 132938842 133072571 133729
6 171 rs12195643 55754378 3 0.00251558587249856 55657453 56033094 375641
6 27 rs11962015 5618987 2 0.00249383494807807 5551232 5632356 81124
6 96 rs550969 23946867 6 -0.00246382698667565 23944129 24090497 146368
6 132 rs2494952 40581254 5 -0.00230111881300653 40449290 40766466 317176
6 359 rs9479968 155185451 8 -0.00229107723064166 154815891 155194880 378989
6 308 rs2237268 136952930 2 -0.00221656825128072 136370658 136969853 599195
6 200 rs17644312 82741794 9 0.00221342237001126 81985033 82741794 756761
6 316 rs4895538 139034727 4 0.00220457451674982 138821708 139034727 213019
6 301 rs3777878 133821417 1 0.00220330019936844 133789728 134141309 351581
6 246 rs6934413 106328676 6 -0.00219818660763946 106328676 106552031 223355
6 412 rs9456079 168783451 15 -0.00213601308792447 168715141 169033082 317941
6 332 rs6929822 147172034 3 -0.00212432097365379 147035035 147406342 371307
6 164 rs4487576 53072548 6 0.00211957316459713 52821059 53130285 309226
6 213 rs9362681 90476452 8 0.00207781459720002 90025112 90631504 606392
6 232 rs6919202 99958818 5 -0.00204877260434029 99679578 100257668 578090
6 328 rs4895643 144771845 1 -0.00202371477287181 144607646 144771845 164199
6 279 rs722577 124546035 7 -0.00201913188635879 124376164 124640584 264420
6 336 rs6914932 148567462 2 -0.00199252207302433 148567462 148761603 194141
6 349 rs3020418 152345162 5 -0.00195804720915382 152110943 152385236 274293
6 172 rs4715607 56156125 7 0.00195278427685536 56115894 57042709 926815
6 276 rs2195729 123590126 5 0.00193899695488927 123481911 123838281 356370
6 397 rs4324759 165678438 3 0.00193822280976954 165622183 165871066 248883
6 338 rs9498070 148935711 2 -0.00193402507226664 148924798 149092757 167959
6 146 rs4714732 44000031 2 0.00190534881765164 43941645 44000031 58386
6 289 rs929103 129993162 4 0.00187930477136445 129799682 130050610 250928
6 18 rs1205017 3579754 2 0.00187363057714124 3579754 3701286 121532
6 46 rs13217591 9956562 2 0.00186445684720723 9823784 10088295 264511
6 48 rs11963800 10261644 4 -0.0018124459429108 10256675 10395572 138897
6 388 rs10455922 163723545 4 0.001777994535813 163683522 163725498 41976
6 282 rs4895621 125344138 2 -0.00176744145453927 125227328 125376102 148774
6 66 rs4715925 14807697 3 -0.00176197444369399 14807697 15015659 207962
6 262 rs1606213 112818452 3 0.00170296382239226 112661761 112959348 297587
6 60 rs6910418 13294866 2 0.00169017142807962 13231980 13384746 152766
6 165 rs9367532 53310839 2 -0.0016445208850279 53239608 53401587 161979
6 344 rs7769234 150751874 9 -0.00163720421556607 150744999 150967130 222131
6 5 rs9501682 1067284 4 0.0016337751588081 1063883 1226045 162162
6 114 rs12523795 33876434 1 0.00162687995634489 33822865 33948624 125759
6 386 rs4458655 163221792 7 0.00155866620550895 162941618 163321232 379614
6 125 rs11756830 38148413 14 0.00155102873116075 37727508 38679676 952168
6 29 rs1407793 5884859 2 0.00153945382044706 5800202 5884859 84657
6 413 rs11969044 169358695 4 -0.00152160082291087 169049871 169436455 386584
6 402 rs6925364 166830696 4 0.00144107641651394 166724312 166830696 106384
6 366 rs7739135 156641429 7 0.00141190276295011 156641429 156963231 321802
6 362 rs1571766 155577823 3 0.0014090315793869 155513482 155728232 214750
6 385 rs9365399 162735881 5 0.00136476392433943 162642724 162927803 285079
6 44 rs9381380 9501859 1 0.00135770696298646 9267801 9503805 236004
6 25 rs2432794 5391419 4 0.00132157530927062 5101520 5475485 373965
6 180 rs9345994 67952979 10 0.00131761156368735 67920632 68838783 918151
6 261 rs2072020 112460648 4 0.00130550981478876 112350329 112644225 293896
6 93 rs17412056 23493761 2 0.00127399473118652 23390147 23493761 103614
6 84 rs1563728 21209999 4 0.00127014870788463 21191928 21286718 94790
6 160 rs4715280 51974289 2 -0.0012387548609329 51728998 52025693 296695
6 67 rs9370795 15143556 6 0.0012368182819395 15089151 15803232 714081
6 356 rs17084425 154042101 7 0.00120043946013659 154016936 154428666 411730
6 74 rs2273011 17507670 2 -0.00118711084202256 17333338 17688693 355355
6 226 rs2380222 95975395 6 -0.00117712529035638 95836160 96309043 472883
6 128 rs1744416 39221803 2 -0.00116830806631314 39219300 39293898 74598
6 50 rs545019 10745066 1 -0.00115630296050287 10606611 10829319 222708
6 379 rs7766508 161793319 3 -0.00114717801026977 161725801 161793319 67518
6 280 rs488367 124790319 2 -0.00114447092915515 124673700 124937974 264274
6 394 rs6455953 165005155 4 0.00114255358539787 164783891 165038961 255070
6 209 rs543049 88678075 2 -0.00114150715277442 88556885 88818965 262080
6 331 rs362856 146719883 4 -0.00111500991411516 146672674 147002401 329727
6 348 rs6939683 152090324 6 -0.00109905789004317 151663560 152103792 440232
6 229 rs1376503 98704423 2 -0.00107840568170519 98202741 98931716 728975
6 42 rs9406125 8387143 4 -0.00107107210449804 8349511 8855948 506437
6 322 rs1953319 142583426 3 0.00107095702647511 142328981 142846707 517726
6 154 rs4711853 46457836 17 0.00105020074071585 46440557 46985955 545398
6 31 rs387528 6172680 2 -0.00104649030300581 6172302 6223294 50992
6 403 rs6456083 166859572 1 0.00104020304165301 166859572 166910553 50981
6 230 rs1481449 98971740 3 0.00100035831190046 98949550 99214884 265334
6 127 rs4254984 39059679 3 -9.785251723812452e-4 39034072 39174922 140850
6 355 rs576496 153881380 1 -9.743677273867732e-4 153742076 153945567 203491
6 53 rs10484453 11382714 5 -9.537951568073444e-4 11346572 11684342 337770
6 162 rs1266787 52343899 1 -9.368549572564142e-4 52217375 52564490 347115
6 361 rs7744915 155368063 1 9.147374388495408e-4 155359196 155503151 143955
6 396 rs12174875 165471482 3 -8.955608154131134e-4 165466890 165569308 102418
6 347 rs17081017 151602119 2 -8.906087000375369e-4 151488718 151639599 150881
6 94 rs536104 23640863 1 8.560929408712177e-4 23519714 23640863 121149
6 98 rs1923185 24780892 4 -8.5418012172734e-4 24590547 24943900 353353
6 35 rs201061 6730512 3 -8.410977522781363e-4 6684357 6788490 104133
6 59 rs9473086 12957035 1 -8.39082092086795e-4 12780185 13206282 426097
6 369 rs11753617 158201121 1 -8.323102474934377e-4 158201121 158389741 188620
6 63 rs10949239 14322665 3 -8.148435953247144e-4 14143961 14329647 185686
6 95 rs12200455 23922624 2 -8.092381929715705e-4 23680434 23922624 242190
6 159 rs9395706 51544360 16 7.946629023177741e-4 50715407 51705624 990217
6 19 rs12208688 3783763 3 -7.86536087536296e-4 3712111 3860010 147899
6 293 rs4897466 131089467 8 7.761642488001226e-4 131003355 131451112 447757
6 92 rs7740800 23237776 1 7.550030066839505e-4 23208904 23358040 149136
6 281 rs6932501 124965290 3 -7.537214285072535e-4 124965290 125156890 191600
6 191 rs4569931 75752445 1 -7.374335710698969e-4 75070742 75835305 764563
6 3 rs6597267 795414 4 7.352020703006873e-4 776262 877124 100862
6 228 rs9320409 97530846 3 7.246975961252634e-4 97096065 98169324 1073259
6 272 rs4945660 120834919 1 7.207644463063607e-4 120342199 121058929 716730
6 259 rs1027914 111210420 1 -7.138931838441173e-4 110907523 111381468 473945
6 197 rs4706767 80012425 3 -7.095664354088973e-4 79887759 80415428 527669
6 37 rs7738221 6908368 4 6.960763940010752e-4 6905830 6973630 67800
6 345 rs13211253 151083111 2 -6.722456768302274e-4 150988903 151213211 224308
6 57 rs1334305 12396682 6 6.420326549342732e-4 12377393 12512344 134951
6 69 rs9464886 16387803 2 -6.397064666842523e-4 16318811 16392159 73348
6 121 rs6918432 36940273 2 6.313557661043022e-4 36772000 36957084 185084
6 32 rs6597197 6253017 2 5.983389850006135e-4 6253017 6343177 90160
6 350 rs2635438 152506470 2 5.616486843438914e-4 152436158 152517503 81345
6 417 rs9348260 170516123 1 -5.254179038398376e-4 170330196 170516123 185927
6 354 rs1221930 153690928 1 -5.229134965804418e-4 153576121 153690928 114807
6 337 rs208696 148865257 1 -5.161179066544352e-4 148803550 148883305 79755
6 47 rs1931023 10196666 2 -4.962045487420075e-4 10148486 10235805 87319
6 244 rs9373790 105988260 3 4.83292703511027e-4 105756525 105991917 235392
6 256 rs1096136 110016656 3 4.28712186236871e-4 109726739 110281846 555107
6 198 rs9294163 80494345 4 -3.8733462928565617e-4 80441386 80683626 242240
6 405 rs12660310 167131911 1 3.577069318078319e-4 167122054 167161571 39517
6 206 rs10498949 85744722 5 -3.1768450979362955e-4 85588632 86039744 451112
6 335 rs500110 148185587 12 -3.09012985780106e-4 148185587 148542967 357380
6 157 rs2516114 49162686 3 2.9994545970025267e-4 48413873 49489397 1075524
6 266 rs4304201 115940684 14 -2.9669814984637985e-4 114676827 116130086 1453259
6 339 rs1384670 149200719 2 2.9396136370397885e-4 149125116 149266798 141682
6 381 rs9647610 162066421 2 -2.6777758928321036e-4 161974956 162096342 121386
6 268 rs508278 117646772 4 2.426228982686299e-4 117083172 117646772 563600
6 124 rs12191285 37603516 1 2.3729066860197316e-4 37574852 37700947 126095
6 391 rs7775629 164361544 1 2.130650701570061e-4 164350087 164372312 22225
6 241 rs6906370 104503032 1 -2.0454668925637057e-4 104452633 104707641 255008
6 411 rs6924059 168666768 1 1.9195238362679397e-4 168558846 168703821 144975
6 26 rs7763423 5523888 1 1.8426408643839535e-4 5482597 5545046 62449
6 292 rs873146 130839788 1 1.7001913894347875e-4 130839788 130928445 88657
6 254 rs12206094 108906200 3 -1.6693134074121556e-4 108442222 109032557 590335
6 253 rs9374013 108381347 1 1.592030204518631e-4 108300912 108381347 80435
6 334 rs702351 147888927 3 -1.5334759862976308e-4 147888927 148162328 273401
6 123 rs9380681 37530455 2 1.3773133556969062e-4 37348920 37569632 220712
6 234 rs3778036 100844105 3 1.1734127602968064e-4 100668277 100862051 193774
6 4 rs2095580 984646 1 -1.1512920459316472e-4 915792 1056196 140404
6 239 rs17063732 103346215 5 -7.262800017768765e-5 103287274 103962411 675137
6 13 rs1545849 2622911 6 4.836349666901239e-5 2608995 2743245 134250
6 49 rs9295586 10571260 3 -3.794609568169888e-5 10433825 10580910 147085
6 140 rs61758087 42232509 4 2.6921639652774604e-5 42125482 42232509 107027
6 148 rs35623954 44270870 1 1.5252075455411934e-5 44151490 44282316 130826
6 88 rs9466269 22136409 1 -1.0743089708197065e-5 22064639 22140004 75365
6 291 rs12212688 130601380 1 -2.974794445031784e-6 130471063 130810954 339891
