CHR Group SNP.lead BP.lead Size W BP.min BP.max BP.width
5 114 rs6897932 35874575 10 0.12973201388715422 35395245 36028494 633249
5 349 rs2546890 158759900 6 0.08870866251573141 158504140 158943044 438904
5 332 rs10036748 150458146 22 0.05949452589136714 150038265 150478318 440053
5 308 rs4912622 141490587 10 0.04284199060359869 141439358 141805088 365730
5 346 rs3846684 156649132 5 0.03817954530850101 156637347 157182897 545550
5 262 rs6595174 118440675 9 0.03398195597621822 117931730 118532034 600304
5 243 rs3806932 110405675 7 0.03206089299253058 109630328 110485574 855246
5 415 rs4075958 176784512 7 0.03120292441611971 176314206 176885499 571293
5 244 rs7709420 110544623 8 0.02967528750900031 110491097 110799106 308009
5 294 rs10059571 133410192 4 0.02892901037057109 133266198 133900974 634776
5 240 rs2301010 109132461 6 0.02865746724504807 108644218 109224099 579881
5 220 rs30187 96124330 14 0.02810289710288107 95965235 96467756 502521
5 225 rs1428439 100238801 7 0.02800253685983003 99268130 100580114 1311984
5 280 rs13165374 125149358 18 -0.02799750172715832 125130065 125740942 610877
5 227 rs26232 102596720 13 0.02543639831211183 101584499 102887795 1303296
5 301 rs11750814 137500665 8 0.02511383091425631 136953007 137967937 1014930
5 313 rs6580285 142889168 3 0.02337657906536696 142827239 143024627 197388
5 113 rs2962101 35135741 3 0.02266160902202823 35084647 35369453 284806
5 3 rs36979 1503610 4 0.02228133522520168 1432825 1550734 117909
5 253 rs3797570 115169920 8 -0.02211677308960907 115166713 115402958 236245
5 223 rs154201 97939616 8 0.02188378996216094 97666860 98524496 857636
5 268 rs2116427 121182996 1 0.0217580562525993 121027720 121452158 424438
5 75 rs1499730 20970069 8 -0.02173786255340727 20953429 21690586 737157
5 59 rs149391 14745268 3 0.02123004431905193 14583006 14745268 162262
5 167 rs1911923 71155607 10 0.02089939907423276 71155607 71454175 298568
5 348 rs10515785 158443352 15 0.02047303302639636 157588271 158476891 888620
5 330 rs887344 149549022 6 0.01955833131168715 149498821 149665849 167028
5 118 rs4343860 37681646 9 0.01928801423197515 36666071 37882093 1216022
5 213 rs13165943 92139632 10 0.01902785016274623 91856650 92588936 732286
5 397 rs255313 172611648 3 0.01875459086830172 172298073 172656107 358034
5 14 rs11747122 3086951 4 0.01869020311592818 2999518 3095939 96421
5 58 rs149123 14222340 5 0.01756733365263203 14087633 14545898 458265
5 212 rs6452953 90723034 5 0.01756292534528583 90521117 91807756 1286639
5 201 rs6897010 83163554 4 0.01740317896773113 82977764 83284724 306960
5 153 rs6865447 62325295 3 0.01716703662547385 61977629 62510356 532727
5 102 rs2291114 32074392 2 0.01710865301523087 32067398 32431375 363977
5 304 rs2907312 140611099 12 0.01669249285544994 139437110 140614830 1177720
5 132 rs889294 52110676 14 0.01658899092847405 51708099 52163091 454992
5 231 rs249557 104682427 10 0.01644976981437058 103828340 104845257 1016917
5 184 rs6863296 76616738 4 0.01597014056134236 76518442 76903692 385250
5 430 rs307814 180074248 2 0.01580621347361896 180074248 180226673 152425
5 154 rs7705495 62941330 7 -0.01559247805663759 62582619 63207016 624397
5 53 rs9312777 11556754 5 -0.01522557629805871 11423525 11737875 314350
5 273 rs7713532 123587452 6 0.01497579631283529 123246694 123587452 340758
5 133 rs1421941 52297951 11 0.01485979894910791 52184613 52654459 469846
5 131 rs4865518 50984183 6 0.01411391075701836 50205230 51688602 1483372
5 119 rs4574573 37915720 3 0.0136124866728457 37901408 37915720 14312
5 199 rs1805377 82648943 8 0.01341630840464611 82169620 82648943 479323
5 287 rs30662 129008132 9 -0.01326661236755325 128883145 130980027 2096882
5 108 rs1374017 33835353 5 0.01325429231712938 33679999 33941356 261357
5 353 rs1582418 159882797 2 0.01320965317527755 159686503 159938903 252400
5 181 rs17748322 75875629 12 -0.01318710859804701 75839165 76166018 326853
5 288 rs743562 131872383 5 0.01311532165805214 131325888 131995964 670076
5 60 rs9790982 14776585 6 0.01274291578293595 14764934 14973914 208980
5 251 rs10077453 114580652 4 -0.01264994617676962 114462355 114743497 281142
5 210 rs10059737 89517833 8 0.0124646795330871 89071734 89748142 676408
5 137 rs4282276 54011945 3 0.01243275439485328 53941552 54038676 97124
5 150 rs2409792 59998236 8 -0.01239445341812563 59602340 60604261 1001921
5 360 rs10070913 163063248 6 -0.01226906446169037 162750871 163110078 359207
5 145 rs13189262 57274320 4 -0.01203386960808706 56901907 57309999 408092
5 158 rs4235460 65689041 6 0.01194201314373781 65642855 65910316 267461
5 358 rs312305 162095410 4 0.01190826456103271 161893436 162373515 480079
5 36 rs1353502 6902045 7 0.01189343431655239 6865801 7093653 227852
5 359 rs2963198 162492185 4 -0.01164916271147951 162386484 162737689 351205
5 382 rs6555879 169391322 6 0.01156131803716467 169356966 169491247 134281
5 149 rs4302546 59522505 6 0.01150701164827926 58801291 59544653 743362
5 215 rs13359541 94147866 4 0.01134185235148159 93810208 94230358 420150
5 96 rs10079279 31123143 6 -0.01108204512768007 31102396 31386997 284601
5 426 rs6895902 179201847 5 -0.0109984502687307 178944407 179321657 377250
5 342 rs10515719 154803797 6 0.01090468991359023 154457905 155060775 602870
5 373 rs7722031 167543205 6 0.01081033987625284 167435974 167645010 209036
5 282 rs6884533 126041754 4 0.01056431432452136 125908090 126188989 280899
5 340 rs17637310 153774496 3 0.00992419915717049 153497048 153788339 291291
5 398 rs10073580 172725229 3 0.00987215138566332 172686386 172749522 63136
5 41 rs1604318 8597846 8 -0.00981116211991724 8467900 8849583 381683
5 99 rs7707027 31761519 2 0.00968993378677562 31761519 31845117 83598
5 408 rs2471015 174756703 3 0.00965457094782487 174659422 174763833 104411
5 276 rs4835839 123939264 9 0.00964205365690013 123939264 124073861 134597
5 72 rs4597970 18971937 2 0.0095603274634577 18885615 19421313 535698
5 180 rs246797 75647630 2 0.00955370050822239 75572032 75779471 207439
5 179 rs12655684 75492702 7 0.00900873264402345 75304492 75566506 262014
5 217 rs17084869 94858574 6 -0.0089287253803421 94796041 95094812 298771
5 363 rs9314069 164877178 12 -0.0089017805819672 163815143 164917641 1102498
5 20 rs10866562 4110205 2 0.00860983111458715 3888310 4136154 247844
5 208 rs13357105 87457198 15 0.00859280596159721 87139133 88416354 1277221
5 88 rs4585457 27699870 4 0.00855221084335621 27373862 27913746 539884
5 390 rs931117 171103318 2 -0.00849379633428247 171049530 171103318 53788
5 127 rs10064818 41229277 25 0.0084855725084952 40288878 41271357 982479
5 239 rs4616948 108168024 6 -0.00847614867617541 107951067 108614251 663184
5 306 rs17208551 141226970 2 0.00846893449536155 141198969 141226970 28001
5 22 rs3943533 4542749 1 -0.00845703899661957 4405918 4542749 136831
5 80 rs6868206 23605043 4 -0.00836782016948347 23584544 24354179 769635
5 54 rs4379193 11867393 3 -0.00834592730231843 11855867 12784265 928398
5 226 rs4703196 101240273 8 0.00832273393202076 100611918 101572156 960238
5 152 rs4700448 61161048 5 0.00816135429239673 61101470 61951416 849946
5 302 rs749125 139166808 2 0.00815063819046671 138061341 139201064 1139723
5 311 rs6898510 142372435 1 0.00814207514696914 142176206 142508981 332775
5 336 rs159822 151467672 3 0.00812892723783285 151110223 151576474 466251
5 168 rs13153166 71494931 5 0.00809689309130851 71490962 71809247 318285
5 148 rs1445918 58681857 6 0.00776166549621361 58428033 58713680 285647
5 18 rs6892937 3684777 1 0.00772360085845547 3623182 3684777 61595
5 222 rs6890789 97469921 4 0.00746873963246057 97137056 97557817 420761
5 300 rs6878269 136526751 6 0.0074466912001108 136402958 136935176 532218
5 246 rs4958011 111531058 9 -0.00743120985185426 111144734 111933873 789139
5 204 rs10051998 84018132 7 0.00736686609331282 83981802 84342625 360823
5 275 rs949973 123853534 3 0.00730412072525844 123811602 123909500 97898
5 334 rs9324688 150695700 8 -0.00729565534932397 150566792 150906198 339406
5 17 rs402272 3411611 5 0.00724665123007586 3363968 3599320 235352
5 324 rs10070291 148232677 2 0.00708587275490144 148196737 148310151 113414
5 259 rs6595018 116549781 7 -0.00706885805349453 116549781 117037025 487244
5 405 rs7728861 174180561 6 0.0070640732575919 174180561 174402211 221650
5 314 rs12519988 143211589 11 0.00697444136530529 143058402 143589949 531547
5 155 rs6449702 63466256 2 0.00690256712092651 63221842 63954744 732902
5 270 rs34341374 122364538 5 0.00684081280245285 121854525 122409434 554909
5 124 rs395157 38867732 7 -0.00679810712194828 38741672 39191294 449622
5 134 rs3776694 53360174 14 0.00674749481246069 52675782 53509186 833404
5 165 rs13175238 68058660 10 0.00669330507688111 68010984 68715310 704326
5 170 rs2914544 72809831 5 0.00668936591257882 72591905 72809831 217926
5 157 rs36921 65464936 8 -0.00665841127412815 64829258 65590269 761011
5 284 rs1520246 127266725 6 0.00664598016630344 126972005 127317581 345576
5 248 rs10519348 112601878 9 0.00659720635089391 112542527 113102185 559658
5 73 rs770301 19537726 7 0.00659526854781054 19463410 20382657 919247
5 423 rs11746863 178572268 2 0.00658250024041561 178415937 178617862 201925
5 278 rs6892878 124525027 6 0.00657433295917738 124491958 124743267 251309
5 260 rs4559034 117451628 19 -0.00654045836654168 117096806 117649329 552523
5 195 rs11740719 80723458 6 0.00647464972236407 80629372 81053445 424073
5 252 rs365818 115017389 3 -0.00644666820829161 114759195 115111928 352733
5 35 rs12188231 6761511 2 0.00636821896270448 6517509 6834167 316658
5 419 rs7722612 177826469 2 0.00636094591538281 177798295 177830769 32474
5 143 rs7731700 56111927 7 0.00633859242703351 55892384 56238597 346213
5 142 rs458036 55816081 7 0.00631772020882464 55702460 55874809 172349
5 16 rs4866550 3308312 4 0.00624052395684741 3232706 3356538 123832
5 315 rs10491258 144132727 3 0.00623346622429285 143644780 144660484 1015704
5 362 rs6556742 163681411 2 0.00615367513331293 163530578 163731007 200429
5 427 rs4367258 179611713 2 -0.00612921625406956 179407229 179614645 207416
5 34 rs6869437 6428642 3 -0.00610108973386394 6353815 6461429 107614
5 245 rs17842608 111056781 6 0.00602470750702924 110859246 111125467 266221
5 403 rs12521800 173782331 5 -0.00597127988490286 173772593 174025065 252472
5 371 rs4869044 166882756 2 0.00591230318393295 166881177 166992760 111583
5 70 rs17661265 18215931 3 0.00587809656033846 17809984 18288995 479011
5 279 rs902596 125007623 5 0.00583881028421551 124813667 125103347 289680
5 39 rs1377490 8036594 7 0.00582731159260905 7859434 8067973 208539
5 138 rs1991498 54170032 1 0.00582357995596485 54104560 54248010 143450
5 93 rs6878545 30407686 3 0.00575183679714349 30164476 30513919 349443
5 5 rs750532 1777840 6 -0.00574655581382385 1764750 1911035 146285
5 202 rs2269289 83385090 8 -0.0057174237367265 83306127 83410784 104657
5 381 rs371856 169146825 6 0.00570435590451134 168864634 169348810 484176
5 166 rs156753 70818877 4 -0.00568938975240372 70762935 71054304 291369
5 417 rs4454070 177609295 4 -0.00565509215207791 177401509 177651980 250471
5 380 rs11134564 168688650 4 -0.00564925903821237 168688650 168828290 139640
5 151 rs10514916 60976083 3 0.00558601713768267 60861742 61085552 223810
5 196 rs11747149 81198579 4 0.0055642996296961 81087534 81698717 611183
5 322 rs6882483 147382111 6 -0.00550867523690714 147309468 147605857 296389
5 374 rs7704598 167735407 2 -0.00547670032555312 167668843 167743909 75066
5 327 rs11167468 148839424 9 -0.00540389043756515 148815204 149025737 210533
5 205 rs12521624 84407859 6 -0.00539217528760197 84407859 85727108 1319249
5 37 rs2047313 7116244 4 -0.00526128682970188 7111255 7459043 347788
5 171 rs4599517 73082942 9 -0.00515862638514604 72830030 73196640 366610
5 56 rs1354187 13760721 3 -0.0051464669078648 13619926 13829140 209214
5 355 rs2010725 160684920 2 0.00503293340767358 160433250 160705005 271755
5 241 rs11959815 109399630 2 0.00484953691044123 109250630 109419718 169088
5 285 rs10040056 127895438 16 0.00483353685587676 127350549 128504564 1154015
5 139 rs2897834 54938579 13 0.00477793507361419 54253615 55381015 1127400
5 136 rs10471918 53900461 9 -0.00469613711637838 53698535 53931756 233221
5 277 rs6595551 124139895 2 0.0046913713940502 124132647 124452279 319632
5 197 rs924619 81953043 6 0.00468045878050083 81717176 82072989 355813
5 52 rs441973 11277256 3 0.00468039248115938 11239180 11392036 152856
5 24 rs16874171 4875420 7 0.00464124302520465 4700587 4876172 175585
5 13 rs2974686 2939706 5 0.0045119804272146 2856417 2948632 92215
5 45 rs3094348 9770335 3 0.00445099368737531 9619905 9869692 249787
5 424 rs456909 178659691 1 0.00444835316033864 178632482 178686332 53850
5 247 rs3209874 112358890 9 -0.00444792153302004 111983052 112530417 547365
5 233 rs4382152 106379106 4 0.00440109176645046 105910000 106379106 469106
5 15 rs468828 3152858 3 0.00433727999355197 3121728 3212963 91235
5 76 rs13162954 21743174 4 0.0042769627205143 21723745 22114849 391104
5 129 rs35201656 43613046 9 0.00417386702767657 42896083 44003444 1107361
5 84 rs1411589 26156304 5 -0.00412792156556825 25774428 26181001 406573
5 413 rs1545976 176006611 6 0.0040647633885762 175571579 176096188 524609
5 352 rs4921248 159443806 4 -0.00397244275328797 159437466 159633484 196018
5 82 rs1389221 24884260 3 0.0038806196866167 24859690 25482123 622433
5 6 rs1872775 1999840 4 0.00385828247400907 1937407 2117402 179995
5 28 rs6884256 5376984 4 -0.00383214946294256 5344745 5536047 191302
5 112 rs37440 34948532 4 0.00382557705143343 34800987 35045745 244758
5 92 rs7709732 29890192 5 -0.00381775482315953 29625796 30108377 482581
5 372 rs7723247 167115062 4 0.00381485155852267 167070414 167372668 302254
5 91 rs1025282 29351886 11 0.00378645556003389 29052337 29584827 532490
5 264 rs330206 119011525 5 0.00372997935311687 118986107 119640500 654393
5 186 rs10039112 77493085 3 0.00372475622860709 77291940 77924020 632080
5 159 rs7721030 65933932 4 0.00367667692750635 65913576 66208840 295264
5 71 rs7701168 18581767 5 0.0036574444937025 18324937 18795292 470355
5 49 rs9790911 10585287 2 0.00364573753921519 10568591 10621173 52582
5 272 rs2194046 123024195 6 0.00362725196109599 122680189 123179990 499801
5 30 rs28165 5792720 2 0.00358551290337629 5737475 5792720 55245
5 206 rs11746597 86128792 8 0.0035611472340456 85824066 86432617 608551
5 295 rs139800400 134343662 4 0.00355959383232613 134111769 134489182 377413
5 172 rs194274 73308343 7 0.00350781203416178 73215237 73308343 93106
5 50 rs5745294 10681296 9 0.00345235483171575 10675766 10955988 280222
5 0 rs4956987 174106 14 -0.00343879476628235 38139 665148 627009
5 400 rs703724 173120513 6 0.00343568336886747 172896796 173174260 277464
5 404 rs6878215 174060774 1 0.00338281892341404 174050806 174153037 102231
5 122 rs2561140 38361483 6 0.00336905940780976 38220774 38399208 178434
5 354 rs2176297 160388599 4 0.00332575317318301 159984054 160390969 406915
5 237 rs249981 107110109 4 0.00330779872229077 107066305 107248608 182303
5 309 rs33961 141928868 2 -0.00329063393442083 141854163 142008525 154362
5 341 rs4958756 154045825 8 0.00321999562325745 153796875 154446956 650081
5 160 rs1428478 66537711 4 0.00315310358615194 66327180 66540687 213507
5 174 rs457664 73737608 7 -0.00315140506782786 73522355 73744566 222211
5 269 rs3811873 121793477 1 0.00315068358238421 121505407 121808701 303294
5 305 rs6867460 140778256 11 0.00310551851089169 140663663 141133945 470282
5 144 rs12658182 56794319 4 0.00308237275236409 56349274 56887318 538044
5 339 rs1422884 153009489 2 0.00304934596161273 152874549 153435497 560948
5 388 rs7707008 170801952 4 0.00302710361237912 170209095 170886468 677373
5 69 rs1399486 17767272 2 0.0030170147408432 17697797 17802524 104727
5 263 rs4895189 118655470 5 -0.00300603211910808 118611118 118962192 351074
5 234 rs4957527 106415368 6 -0.00297305977670989 106415368 106795862 380494
5 77 rs1911963 22445794 3 -0.0029595559120791 22193967 22652137 458170
5 378 rs752498 168380180 1 0.00293997116800844 168363190 168502329 139139
5 379 rs1345591 168630615 6 -0.0029264087209205 168550565 168660989 110424
5 126 rs6865476 40025084 3 0.0028533022933748 39442222 40278849 836627
5 267 rs17147676 120721018 4 0.00284119032335724 120508561 120952456 443895
5 274 rs257706 123740639 3 -0.00281635389159339 123633249 123793306 160057
5 38 rs11134252 7696028 5 -0.00280820297479907 7506433 7838085 331652
5 175 rs13189660 73841936 1 -0.00276738619067959 73788266 73960992 172726
5 401 rs2594841 173266547 4 -0.00274271074038536 173207311 173587641 380330
5 386 rs4867981 169999591 2 -0.0027295318955117 169933055 170004035 70980
5 65 rs17651095 16810263 2 -0.00269083414754322 16758569 16840145 81576
5 224 rs2602958 99226983 2 0.00256529404964576 98583720 99253302 669582
5 369 rs2161425 166309007 5 0.00254738075248715 166224576 166424076 199500
5 190 rs16877151 79030346 7 0.00250136130711386 79024779 79108476 83697
5 147 rs9292179 58128623 9 0.00249878850911346 58061888 58388213 326325
5 347 rs2430586 157329451 10 -0.00244310901623689 157194402 157571219 376817
5 221 rs7703556 96529990 1 0.00243606551356467 96503378 96856849 353471
5 338 rs4246043 152816489 11 -0.00234784930322035 152219802 152857519 637717
5 130 rs1011814 44335820 2 0.00234416292305318 44066093 50151965 6085872
5 200 rs529998 82841764 2 -0.00227947701086749 82720112 82929501 209389
5 98 rs418410 31687028 5 -0.00221199800531134 31656390 31729863 73473
5 8 rs462498 2339273 1 0.00217710012612457 2295317 2355587 60270
5 307 rs10078983 141398031 1 0.00210171970642465 141298977 141398031 99054
5 185 rs6860985 77165430 10 0.00206117523833309 76963674 77266289 302615
5 383 rs7729440 169568872 6 0.00206050184496558 169511458 169696181 184723
5 421 rs6859031 178125974 1 -0.00204960180677269 178096908 178180299 83391
5 232 rs1384557 105200594 5 0.00202290086088844 104864551 105846299 981748
5 368 rs10475801 166153356 5 -0.00201035332315687 165886820 166153356 266536
5 292 rs405954 132942656 3 0.00199337489000759 132746820 133017882 271062
5 106 rs77581578 33549374 1 0.00187498418531297 33549374 33588146 38772
5 31 rs257073 5834614 4 0.00178773360676119 5811074 5951796 140722
5 192 rs10805934 79603708 5 0.00177272731863631 79422993 79666489 243496
5 393 rs3776751 171581724 1 -0.00176967217462659 171542877 171865548 322671
5 344 rs10077764 155717149 12 -0.00175021422624027 155471714 156243136 771422
5 117 rs7715271 36569753 4 0.00173826473902219 36473237 36631733 158496
5 43 rs28263 9373641 2 0.0017176683682559 9228283 9447501 219218
5 57 rs2102443 13995605 6 0.00170739621875355 13850750 14061184 210434
5 321 rs7735403 147027930 6 -0.00170682396605073 146961115 147286458 325343
5 67 rs4129967 17000364 4 0.00170247977924804 16991693 17211649 219956
5 32 rs9313144 6132166 5 0.00168393700381576 5977222 6156845 179623
5 410 rs11746641 174866091 3 0.00160358783761311 174858052 174974576 116524
5 230 rs1118054 103633555 4 -0.00158800014603855 103183907 103659607 475700
5 123 rs13190535 38650637 2 0.00156775061126022 38486065 38712721 226656
5 366 rs2591578 165407709 4 0.0015368210562438 165390686 165591821 201135
5 236 rs1490827 107010201 7 -0.00152294666132275 106881333 107051942 170609
5 178 rs13180297 75297146 1 0.00151998564119953 75096559 75297146 200587
5 94 rs1553238 30805404 6 0.00145231145860346 30594775 30913797 319022
5 361 rs446288 163265421 4 0.00145104997791664 163152855 163497306 344451
5 335 rs1368371 151004568 2 0.00142132910384811 150930186 151054227 124041
5 163 rs184886 67611486 8 0.00140133905116787 67514509 67721951 207442
5 115 rs586382 36052919 5 0.00139628839838245 36052919 36354241 301322
5 109 rs299608 34024385 2 -0.00136965681770171 33971037 34552389 581352
5 325 rs10073851 148623217 1 0.00135468368495012 148321436 148659664 338228
5 21 rs7731506 4297423 3 -0.00129132101409186 4227497 4396924 169427
5 95 rs1995266 31001691 2 0.00127745783207301 30941222 31084270 143048
5 156 rs11739829 64654109 4 0.00123468877877993 64064943 64726440 661497
5 412 rs1544923 175268492 4 0.00122477897039238 175206596 175313487 106891
5 242 rs11241052 109475046 2 -0.00120900776199813 109452238 109570615 118377
5 193 rs527506 80309150 3 0.00119715059153367 79679474 80425860 746386
5 211 rs2438374 90107108 6 0.00118708069107252 89780945 90449154 668209
5 367 rs2133726 165763260 5 -0.0011829836240226 165654235 165847422 193187
5 90 rs10035544 28492461 6 -0.00114954821374987 28340173 28927036 586863
5 411 rs870258 175029274 2 0.00113755249281558 175025995 175083754 57759
5 312 rs258813 142674690 2 0.00111554757170188 142533344 142780339 246995
5 111 rs12658204 34771848 2 0.00109592750088564 34691121 34772786 81665
5 55 rs4463179 13505432 7 -0.00106078483729045 13207953 13603883 395930
5 214 rs1371285 93496811 3 0.00104894696784022 92655132 93751943 1096811
5 207 rs710394 87024072 3 -0.00104748078525176 86483920 87092264 608344
5 296 rs4976285 134609822 3 0.00103520364437526 134574232 134773951 199719
5 164 rs1344367 67845698 1 -0.00101510812482506 67755091 67950910 195819
5 389 rs11134706 171010042 2 -9.897318853634633e-4 170909410 171036839 127429
5 66 rs29448 16907538 2 9.823338476485457e-4 16875690 16952807 77117
5 299 rs950715 135680239 3 -9.652849114598104e-4 135409014 136358263 949249
5 298 rs17169129 135144329 3 9.634815493081788e-4 134977833 135335229 357396
5 350 rs4921515 159092417 3 -9.192003794883794e-4 158972473 159270713 298240
5 356 rs17052610 161315812 8 9.180921267742016e-4 160711978 161681172 969194
5 209 rs13355558 88551836 1 -9.152966868908192e-4 88472849 89001243 528394
5 141 rs158640 55611694 6 8.972765928180609e-4 55593724 55671741 78017
5 62 rs10475072 16103046 7 -8.905261934153176e-4 15960831 16103046 142215
5 187 rs16875859 78042215 1 -8.875543522985075e-4 77987524 78042215 54691
5 310 rs930206 142131369 3 -8.78568478167953e-4 142047909 142142015 94106
5 78 rs12518494 22938343 4 -8.716995521983713e-4 22793334 23237298 443964
5 319 rs609412 146225244 1 8.660348773711629e-4 146117992 146591566 473574
5 376 rs7709842 167941990 6 8.56272413908546e-4 167885622 168194176 308554
5 293 rs12515157 133202612 4 8.477087928960514e-4 133021851 133240927 219076
5 425 rs11743487 178887382 5 -8.283767300200887e-4 178770100 178921964 151864
5 290 rs7717377 132491562 3 8.189300710262318e-4 132487330 132580990 93660
5 40 rs731099 8143945 3 8.061140579493364e-4 8143945 8440728 296783
5 228 rs10463996 102961829 1 -7.916418099500614e-4 102913746 103025458 111712
5 189 rs7719464 78641327 11 7.911158730357134e-4 78278229 79003360 725131
5 68 rs298528 17235998 2 7.851582296172408e-4 17235998 17421158 185160
5 387 rs102686 170135225 2 -7.742042375485977e-4 170034226 170177580 143354
5 318 rs6580418 145776488 1 7.740591907461687e-4 145742435 146062112 319677
5 428 rs7737438 179619222 4 7.688808647629787e-4 179618961 179794208 175247
5 105 rs7729292 33291359 3 -7.494970566154125e-4 33010844 33458636 447792
5 337 rs1422337 151801207 4 -7.492755646351797e-4 151682559 152142182 459623
5 258 rs6595015 116525334 2 7.410738828832724e-4 116419511 116525334 105823
5 402 rs10064200 173710328 2 7.407389764132958e-4 173622863 173753932 131069
5 432 rs416574 180626927 1 7.147911376820718e-4 180563838 180671189 107351
5 10 rs6888292 2568139 4 -7.058062116251339e-4 2463858 2618844 154986
5 4 rs4975554 1557636 3 -6.989511633307775e-4 1557636 1761089 203453
5 333 rs891899 150553419 3 -6.983890334752042e-4 150490751 150553419 62668
5 128 rs4409101 42856126 6 6.502368030381702e-4 41382681 42856350 1473669
5 395 rs6556035 172079889 4 -6.50015893704935e-4 172012595 172127304 114709
5 392 rs4867660 171402128 3 6.271383107212614e-4 171260919 171513499 252580
5 135 rs35952 53592163 1 6.146510655537892e-4 53566211 53686888 120677
5 120 rs7705239 38049522 3 6.017212700923494e-4 37925239 38100854 175615
5 271 rs570682 122449650 7 6.007229851612214e-4 122448244 122644698 196454
5 431 rs3806869 180485353 1 5.927283145583349e-4 180458813 180554812 95999
5 297 rs744247 134781400 1 5.917738207406411e-4 134779417 134957413 177996
5 317 rs6580395 145310336 1 -5.903326306088155e-4 145252239 145393364 141125
5 331 rs10463300 149971345 2 5.782648012311049e-4 149695449 149972167 276718
5 11 rs6859765 2652947 3 5.746733024323946e-4 2635891 2737700 101809
5 12 rs4866679 2811135 5 -5.553453578188597e-4 2767183 2843763 76580
5 83 rs9293175 25678072 2 -5.51924543912662e-4 25518458 25698030 179572
5 194 rs2291940 80597767 2 5.517669477217246e-4 80449911 80619046 169135
5 329 rs2278393 149410153 3 5.468934615414714e-4 149293060 149480879 187819
5 328 rs888895 149239093 7 5.427729079337169e-4 149045703 149239850 194147
5 97 rs11746324 31560626 2 5.228670372349312e-4 31401447 31580251 178804
5 61 rs4702100 15694620 4 5.104066167840415e-4 15022112 15925524 903412
5 407 rs6893566 174577496 1 5.083067620774218e-4 174489788 174619797 130009
5 42 rs6883525 9136487 3 -5.069344215963474e-4 8908886 9198489 289603
5 375 rs4976608 167859364 3 -5.036924798002568e-4 167768114 167861846 93732
5 25 rs30449 4992930 4 4.994779739794747e-4 4946412 5123214 176802
5 429 rs7726530 179890300 1 -4.875907752284523e-4 179827609 179954615 127006
5 44 rs17329702 9551091 2 4.675139082638046e-4 9471319 9607318 135999
5 29 rs16875781 5579270 2 -4.483493929319753e-4 5578527 5686448 107921
5 266 rs7732798 120244182 4 -4.333520808187675e-4 119885302 120474531 589229
5 316 rs443033 145210041 1 4.0411722741799514e-4 144726896 145235481 508585
5 177 rs11742194 74646878 3 -3.856345835664796e-4 74262650 75034387 771737
5 261 rs7709907 117830130 2 -3.8050287635105825e-4 117730127 117914813 184686
5 384 rs703505 169809402 3 -3.798785043082043e-4 169723113 169813844 90731
5 46 rs17196873 9981548 4 -3.718496529807298e-4 9915399 10032216 116817
5 188 rs1071598 78181423 3 -3.3243525002917e-4 78072760 78250133 177373
5 86 rs10056950 26762292 2 3.1745227255126543e-4 26430825 26917996 487171
5 146 rs4997647 57939227 10 -3.133322528396038e-4 57343495 58043722 700227
5 203 rs305661 83681037 4 3.105727322357675e-4 83469915 83920995 451080
5 74 rs1703052 20538115 1 3.052856030848249e-4 20429332 20688825 259493
5 19 rs11741748 3809622 1 -2.7759224872472913e-4 3706050 3846180 140130
5 281 rs1038378 125885214 2 2.6680792118860075e-4 125824819 125897411 72592
5 422 rs17078877 178410213 1 -2.632905187812181e-4 178213713 178410213 196500
5 85 rs4701532 26231699 1 2.606414981586452e-4 26224170 26383317 159147
5 409 rs2471007 174816228 1 2.550884512895816e-4 174768731 174836280 67549
5 257 rs6594987 116228312 4 -2.4359073386277796e-4 116197865 116329875 132010
5 396 rs34471628 172196752 9 2.4089541618153333e-4 172145370 172271007 125637
5 320 rs11167971 146632594 1 2.3958369770132724e-4 146620082 146846799 226717
5 418 rs7713983 177690978 1 2.3740096173978888e-4 177661902 177762425 100523
5 289 rs61755724 132408967 3 2.317337964116011e-4 132014109 132408967 394858
5 286 rs1184334 128553667 1 -2.247030332375466e-4 128553667 128813527 259860
5 89 rs12055289 28217450 1 -2.1701846636136465e-4 27987104 28295497 308393
5 161 rs12657185 66985073 1 -2.129184390680448e-4 66610910 67010538 399628
5 216 rs7708977 94351572 3 2.0619724129333176e-4 94268466 94759566 491100
5 365 rs516732 165107100 1 -2.01546672261107e-4 165102648 165309208 206560
5 169 rs6893265 72473899 2 1.9055394037801617e-4 71999107 72551337 552230
5 323 rs10075211 147839537 6 -1.8414036484369232e-4 147696018 148104167 408149
5 26 rs6555331 5154458 3 -1.7396095501936185e-4 5145406 5198567 53161
5 47 rs17360625 10236693 1 1.7263483060771828e-4 10055916 10307022 251106
5 103 rs6879213 32474264 5 1.678716549598702e-4 32466436 32722499 256063
5 256 rs10478312 116174466 2 1.6658991938687726e-4 115979013 116183712 204699
5 101 rs16901697 31951961 1 -1.6116678669117403e-4 31928322 32035855 107533
5 27 rs16875244 5287739 1 1.5384799998876e-4 5222336 5302501 80165
5 377 rs884787 168234517 1 1.5307831059545594e-4 168207696 168320056 112360
5 33 rs2124935 6249440 1 -1.4555021659538812e-4 6197044 6307991 110947
5 250 rs898354 113798016 8 -1.287232017306815e-4 113404933 114381312 976379
5 238 rs7720580 107923624 1 1.2800766850386172e-4 107271524 107932100 660576
5 48 rs2607292 10372618 3 -1.1433335548338664e-4 10318455 10523116 204661
5 370 rs11749309 166824102 2 -1.0619695665422602e-4 166479086 166831694 352608
5 283 rs61736664 126860223 2 8.745103292513929e-5 126250812 126930433 679621
5 104 rs1173718 32837489 1 8.187841143205896e-5 32740361 32975490 235129
5 173 rs975949 73460035 3 -7.509537402737012e-5 73364042 73511687 147645
5 79 rs13166680 23416474 1 7.165382812059132e-5 23247790 23532643 284853
5 63 rs1240649 16559581 1 -6.973659764347743e-5 16226898 16590355 363457
5 291 rs2864680 132637766 1 6.883182610590782e-5 132633880 132728928 95048
5 303 rs1422188 139276664 1 -6.847715068310865e-5 139257603 139405072 147469
5 416 rs7703727 177057437 1 5.44995698129223e-5 177003616 177266026 262410
5 64 rs35005 16618920 1 -4.634796817022151e-5 16618920 16746784 127864
5 394 rs10071005 171937352 2 -3.9242005968076065e-5 171908794 171960073 51279
5 162 rs13354232 67302176 1 2.7874475678112586e-5 67127316 67352080 224764
5 351 rs752266 159341032 1 -2.5332047826911757e-5 159288452 159381526 93074
5 218 rs6876015 95163957 4 -2.3880294326658526e-5 95115959 95821532 705573
5 254 rs7702057 115727838 1 4.524197473351726e-6 115415436 115837789 422353
