CHR Group SNP.lead BP.lead Size W BP.min BP.max BP.width
15 419 rs17574546 38902476 2 0.04494314755837934 38902476 38918032 15556
15 1342 rs3825932 79235446 3 0.04299237576084838 79224683 79235446 10763
15 709 rs4776151 53745403 3 0.03299611141705569 53745403 53745574 171
15 488 rs16970851 40885107 11 0.02923165639219089 40828922 40915190 86268
15 1944 rs12592883 98735957 1 -0.02144453047960858 98735957 98744065 8108
15 1096 rs7162912 67361308 1 -0.01974589450946361 67356774 67361308 4534
15 470 rs2307105 40265799 3 -0.01963664946168966 40237322 40265799 28477
15 1442 rs6495607 81960409 1 0.01890878278116152 81960409 81960409 0
15 1389 rs11633719 80473867 1 -0.0187259735569514 80469025 80476793 7768
15 638 rs10519257 50388921 4 -0.0180053169762031 50372531 50397504 24973
15 1567 rs3913351 87755594 2 0.01788483131496072 87753288 87770721 17433
15 2095 rs1143136 102264476 1 0.01712042391624054 102264476 102274497 10021
15 601 rs7162001 48171556 2 -0.01656798729383919 48171556 48177187 5631
15 1259 rs4886844 74308940 4 -0.01649408107310493 74303349 74308940 5591
15 1949 rs2120026 98867675 1 0.01630212566165084 98867675 98867675 0
15 149 rs7162117 28304344 2 -0.01602170823559537 28304344 28310974 6630
15 1626 rs293359 89621274 1 -0.01571285878465678 89621274 89621274 0
15 153 rs2240203 28494202 2 0.01540309575162196 28488888 28530182 41294
15 1421 rs2055713 81109594 2 0.01526156073663822 81109594 81109594 0
15 2084 rs6598481 102008648 2 0.01456277693755664 102005851 102009141 3290
15 1414 rs8025914 81034473 1 -0.01419160520653676 81034473 81047404 12931
15 183 rs1719336 30208654 1 -0.01410060630984127 30208654 30208654 0
15 1845 rs17664293 95263207 2 -0.01408883562048913 95259166 95270467 11301
15 1105 rs55966838 67984818 1 0.01383987254071416 67952922 68019118 66196
15 1253 rs16958292 74097901 1 -0.01359950623398885 74097901 74111343 13442
15 1462 rs7172665 83717146 2 0.0134675636641382 83674432 83720657 46225
15 1644 rs8192300 90333565 2 -0.01302554148719583 90333565 90335788 2223
15 1898 rs12594623 96934745 2 0.01263841726131596 96934745 96934745 0
15 115 rs9330237 27317600 1 -0.01256586795622883 27311111 27326701 15590
15 2090 rs8025505 102067841 2 0.01246875947018659 102066461 102068658 2197
15 1652 rs4436756 90660359 1 0.01237386301474602 90660359 90660359 0
15 613 rs2289136 48944272 1 -0.01206834684080281 48939046 48944272 5226
15 707 rs4776147 53709744 1 0.0117836069138404 53709744 53709744 0
15 1354 rs8024685 79552364 5 -0.0113795304685776 79552364 79557833 5469
15 1301 rs12900004 77844904 2 -0.01133828500385736 77844375 77845959 1584
15 545 rs674638 45950138 2 -0.01124328425032903 45946977 45950138 3161
15 1070 rs11071896 66821250 2 0.01094790204190231 66750615 66840985 90370
15 2073 rs7169313 101857547 1 -0.01076987158149795 101857547 101857547 0
15 2059 rs11633278 101561092 1 0.01074821784290631 101557641 101566456 8815
15 269 rs7165389 33801946 1 0.01052086399804025 33801946 33801946 0
15 1985 rs3743247 99670847 4 -0.01034876510344758 99670161 99672722 2561
15 645 rs8024514 50587336 2 0.01032668565053785 50569349 50587336 17987
15 629 rs11857320 49926300 5 0.01018257036074509 49810479 49936238 125759
15 1175 rs13379488 70423570 1 -0.0101387995599456 70418163 70423570 5407
15 741 rs16974296 54485789 5 0.01012530690358819 54481922 54505896 23974
15 1288 rs924285 76408090 3 0.01012119660506348 76408090 76409861 1771
15 486 rs10518693 40700022 1 -0.01004352359129981 40700022 40717302 17280
15 1559 rs17702916 87414469 3 0.00987716629828162 87403331 87414469 11138
15 1607 rs8025352 89189934 1 0.00970077231592986 89189934 89189934 0
15 1158 rs1551828 70075569 3 0.00964787068703127 70074458 70078943 4485
15 887 rs4278683 59799278 2 -0.00964427826687968 59799278 59816688 17410
15 1781 rs4502169 93744231 1 0.00958882593522791 93736945 93744231 7286
15 163 rs570956 29568587 2 -0.00936875429002238 29568587 29568587 0
15 1930 rs12437730 98342466 1 -0.00915814007670137 98342466 98342466 0
15 2087 rs2047222 102035267 1 0.00910376790984565 102035267 102035267 0
15 1440 rs11857976 81823538 1 -0.00903963691956611 81823538 81823538 0
15 883 rs4533211 59717087 2 -0.00898436854787165 59712427 59717087 4660
15 1213 rs6494947 71843080 2 0.00884968521668037 71841101 71848312 7211
15 1709 rs4572364 92319918 1 -0.0087003884273319 92319918 92319918 0
15 1208 rs10518959 71690941 2 0.00865542825288878 71690941 71701452 10511
15 129 rs8027309 27746578 1 0.00854463787391326 27746578 27752745 6167
15 799 rs1477588 56616789 1 0.00844076414847947 56551747 56647818 96071
15 1513 rs7170181 86367644 3 -0.00842783422614059 86361819 86369430 7611
15 1729 rs1060206 92708550 4 -0.00839925185866784 92701203 92708550 7347
15 66 rs10873609 26055133 2 0.00837533156663229 26048579 26055133 6554
15 639 rs8038609 50416551 2 0.00837383620732603 50410290 50418525 8235
15 1770 rs17648415 93460991 1 -0.00835284028943733 93457650 93495973 38323
15 726 rs2248141 54172552 1 0.00821468063294727 54172552 54177677 5125
15 1297 rs4886847 77377654 1 0.00815170014224923 77377654 77377654 0
15 1438 rs8037919 81774047 2 0.00807970230279488 81772335 81774047 1712
15 1189 rs12440755 70757896 2 0.00806125266311515 70746173 70757896 11723
15 193 rs3784589 31294714 2 -0.0080366848428672 31294714 31295151 437
15 563 rs1484206 46726042 1 0.0079435519170628 46716573 46726042 9469
15 2022 rs2573687 100562872 2 -0.00793741711598792 100562425 100572954 10529
15 14 rs6576525 23845197 1 -0.00791463233194307 23845197 23845197 0
15 182 rs11853442 30142373 1 -0.00790883884686877 30142373 30156761 14388
15 1190 rs10735127 70791915 1 0.00780227409642471 70791915 70791915 0
15 1426 rs10519306 81272072 2 0.00774069984632347 81270240 81286252 16012
15 1697 rs9972541 91912124 1 0.00767989443012715 91909875 91912124 2249
15 90 rs2715573 26487465 1 0.00761046397022947 26487465 26488219 754
15 1041 rs1719271 65183801 2 -0.00739285770718279 65158047 65183950 25903
15 845 rs3784253 58469211 4 -0.00735091757101646 58467578 58469572 1994
15 1058 rs12911707 66319407 1 0.00730764205415478 66319407 66319407 0
15 225 rs12438604 32972997 3 -0.00728920645789884 32971758 32981643 9885
15 1300 rs11857860 77839761 4 -0.00722161735173717 77825149 77839761 14612
15 536 rs16952667 45096735 1 0.00718435219030288 45096735 45096735 0
15 567 rs524220 46876219 1 0.0071807834687389 46876219 46876803 584
15 551 rs2463378 46098728 2 -0.00704566284183162 46078042 46101581 23539
15 685 rs2456526 53089442 1 0.00699981716481678 53089442 53089442 0
15 191 rs1056118 31203786 3 -0.00699751116655439 31203786 31218164 14378
15 1042 rs2056497 65209880 2 -0.0069659831510643 65209880 65222758 12878
15 1261 rs8038527 74434196 1 -0.00693853598565139 74413911 74434196 20285
15 1417 rs3848178 81077370 1 0.00693360609314453 81077370 81077370 0
15 2007 rs8027443 100285705 2 0.00692321891253614 100284778 100285705 927
15 512 rs8029818 42310527 1 0.00685021247545017 42307783 42316527 8744
15 1270 rs2075593 74702778 1 0.00682677142189973 74697084 74702778 5694
15 1649 rs7178909 90447946 3 -0.00678173281564845 90374257 90447946 73689
15 1524 rs8023573 86570085 1 0.00673858840569796 86570085 86570085 0
15 807 rs2247485 57618847 1 0.00670296230096608 57618847 57618847 0
15 1997 rs748991 100019382 2 0.00654633516428859 100019382 100023034 3652
15 1854 rs1471150 95546697 2 0.00633034277880094 95544084 95546697 2613
15 932 rs10851690 61322548 3 -0.00632031747156551 61308850 61322548 13698
15 1481 rs713468 84646691 2 -0.00631408212386602 84639350 84651057 11707
15 814 rs2934442 57762793 1 0.0062970080797035 57762793 57762793 0
15 1167 rs2679623 70208373 2 -0.00626876445468995 70208373 70208373 0
15 782 rs17819126 55789910 1 -0.00625955106114666 55760078 55790310 30232
15 1104 rs2589977 67879670 2 -0.00620821747135825 67762056 67886351 124295
15 654 rs700519 51507968 2 0.00616629915794282 51500835 51534547 33712
15 1118 rs7179347 68630870 3 -0.00615450965027335 68621448 68632687 11239
15 136 rs3101649 27934122 1 0.0060962977410526 27930216 27935992 5776
15 1068 rs1355857 66553649 1 0.00592356825772879 66548478 66564446 15968
15 828 rs2554041 57950634 3 -0.00591113867871856 57950634 57955569 4935
15 493 rs677273 41183214 1 0.0058286508162156 41183214 41196384 13170
15 706 rs1021747 53697511 1 0.00580523634924809 53688298 53697511 9213
15 1630 rs6416547 89744476 1 0.0057794808580768 89736218 89753220 17002
15 548 rs951295 45999823 1 0.00577240282296187 45999823 45999823 0
15 308 rs4924131 34987991 1 -0.00571351184258408 34984373 34987991 3618
15 1763 rs10520711 93222054 2 -0.00568120192867722 93220397 93224892 4495
15 1576 rs10459693 88151833 3 -0.00561597254816834 88123777 88151833 28056
15 688 rs10851526 53189424 1 -0.00554348470386192 53188169 53222705 34536
15 596 rs8040118 48070670 1 0.00552677288114389 48068353 48078332 9979
15 632 rs11635372 50137718 3 -0.00547269442746274 50101072 50152948 51876
15 1173 rs975210 70364352 1 0.005335827835104 70364352 70364352 0
15 1458 rs3814281 83499766 1 -0.00531765831551962 83494051 83505262 11211
15 730 rs17183491 54252055 1 -0.00531093545036201 54252055 54262714 10659
15 1155 rs12441341 69991614 3 0.00528139364240632 69991417 70018990 27573
15 78 rs6576498 26223788 2 0.0052702299660967 26223788 26223788 0
15 469 rs486816 40225465 1 0.00522536458441426 40225465 40230272 4807
15 1441 rs969348 81847279 2 0.00522140519318306 81845153 81870620 25467
15 963 rs6494295 62042055 3 -0.00519023163951856 62038420 62053897 15477
15 878 rs8028742 59597040 1 0.00518202762462683 59595249 59599049 3800
15 1745 rs3759917 92935447 1 0.00514982178059373 92935447 92935447 0
15 203 rs3865090 31532310 2 0.00514603206830797 31528162 31533464 5302
15 692 rs189800 53359796 3 -0.00512175876336124 53352505 53364996 12491
15 1287 rs2959836 76395557 1 0.00510324183559562 76394419 76395557 1138
15 978 rs746105 62559229 2 -0.00501790198206321 62559229 62561981 2752
15 415 rs12438737 38691763 2 -0.00495206505389474 38684472 38711990 27518
15 789 rs8037962 56065573 1 -0.00491415413990748 56065573 56066379 806
15 1743 rs4777965 92898565 1 0.00487072902962942 92898565 92898565 0
15 1479 rs1871731 84538032 1 0.00486141984961 84537626 84583959 46333
15 148 rs1597196 28294922 3 -0.00477500963188833 28288121 28299454 11333
15 680 rs12915981 52901433 2 0.00471212031939129 52884601 52953933 69332
15 151 rs7174027 28328765 1 0.00468840503117872 28328765 28328765 0
15 1483 rs35633782 84700108 1 0.00465013833601629 84700108 84700108 0
15 1991 rs12917176 99871161 3 -0.00460178105091928 99834662 99871161 36499
15 972 rs11632490 62402220 1 -0.00458898005183602 62396198 62416959 20761
15 1522 rs4887424 86537110 1 -0.00450317873447506 86537110 86540561 3451
15 602 rs1377676 48200161 3 -0.00438120864602746 48179897 48206268 26371
15 1492 rs8040847 85447805 3 0.00437046434408639 85447431 85450936 3505
15 1711 rs7165398 92394095 1 -0.00436998124528426 92394095 92394095 0
15 1198 rs598472 71432350 3 0.0043612158155477 71432350 71435622 3272
15 564 rs1431609 46744515 3 0.00433960400058823 46741036 46749422 8386
15 382 rs8028213 37508505 2 -0.00425819407360628 37496211 37512404 16193
15 467 rs7173524 40165499 1 0.00419409105832841 40159878 40176196 16318
15 1853 rs17635206 95514402 1 0.00417072808608413 95487052 95517815 30763
15 575 rs8031322 47155550 1 0.00415162335847455 47152841 47155550 2709
15 206 rs4779521 31672128 1 0.0041134964607753 31672128 31672128 0
15 3 rs11634023 22927167 1 0.00409844953433651 22927167 22927167 0
15 447 rs11633545 39590488 2 -0.0040362099294092 39582384 39590488 8104
15 243 rs343929 33280954 1 -0.0040198863362909 33259043 33280954 21911
15 1142 rs924790 69388926 1 0.00398051092055563 69383785 69388926 5141
15 1463 rs79470022 83781599 2 0.0039633948511791 83756393 83864853 108460
15 1640 rs2053358 90111234 2 0.00394094212633832 90100100 90139262 39162
15 595 rs1153820 48031966 1 -0.00393083516245895 48031966 48047676 15710
15 172 rs11856574 29731444 1 0.00393069411341043 29731444 29731444 0
15 1282 rs4616261 75965169 1 0.00391550504827211 75965169 75970070 4901
15 936 rs940222 61369485 1 0.00390801026541985 61369485 61372759 3274
15 526 rs10467975 43097652 1 -0.0037859107696609 43073597 43097652 24055
15 72 rs7178765 26121173 1 0.0037737342929523 26121173 26121173 0
15 4 rs2289819 22960938 3 -0.00370616178937543 22958104 22965658 7554
15 344 rs789897 36360651 3 0.00366361256362736 36360651 36392159 31508
15 2077 rs1994965 101907729 2 0.00365529201155043 101907729 101911548 3819
15 391 rs12593354 37860693 1 0.00362061416651263 37860693 37864636 3943
15 1891 rs1437591 96656326 1 0.00356730345389952 96649868 96664707 14839
15 1775 rs11637013 93623183 1 -0.00354471497456426 93623183 93623183 0
15 611 rs5027380 48822627 5 0.00351388662209517 48795877 48822627 26750
15 2046 rs7168512 101186633 2 -0.00347978482210338 101186633 101195178 8545
15 884 rs8024835 59721135 2 -0.00347512710835622 59721135 59726610 5475
15 2051 rs1465936 101306532 2 0.00344483692438027 101306532 101310736 4204
15 1432 rs60732610 81460008 2 -0.00339551945897451 81458126 81460008 1882
15 1156 rs10152591 70048157 3 0.00336406401756205 70043383 70048157 4774
15 498 rs8025916 41508037 1 0.0033386042241654 41497530 41529712 32182
15 1700 rs8025028 92025444 1 0.00333073516737871 92025444 92025444 0
15 2042 rs3764198 101110565 2 0.00327730185686101 101092226 101115448 23222
15 1502 rs13379803 85948709 1 0.00327034432836855 85948709 85984183 35474
15 50 rs2605463 25814451 2 0.00326914058828165 25811583 25815291 3708
15 846 rs9920375 58483073 2 -0.00326567415882686 58474667 58485463 10796
15 1293 rs157760 76800260 2 -0.00326502472805273 76800260 76863601 63341
15 204 rs1465778 31621321 1 0.00324680295594421 31621321 31621321 0
15 603 rs8033729 48270609 3 0.00324546817877016 48253976 48270609 16633
15 1057 rs11071854 66275951 1 0.00322079150830422 66263374 66277821 14447
15 2012 rs2727165 100403059 2 -0.0032053658817902 100399763 100409867 10104
15 810 rs4774260 57686708 1 0.00315970060032488 57686708 57686708 0
15 1471 rs2895932 84267870 1 -0.00312579027465528 84267587 84293342 25755
15 698 rs493218 53490262 4 -0.00307298955992062 53487760 53510372 22612
15 969 rs3784635 62254989 1 0.00304346109966081 62214607 62278070 63463
15 352 rs11854877 36673041 1 0.00300316680488513 36673041 36673761 720
15 850 rs17240713 58580921 2 0.00299890337947322 58579956 58592926 12970
15 1970 rs2684800 99480770 2 -0.00292385195553624 99480770 99484266 3496
15 1431 rs2683238 81405623 2 -0.00285436939219242 81405623 81406415 792
15 1404 rs3901896 80734097 2 0.0028139531255212 80726739 80734097 7358
15 1360 rs12901908 79675971 3 0.00280377280729437 79675971 79700689 24718
15 905 rs338415 60462011 1 0.00279988173558898 60451639 60462011 10372
15 1998 rs11247099 100030273 2 -0.00278248231563994 100030273 100030273 0
15 673 rs1011051 52503257 2 -0.00277785986604295 52501856 52506655 4799
15 10 rs1608962 23750690 1 0.00276500581488628 23747775 23750690 2915
15 718 rs6416452 53994493 3 0.00273027367207558 53975404 54008795 33391
15 301 rs4780227 34507394 1 0.00271361588091217 34474453 34507394 32941
15 1848 rs7174194 95336834 1 0.00270299482535895 95325488 95345594 20106
15 1475 rs1426163 84415949 4 -0.00260700428257126 84390365 84442933 52568
15 2011 rs10152510 100389079 1 -0.00259268075304853 100357435 100389079 31644
15 1397 rs3858961 80607714 2 0.00256625420677854 80605705 80617236 11531
15 607 rs8025278 48595192 1 0.0025530427128084 48568156 48595192 27036
15 1909 rs2191554 97470986 4 0.00253917384244878 97446342 97471803 25461
15 580 rs2124132 47553498 1 0.00253366125928328 47509599 47553498 43899
15 411 rs8030953 38515737 1 0.00249426214597506 38515737 38515737 0
15 1324 rs11639191 78547449 2 -0.00247765383228597 78544524 78562867 18343
15 1363 rs11634652 79749447 1 0.00245685424714772 79746306 79755604 9298
15 1413 rs11072936 81014621 2 -0.00245017618476196 81001278 81017619 16341
15 1613 rs28407189 89400680 2 -0.00242259402951602 89388905 89401109 12204
15 625 rs4775798 49329436 1 0.00239665335547048 49279406 49329436 50030
15 371 rs12903788 37173267 1 0.00239122547088429 37172064 37173267 1203
15 2089 rs2121213 102055559 1 0.0023893336998751 102055559 102055559 0
15 1349 rs7181489 79444017 1 -0.00238284615018862 79438697 79444017 5320
15 426 rs2643208 39005798 1 -0.00237525696100293 39000056 39005798 5742
15 767 rs1728850 55303119 1 -0.00236128458526116 55303119 55310083 6964
15 233 rs17816333 33064297 1 0.00233335982382566 33060407 33067656 7249
15 1467 rs9888712 84180361 1 -0.00229484128301782 84167184 84180361 13177
15 1322 rs8043149 78532926 2 0.00228895837723585 78530940 78534110 3170
15 1830 rs10520746 94852720 2 0.00228048827007443 94852720 94852720 0
15 1531 rs11073625 86766368 1 -0.00228012466223246 86759409 86766368 6959
15 634 rs17495375 50223697 1 0.00227599186818907 50221358 50226313 4955
15 1895 rs2577002 96796260 1 -0.00227554243929083 96781064 96796260 15196
15 776 rs3759862 55483104 1 -0.00225950400639704 55483104 55489614 6510
15 1325 rs3743083 78573619 2 -0.00225247816823655 78565188 78585898 20710
15 717 rs11635030 53962821 2 0.0022449928156111202 53958567 53972484 13917
15 665 rs2305716 51981291 1 0.0022404754946437 51981291 51991454 10163
15 763 rs17818867 55175350 1 0.00223497867787531 55139343 55175560 36217
15 1469 rs17526006 84232366 2 -0.00220833858792914 84221440 84232366 10926
15 1013 rs1976433 63426912 1 0.00218538073942691 63423739 63445144 21405
15 1584 rs2043516 88474787 3 -0.00218068548231502 88463831 88476166 12335
15 44 rs8033133 25350474 1 -0.00217799997442897 25323964 25350474 26510
15 877 rs7178200 59589459 1 -0.00216833861683537 59588214 59589806 1592
15 742 rs16974346 54532000 1 -0.00216701511202919 54525666 54532000 6334
15 737 rs11071038 54389871 1 -0.00216568133529727 54387319 54393155 5836
15 1272 rs2899826 74734500 1 -0.00214846919172068 74734500 74789404 54904
15 1313 rs10468064 78158893 1 0.00214619820211071 78158893 78158893 0
15 232 rs3108628 33055566 1 0.00210859911078087 33055566 33055566 0
15 2092 rs11634684 102144955 2 0.0021045230677816 102144955 102144955 0
15 316 rs8032009 35315918 1 0.00210286816478065 35315918 35320743 4825
15 181 rs767514 30007573 2 0.00204291774348329 29984448 30025974 41526
15 76 rs11161254 26182017 1 0.00203689079219949 26182017 26182017 0
15 122 rs6606892 27505235 2 -0.00202344444138689 27505235 27506536 1301
15 27 rs4778426 24457587 1 0.00202228613067574 24457587 24457587 0
15 522 rs12440118 42744094 2 -0.00199117997554186 42730193 42744094 13901
15 1988 rs8032154 99720659 1 -0.00198972159868046 99714325 99739889 25564
15 774 rs11852793 55413534 1 0.00198925755942385 55407252 55434353 27101
15 1876 rs16975408 96162426 6 0.00196783117554747 96144966 96163512 18546
15 127 rs9920954 27698463 2 0.00196566852778417 27678865 27698463 19598
15 1780 rs8041800 93700207 2 0.0019645705312894 93699190 93704049 4859
15 1028 rs35978932 64025223 1 -0.00196283893079812 63980160 64075511 95351
15 1999 rs7173133 100039553 2 -0.00196258347568764 100036360 100039553 3193
15 734 rs1897031 54341465 1 0.00194701456542526 54340428 54341465 1037
15 2030 rs8025628 100756592 2 -0.00194620516353323 100753747 100756592 2845
15 858 rs16940212 58694020 1 0.00193624990425251 58694020 58695337 1317
15 1372 rs16971231 79969099 1 0.00190762753133975 79967483 79972880 5397
15 1373 rs7171557 79974022 1 0.00189419633560573 79974022 79979657 5635
15 2017 rs2573621 100492232 1 -0.00189227699369311 100486828 100492789 5961
15 334 rs904211 36149523 1 0.00186432870663401 36149523 36149523 0
15 1327 rs925987 78619893 2 0.0018633727749239 78617815 78619893 2078
15 523 rs4923947 42791703 1 -0.00184642303105869 42788107 42844788 56681
15 348 rs11631328 36526900 1 -0.00182556954475615 36524526 36526900 2374
15 1219 rs7180648 71982594 2 0.00181083672938003 71977446 71982594 5148
15 1928 rs1021985 98285658 2 0.00181060022351984 98285658 98287369 1711
15 506 rs61746215 42169318 1 -0.0017911238078867 42162467 42178122 15655
15 1100 rs17293632 67442596 1 0.00178408370056386 67442596 67459013 16417
15 1209 rs8027920 71728529 1 0.00177808915710867 71718779 71728529 9750
15 1679 rs12911192 91513674 2 0.00177624012286299 91513674 91531352 17678
15 1512 rs7181017 86344912 2 -0.00176064439679462 86344912 86360145 15233
15 1079 rs4776311 66962783 1 -0.00173874219685621 66962783 66962783 0
15 1953 rs12437848 98954957 1 -0.00171691586838324 98954957 98958486 3529
15 381 rs9972361 37486228 1 0.00171018177112265 37485094 37494741 9647
15 1857 rs2125311 95666177 1 -0.00170809938021987 95666177 95668956 2779
15 104 rs10873637 26926765 1 0.0016952844715161 26926765 26926765 0
15 800 rs1715919 56756285 1 0.00167783919715662 56736208 56756285 20077
15 322 rs4924647 35494907 1 0.00166638998300821 35494907 35494907 0
15 684 rs8034464 53017447 1 0.00164837628186883 53016510 53017447 937
15 2055 rs78763805 101456123 1 -0.00164636735471534 101442436 101456784 14348
15 644 rs860526 50555011 1 -0.00163321550610156 50555011 50555544 533
15 176 rs8030767 29891529 1 -0.00162546061585756 29888396 29891529 3133
15 351 rs4923709 36618505 1 0.00162537863469027 36618505 36618505 0
15 1958 rs8043217 99100761 1 -0.0016250650481133 99100761 99100761 0
15 1786 rs8028266 93863413 1 -0.00162401022642962 93863413 93863413 0
15 1720 rs12899011 92566481 1 0.00161378227607031 92564506 92566481 1975
15 1912 rs2670926 97565135 3 0.00160659846300084 97564628 97568977 4349
15 216 rs12441131 32240033 1 0.00160012540994485 32240033 32256835 16802
15 18 rs11161353 24104152 2 0.00159415365956297 24104152 24117257 13105
15 264 rs16970823 33714822 1 -0.00159273793070865 33714822 33714822 0
15 1713 rs11636676 92452853 1 -0.00158877683038 92446683 92459258 12575
15 84 rs8025577 26352982 4 0.00157003426002466 26351134 26354419 3285
15 1723 rs2286355 92638193 1 0.00155793109393888 92638193 92647165 8972
15 857 rs415799 58690754 1 0.00153365178963376 58685970 58690754 4784
15 1443 rs12902375 81982123 1 0.00153350778468944 81976043 81982123 6080
15 367 rs16964079 37101763 1 -0.00151921905603736 37098065 37129897 31832
15 1427 rs12324593 81354030 1 0.00148609091968048 81343633 81354030 10397
15 237 rs12101843 33124275 1 -0.00148150939749229 33117302 33124275 6973
15 144 rs2594934 28182715 1 0.00147849741529061 28182715 28182715 0
15 278 rs12592542 33985818 1 0.0014751350238176 33974420 33985818 11398
15 915 rs3784609 60910550 1 -0.00147504765587281 60910550 60917275 6725
15 1010 rs11636105 63371220 1 0.00146953076655273 63371220 63371220 0
15 1911 rs1558390 97519421 1 -0.00146057768986301 97519421 97521937 2516
15 262 rs10519816 33669321 1 0.00145318772070863 33669321 33678871 9550
15 386 rs1942036 37680704 1 0.00143649330510252 37654862 37680704 25842
15 1642 rs7169981 90226947 2 -0.00143033169770862 90217096 90226947 9851
15 1255 rs4445847 74172013 1 0.00142805749118491 74171006 74193472 22466
15 275 rs2229116 33905410 1 0.00141543722585538 33905410 33905410 0
15 1651 rs950116 90592397 2 -0.0014123093944948 90591471 90600049 8578
15 1890 rs10520809 96648248 1 -0.00140860618647816 96648248 96648537 289
15 184 rs2049259 30251011 2 -0.00140559853512666 30251011 30251011 0
15 1819 rs1479827 94616430 2 0.00140266139351054 94616430 94616430 0
15 45 rs2739826 25398344 1 0.00140129068737244 25398344 25398344 0
15 424 rs4924287 38972177 1 -0.00139338194498977 38972177 38972177 0
15 1146 rs12440300 69548338 2 -0.0013919523639783 69500974 69561518 60544
15 483 rs16970633 40642877 1 -0.00139078839242787 40642877 40642877 0
15 1309 rs6495246 78060547 1 0.00138779358585888 78060547 78061398 851
15 373 rs16964304 37211997 1 -0.00138486857843898 37207550 37211997 4447
15 1183 rs1706710 70556818 1 0.00137433937119053 70556818 70556818 0
15 2091 rs8033180 102131222 1 -0.00136411022126327 102118149 102131222 13073
15 138 rs16950385 27977779 1 0.00135503382024902 27977779 27977779 0
15 1236 rs4776621 73258241 1 -0.00135269619447942 73235674 73276931 41257
15 979 rs17304157 62592006 1 -0.00135141416512465 62592006 62592006 0
15 1594 rs4887381 88737328 1 0.00133947676408723 88737328 88742439 5111
15 988 rs11852963 62792857 2 -0.00133000426080647 62788601 62792939 4338
15 1716 rs9972546 92517358 2 -0.00131931097897745 92511113 92517358 6245
15 200 rs8035624 31446198 3 0.00131895904310197 31446198 31456644 10446
15 881 rs12439872 59682924 2 -0.00131538743706826 59681214 59682924 1710
15 473 rs2291623 40299016 1 -0.00131307798848782 40295959 40320267 24308
15 117 rs208176 27378830 1 -0.00130681070677139 27378830 27399489 20659
15 482 rs1869901 40595627 1 -0.00129675863194241 40595627 40595627 0
15 276 rs1495280 33927764 1 0.00129152855931039 33923314 33927764 4450
15 745 rs1398003 54623246 1 -0.0012868543666912 54623246 54623246 0
15 1924 rs289497 98189383 1 0.0012744204866264 98189383 98189383 0
15 1080 rs2439421 66976250 1 0.00127131282691836 66976250 66976250 0
15 847 rs7162995 58513632 1 0.00124880419961278 58513632 58519664 6032
15 1260 rs6772 74338939 3 -0.00124872526055232 74336633 74338939 2306
15 1291 rs8042654 76562738 1 -0.00124740781386248 76562738 76609723 46985
15 1518 rs2344865 86415374 1 -0.00123764421442908 86415374 86415374 0
15 1506 rs74502151 86087095 1 -0.00123636114255127 86087095 86087095 0
15 179 rs16955651 29962039 1 -0.00123622935471524 29962039 29962039 0
15 784 rs16976371 55836849 2 -0.00123388138317455 55836352 55842702 6350
15 361 rs1377724 36857385 2 -0.00122618824453532 36856932 36860584 3652
15 1722 rs4984335 92624594 1 0.00122426054835542 92624594 92624594 0
15 245 rs345747 33342543 1 0.0012239410979735 33320219 33347933 27714
15 1086 rs1987318 67138238 1 0.00121605853433113 67138238 67143852 5614
15 1005 rs4775582 63267936 1 0.00120843261426206 63264238 63267936 3698
15 1645 rs17240268 90347814 1 0.00119659084309185 90347814 90347814 0
15 1289 rs12441886 76432823 2 -0.00119363788313229 76422153 76436509 14356
15 1860 rs1596659 95778873 1 0.00118796343271893 95740487 95778873 38386
15 1599 rs7182916 88897147 1 -0.00118380946093803 88885318 88897147 11829
15 303 rs347830 34618266 2 0.00116647291984052 34574330 34621584 47254
15 1532 rs185896474 86800154 1 -0.00116494188273682 86797384 86807843 10459
15 1661 rs2589967 90907876 2 0.00114491379911509 90893668 90908781 15113
15 1765 rs8033632 93270538 1 0.00114447652097273 93262347 93270538 8191
15 1529 rs16948824 86707722 1 -0.00111328194885558 86698000 86708480 10480
15 98 rs1426894 26672786 2 0.00109949629059216 26672786 26672786 0
15 372 rs16964268 37193851 1 0.00109460688243624 37193851 37193851 0
15 855 rs10518973 58651580 1 -0.001093794545398 58651580 58651580 0
15 28 rs2011170 24468460 1 -0.00109184707172545 24468460 24468729 269
15 1951 rs11247311 98915284 1 -0.00109178011960582 98915284 98924124 8840
15 1558 rs9806324 87380212 1 -0.00108899822911878 87380212 87389198 8986
15 313 rs2015461 35119748 1 -0.00107481416363896 35119748 35129095 9347
15 159 rs11858397 29448057 1 -0.00107139965062076 29448057 29448057 0
15 578 rs16973926 47380128 2 -0.0010637656032816 47380128 47434446 54318
15 1730 rs6496899 92710764 1 -0.00106010691212754 92709620 92710764 1144
15 271 rs8041171 33866510 1 0.00105688741863847 33855514 33872692 17178
15 1632 rs117125761 89828441 2 0.00105014523008435 89798977 89865073 66096
15 1811 rs1935634 94355210 1 0.00104946597027464 94355210 94355210 0
15 1507 rs34434221 86122875 1 -0.00104935265910438 86103176 86167386 64210
15 1016 rs745338 63598430 1 0.00104802340766685 63597857 63623463 25606
15 457 rs2228262 39882178 1 0.00104753781442497 39863872 39910431 46559
15 1725 rs12439582 92660837 1 -0.00104731697793836 92658852 92663630 4778
15 305 rs2059590 34901108 2 0.00102913876944422 34871296 34901161 29865
15 339 rs2055851 36242808 1 0.00102426713237013 36242808 36242808 0
15 862 rs12442073 58758358 1 0.00102306840128955 58758358 58758358 0
15 1157 rs10518837 70071778 1 0.00102034016952888 70071778 70071778 0
15 1026 rs11853890 63829538 1 0.00101034206550199 63794961 63871292 76331
15 910 rs2100432 60687844 2 -9.981314676180348e-4 60687844 60687844 0
15 1851 rs10520766 95379491 1 -9.979330431453975e-4 95379491 95382263 2772
15 839 rs12594082 58267779 3 -9.970715159981854e-4 58246243 58287912 41669
15 766 rs999787 55292451 1 9.9264993826962e-4 55272996 55292451 19455
15 2023 rs4633693 100593589 1 -9.823212118015398e-4 100582151 100593589 11438
15 459 rs10520145 39958679 2 9.795676364631276e-4 39936444 39958679 22235
15 1003 rs902023 63207340 3 9.685326832381522e-4 63207340 63214206 6866
15 891 rs17236713 59948997 1 9.685111351614478e-4 59948997 59948997 0
15 250 rs2444967 33433635 1 9.672971773546012e-4 33432543 33436984 4441
15 1194 rs62016913 70975092 1 9.627509992778402e-4 70951141 71031440 80299
15 1488 rs4842994 85415799 3 9.56934403849251e-4 85401597 85415799 14202
15 505 rs117366148 42144480 1 -9.528784488719888e-4 42144480 42144480 0
15 69 rs11638843 26073584 2 -9.521979917926354e-4 26071352 26076458 5106
15 1967 rs2670506 99380857 1 -9.332520583583142e-4 99364370 99380857 16487
15 235 rs12593223 33092962 1 -9.27926368319044e-4 33091079 33095895 4816
15 594 rs11857760 47990840 1 9.253638755909969e-4 47982456 47990840 8384
15 1099 rs11071938 67419987 2 9.226525035721506e-4 67419987 67428014 8027
15 514 rs7176475 42336717 1 -9.170506486840936e-4 42333313 42336717 3404
15 1436 rs11073003 81619566 1 -9.150229513610732e-4 81619566 81661639 42073
15 1266 rs7175533 74537554 1 9.130195872925456e-4 74535158 74537554 2396
15 1676 rs7183098 91452294 1 9.044201992485428e-4 91452294 91452294 0
15 1246 rs11854138 73864831 1 -8.992327520089833e-4 73800519 73907656 107137
15 870 rs10851643 59395184 1 8.948668683885554e-4 59353863 59408628 54765
15 194 rs3784595 31342215 6 8.937042181861531e-4 31330313 31342215 11902
15 1749 rs4777717 93038696 1 8.90924517807521e-4 93033286 93038696 5410
15 950 rs4534773 61728884 1 8.861946417229221e-4 61728884 61728884 0
15 1878 rs11852498 96183947 2 -8.839167137026495e-4 96183947 96187805 3858
15 464 rs275717 40113107 1 8.833049136620169e-4 40113107 40113516 409
15 1812 rs1573086 94391572 2 8.773871551951327e-4 94391572 94399786 8214
15 1386 rs7164805 80339456 1 8.663114345445058e-4 80339456 80339456 0
15 1235 rs1947219 73186518 1 8.64027289962088e-4 73186518 73191863 5345
15 164 rs7165879 29584194 2 8.558830082125898e-4 29579411 29584194 4783
15 762 rs2721129 55133094 2 -8.438164440051142e-4 55121519 55133094 11575
15 1154 rs4777170 69949516 1 -8.42451206318088e-4 69949516 69949516 0
15 818 rs2641574 57823404 2 -8.41913045740128e-4 57819183 57832969 13786
15 508 rs1704348 42276176 1 -8.34524064321132e-4 42276176 42276176 0
15 914 rs7172348 60895223 1 -8.312232537170544e-4 60882968 60895636 12668
15 1677 rs11073961 91483392 2 8.246113855927225e-4 91462406 91483392 20986
15 1279 rs2899793 75460763 3 -8.17726829677105e-4 75460763 75465051 4288
15 1846 rs8030354 95293878 1 8.088377820375952e-4 95289673 95293878 4205
15 1919 rs12440141 97866209 1 -8.048022687944554e-4 97866209 97884285 18076
15 525 rs6493061 42988412 1 -7.993242783146471e-4 42950297 42988412 38115
15 113 rs7495797 27246462 1 -7.979333439297375e-4 27228346 27257116 28770
15 429 rs2912387 39098349 2 7.965628300181524e-4 39065424 39110325 44901
15 1055 rs7180542 66040030 3 7.899439059255445e-4 65863917 66121590 257673
15 1824 rs17711817 94742408 2 7.841971754140615e-4 94742408 94742408 0
15 1692 rs7172040 91785562 1 7.827158161128591e-4 91784856 91788348 3492
15 662 rs35223886 51693813 1 -7.800044924225263e-4 51688996 51696422 7426
15 691 rs1501029 53313119 2 -7.793345003451674e-4 53304950 53320058 15108
15 53 rs11630820 25852143 1 -7.783601170675591e-4 25852143 25864062 11919
15 1926 rs7166685 98241913 2 7.758582001809256e-4 98241913 98241913 0
15 2071 rs28393461 101837572 1 7.709946736386178e-4 101837572 101837572 0
15 1286 rs2648435 76219765 1 7.700674653129141e-4 76158983 76284238 125255
15 659 rs2445771 51640359 1 7.696845355374725e-4 51621725 51646369 24644
15 1946 rs1982262 98801256 1 7.682292706454779e-4 98801256 98808600 7344
15 1756 rs2173062 93131988 1 -7.679518725414832e-4 93126781 93133425 6644
15 1861 rs7176538 95795090 1 7.576881697469491e-4 95795090 95795090 0
15 1359 rs1979967 79659613 1 7.534903666425894e-4 79637190 79666981 29791
15 494 rs17659152 41209246 1 7.533926888889932e-4 41209246 41209246 0
15 1369 rs8038976 79895770 1 -7.533583267249251e-4 79883302 79898351 15049
15 1480 rs61752778 84611805 2 7.52720774239637e-4 84594067 84617077 23010
15 1308 rs11072670 78041789 1 7.44711201670232e-4 78038124 78055479 17355
15 930 rs7174288 61287947 1 -7.432158057609926e-4 61286998 61288213 1215
15 732 rs1904110 54288847 1 -7.385390560561875e-4 54288847 54288847 0
15 616 rs809207 49026206 1 7.379007230031892e-4 49017656 49047463 29807
15 2028 rs12441250 100711068 1 7.340235574171313e-4 100711068 100711068 0
15 1950 rs11856261 98903655 1 7.262686910697125e-4 98898600 98903655 5055
15 1888 rs8034150 96606221 1 -7.236796921060442e-4 96599756 96606369 6613
15 1571 rs1442309 87937740 1 7.172612549246366e-4 87937740 87937740 0
15 1681 rs6496755 91594955 1 -7.144083761949198e-4 91594955 91596017 1062
15 933 rs4775351 61335131 2 -7.066806718916411e-4 61329742 61335568 5826
15 346 rs12915391 36432996 1 6.977885238537094e-4 36432996 36432996 0
15 682 rs6493574 53002685 2 6.902310019205097e-4 53002685 53008923 6238
15 106 rs10519566 26975870 1 6.849235285726996e-4 26967770 26975870 8100
15 909 rs8033985 60621811 4 -6.817566483409729e-4 60612806 60632138 19332
15 1684 rs8034560 91662716 1 6.77274882324972e-4 91659842 91662716 2874
15 186 rs7173960 30301235 1 6.679726116918818e-4 30301235 30301235 0
15 893 rs965355 60059824 3 6.669896299004142e-4 60059824 60066067 6243
15 546 rs12914266 45968535 2 -6.669638950601507e-4 45968535 45968535 0
15 2062 rs11630047 101642301 1 -6.649247661872375e-4 101642301 101642301 0
15 327 rs9920881 35961254 1 6.619163419856821e-4 35951422 35961254 9832
15 1217 rs4572339 71919205 1 6.598636097382822e-4 71911951 71919205 7254
15 976 rs17205561 62439284 1 6.442079012293566e-4 62435156 62439284 4128
15 231 rs10519740 33040782 2 -6.418950811892913e-4 33029550 33053402 23852
15 75 rs10451030 26178157 1 -6.337042604456487e-4 26172045 26178157 6112
15 502 rs2297377 41815649 2 -6.320163191912247e-4 41815649 41829230 13581
15 17 rs824192 24002327 1 6.285192175435015e-4 24002327 24002327 0
15 983 rs8032921 62709647 1 6.280570121628638e-4 62709647 62709647 0
15 1007 rs7176277 63316183 1 6.274929091477639e-4 63313265 63316183 2918
15 1879 rs16975518 96217126 1 6.232499995670758e-4 96199292 96217388 18096
15 389 rs11073252 37819624 2 -6.169951631698224e-4 37819624 37840246 20622
15 1241 rs3784807 73631830 1 -6.102946944266144e-4 73631830 73631830 0
15 1377 rs4393531 80093132 1 -6.099615773983786e-4 80072820 80093132 20312
15 1428 rs16972706 81357747 1 6.088494774027345e-4 81357747 81357747 0
15 285 rs1565936 34040496 1 6.052352562864096e-4 34034421 34041896 7475
15 535 rs17588988 45047402 1 5.933670598515792e-4 45028710 45048651 19941
15 88 rs7176296 26405342 2 -5.924371375945281e-4 26402601 26414375 11774
15 1596 rs4887399 88790325 2 5.873341255082463e-4 88788870 88794859 5989
15 1975 rs8035766 99522368 1 5.814541613205313e-4 99522368 99524865 2497
15 1390 rs1437221 80486402 2 5.749708000223379e-4 80484933 80492103 7170
15 124 rs4600441 27544861 1 -5.686563541137585e-4 27544861 27544861 0
15 813 rs11071319 57741261 1 5.663573054157962e-4 57741261 57741413 152
15 1787 rs1483318 93882213 6 -5.646276350817301e-4 93877425 93883574 6149
15 675 rs55712142 52536596 1 -5.601838245201438e-4 52527951 52543615 15664
15 270 rs1435098 33847607 1 5.514808746487686e-4 33836630 33847607 10977
15 1036 rs1802376 64428559 1 -5.507640523290931e-4 64418655 64428559 9904
15 1486 rs1051168 85200520 2 5.487373665175954e-4 85189464 85353603 164139
15 683 rs2899498 53012730 1 5.473893995393184e-4 53012265 53014003 1738
15 207 rs4779528 31749878 1 5.358693854789741e-4 31749878 31751664 1786
15 57 rs901003 25925933 2 -5.328545819988958e-4 25924798 25925933 1135
15 358 rs2123793 36787977 1 5.310165073738084e-4 36787977 36798141 10164
15 158 rs10851484 29418987 1 5.27270862055044e-4 29418987 29418987 0
15 392 rs4597272 37925492 1 -5.27213576398184e-4 37925492 37927514 2022
15 1366 rs3120636 79855059 1 5.211949004805188e-4 79855059 79863045 7986
15 892 rs17302629 60002617 1 5.211227216327234e-4 59992758 60002617 9859
15 440 rs1380934 39401850 1 5.166678745934905e-4 39398813 39401850 3037
15 1139 rs2958394 69178312 1 -5.14373063784116e-4 69178312 69178312 0
15 319 rs2054252 35422674 2 -5.114171023422505e-4 35422674 35422674 0
15 1744 rs936923 92918499 1 5.082258324069225e-4 92914795 92918499 3704
15 1757 rs4777727 93135885 1 -5.029295916965917e-4 93135721 93151482 15761
15 418 rs11073339 38871876 1 -5.008546902534919e-4 38871876 38872179 303
15 22 rs4778272 24227585 3 4.921303462778586e-4 24205361 24227585 22224
15 583 rs561622 47644214 1 4.910644073687442e-4 47620967 47651168 30201
15 1577 rs4522384 88175592 1 4.820506045344686e-4 88175592 88175687 95
15 1986 rs260116 99682852 1 -4.779877399281844e-4 99679655 99690051 10396
15 242 rs11072074 33233556 1 -4.708872739478992e-4 33233556 33233556 0
15 209 rs12915549 31827198 1 4.679630513562785e-4 31827198 31830739 3541
15 289 rs2115747 34094201 2 -4.6750714423574345e-4 34094201 34094201 0
15 697 rs12148122 53468486 1 4.633557953262712e-4 53466012 53475017 9005
15 331 rs2958724 36050093 2 -4.623242333618501e-4 36050093 36050093 0
15 414 rs8023597 38674713 1 -4.588055784034057e-4 38672569 38680045 7476
15 1864 rs10520779 95927822 1 4.5511609416402975e-4 95927822 95927822 0
15 2026 rs2054569 100639617 2 4.5135582874657393e-4 100639617 100643047 3430
15 131 rs3098513 27806009 3 -4.507477285469393e-4 27799223 27812011 12788
15 1090 rs7169633 67247802 1 4.38783006997971e-4 67247802 67247802 0
15 534 rs3759871 44943757 1 4.289077026858085e-4 44943757 44943757 0
15 801 rs1980242 56774721 2 4.284212100021175e-4 56772823 56774898 2075
15 2049 rs304118 101257850 1 -4.255973383575835e-4 101257850 101257850 0
15 1353 rs12916375 79541567 1 -4.2344037179292346e-4 79533372 79549562 16190
15 1800 rs7170834 94048638 1 -4.215991832425024e-4 94046298 94063000 16702
15 362 rs6495850 36880618 2 -4.1995583692364894e-4 36866994 36880618 13624
15 1655 rs4932305 90764219 1 -4.198005507949202e-4 90760267 90764359 4092
15 888 rs4238341 59828298 1 -4.191404754021452e-4 59827578 59828298 720
15 980 rs289107 62630615 1 4.1665311966675975e-4 62617193 62640451 23258
15 1215 rs4398066 71892215 1 4.162961746323137e-4 71876010 71892215 16205
15 401 rs8033434 38174014 1 4.129097717079449e-4 38170552 38174014 3462
15 29 rs8031555 24842740 1 4.1057729322298026e-4 24814582 24842740 28158
15 880 rs12911676 59646991 1 -4.089672079504872e-4 59618422 59646991 28569
15 299 rs489832 34277907 1 3.95644058381042e-4 34276989 34294637 17648
15 156 rs1490079 29303803 1 3.952126887325858e-4 29284059 29303803 19744
15 2040 rs11637843 101056182 2 -3.9182031201340055e-4 101055938 101058935 2997
15 1049 rs1442796 65652524 1 3.8841185902572e-4 65652524 65652524 0
15 1334 rs56095004 78922240 1 -3.855497530034232e-4 78909452 78926018 16566
15 952 rs12910723 61813790 1 -3.8197277746347593e-4 61813790 61813790 0
15 1405 rs2278709 80743674 3 3.8044547118721585e-4 80741400 80752069 10669
15 1015 rs7163368 63571121 2 -3.800143230263355e-4 63566702 63579381 12679
15 589 rs2304413 47817840 1 -3.78125285781746e-4 47796366 47817840 21474
15 1563 rs2881642 87560258 3 -3.7303796590358856e-4 87528141 87560258 32117
15 1921 rs12441901 97956064 1 3.701276864483743e-4 97956064 97970963 14899
15 63 rs11630130 26000551 1 -3.6540693671280853e-4 26000551 26000551 0
15 1595 rs11635443 88771571 1 -3.520443997879094e-4 88768429 88773279 4850
15 666 rs1001690 52011355 2 3.5169846672864386e-4 52011355 52058184 46829
15 1206 rs16955491 71650112 1 -3.5036538712386524e-4 71643787 71653912 10125
15 1484 rs882888 84760189 2 -3.463688234750135e-4 84704349 84760189 55840
15 2038 rs8028803 101008670 1 -3.4566901153494634e-4 100997743 101008670 10927
15 1992 rs978704 99911805 1 3.4428513882976697e-4 99911805 99925192 13387
15 143 rs768546 28101137 2 -3.43442023055661e-4 28089565 28111746 22181
15 1870 rs16975249 96028993 1 3.418534052698046e-4 96014143 96029711 15568
15 34 rs8029237 25030374 1 3.337882150705373e-4 25021204 25030374 9170
15 1470 rs7182482 84257351 1 -3.3043819501420445e-4 84243690 84257351 13661
15 453 rs4603529 39753836 1 -3.2766327794666423e-4 39753836 39770349 16513
15 223 rs34173159 32929624 1 -3.2740589842189185e-4 32929624 32929624 0
15 1670 rs7403304 91228236 2 3.255418933767998e-4 91228236 91245935 17699
15 825 rs2934429 57899577 1 3.2543305054892347e-4 57878811 57899577 20766
15 345 rs11854384 36405089 2 3.251185133950742e-4 36405089 36405089 0
15 460 rs2631700 39980326 1 -3.1790836100948895e-4 39976057 39980326 4269
15 2039 rs2654637 101023788 1 3.161493555532894e-4 101019793 101045447 25654
15 1077 rs6494591 66938272 4 3.1574509489515085e-4 66938272 66941084 2812
15 19 rs1002907 24139079 1 3.093405693163461e-4 24139079 24139079 0
15 738 rs2163201 54440112 2 3.0188788038005394e-4 54423312 54448320 25008
15 150 rs7179994 28323770 1 -2.9961098252302476e-4 28323770 28323770 0
15 1119 rs7180218 68638607 2 2.963614004079455e-4 68638492 68640452 1960
15 817 rs7172031 57812528 2 2.9139248678006604e-4 57812528 57816010 3482
15 277 rs4780144 33954652 1 2.906355205570132e-4 33954652 33954652 0
15 1514 rs2344852 86382188 1 -2.877196997463438e-4 86382188 86382188 0
15 1343 rs2230518 79277511 1 -2.875790827876203e-4 79270864 79284127 13263
15 1446 rs8040106 82182835 1 2.849820267307326e-4 82170051 82187225 17174
15 423 rs4924285 38967122 1 -2.8413796135016414e-4 38966655 38967122 467
15 938 rs782928 61407394 1 2.8083932270499344e-4 61399373 61407394 8021
15 147 rs4778232 28281765 2 2.763097849485452e-4 28281765 28283689 1924
15 1843 rs2388819 95141963 1 -2.7413637215189027e-4 95137339 95141963 4624
15 939 rs4583176 61453111 1 2.723081071247776e-4 61447643 61460122 12479
15 911 rs7180766 60774493 1 -2.6906612134612996e-4 60740841 60781513 40672
15 873 rs11852359 59498881 2 -2.672753407663687e-4 59494673 59498881 4208
15 417 rs7170151 38846678 1 2.6316874118744685e-4 38838264 38846678 8414
15 202 rs12907310 31492357 1 -2.6286044549044305e-4 31492357 31497047 4690
15 2045 rs4965326 101170618 1 2.606063354709444e-4 101156623 101170618 13995
15 1362 rs7169963 79741593 1 -2.5932686429312203e-4 79740689 79741593 904
15 1934 rs12905875 98374629 3 -2.590900907875152e-4 98374629 98374687 58
15 2000 rs7175248 100048722 1 -2.587423696984984e-4 100048722 100048883 161
15 1774 rs17526330 93603131 1 -2.556063751950975e-4 93603131 93603525 394
15 1497 rs289375 85556320 1 -2.550877178782596e-4 85556320 85609788 53468
15 1933 rs7173988 98369781 2 2.4972071258659817e-4 98369781 98373427 3646
15 1271 rs1992145 74723644 1 -2.483219565966803e-4 74713300 74723644 10344
15 1771 rs11634207 93526003 2 2.477684318227795e-4 93505649 93536626 30977
15 981 rs290312 62661394 1 -2.4466500736457437e-4 62647617 62661394 13777
15 24 rs2354040 24287112 2 2.420450473596552e-4 24278595 24287112 8517
15 690 rs1501021 53274491 1 2.418034777695201e-4 53274491 53292685 18194
15 120 rs4243105 27471182 1 -2.357394615569956e-4 27471182 27471182 0
15 1767 rs8038332 93310575 1 -2.3549858335725573e-4 93307668 93310575 2907
15 286 rs8035184 34057407 1 2.2851941414541495e-4 34046474 34057407 10933
15 309 rs549811 35006322 1 -2.283607280434355e-4 35004797 35010601 5804
15 174 rs7170313 29838096 1 2.2788937238309528e-4 29821234 29841024 19790
15 408 rs11634456 38427638 1 2.2748057135809203e-4 38427638 38457466 29828
15 1605 rs8027765 89169858 1 -2.267009930459121e-4 89169858 89174048 4190
15 829 rs557832 58020738 1 2.2604118487904788e-4 58020738 58020738 0
15 1207 rs2165488 71678798 4 -2.2204077612710904e-4 71659358 71680080 20722
15 169 rs8041543 29678918 1 -2.202726971010216e-4 29668495 29682967 14472
15 1553 rs7175208 87285730 2 -2.1793224202317976e-4 87285730 87286604 874
15 501 rs1757463 41783814 1 2.1364669805541288e-4 41783814 41796901 13087
15 1628 rs6496557 89680776 1 2.1113979484025324e-4 89679515 89680776 1261
15 1247 rs12148532 73929859 2 2.0801215144406832e-4 73929859 73935329 5470
15 380 rs11073227 37431751 1 -2.077984522141089e-4 37429504 37438864 9360
15 259 rs4536437 33575734 1 -2.038611241853199e-4 33575734 33588500 12766
15 982 rs2261472 62680950 1 2.035149551776025e-4 62680950 62680950 0
15 1254 rs4145873 74123273 1 -2.033839380346073e-4 74115517 74147244 31727
15 1150 rs16953470 69857737 1 2.011467832777754e-4 69857662 69879791 22129
15 1059 rs7168565 66386853 1 2.011234183573128e-4 66372477 66386853 14376
15 1815 rs10852206 94514608 1 -1.9503886840406347e-4 94514608 94522459 7851
15 1510 rs2241267 86278174 1 -1.9049083911714656e-4 86278174 86291642 13468
15 2032 rs8024362 100774546 1 -1.8834156302544248e-4 100773215 100774546 1331
15 1959 rs6598534 99143302 1 -1.874098043078203e-4 99143302 99159956 16654
15 1609 rs4932194 89245239 1 1.837609117252869e-4 89245239 89264917 19678
15 1634 rs8039185 89921477 1 -1.824377989881621e-4 89921477 89938586 17109
15 1731 rs1053909 92715571 1 -1.8217578673420916e-4 92714296 92721477 7181
15 1240 rs524457 73612377 1 -1.8160022516937845e-4 73553369 73612377 59008
15 890 rs11852448 59888063 1 -1.811784636916076e-4 59884098 59888063 3965
15 864 rs6083 58838010 1 1.789646864756445e-4 58838010 58838010 0
15 527 rs6493077 43324942 1 1.744249921614577e-4 43322113 43527819 205706
15 530 rs62020612 43818079 1 1.7240725665460324e-4 43724646 43939642 214996
15 1161 rs305002 70141905 1 -1.7232812006792597e-4 70141905 70141905 0
15 510 rs7163374 42297924 2 -1.7130124999810946e-4 42289522 42297924 8402
15 1752 rs2168358 93074890 1 -1.7091583150978613e-4 93071746 93084398 12652
15 1364 rs1361089 79830530 1 -1.6850415375748486e-4 79812794 79830644 17850
15 1294 rs8038119 76914528 2 1.633964550964673e-4 76872330 77034518 162188
15 823 rs11631886 57867081 1 1.6162445446473193e-4 57867081 57867081 0
15 1505 rs4503747 86085543 1 -1.595829795047603e-4 86085543 86085543 0
15 991 rs938979 62939440 1 -1.586838370048603e-4 62939440 62939440 0
15 1245 rs8032265 73732573 1 -1.5746811285068267e-4 73732573 73766072 33499
15 283 rs12910679 34021963 1 -1.5653329809001495e-4 34021963 34026258 4295
15 1736 rs8032711 92778018 1 1.561961917191928e-4 92769396 92778018 8622
15 921 rs9920560 61047930 1 1.5604509304829975e-4 61047930 61060707 12777
15 1056 rs16949091 66205498 1 1.554285880399977e-4 66192564 66249102 56538
15 962 rs12899391 62009347 1 1.5081493803808908e-4 62009347 62017105 7758
15 161 rs12912234 29547310 1 1.473320876610196e-4 29547310 29547310 0
15 1127 rs10518769 68780783 1 1.4722504667750609e-4 68780783 68781340 557
15 23 rs1459977 24267426 1 1.447439549889657e-4 24259792 24267426 7634
15 791 rs4520787 56118450 1 1.3813234199911434e-4 56115525 56127733 12208
15 590 rs16959669 47825083 2 -1.3601231737149893e-4 47825083 47852961 27878
15 728 rs2616879 54215480 1 -1.3481060327104823e-4 54210677 54215480 4803
15 1704 rs4347602 92116107 1 1.3395183303424994e-4 92116107 92119390 3283
15 165 rs4780054 29600003 1 -1.327621584211642e-4 29589472 29600331 10859
15 805 rs12442879 57524982 2 1.281609992051317e-4 57491182 57583301 92119
15 642 rs7166052 50532471 1 -1.278345433276202e-4 50532471 50534514 2043
15 677 rs3751624 52575170 1 1.2565797980695757e-4 52575170 52575170 0
15 704 rs11856514 53623611 2 -1.2307430156650544e-4 53602664 53627786 25122
15 1601 rs13835 89056040 1 -1.217622809317719e-4 89046783 89085916 39133
15 2067 rs13329644 101729601 1 1.1816297090887454e-4 101717888 101734080 16192
15 16 rs10519442 23908687 1 -1.1633373128759038e-4 23908687 23908687 0
15 1248 rs12594627 73986264 2 -1.151708593935671e-4 73986264 74006691 20427
15 875 rs11855027 59525919 1 -1.0865448350121309e-4 59523327 59525919 2592
15 1639 rs1972873 90074156 2 -1.0618471977047832e-4 90074156 90074156 0
15 212 rs7170850 32123445 1 -1.0471125379158186e-4 32122963 32145735 22772
15 1453 rs2654227 82378808 1 1.0079071126730784e-4 82378808 82378808 0
15 1773 rs11632082 93601296 1 1.005503613665994e-4 93601296 93601296 0
15 490 rs7180036 41119185 1 -9.939775140201976e-5 41102667 41119185 16518
15 388 rs12912594 37810034 1 9.851861884786708e-5 37802685 37810034 7349
15 750 rs16974720 54810532 1 9.82048101905838e-5 54802017 54811851 9834
15 710 rs666317 53765980 1 -9.59575826446036e-5 53765980 53766542 562
15 210 rs8026705 31917274 1 -9.346087214439792e-5 31888316 31947951 59635
15 349 rs16962756 36546623 1 9.085601925248852e-5 36546623 36572202 25579
15 1336 rs8032156 78964498 1 -8.949708843340448e-5 78946633 78964498 17865
15 1290 rs12442282 76441982 1 -8.822274755706293e-5 76441982 76447753 5771
15 1948 rs1023781 98833418 1 8.749373033897968e-5 98833418 98833418 0
15 407 rs11073293 38410679 1 8.652046457643898e-5 38404425 38410679 6254
15 465 rs4924394 40133353 1 8.587529414446711e-5 40129204 40148915 19711
15 1365 rs1765248 79840124 1 8.560335423291131e-5 79835141 79846833 11692
15 325 rs16961048 35764098 1 8.544645165742716e-5 35764098 35798819 34721
15 1889 rs7171368 96637443 1 -8.235755202692951e-5 96637443 96637443 0
15 959 rs10519128 61961020 1 7.861168174955634e-5 61958063 61966600 8537
15 105 rs17738278 26941113 1 7.806383112807892e-5 26935001 26952275 17274
15 192 rs6493352 31234064 2 7.612132053341693e-5 31231190 31262582 31392
15 1251 rs1564239 74073647 1 -7.585586670804558e-5 74073647 74073647 0
15 895 rs1437470 60130152 1 7.533469892657168e-5 60130152 60130152 0
15 913 rs10431796 60848770 1 7.454429646081687e-5 60843585 60848770 5185
15 650 rs7162209 51238175 1 7.157725119530987e-5 51171154 51284680 113526
15 1983 rs2305445 99653800 1 6.930458810761996e-5 99653469 99656047 2578
15 1511 rs2614674 86329510 1 -6.922386680258388e-5 86296241 86332964 36723
15 1539 rs12439169 86992229 1 6.772967570152556e-5 86992229 86992229 0
15 2052 rs10902583 101335775 1 6.042637332882611e-5 101335775 101335775 0
15 953 rs4277295 61856952 1 5.8012338001077545e-5 61834566 61856952 22386
15 587 rs4775685 47724040 1 -5.7861069536633335e-5 47723981 47724040 59
15 1243 rs7174643 73680301 1 -5.774759845492947e-5 73680301 73680301 0
15 1115 rs16951524 68254541 1 5.7415725108966453e-5 68245488 68270380 24892
15 1552 rs731597 87271959 1 5.1828470588963955e-5 87257813 87272098 14285
15 1094 rs12902036 67298649 1 -4.988482165562445e-5 67298649 67301687 3038
15 1908 rs8035259 97403923 1 4.943636062671609e-5 97403627 97404828 1201
15 1278 rs2289583 75311036 1 -4.84444836275388e-5 75305040 75348712 43672
15 624 rs11070670 49251367 1 -4.754370772137027e-5 49251367 49251367 0
15 1923 rs1500639 98047533 1 4.5266550631238315e-5 98047533 98047533 0
15 1344 rs930538 79308215 1 4.373763395724347e-5 79308215 79308215 0
15 2060 rs12594881 101580693 1 -4.361154718559643e-5 101580693 101585159 4466
15 974 rs4775471 62424649 1 4.222088690597403e-5 62424649 62427973 3324
15 1503 rs756426 86052670 1 -3.771504374422455e-5 86003866 86054490 50624
15 1792 rs6497069 93952126 1 3.759018777658086e-5 93952126 93953860 1734
15 85 rs1880028 26361669 1 3.686686313904068e-5 26361669 26361669 0
15 1258 rs2507 74275676 1 -3.670777477173846e-5 74255121 74282880 27759
15 812 rs11071314 57702880 1 3.55660758298945e-5 57702880 57722445 19565
15 51 rs1121178 25828705 1 3.359528628753997e-5 25818880 25828705 9825
15 1782 rs8037188 93751641 1 -3.2950170441578495e-5 93751641 93751641 0
15 1352 rs1865360 79509424 2 -3.2004791156581654e-5 79509424 79510909 1485
15 114 rs6606865 27283967 1 3.0988664331532767e-5 27283967 27283967 0
15 279 rs12907066 33990976 1 -3.0377094019729184e-5 33990976 33993483 2507
15 1311 rs6495250 78106177 1 2.909062033068785e-5 78101909 78119345 17436
15 1197 rs1713551 71309593 1 -2.8470834347282473e-5 71207951 71312741 104790
15 1188 rs4777266 70711053 1 2.7187526193855302e-5 70683274 70717938 34664
15 1657 rs10152994 90784930 2 2.6855134036376453e-5 90778390 90785060 6670
15 1974 rs61743493 99511732 1 -2.644083361270513e-5 99511732 99514335 2603
15 2082 rs7172235 101955037 1 2.4790622875104903e-5 101954954 101962723 7769
15 1464 rs1510472 84059972 1 -2.4723838507736695e-5 84059972 84060847 875
15 970 rs12595158 62316035 1 -2.4526206760425443e-5 62313373 62380595 67222
15 74 rs8028085 26152066 2 -2.2277622986703163e-5 26151458 26154501 3043
15 1931 rs956011 98347727 1 2.194489869586042e-5 98347727 98352267 4540
15 1894 rs2246769 96767651 1 -1.579931729184416e-5 96767651 96767651 0
15 1085 rs4381541 67093631 1 1.365271948307479e-5 67091032 67093631 2599
15 497 rs34153025 41339697 1 -1.2650635162591375e-5 41339697 41339697 0
15 1249 rs896598 74036629 1 1.207162203370274e-5 74036629 74056225 19596
15 1748 rs4777990 93018587 1 1.0111011312098694e-5 93018587 93018587 0
15 1345 rs1373202 79321788 1 -7.80071641288372e-6 79321517 79321788 271
15 1627 rs293392 89648943 1 -6.737793592445109e-6 89648943 89648943 0
15 934 rs8037669 61349920 1 6.71708569524339e-6 61349920 61353769 3849
15 1283 rs4886456 76015867 1 -5.9317930917197766e-6 76015867 76072030 56163
