CHR Group SNP.lead BP.lead Size W BP.min BP.max BP.width
14 131 rs8017161 103563195 11 0.19691032296640032 103009367 103584674 575307
14 70 rs3784099 68749927 18 0.11802454197967176 68019608 69039588 1019980
14 107 rs737522 93014672 11 0.11755811711919176 93005721 93372370 366649
14 36 rs712314 35408548 20 0.05405841049272464 34879025 35853388 974363
14 97 rs12883250 88446876 19 0.04858286297358875 87546785 88695342 1148557
14 37 rs696 35871093 14 0.0474747076520747 35871093 36843139 972046
14 110 rs11621961 94769476 17 0.04637062517632091 94432783 94892438 459655
14 40 rs2415482 38958967 26 0.0422678807446914 38721995 40319433 1597438
14 103 rs1286083 91442779 15 0.04146904392721445 90983296 91642234 658938
14 7 rs3748366 22204911 14 0.04028694909919754 22022117 22483101 460984
14 28 rs2300835 33207522 10 0.03913603446337284 32903616 33237374 333758
14 130 rs62000389 102912150 19 0.0353839800484347 101910778 102933347 1022569
14 69 rs6573638 66328997 12 0.0352978047663209 66294143 67984540 1690397
14 90 rs11623789 82450632 15 0.0329005958986023 81820060 82505045 684985
14 62 rs755011 59815040 33 0.03243085567987477 59452572 61665229 2212657
14 66 rs8005319 63822521 8 0.03231364277317705 63175105 64173925 998820
14 48 rs7146952 49773025 17 0.03211135391407755 49331680 50484040 1152360
14 72 rs1763223 70114396 20 0.03017323331963891 69328022 70366437 1038415
14 41 rs8005565 41097075 24 0.02879447064209551 40343703 42710883 2367180
14 104 rs2202955 92118160 7 0.0275329348477785 91689496 92126827 437331
14 79 rs2193596 75234101 8 0.02607294671647264 74860214 75782101 921887
14 57 rs7153071 56408735 13 0.02552399738672563 56221073 56920900 699827
14 44 rs1959379 44974966 9 0.02479512862363623 44566484 45224071 657587
14 98 rs1287662 89290630 17 0.02371427996724007 88734104 89577749 843645
14 84 rs17811635 77573757 5 0.02364433396155263 77440979 77713146 272167
14 51 rs1002132 52285373 19 0.02338455979371496 52077089 52670514 593425
14 64 rs217676 62363763 5 0.01944143154564458 62065848 62375195 309347
14 135 rs3924892 105494262 11 0.01920791092832433 105368733 105752404 383671
14 106 rs10134832 92928693 3 0.01855787695988468 92656568 92959940 303372
14 81 rs17783366 76543004 6 0.0182994326218646 76031313 76581121 549808
14 85 rs177143 78590808 23 0.01794394076824805 77726516 78608741 882225
14 87 rs7141420 79899454 13 0.017718475719727272 79384718 80176931 792213
14 60 rs268819 58032340 14 0.01742332351904663 57612996 58446570 833574
14 53 rs1424832 53702370 13 0.01701755524751419 53196348 54148442 952094
14 0 rs12882648 20492492 6 0.01658072036855095 20425051 20694968 269917
14 23 rs718545 30489623 7 0.01630565856239859 29916912 30524538 607626
14 134 rs4247027 105139894 3 0.01597025297706845 104865071 105222037 356966
14 127 rs3742384 100800103 10 0.01579981844317136 100800103 101323211 523108
14 93 rs1241906 84142036 20 0.01494867327315581 84094388 85548835 1454447
14 9 rs970348 23069853 9 0.01454367851975577 22961102 23242828 281726
14 118 rs10145396 97255679 11 0.01426952989108222 96883969 97565056 681087
14 67 rs11621026 64389502 14 0.01377307800992759 64232386 65174586 942200
14 15 rs17109307 25384645 13 0.01354310938091137 25182686 25616188 433502
14 126 rs12588659 100587813 10 0.01298958114160845 100057672 100743421 685749
14 122 rs8021007 98943569 9 0.01246843234169341 98503520 99137635 634115
14 39 rs177899 38139214 13 0.01218343649636081 37449287 38706711 1257424
14 73 rs7142362 70416718 8 0.01181459368546379 70401814 71152433 750619
14 55 rs2358477 54607636 15 0.01110468402728592 54451302 55211833 760531
14 35 rs1244380 34682723 4 -0.01100295663585856 34607464 34828738 221274
14 52 rs11623917 52921896 10 -0.01096526837935647 52700209 53154350 454141
14 92 rs229776 83902685 13 0.01091214353943087 83267946 84062199 794253
14 54 rs10147611 54234753 4 0.01071115161631476 54172855 54433533 260678
14 42 rs1698507 43152763 4 -0.00990835709736109 42731966 43277615 545649
14 125 rs10129211 99859247 3 -0.00959919611146814 99753792 100037018 283226
14 124 rs1257499 99566723 4 0.00945457241757296 99479669 99688743 209074
14 96 rs1420813 87476592 6 0.00942068795992575 86722953 87494360 771407
14 43 rs1389565 43836526 27 0.0093223463620691 43367596 44535160 1167564
14 24 rs12436395 30706026 2 0.00928589076907273 30552778 30839557 286779
14 101 rs243202 90048612 6 0.00923564299240956 89983256 90451500 468244
14 121 rs2615443 98357914 8 0.00905170938310664 98175467 98498951 323484
14 25 rs179562 31224458 9 0.00887695114578289 30870187 31329598 459411
14 123 rs1257613 99448000 1 0.00881522411925819 99147232 99474165 326933
14 22 rs7155255 29695661 7 0.0084974129805256 29049457 29896499 847042
14 74 rs17108533 71249802 3 -0.00837210566401419 71179711 71343331 163620
14 14 rs7158744 24717791 9 0.00833342929653842 24653954 25162082 508128
14 108 rs12895695 93595051 6 0.00786718953998471 93389030 94240020 850990
14 49 rs10139934 50987481 12 0.0076614747214319 50518636 51395384 876748
14 105 rs1468745 92461017 10 -0.00765459450221361 92159558 92627138 467580
14 8 rs2178787 22604418 18 0.00761043787331989 22544393 22930158 385765
14 91 rs7148115 83176013 7 0.00753967074477417 82542096 83256589 714493
14 38 rs1956965 36999637 13 -0.00752833744621306 36888567 37442671 554104
14 94 rs10149105 85615940 7 0.00726206289853931 85569284 86037541 468257
14 80 rs2300603 76005557 3 0.00719787621524102 75790221 76028680 238459
14 78 rs17782124 74203789 16 0.00707570911949664 73335169 74808105 1472936
14 58 rs17776256 57075920 5 -0.00703907063168873 56972072 57185119 213047
14 68 rs2269303 65254465 24 -0.00686252274481148 65230358 66283754 1053396
14 11 rs17256141 23726814 2 0.00666441805594887 23632506 24017278 384772
14 5 rs61744857 21546354 5 -0.00619475988493469 21519599 21629898 110299
14 115 rs1033769 96034350 16 -0.0059202467353864 96009307 96260801 251494
14 76 rs8010242 72739064 4 0.00558921342106136 72553387 73037708 484321
14 88 rs7147199 80417718 14 0.00538290460540377 80187637 80971261 783624
14 100 rs10130093 89799122 4 -0.00444331745106267 89748882 89954050 205168
14 132 rs6575979 103841018 8 0.0042078797463797 103617950 104628406 1010456
14 65 rs7156151 62457053 16 0.00419539707725827 62435628 63159182 723554
14 21 rs17112865 28038607 22 0.00415496133991067 27720455 29007707 1287252
14 119 rs10131135 97717525 5 0.00407124779370291 97580724 97745959 165235
14 71 rs1465788 69263599 9 -0.00400859320120197 69060068 69273905 213837
14 32 rs12881368 33979974 2 0.00382222715785668 33937784 34159969 222185
14 56 rs8009181 55583424 7 0.00373586906080502 55236176 56197878 961702
14 19 rs17111632 27192237 4 -0.00370871012189131 26690571 27271382 580811
14 1 rs1953225 20897676 7 0.00311107250808431 20712322 20955163 242841
14 75 rs917065 71397846 7 0.00307345411953522 71352648 72542119 1189471
14 10 rs61745081 23564437 3 -0.00302388985921959 23259699 23598976 339277
14 77 rs4903062 73273963 11 0.00300405229528824 73052019 73329055 277036
14 18 rs1956612 26436743 5 -0.00300294486213065 26436743 26671662 234919
14 30 rs17460823 33586563 9 -0.00297023472133762 33555133 33825093 269960
14 63 rs2181985 61940910 5 0.00292332871154986 61692955 62021879 328924
14 59 rs862152 57244671 5 0.00291016167582731 57204584 57598022 393438
14 16 rs11159148 25682271 3 0.00290690174584443 25631999 26024780 392781
14 4 rs17254450 21325687 5 -0.00263509330578086 21325687 21502431 176744
14 12 rs7142207 24164243 2 0.00262912902235353 24117528 24202501 84973
14 45 rs746166 46626121 8 -0.00248122601235016 45289062 47447920 2158858
14 26 rs2378932 31983754 4 0.00234808038711757 31351785 32368934 1017149
14 109 rs927236 94266671 8 0.00204745494123028 94264690 94378321 113631
14 47 rs17120305 49063187 7 -0.00187474498831148 49025952 49274102 248150
14 117 rs4900310 96659673 5 -0.00179386450319347 96574434 96846092 271658
14 29 rs1956007 33383544 3 -0.00166909182161715 33271488 33508657 237169
14 27 rs7151991 32635572 8 0.00152598853262335 32389856 32876958 487102
14 89 rs45541932 81744076 17 0.00144041623341255 81008723 81778644 769921
14 114 rs61754461 95906095 4 -0.00123364075883848 95844779 95973610 128831
14 102 rs6575129 90843792 3 -0.00118147320658016 90542118 90890278 348160
14 34 rs980464 34568993 1 9.235871143031404e-4 34401104 34575688 174584
14 31 rs10148795 33845322 1 9.23369724048293e-4 33845322 33920274 74952
14 95 rs12147729 86116723 7 -9.202307111021372e-4 86064367 86634681 570314
14 3 rs7160426 21254730 3 -8.284674408241416e-4 21130632 21265637 135005
14 6 rs1061026 21967109 3 8.082426247380341e-4 21647420 21993498 346078
14 113 rs3742332 95645872 6 7.513495156848946e-4 95422491 95823870 401379
14 112 rs1243561 95369886 4 -7.335717489085668e-4 95273595 95390794 117199
14 46 rs17118550 47869655 18 -6.927737424271239e-4 47473866 48999279 1525413
14 13 rs2277481 24587545 1 -6.449190699773657e-4 24247710 24591892 344182
14 111 rs12895360 95038922 11 -5.567150274344282e-4 94910363 95263461 353098
14 99 rs751124 89612967 1 -5.285254142196887e-4 89592955 89722699 129744
14 86 rs918270 79018345 13 4.464416242003777e-4 78641734 79226876 585142
14 83 rs117254981 77294729 1 4.0804488541912375e-4 77039784 77332408 292624
14 116 rs3811344 96389594 2 -3.818501066389702e-4 96271965 96565323 293358
14 129 rs12434963 101709344 1 -3.627308570424292e-4 101653358 101872299 218941
14 33 rs1958058 34260635 2 3.4912995253317093e-4 34170982 34311717 140735
14 2 rs8011671 21020554 5 3.0601581448995224e-4 20971784 21109726 137942
14 50 rs4526942 51762689 12 -1.743189086069359e-4 51417886 52044782 626896
14 61 rs3829765 58605790 14 -1.139926365823548e-4 58460588 59447625 987037
14 82 rs3813545 76967305 8 8.936300418814578e-5 76593690 76967305 373615
14 120 rs2781407 97959474 1 5.3769610123253975e-5 97781834 98124407 342573
