CHR Group SNP.lead BP.lead Size W BP.min BP.max BP.width
2 234 rs10931468 191538562 16 0.18765268969579488 191504064 192197929 693865
2 233 rs4638823 191312906 6 0.08742384629034795 189882685 191469731 1587046
2 52 rs7583409 25491056 8 0.07521447161281347 25491056 26873672 1382616
2 244 rs3181113 204601910 24 0.07198393836885951 202835148 205054059 2218911
2 178 rs842362 135341120 16 0.0682507439239838 135162755 136590558 1427803
2 70 rs17493321 38772507 7 0.06552986276346137 38659657 39814690 1155033
2 280 rs2048054 228652347 5 0.06136297349042922 228577809 228776938 199129
2 21 rs10174949 8442248 11 0.05675955649968771 8438959 8605103 166144
2 166 rs6725404 128972833 7 0.05188033187098932 128465547 129118215 652668
2 98 rs1186706 61673394 21 0.0515156416158513 60972786 62666178 1693392
2 150 rs11694541 114509074 11 0.050445734671364983 114432293 115280624 848331
2 88 rs968972 51171962 13 0.0417318700459238 50865495 51753361 887866
2 35 rs721173 13907633 9 0.04092946872926203 13641538 14591055 949517
2 53 rs1260326 27730940 14 0.03997268080063465 26928811 28587069 1658258
2 184 rs10496859 141668678 9 0.03977305929631055 140922911 141782073 859162
2 92 rs10165485 54481636 32 0.0388117052486763 53851844 55658147 1806303
2 57 rs17321999 30479857 5 0.03562259644987066 30273535 30526780 253245
2 189 rs1012272 144993201 7 0.03442592267608364 144689662 145892427 1202765
2 284 rs1365776 231072709 7 0.03428753644374911 230545356 231316105 770749
2 147 rs1398030 111972005 10 0.03387159796152543 110886142 112000058 1113916
2 204 rs1990760 163124051 5 0.03207936240004685 163110536 164193154 1082618
2 312 rs41342147 242407588 9 0.03196578740704308 241922182 242511083 588901
2 138 rs12475055 102878891 10 0.03189794387904571 102707179 103602505 895326
2 94 rs6761469 58581018 17 0.03074898861388438 56552703 58834185 2281482
2 203 rs4420712 162952349 15 0.02966420392020111 161085348 162983749 1898401
2 286 rs7561687 231606083 3 0.02922321765694914 231544263 231825834 281571
2 67 rs6708310 37600427 3 0.02855783258530238 37010574 37814827 804253
2 18 rs996508 7177700 9 -0.02702973191449744 7116077 7554772 438695
2 152 rs13020149 117022828 6 -0.02690192795969273 116426293 117721104 1294811
2 33 rs4669855 12655145 7 0.02644990552334577 12627522 13052225 424703
2 153 rs1019590 118688162 20 0.02638945575508231 117772652 118978890 1206238
2 141 rs12465089 106386630 12 0.02633760217839902 106078289 106541229 462940
2 61 rs6751050 31993081 17 0.02551133676416117 31553987 33614187 2060200
2 291 rs17862875 234649302 16 0.02413600776454099 234143244 234876037 732793
2 126 rs13395022 79882260 4 0.0237430378376678 79641996 80035372 393376
2 121 rs1997450 76696261 11 0.02305631521922655 76187099 76894380 707281
2 146 rs10178717 110452645 2 0.02276964529285443 110256233 110452645 196412
2 301 rs719933 237812750 4 0.02267029773528525 237683005 238192670 509665
2 209 rs7579964 168826850 8 0.02181357526738291 168461161 169174367 713206
2 292 rs11563204 234917377 12 0.02118588858094827 234890391 235034610 144219
2 246 rs7579849 205639924 7 -0.02035590255767364 205385386 206259137 873751
2 124 rs13021149 78292330 12 0.01999337547410898 78093107 79178130 1085023
2 257 rs3738920 214031987 12 0.01997045316874762 214031987 215565107 1533120
2 81 rs4952809 46452277 2 -0.01988839902807969 46054013 46452277 398264
2 290 rs7569837 234078406 6 0.01921488717855605 233636450 234102070 465620
2 113 rs3732233 71633275 7 0.01907633577361498 71285678 71806112 520434
2 139 rs1433312 103987135 12 0.01849616073328473 103770238 105197447 1427209
2 195 rs11692152 153721508 18 0.01844594307501811 152251363 153997058 1745695
2 137 rs1369482 101503416 7 0.01831075723620838 101343638 102678709 1335071
2 1 rs4927608 1453528 16 0.01782566285973851 663483 1643208 979725
2 258 rs11890512 215910724 8 0.01714081214732444 215592306 216062462 470156
2 231 rs11901504 185785610 18 -0.01705980220566902 184446942 186223503 1776561
2 128 rs560737 80231469 4 -0.01684873828725828 80228740 80619803 391063
2 188 rs6708276 144442150 7 0.01683713391530013 144146850 144662599 515749
2 262 rs6435957 217878209 10 -0.01525488424825523 217573692 217971141 397449
2 84 rs3923559 47606774 9 -0.01519172903258659 47322330 47794426 472096
2 181 rs1453301 138080695 10 0.0150387906583668 138080695 138655271 574576
2 289 rs4072149 233508677 4 -0.01444437077068392 233387635 233537125 149490
2 78 rs10209754 45404169 4 -0.01406867152615894 45200009 45410658 210649
2 102 rs3911862 65759671 7 0.01397205335034302 65732023 65928971 196948
2 54 rs12624279 28634790 8 0.01394597611665402 28605588 28782985 177397
2 129 rs3770317 80791939 7 0.01362617978564605 80673614 81523033 849419
2 145 rs4676060 109662043 8 0.01361382698920605 109556365 110077153 520788
2 232 rs1016410 186651381 20 -0.01354180332552133 186267921 189880810 3612889
2 276 rs3748993 226491770 5 0.013507524219568681 225848579 226661758 813179
2 116 rs6720094 73588076 10 -0.01346096275134513 73278990 74355244 1076254
2 256 rs17355277 213857830 8 0.01343173471139587 213563072 213986695 423623
2 111 rs10489986 70808147 7 0.01297040217645765 70769365 71020254 250889
2 115 rs13339845 72419864 6 0.01272243535117153 72173427 73013836 840409
2 15 rs13384785 6375910 6 -0.01259759728097092 6366715 6641549 274834
2 259 rs17459063 216317657 6 0.01252567526893544 216143939 216534235 390296
2 73 rs1560260 41835431 7 0.0124569441950854 41832878 42329329 496451
2 247 rs12694029 206438036 4 0.01242690032039657 206305156 206496702 191546
2 174 rs12052290 133863624 13 0.01223781842811036 133402949 133929269 526320
2 199 rs1481379 157931593 4 0.01211565405566497 157565192 158165401 600209
2 198 rs7602743 157529654 9 0.01201007519963596 155688576 157539961 1851385
2 154 rs13426749 119092344 7 -0.01169196377368507 118997824 119742865 745041
2 270 rs1346801 222180661 7 0.01158906397752542 222026796 222495694 468898
2 177 rs6720404 134929274 8 0.01146723568145414 134736340 135144454 408114
2 176 rs10496709 134507165 7 -0.0113359066669192 134369367 134719933 350566
2 267 rs982458 220663477 6 0.01118497998439552 220564035 220698125 134090
2 37 rs7583876 15952212 8 -0.01113633596898585 15812261 15975615 163354
2 101 rs840969 65702803 10 -0.01087044876703103 65103983 65711298 607315
2 132 rs17026015 85432404 14 -0.01079375575009867 85169420 85965769 796349
2 305 rs9636382 239857995 2 0.01076621487545424 239646391 239895637 249246
2 64 rs13025239 35908737 16 0.01071864108294713 34905328 36113122 1207794
2 133 rs6547705 87044316 7 0.01067880798987369 86032231 87108211 1075980
2 148 rs13419523 112781917 12 0.01060628940540032 112277340 113342566 1065226
2 298 rs2675144 236641479 9 0.01037183514987835 236214712 236641479 426767
2 251 rs6712379 209020711 18 0.01019105856143131 208761235 209414499 653264
2 266 rs6745489 220215537 6 -0.01015388697713374 219900068 220412282 512214
2 272 rs10932941 222986114 8 -0.01014537011430239 222891137 223343855 452718
2 30 rs17529680 11727087 1 0.01012857137476052 11580569 11736305 155736
2 47 rs1801701 21228827 10 0.01011010229125784 20880345 21685076 804731
2 83 rs2289928 47134904 6 0.01006814238958671 47067214 47302095 234881
2 202 rs4254463 159645941 23 0.00969138943336055 159597415 161026336 1428921
2 110 rs4853252 70237360 6 0.0096626890734289091 69350431 70753882 1403451
2 196 rs1022386 154582806 26 0.00955404514121758 154025701 155180409 1154708
2 97 rs872277 60338651 6 0.00952881273101993 60296223 60910033 613810
2 16 rs2174519 6937310 1 0.00950268675856367 6665570 6937310 271740
2 304 rs116142311 239013472 11 -0.00949990372120817 238836195 239574950 738755
2 172 rs13428178 133175872 2 0.00948922605697304 132731387 133194549 463162
2 163 rs17635031 126590327 7 -0.00942370891217503 125177190 127353125 2175935
2 214 rs1420378 171630631 7 0.00941937137101707 171476133 172082579 606446
2 311 rs11886874 241820501 4 -0.00941884007422586 241401673 241894333 492660
2 51 rs2304429 25458546 8 -0.00939894052647758 23891540 25482883 1591343
2 45 rs6531222 20388484 9 0.00934937952905415 20076454 20706742 630288
2 58 rs1901909 30889161 11 0.00930337753185152 30577757 31006133 428376
2 99 rs1346236 64609979 14 0.00919172594601869 62713533 64620637 1907104
2 89 rs9309214 51824309 11 -0.00908943975761271 51779120 52479251 700131
2 207 rs11683781 166288740 18 0.00907654561861331 165840077 167120956 1280879
2 302 rs11690358 238244781 1 0.00904178998640737 238214039 238435398 221359
2 59 rs1000916 31314555 12 0.00892816657079063 31034527 31342300 307773
2 170 rs6708453 131089135 5 0.00886815627319325 130568652 131123264 554612
2 62 rs2367957 33947264 12 -0.00882541275809818 33641932 34005793 363861
2 24 rs10929604 9865547 2 0.00882132245449247 9806527 9949464 142937
2 218 rs6717268 174254430 1 0.00878384637981127 174214306 174306537 92231
2 239 rs13008940 196374552 11 0.00872169021216926 195974363 197273364 1299001
2 27 rs10192975 10887075 5 0.00859851780999353 10627544 10988588 361044
2 224 rs2364725 178132988 12 0.00856101051824401 177627904 179099946 1472042
2 86 rs7594662 49984263 7 0.00849800325566589 49116885 50005959 889074
2 185 rs13030335 142231898 9 -0.00844425994054488 141823300 142488678 665378
2 143 rs12712262 107516533 9 0.0083812269131499 107423395 108312303 888908
2 303 rs12616673 238498038 7 0.00835612830097454 238462725 238792133 329408
2 215 rs12692976 172684403 7 0.00831538631927506 172104703 173126490 1021787
2 41 rs7585536 17444450 18 0.0082954147061474 17256600 18142133 885533
2 158 rs17005295 121600223 2 0.00824215686560623 121589440 121886826 297386
2 186 rs17832932 142942795 6 0.00817423481047786 142513131 143231622 718491
2 106 rs17633978 67760072 10 -0.00799503801477756 67456700 68012802 556102
2 221 rs7566401 175994720 9 0.0078272392818974 175591073 176732191 1141118
2 201 rs6710480 158958605 7 0.00782406576208917 158646738 159567817 921079
2 140 rs2576767 105960333 6 0.00773636755340841 105278158 106046789 768631
2 112 rs3771389 71153154 3 0.00732337328244564 71036482 71212336 175854
2 4 rs17719904 2592143 6 0.00726571919142123 2540292 2765887 225595
2 248 rs3770996 206649743 3 -0.00721422262460415 206536329 206699721 163392
2 151 rs17786162 115529358 7 0.00720871157073948 115345516 116381897 1036381
2 5 rs823243 2848102 2 0.00716006555172873 2794222 3012947 218725
2 271 rs13022647 222818891 4 0.00713688142202067 222542378 222856726 314348
2 208 rs13017982 167326652 9 -0.00705144867338378 167136589 168346441 1209852
2 265 rs2382817 219151218 11 0.00703624814061923 218862241 219756383 894142
2 253 rs167650 211895267 16 -0.00699801312530653 210889759 212356992 1467233
2 75 rs17405635 43355763 4 0.00697728447537643 43317253 43436754 119501
2 7 rs7592700 3480563 8 -0.00683652918683391 3477014 3904446 427432
2 20 rs6748904 8186474 3 0.00681305946901769 8101004 8404110 303106
2 293 rs1356660 235132912 3 -0.00679729232535726 235099369 235241961 142592
2 171 rs10928155 132583278 5 0.00656834130875608 131548941 132583278 1034337
2 142 rs6729848 107154331 3 -0.00652218630983151 106551158 107343864 792706
2 76 rs7592384 43926465 15 0.00633285060376037 43502477 44290437 787960
2 56 rs17007920 29570906 15 0.00628654806160343 29477830 30228640 750810
2 220 rs1463263 175584157 16 0.00627987530054552 174739890 175584157 844267
2 240 rs1595825 198875464 26 -0.0062464133600926 197315114 199258412 1943298
2 100 rs11683197 65027624 4 0.00604339717614464 64630299 65089291 458992
2 39 rs16982422 16644134 5 0.00601269813374647 16366130 16752999 386869
2 155 rs838102 119984733 14 0.00593922098659507 119793795 121041347 1247552
2 0 rs437409 142137 5 0.00592635092258226 36787 652797 616010
2 144 rs1718031 108791642 12 -0.00592530657160226 108415702 109514464 1098762
2 162 rs12476179 124484294 7 0.00590775598205605 123780262 125159292 1379030
2 161 rs6541859 123524253 4 -0.00571119491494271 123320715 123769845 449130
2 87 rs971732 50142117 9 0.005658473591365 50031813 50793781 761968
2 36 rs10173491 15451774 10 0.00553074756686748 14657186 15664756 1007570
2 190 rs12615682 146078530 10 0.00550108359442709 145983262 147196291 1213029
2 243 rs7606251 201736734 5 -0.00545079548737455 201582193 202763587 1181394
2 192 rs170673 150014096 5 0.005415399956162 149251702 150450828 1199126
2 281 rs6726331 229609201 8 0.00537537840013977 228819272 229917745 1098473
2 85 rs2293276 48819197 12 0.00517219675455082 47874713 49099508 1224795
2 65 rs10495867 36304861 10 0.00515250703047365 36132138 36559139 427001
2 310 rs1565985 241193615 4 0.00493215141812264 241114873 241371065 256192
2 68 rs17021120 37843019 1 0.00488905605789836 37827519 38005048 177529
2 77 rs11683295 44316109 10 -0.0047935217427506 44315927 45189763 873836
2 287 rs2290130 232263127 6 -0.00470963093857139 231864289 232490484 626195
2 135 rs17765112 100149336 18 0.00462168617642546 95639504 100149336 4509832
2 55 rs3768665 29005602 15 -0.00460758963146609 28807899 29453835 645936
2 40 rs7557152 17164488 5 -0.00447654440802061 16803169 17225905 422736
2 43 rs6531131 19078715 8 0.0044306836642624 18671795 19687207 1015412
2 96 rs17643867 59545416 13 -0.00436960186224644 59301572 60260639 959067
2 11 rs12468072 5182751 7 0.00424779100365433 5182751 5517283 334532
2 82 rs1868086 46579675 13 0.00423090855468705 46475797 47049453 573656
2 104 rs6759648 66844120 4 0.00422263789520179 66651744 66953286 301542
2 160 rs7603857 122994633 15 -0.0040095993271416 122083042 123238843 1155801
2 119 rs741418 75363186 2 -0.00395217376062909 75323267 75654059 330792
2 3 rs1710506 2518376 4 0.00393027614734312 2236281 2521551 285270
2 288 rs3856544 232714559 7 0.00389201754521567 232558842 233345861 787019
2 269 rs1467060 221709623 7 -0.00382436046427757 221454938 221971645 516707
2 44 rs10184780 20054392 4 0.00376542165435256 19694200 20054392 360192
2 149 rs6760120 113932431 17 -0.00368476260561508 113442808 114120785 677977
2 50 rs6712940 23834096 3 -0.00364673637126429 23705389 23860168 154779
2 29 rs6717388 11285016 3 -0.00339544866122778 11113517 11530716 417199
2 103 rs9309384 66460709 9 0.00337695909131708 65938740 66530723 591983
2 179 rs4477975 137009006 9 0.0033677586372566 136836365 137013525 177160
2 105 rs17681403 66977032 7 -0.00335679957356622 66977032 67429679 452647
2 275 rs13405571 225688041 19 0.00331837972280006 224589375 225792835 1203460
2 250 rs2543596 207986713 11 -0.00326843327276475 207726297 208610801 884504
2 46 rs4666313 20769783 3 0.00318699262461288 20720724 20868179 147455
2 136 rs6721652 100377321 6 -0.0031864092654004 100210642 101337982 1127340
2 277 rs2102101 227410349 6 0.00310216568679288 226697772 227548310 850538
2 108 rs6734622 68350891 11 0.00306055738429663 68349183 69101053 751870
2 19 rs6728852 7658883 5 0.00304126467171915 7579103 8044396 465293
2 212 rs10497352 170955771 6 0.00303642453937591 170278948 171101509 822561
2 274 rs1517641 224227452 6 0.00300993306945936 224179428 224576402 396974
2 268 rs11688377 221067691 4 0.00299418943063743 220733584 221348373 614789
2 109 rs4314026 69269809 5 -0.00295805361352014 69147566 69330445 182879
2 71 rs688673 40406518 9 -0.00289124856398936 39830183 40621387 791204
2 2 rs6548049 1984798 3 -0.00285963295515433 1700986 2227707 526721
2 13 rs2722591 5946313 4 -0.00281554841552847 5729629 5989380 259751
2 191 rs10928364 148500974 16 0.00269619048534332 147292648 149198275 1905627
2 117 rs10185931 74961853 3 -0.0026870395196625 74401657 75095809 694152
2 297 rs6722135 236070210 6 -0.00266680731781706 235993933 236188718 194785
2 309 rs714219 240916890 3 -0.00259839892112232 240851523 241066201 214678
2 23 rs2709580 9514573 6 0.00253380466076626 9382343 9754439 372096
2 69 rs875653 38512522 9 -0.0024696948890433 38048671 38623289 574618
2 122 rs6705164 77468540 9 -0.00242960457791632 76927056 77612121 685065
2 307 rs7570018 240502117 4 0.00241207862430942 240330994 240626750 295756
2 125 rs6744025 79525176 4 0.00222076283213815 79225690 79623646 397956
2 156 rs10864990 121094955 2 -0.00209312323731158 121094955 121247093 152138
2 63 rs1425025 34302743 11 0.00200948735476297 34040204 34790535 750331
2 229 rs288344 183666918 18 -0.00197283162845419 182852282 183666932 814650
2 255 rs6707285 213067749 5 -0.00190276599384137 212807645 213504183 696538
2 210 rs3821116 169729849 7 0.00190088303958185 169196340 169802594 606254
2 242 rs35987478 201437328 11 -0.00187424975000274 200527705 201562553 1034848
2 165 rs7605172 127797114 7 -0.00181908899520976 127778235 128393390 615155
2 114 rs6546731 72116933 4 0.00178453068227683 71861587 72131032 269445
2 180 rs16833964 137146324 28 0.00178269733003409 137061077 138073500 1012423
2 223 rs2044642 177460699 1 0.00178057949800804 177365599 177579054 213455
2 93 rs7609306 56376564 6 0.00177903911064123 55727476 56503029 775553
2 49 rs1025703 23507416 3 0.0017740624935495 23155213 23689034 533821
2 300 rs2046284 237238496 4 0.001768325530626 237233920 237644199 410279
2 211 rs6433103 169911189 6 -0.00175257541979082 169824983 170232853 407870
2 249 rs79484112 207173390 10 0.00168112529665517 206787733 207711974 924241
2 306 rs672183 240100263 3 -0.00166069488093051 239961615 240318755 357140
2 294 rs11685523 235464046 2 0.00165790236592792 235272133 235509738 237605
2 95 rs12615223 59171779 3 -0.00161175803836778 58857542 59242603 385061
2 134 rs11690079 88742338 10 0.0015543698686593 88373195 89130009 756814
2 213 rs7561268 171256597 4 -0.00154254792069509 171139256 171422330 283074
2 169 rs11675233 130058282 9 0.00148002503049303 129881863 130473222 591359
2 80 rs1533476 45981111 2 -0.00144602850242829 45898530 46024212 125682
2 90 rs7607212 52520921 7 -0.00142370785114644 52507412 53459016 951604
2 60 rs76523220 31417290 2 -0.00139990621104135 31394722 31540926 146204
2 123 rs4337498 77857564 5 0.00136945323630399 77656160 78061074 404914
2 299 rs10211191 236838338 1 0.00131772191925832 236838338 237193052 354714
2 285 rs11681644 231493060 5 -0.00131247375404052 231333763 231521950 188187
2 261 rs10180583 216905728 9 0.00122488620251455 216905728 217493755 588027
2 279 rs6713443 228201546 9 0.00122082903745246 228064180 228521287 457107
2 168 rs12692083 129549283 3 -0.00118049280008916 129478842 129864132 385290
2 10 rs721087 4964465 1 -0.00117471374685665 4666664 4988246 321582
2 197 rs11895478 155571123 8 -0.00116593270374701 155213618 155629561 415943
2 48 rs7601596 22348539 7 0.00109561248156284 21940844 23106030 1165186
2 79 rs3770266 45688221 9 0.00107998570965185 45457111 45834076 376965
2 131 rs4832367 84228877 3 0.00107989780729654 83907358 85127192 1219834
2 238 rs12478243 195928055 9 -0.00100050498211283 195195631 195928055 732424
2 22 rs1044280 8871342 5 -9.732088810453223e-4 8691159 9310604 619445
2 228 rs1441159 182581492 8 -9.689807780561044e-4 181647026 182780874 1133848
2 34 rs7568997 13257628 2 9.398929634783882e-4 13088380 13610655 522275
2 127 rs2974134 80180246 1 -8.557796576145781e-4 80081182 80213680 132498
2 278 rs10174459 227973193 1 8.474235967063695e-4 227579207 228030362 451155
2 167 rs11683275 129274601 3 -8.358069348068957e-4 129180470 129441341 260871
2 219 rs606961 174487923 2 8.238719106009475e-4 174326790 174680319 353529
2 225 rs79399438 179325816 12 -8.149510777625095e-4 179186529 180206856 1020327
2 175 rs16826351 134303747 6 -8.085577299003193e-4 133977005 134356109 379104
2 8 rs7591808 3928737 2 -7.8553090311362e-4 3918124 4290661 372537
2 222 rs4972806 177012578 1 7.584619297776507e-4 176756752 177272297 515545
2 308 rs11891511 240644907 5 -7.403136482392659e-4 240634587 240844350 209763
2 235 rs2356656 192381934 2 7.159971998615367e-4 192341763 192752136 410373
2 245 rs12373835 205347379 2 -6.694692499686221e-4 205111927 205347379 235452
2 227 rs16867120 180826451 3 6.302813654974241e-4 180783672 181614535 830863
2 273 rs795882 223748542 11 -6.184570629192455e-4 223355051 224081654 726603
2 72 rs12988568 41226427 5 5.946966345451612e-4 40630678 41793430 1162752
2 295 rs1365983 235777989 1 -5.744284658840386e-4 235525599 235779418 253819
2 282 rs6712266 230272648 5 -5.424869868460758e-4 229942970 230278731 335761
2 31 rs11695702 11922054 2 5.125726820140821e-4 11811286 11922054 110768
2 6 rs6548165 3149987 3 -5.000269611344468e-4 3062238 3438355 376117
2 206 rs16849207 164894431 10 4.756034735717129e-4 164720735 165808057 1087322
2 164 rs1000858 127459321 1 4.6887087451138695e-4 127378514 127762988 384474
2 120 rs6732989 75778286 1 -4.5165621459200154e-4 75672583 76160203 487620
2 28 rs1882646 11031788 3 4.322434487578831e-4 11019047 11092613 73566
2 217 rs11682941 173661602 1 -4.2872627583796335e-4 173592606 174155192 562586
2 216 rs7584977 173332725 3 -4.253613422777929e-4 173141580 173564133 422553
2 226 rs1022360 180272486 3 4.233254082274926e-4 180240770 180717978 477208
2 187 rs617158 143784491 4 4.1043624452370177e-4 143262276 144131703 869427
2 183 rs1997418 140719147 3 3.4512276649560056e-4 139848110 140884146 1036036
2 264 rs6753621 218810908 2 3.166812664059388e-4 218674484 218827913 153429
2 260 rs4674024 216631366 1 -3.0326896543578436e-4 216631366 216826136 194770
2 107 rs1503245 68224744 2 2.751836886546515e-4 68050599 68241345 190746
2 283 rs2193906 230349801 2 -2.586873570105644e-4 230288990 230524304 235314
2 182 rs11893089 139175990 1 -2.574816047800971e-4 138701957 139780817 1078860
2 205 rs2704358 164402710 5 2.532593593103515e-4 164295936 164638458 342522
2 32 rs10211429 12579179 8 -2.2169933591325653e-4 12038123 12591695 553572
2 230 rs12465639 184137284 2 -2.1287028106219908e-4 183702964 184407963 704999
2 159 rs2250092 121992921 4 2.124193510571544e-4 121925398 122064537 139139
2 26 rs1476985 10495974 1 -1.946511775759829e-4 10454622 10612091 157469
2 25 rs16855971 10364272 8 -1.9216303329690557e-4 9971366 10402632 431266
2 193 rs4233802 151135525 4 1.6160062506807545e-4 150492237 151250458 758221
2 237 rs17662626 193984621 1 1.4801019335713297e-4 193089321 194819525 1730204
2 130 rs7609125 81919965 7 1.4782276700788964e-4 81607450 83869897 2262447
2 296 rs12471688 235932581 1 -1.2122689650720534e-4 235809515 235950284 140769
2 157 rs4848607 121283724 1 1.1115141520308758e-4 121280603 121551745 271142
2 9 rs6743559 4307217 4 -8.564845948377375e-5 4307217 4626527 319310
2 74 rs1390610 42717015 12 -8.060331426092181e-5 42350487 43305926 955439
2 194 rs289872 152065857 2 -7.24650501440293e-5 151330926 152236398 905472
2 42 rs1452414 18427836 10 2.0296781632388964e-5 18147893 18621953 474060
2 66 rs848607 36770192 5 -1.6819889733193103e-5 36571060 36994439 423379
2 252 rs6732025 209485037 2 -6.281980945393534e-6 209485037 210810644 1325607
