CHR Group SNP.lead BP.lead Size W BP.min BP.max BP.width
10 26 rs61839660 6094697 8 0.06967659049545001 6000259 6182423 182164
10 127 rs593992 34536049 13 0.06591934152893925 34536049 36000671 1464622
10 140 rs10857650 50030023 14 0.05259275914487028 49834326 50122181 287855
10 269 rs118161359 103906612 13 0.04860108048985779 103894939 105244565 1349626
10 200 rs9664184 75409967 10 0.04618763183801427 73820001 75669319 1849318
10 175 rs10761654 64405646 12 0.0411646038805054 64276759 64745589 468830
10 116 rs4301703 30813618 9 0.03807601992479884 30658147 30813618 155471
10 198 rs7893748 73483976 3 0.03692208815822027 73355056 73506514 151458
10 42 rs10795685 9017944 5 0.03320510511913206 8775730 9192604 416874
10 185 rs5030937 70975897 9 0.02976255129905726 70799421 71051643 252222
10 342 rs10765017 129168894 3 0.02644224157208581 129158853 129186924 28071
10 283 rs10884919 111757791 7 0.02637958806485729 111405399 112164194 758795
10 335 rs6597754 127948238 3 0.02479549863188114 127868584 127997303 128719
10 52 rs10752230 11803185 7 0.02270583458332221 11492868 11848189 355321
10 320 rs2935695 123481200 2 0.02239743208560414 123268889 123569487 300598
10 174 rs10821948 63809624 13 0.02178933297058542 63785089 64252883 467794
10 29 rs602756 6466280 9 0.021772813511383 6441755 6615454 173699
10 346 rs2152143 129906980 8 0.02068985111343237 129845547 130048165 202618
10 121 rs2769202 32524898 12 0.02027348675967593 32460069 33557046 1096977
10 11 rs2306301 3154339 7 0.02016838741481239 3123433 3202065 78632
10 362 rs1655127 132693122 4 0.01984818106844398 132602033 132693122 91089
