CHR Group SNP.lead BP.lead Size W BP.min BP.max BP.width
6 319 rs12529318 32434314 5 0.2576023335255196 32383108 32578052 194944
6 327 rs2281389 33059796 19 0.2335619326232982 33025493 33098276 72783
6 320 rs7774434 32657578 10 0.1228060754166547 32590722 32672082 81360
6 311 rs2523544 31333562 4 0.0873848233104729 31289640 31341379 51739
6 315 rs915653 31657047 14 0.07183863662262828 31572927 31947460 374533
6 760 rs535490 106564434 8 0.06316438511424485 106564434 106613091 48657
6 970 rs6920220 138006504 4 0.05263030609284173 137940936 138022540 81604
6 323 rs2071473 32782605 20 0.05237020110666748 32740895 32804070 63175
6 307 rs2233976 31079994 20 0.05199270084359503 30996132 31101674 105542
6 288 rs806794 26200677 3 0.04824875448081255 26184617 26322985 138368
6 1258 rs3093024 167532793 3 0.04319604027400542 167360389 167537594 177205
6 314 rs4413654 31441349 7 0.03610110634055594 31436273 31568469 132196
6 450 rs3777594 45933157 2 0.03547680065503153 45933157 45992333 59176
6 193 rs6933491 16268408 4 0.03496310937507604 16203561 16289328 85767
6 282 rs6940230 25247120 7 0.03330546666933153 25200842 25328567 127725
6 317 rs1475961 32194609 6 0.03297592547234738 32191339 32286761 95422
6 357 rs9357239 37060809 1 0.03166608478834192 36999682 37060809 61127
6 212 rs9297068 18353562 5 0.03047230223436415 18256625 18353562 96937
6 1098 rs687508 153406657 7 0.02976187902981792 153353459 153488244 134785
6 396 rs10807248 40844002 5 0.02912358878619642 40801731 40863535 61804
6 961 rs6912539 137108757 2 0.02873967829942225 137108757 137268106 159349
6 303 rs2269702 30675135 10 0.02591264940011564 30455886 30716117 260231
6 328 rs2229784 33136310 9 0.02548645249162362 33098569 33195604 97035
