CHR Group SNP.lead BP.lead Size W BP.min BP.max BP.width
17 456 rs9303277 37976469 10 0.104182071925677 37976469 38089344 112875
17 427 rs12941866 34900120 5 0.0255001374263314 34848874 34981606 132732
17 670 rs6504191 62041068 1 0.02493384226206717 62037685 62041068 3383
17 521 rs3826397 46509447 7 0.02487132939790793 46096276 46548644 452368
17 820 rs2661611 71708855 3 0.02385374030157798 71703533 71715356 11823
17 778 rs12451606 70023827 3 0.022817270577866 70023827 70045179 21352
17 942 rs7216806 77538517 2 0.02249230463867121 77538517 77538517 0
17 354 rs4350617 28423088 12 -0.02164166485112698 27959903 28551665 591762
17 563 rs10514997 50299021 6 0.02161706834644575 50221315 50321347 100032
17 922 rs7218605 76811803 5 0.01978034194120797 76711312 76852828 141516
17 592 rs7207114 53434046 1 0.01942356896796025 53415850 53445130 29280
17 767 rs17178041 69138255 3 -0.01937827364718925 69108753 69239272 130519
17 512 rs199533 44828931 5 0.01873517705016528 44787312 44865439 78127
17 190 rs406446 10614442 2 0.01873109978543209 10583589 10695255 111666
17 115 rs2270981 7216540 2 0.01779216401611409 7216540 7221197 4657
17 506 rs7215239 43767773 3 -0.01752380605905189 43714850 43777313 62463
17 573 rs1508960 51669531 2 -0.01720418587910335 51669531 51690086 20555
17 516 rs2292700 45362423 5 0.01715687647180071 45315486 45370518 55032
17 853 rs4789114 72950927 1 0.01699451711483019 72950927 72950927 0
17 698 rs17769593 64221641 4 0.01691774988356699 64209540 64249497 39957
17 959 rs999977 78606412 3 0.01619393783810064 78582693 78712423 129730
17 749 rs8071899 67930946 2 0.01594829297501473 67906036 67962664 56628
17 24 rs58337165 1684605 2 0.0150611747463803 1673276 1692140 18864
17 355 rs3110454 28651363 3 0.01487255169658186 28574177 28651363 77186
17 367 rs6505263 30153880 4 -0.01447542225619155 30153880 30321567 167687
17 61 rs9909751 4299256 2 0.01343029047991461 4299256 4310639 11383
17 755 rs16975680 68368974 5 -0.01336565242099156 68264545 68381555 117010
17 593 rs7213162 53489599 4 0.01304180314382175 53477038 53519844 42806
17 520 rs62067380 46000406 5 0.0130015528644656 45960865 46081041 120176
17 971 rs7342974 79483999 1 0.01295520928616374 79471895 79487491 15596
17 517 rs118004742 45468858 5 0.01278093258768031 45381823 45768836 387013
17 523 rs9890514 46738883 2 0.01265788172450612 46657927 46738883 80956
17 204 rs2969184 11344615 1 -0.01256766646521754 11344615 11346125 1510
17 177 rs3967769 9981026 1 0.01243184519873753 9981026 10004782 23756
17 505 rs1230103 43485791 1 0.01209762034316703 43470156 43513441 43285
17 71 rs8072531 4752260 3 0.0118307349861309 4752260 4813365 61105
17 714 rs7224314 65386214 3 0.01158072058439232 65329358 65386214 56856
17 158 rs6503203 9337050 4 -0.01132818294696365 9336370 9354504 18134
17 754 rs12150382 68222772 2 0.01113824143045489 68207627 68237670 30043
17 72 rs3786046 4920360 3 0.01008935946020781 4834209 4938201 103992
17 331 rs17771175 21003053 4 0.00974247733363565 20991506 21084892 93386
17 638 rs2072147 56395757 6 -0.00959508443507115 56395757 56438301 42544
17 838 rs3186520 72257713 2 -0.00947117701173687 72240168 72257713 17545
17 73 rs6502843 5005311 4 -0.00881817383082153 4971655 5113423 141768
17 572 rs9890221 51613235 1 0.00881416709812791 51601631 51653566 51935
17 465 rs72821893 38907448 1 0.00842843735919236 38888121 38938316 50195
17 345 rs11538927 26686416 1 0.00822172904384928 26630479 26742060 111581
17 197 rs7213403 11129408 2 0.00821604322799149 11105794 11130229 24435
17 455 rs931992 37821435 9 0.00821390407586364 37409625 37866005 456380
17 910 rs4789577 76320835 1 0.00795981491873249 76320835 76320835 0
17 697 rs4791083 64169795 1 -0.00783287249559284 64148359 64207129 58770
17 308 rs2274892 16852027 3 0.00749426554945795 16841924 16855878 13954
17 132 rs4792734 8208155 6 0.00744008299831552 8047081 8215927 168846
17 128 rs8078865 7955314 2 0.00734584947151624 7950394 7984479 34085
17 370 rs11656631 30841962 2 0.00672858428020763 30692396 30841962 149566
17 870 rs8067774 74479889 1 0.00669436031360943 74387284 74480715 93431
17 744 rs2074031 67522975 1 0.00662200093176967 67486221 67522975 36754
17 644 rs7215464 57572324 5 -0.0065534133089303 57512957 57691502 178545
17 675 rs8082170 62395382 6 0.0065306613367927 62387211 62405369 18158
17 528 rs6504595 47187056 2 -0.00649038731150049 47187056 47210506 23450
17 885 rs16969682 75127012 1 0.00643978828734053 75101724 75127938 26214
17 122 rs1544724 7621777 1 0.0061454397068131 7619861 7623394 3533
17 446 rs2879097 36889559 1 -0.00607043499413237 36889559 36890949 1390
17 143 rs9891421 8880878 2 0.00599126143189249 8834595 8880878 46283
17 558 rs7207398 49812048 4 -0.00592260685692931 49781822 49837019 55197
17 847 rs491192 72623855 1 0.00581700697253398 72622473 72653232 30759
17 250 rs2108702 13592605 5 0.00561123063692361 13559080 13624269 65189
17 55 rs178323 3637953 3 0.00550067400398367 3615496 3641316 25820
17 742 rs8071378 67408662 1 -0.00541994207899926 67335782 67442274 106492
17 617 rs868728 55403922 5 -0.00533937535835579 55361584 55403922 42338
17 248 rs1990237 13486405 2 -0.00524914126218189 13481453 13495749 14296
17 936 rs11658702 77289304 2 0.00520321104456911 77273513 77296321 22808
17 716 rs6504511 65466619 2 -0.00517845549467102 65466619 65482064 15445
17 51 rs11649929 3410902 2 0.00505139838308642 3408576 3422366 13790
17 208 rs11078022 11511457 3 0.00499234601620705 11511457 11519394 7937
17 779 rs2193060 70086350 1 0.00498846696529542 70058020 70120551 62531
17 279 rs9910320 14801005 1 -0.00495063295860961 14793656 14804554 10898
17 766 rs9903422 69100197 1 0.00493383956547709 69089167 69100197 11030
17 957 rs148731719 78350110 5 0.00473084382494325 78299319 78396004 96685
17 510 rs3785883 44054433 3 0.00461714429964819 44054433 44076665 22232
17 188 rs117790102 10415269 2 0.00453340715761186 10283950 10520700 236750
17 382 rs12941575 31715385 3 0.00450822741507252 31702422 31737421 34999
17 94 rs3888640 6153134 1 0.00444699103464724 6153134 6170245 17111
17 540 rs2586469 48327247 1 -0.0044171340644523 48305312 48328413 23101
17 530 rs2233362 47287067 2 0.00437292116186632 47287067 47314715 27648
17 201 rs7502432 11224354 2 0.00431359384226644 11200942 11228108 27166
17 972 rs7405450 79540449 3 0.00424917159077119 79532654 79612633 79979
17 705 rs9896191 64696485 3 0.00423696498503025 64681102 64708866 27764
17 776 rs11871424 69840451 2 -0.00419686525719271 69811571 69926109 114538
17 499 rs12449933 43137201 3 0.00416612817801727 43081974 43195663 113689
17 29 rs35343613 2227655 2 0.00403509749833579 1967620 2236404 268784
17 4 rs4286157 402843 1 0.00398711429850944 402843 440487 37644
17 488 rs231487 41981300 5 0.00398185468183979 41926126 41990862 64736
17 947 rs4889793 77840087 1 0.00391108682367104 77840087 77854454 14367
17 387 rs10512451 32014117 3 0.00389885680815674 32011978 32044278 32300
17 848 rs35489971 72700943 1 0.00383312596126238 72700943 72710796 9853
17 535 rs7225566 47798725 1 0.00382945222353443 47685050 47942408 257358
17 134 rs11654033 8315649 2 0.00380458640556035 8315649 8315649 0
17 793 rs8068946 70712513 3 0.00377572859481773 70708074 70714958 6884
17 75 rs7213832 5271804 3 0.00375996358340666 5193813 5326089 132276
17 692 rs11079582 63685174 4 -0.00370079878640144 63653020 63695573 42553
17 892 rs11077909 75403480 3 0.00366048919874336 75394691 75414358 19667
17 671 rs735621 62060718 1 0.00355244544553591 62048467 62060718 12251
17 116 rs4796409 7269373 2 0.00351196127326726 7269373 7283726 14353
17 672 rs17688326 62109123 2 -0.0035086029808055 62109123 62109123 0
17 259 rs9913851 13819731 2 0.00349923005260843 13815860 13819731 3871
17 76 rs9916398 5398234 5 -0.00341102508555594 5336058 5404270 68212
17 758 rs2041265 68684282 4 0.00338057103597706 68666455 68715520 49065
17 769 rs17825286 69336174 3 -0.00337184768968965 69317515 69340833 23318
17 258 rs16948721 13803737 4 -0.00335154733262452 13780923 13803737 22814
17 409 rs9896785 33002672 5 -0.00335102057902531 32998577 33078660 80083
17 584 rs17745049 52935126 1 -0.00334448361954131 52935126 52935126 0
17 350 rs9906043 27504921 9 -0.00333416439517041 27415607 27621349 205742
17 906 rs112802399 76130987 2 -0.00331285597016719 76130987 76134237 3250
17 706 rs9912154 64728707 2 0.00328192540269317 64718170 64734534 16364
17 889 rs4239000 75288940 1 -0.00327134841011257 75288940 75293302 4362
17 637 rs11079346 56383744 5 0.00325944824879077 56348106 56389732 41626
17 740 rs8064595 67118787 6 0.00324726003109856 67081513 67212574 131061
17 719 rs2706683 65552709 2 -0.00317896223152601 65552709 65552709 0
17 119 rs4511593 7455536 3 -0.00317122067004749 7445372 7536527 91155
17 745 rs2716191 67536322 2 -0.00314607460526738 67532855 67591596 58741
17 423 rs1003645 34340284 1 0.00314061855330492 34313612 34346267 32655
17 899 rs2410423 75667271 1 0.00313880762091298 75667198 75667271 73
17 471 rs1003842 39646021 3 -0.00308836386254551 39620262 39646021 25759
17 138 rs2101939 8620648 3 0.00306895543535518 8613462 8648103 34641
17 210 rs12449476 11653008 2 0.00304366640026383 11642231 11653008 10777
17 8 rs480233 728030 2 -0.00293218161934436 719452 733738 14286
17 587 rs9910653 52992268 4 -0.00287439282510158 52984885 53230734 245849
17 868 rs10512605 74212382 3 -0.00284686920612698 74212382 74301539 89157
17 775 rs2430532 69711678 2 0.00283062909369684 69692689 69768587 75898
17 723 rs11658926 66212662 1 -0.00283028458150692 66154676 66212662 57986
17 84 rs7218232 5770670 1 -0.00279540096659181 5756338 5772276 15938
17 653 rs9902598 59635424 1 0.00277246209095152 59630944 59638769 7825
17 897 rs8077107 75612564 1 0.00277229806814256 75612564 75612564 0
17 48 rs7218369 3212640 4 -0.00275136299391694 3210368 3320406 110038
17 809 rs4969113 71361834 1 0.00274337373352955 71360581 71361834 1253
17 460 rs4135012 38450248 1 0.00274278684713564 38450248 38593294 143046
17 786 rs1035076 70462845 2 -0.00274224976244319 70441787 70463457 21670
17 963 rs4969303 78891923 1 -0.00270797050258114 78891923 78919558 27635
17 493 rs2011951 42398052 1 0.00270691385785341 42361360 42423665 62305
17 607 rs10852985 54534634 2 -0.00269038652601043 54471542 54557543 86001
17 854 rs7219493 73044188 1 0.00268166356825365 73006996 73078065 71069
17 396 rs1978136 32377698 6 0.00265300775427846 32369860 32429704 59844
17 31 rs9894088 2336370 2 -0.00259299509030272 2322776 2341350 18574
17 610 rs1372857 54681042 2 -0.00258256785723529 54666735 54738257 71522
17 445 rs11079059 36813346 1 0.00252218344227412 36813346 36841646 28300
17 420 rs79007502 33880305 5 0.00239275376297435 33880305 34052157 171852
17 22 rs7501840 1588930 7 0.00238518901881047 1551223 1588930 37707
17 682 rs12600391 63162476 1 -0.00237375624951601 63162476 63162476 0
17 774 rs9893864 69640574 2 0.0023512182753305 69626669 69676169 49500
17 591 rs3829578 53381510 2 0.00230518297340131 53371047 53407119 36072
17 192 rs4792047 10759576 1 -0.00222798559307039 10734690 10810391 75701
17 715 rs4791296 65423279 1 -0.00218165641188259 65423279 65423279 0
17 791 rs4076588 70686441 2 -0.00217886565580966 70665393 70686441 21048
17 384 rs12453488 31897097 4 0.00215476431609038 31836993 31918339 81346
17 0 rs4617924 114669 1 0.00214612433177784 114669 114669 0
17 469 rs7212376 39336342 4 0.0021418046546061802 39235235 39346518 111283
17 176 rs16959243 9928077 1 0.00211208488259943 9928077 9963969 35892
17 103 rs7221587 6512470 2 -0.00211079761035184 6503518 6565747 62229
17 195 rs4792077 10899825 2 0.00208299697685712 10899825 10925534 25709
17 674 rs9904013 62311239 2 0.00205628740083908 62237500 62354992 117492
17 323 rs2440154 19444987 2 0.00205104623136892 19444987 19459537 14550
17 133 rs79993581 8222870 3 -0.00203657172307624 8222870 8298715 75845
17 768 rs4468671 69290669 3 -0.00200709238247015 69257833 69290669 32836
17 373 rs7210010 30905457 1 0.00198838335265351 30905457 30936838 31381
17 357 rs17826219 29161845 5 0.00197055306134076 29000019 29247715 247696
17 25 rs11867830 1760379 3 0.00195050699296078 1703156 1773273 70117
17 476 rs11079016 39976024 4 0.00190652901651841 39946405 40193709 247304
17 222 rs237320 12325592 3 -0.00187180400571532 12325496 12330823 5327
17 467 rs1468260 39052931 1 0.00186144169205912 39052897 39052931 34
17 274 rs12451369 14622200 3 0.00186115166222346 14609956 14622329 12373
17 900 rs10451228 75684250 2 0.00186041255661338 75673150 75738914 65764
17 344 rs241771 26592946 2 0.00185407875469083 26331274 26592946 261672
17 449 rs2241009 37071189 1 -0.00185310760714372 37054458 37071995 17537
17 784 rs1008621 70362731 2 0.00183000783477972 70355387 70368561 13174
17 144 rs7219148 8905016 1 -0.00181350195081842 8905016 8905016 0
17 622 rs1974692 55653436 2 0.00181304840573238 55653436 55661470 8034
17 448 rs923370 37010150 4 -0.00180060251816161 36947344 37032301 84957
17 169 rs2293100 9760716 2 0.00179106102015404 9760716 9802584 41868
17 430 rs295869 35147345 1 0.00178334142941458 35113905 35147345 33440
17 693 rs7224441 63747678 1 -0.00175611795638043 63713663 63748853 35190
17 576 rs1457354 52040994 3 0.00174786325400215 51899649 52097411 197762
17 777 rs2015816 69938454 1 -0.00169783808931868 69935864 70004689 68825
17 982 rs6502026 80921029 1 0.00169725137509713 80890262 80926215 35953
17 570 rs7222783 51457742 4 -0.00167915092304951 51361970 51457742 95772
17 359 rs735053 29742727 2 0.0016559534302115599 29742727 29745981 3254
17 93 rs4796346 6088673 1 -0.00165352152922777 6088673 6135840 47167
17 148 rs3744655 9058214 2 0.0016340312087132 9051317 9070646 19329
17 28 rs4790859 1897820 1 0.0016331101984921 1897820 1917610 19790
17 293 rs7208747 15309204 1 0.00162800075691351 15309204 15309204 0
17 462 rs7219622 38671228 1 0.00160778437940037 38671228 38671228 0
17 687 rs4790945 63371880 1 0.00158942783052348 63371880 63420075 48195
17 86 rs1558883 5817733 1 0.00157669470218658 5817733 5819714 1981
17 496 rs9907151 42744238 1 -0.00156942295139847 42665294 42860326 195032
17 135 rs16957494 8549527 3 0.00156777541367485 8419594 8549527 129933
17 485 rs2063680 41764995 3 0.00156158033056458 41695428 41767975 72547
17 96 rs956101 6286526 1 0.0015610908606529 6254369 6286526 32157
17 951 rs1632673 77945736 2 -0.00155199240120773 77945537 77945736 199
17 342 rs964947 26186886 1 0.00153195615669507 26134974 26267997 133023
17 346 rs12449554 26857788 4 -0.00153033561104394 26807734 26861877 54143
17 170 rs8069231 9813032 1 -0.00152349654875111 9813032 9820695 7663
17 240 rs9909179 13044303 3 0.00151495451250074 13044303 13095576 51273
17 932 rs7223911 77232086 1 0.00150613325546737 77232086 77234671 2585
17 525 rs550510 46926615 2 -0.00150484171240414 46862711 47007963 145252
17 221 rs2252 12241592 2 -0.00149907626927695 12241592 12267102 25510
17 260 rs11657766 13838507 1 -0.00149905188937003 13837632 13838507 875
17 154 rs1558214 9193945 1 -0.00148735506242333 9193945 9193945 0
17 487 rs2301682 41858026 3 -0.00147613164603309 41807331 41891473 84142
17 611 rs227718 54780491 1 0.0014580864949067 54749558 54780491 30933
17 970 rs7216728 79247798 1 0.00145084406558 79226362 79287477 61115
17 385 rs1369112 31931592 2 0.00144809211665762 31931592 31979473 47881
17 600 rs9898558 53993882 1 0.00143527675725754 53933953 53993882 59929
17 225 rs10491190 12423312 1 -0.00140902244982089 12421992 12423312 1320
17 859 rs8064529 73519413 1 0.00140591486424337 73519413 73570695 51282
17 261 rs8076834 13885178 1 -0.001388455787618 13859501 13885178 25677
17 955 rs7503034 78184393 3 -0.00138504761753203 78176044 78184679 8635
17 338 rs10775412 25869033 1 -0.00138341329633529 25731177 25869033 137856
17 305 rs1005369 16509917 1 -0.00136996271099551 16501495 16527795 26300
17 691 rs2107654 63633073 1 0.00136286974114962 63593166 63642542 49376
17 537 rs7208910 48110703 1 -0.00136264340311695 48070225 48110703 40478
17 701 rs7225452 64380274 2 0.00135890077527829 64380274 64434272 53998
17 542 rs3760410 48471597 4 -0.00135165522510195 48403826 48484270 80444
17 206 rs2908967 11417222 5 0.0013385382410753 11404305 11423255 18950
17 457 rs7219080 38114516 2 -0.00131398643635655 38099035 38173737 74702
17 574 rs2940644 51708401 4 -0.00130170608212143 51700482 51781320 80838
17 878 rs16969506 74914941 1 0.00127694264801936 74913937 74916307 2370
17 846 rs905710 72563060 3 -0.00127074956015351 72563060 72604717 41657
17 366 rs7212433 30083687 1 0.00127050151712145 30083687 30114974 31287
17 349 rs8075200 27346554 1 0.0012418745804902 27344104 27376591 32487
17 858 rs7503613 73473256 1 -0.00122698087321303 73422219 73473256 51037
17 318 rs4925159 18185510 3 -0.00121559287015456 18167684 18284262 116578
17 969 rs4613097 79170578 2 0.00121197888606552 79165972 79194005 28033
17 557 rs16950253 49727668 2 0.00120806271355517 49707593 49742142 34549
17 636 rs74730740 56247575 2 0.00119379498033137 56247575 56257984 10409
17 978 rs9911222 80473077 2 0.00119329247467709 80473077 80509676 36599
17 731 rs16973170 66639907 2 0.0011899923403148 66581506 66659235 77729
17 645 rs9899611 57832190 3 0.00116453250702521 57778339 58024275 245936
17 199 rs758433 11179153 1 0.0011450490173267 11179153 11179153 0
17 12 rs11654885 896190 1 0.00114327614654879 896190 896190 0
17 890 rs4789448 75341774 1 0.00114182166557791 75313335 75341774 28439
17 229 rs9894153 12611343 1 0.00112478512619854 12578664 12620897 42233
17 97 rs8073152 6305509 1 0.00111211350124983 6297533 6311326 13793
17 441 rs2459575 36245768 1 -0.00110971676465171 36245768 36249430 3662
17 444 rs4795294 36760366 1 -0.00110572007153306 36743015 36760366 17351
17 856 rs8073890 73256533 1 0.0010972135933747 73211642 73257986 46344
17 82 rs4985630 5687387 2 -0.00108006673106792 5687387 5718481 31094
17 124 rs4233018 7698599 1 -0.00106479868339199 7669761 7701525 31764
17 575 rs2331796 51865320 2 -0.00104479810488465 51865320 51881281 15961
17 402 rs11658990 32766250 2 -0.00103586756774111 32759854 32783987 24133
17 142 rs726679 8811678 2 0.0010225083390913 8800308 8811678 11370
17 203 rs16944647 11272698 1 0.0010209375824109 11257702 11306660 48958
17 909 rs1109278 76248229 1 0.0010119325668036 76248229 76253595 5366
17 418 rs10512469 33770802 4 9.995979725365952e-4 33769883 33814758 44875
17 343 rs6505069 26291573 1 -9.945391564453849e-4 26279731 26291904 12173
17 712 rs713572 64991061 1 9.879668845716996e-4 64991061 64991061 0
17 273 rs2109174 14513310 4 -9.822051558106455e-4 14513310 14561016 47706
17 871 rs3744050 74557976 1 9.608613400196428e-4 74557976 74557976 0
17 974 rs4789753 80092131 2 9.52363598785417e-4 80086389 80109806 23417
17 461 rs2290207 38640744 1 9.453098066087416e-4 38640744 38640744 0
17 684 rs8074052 63235960 3 -9.435756441511006e-4 63235960 63243586 7626
17 822 rs2619962 71769369 1 -9.385903631550756e-4 71766157 71771387 5230
17 518 rs7502875 45823227 1 9.344953156948946e-4 45808828 45847230 38402
17 582 rs8068186 52766210 2 -9.303716873191308e-4 52754374 52847941 93567
17 958 rs7212223 78483560 4 9.014032647876149e-4 78469357 78505323 35966
17 590 rs4239191 53331344 1 8.82338602414906e-4 53331344 53331344 0
17 707 rs9896575 64784445 2 -8.744564010856474e-4 64759588 64788827 29239
17 863 rs113062332 73915803 4 -8.689173483955303e-4 73779198 73922941 143743
17 436 rs2898659 35531996 2 8.644496934341697e-4 35456279 35543678 87399
17 257 rs11078208 13771669 1 -8.634138900979645e-4 13771669 13771669 0
17 252 rs12601543 13665377 1 8.580237965869189e-4 13653880 13671900 18020
17 655 rs16945628 59867229 2 -8.545978858800382e-4 59736108 59893990 157882
17 389 rs4144698 32068973 1 8.531933515432069e-4 32068973 32084529 15556
17 95 rs7215149 6216770 5 -8.461209635215845e-4 6202301 6248108 45807
17 640 rs8065479 57414047 1 -8.372591727438394e-4 57376428 57414047 37619
17 458 rs868150 38213359 2 8.3187640512913e-4 38186106 38223191 37085
17 901 rs7405639 75765605 1 8.286057088560762e-4 75765605 75765605 0
17 161 rs7406155 9474296 2 -8.201865787424458e-4 9466072 9474296 8224
17 102 rs28493751 6441376 2 8.04000787320462e-4 6423406 6443244 19838
17 919 rs6501232 76608673 1 7.960922370213637e-4 76608673 76608673 0
17 491 rs2631299 42219773 1 7.942645325586261e-4 42176591 42327493 150902
17 241 rs2674952 13109450 1 -7.914014767080801e-4 13105144 13117258 12114
17 315 rs4925109 17661802 1 7.810880180216098e-4 17569012 17682484 113472
17 399 rs887072 32532674 1 7.807643564044437e-4 32505821 32532674 26853
17 285 rs8067758 15008718 1 7.788559545662396e-4 14976512 15010250 33738
17 165 rs2272033 9680451 1 7.669975609331226e-4 9680451 9690261 9810
17 629 rs2586094 55880661 1 7.591221716661191e-4 55880661 55908536 27875
17 977 rs12950178 80453933 3 7.477628891048434e-4 80367275 80456621 89346
17 669 rs2584624 61904546 1 -7.410025085675067e-4 61710010 62008318 298308
17 287 rs7214520 15072451 2 7.32032499466295e-4 15072451 15075605 3154
17 925 rs8074370 76957331 1 -7.319926088980881e-4 76957331 76957331 0
17 172 rs3786103 9859408 1 -7.310831728372217e-4 9859408 9859408 0
17 281 rs4792560 14854206 2 7.291677255088114e-4 14853048 14854669 1621
17 933 rs12051618 77243063 1 7.256501314367431e-4 77243063 77243063 0
17 762 rs8067887 68933985 5 -7.108661800939529e-4 68912003 68972281 60278
17 531 rs12940887 47402807 3 7.089045394610364e-4 47342153 47477635 135482
17 981 rs35653278 80789468 3 -6.977921332472052e-4 80684784 80863857 179073
17 894 rs11869200 75581680 1 -6.841779975053505e-4 75581680 75591393 9713
17 581 rs1025905 52704312 1 -6.83983216017796e-4 52604380 52734531 130151
17 336 rs17703271 25571166 1 -6.721950109768322e-4 25568707 25571166 2459
17 303 rs505162 16407478 1 -6.60106353839688e-4 16401682 16407478 5796
17 907 rs2854704 76175824 4 6.570392785564152e-4 76160881 76188753 27872
17 415 rs4795069 33609247 1 -6.5567634430584e-4 33609247 33609247 0
17 251 rs7208104 13640730 2 -6.518494027231718e-4 13640730 13640730 0
17 737 rs9897551 66817866 4 6.463772201515222e-4 66817866 66899733 81867
17 801 rs2131606 71059408 2 6.438447558461828e-4 71052880 71062115 9235
17 464 rs7223332 38824636 2 6.429815442466353e-4 38805268 38857446 52178
17 905 rs9908840 76018092 1 -6.410710955796461e-4 75940724 76087178 146454
17 757 rs7216368 68537204 2 6.183623120684486e-4 68537204 68618615 81411
17 605 rs10491199 54304056 1 6.046886456504959e-4 54304056 54383237 79181
17 435 rs9892334 35307070 1 5.936795724782313e-4 35307070 35309848 2778
17 613 rs11651374 55094289 1 5.819227003808915e-4 55094289 55094289 0
17 437 rs9906814 35994809 4 5.703874075662472e-4 35771468 36000607 229139
17 341 rs2779248 26127832 4 5.493723152183239e-4 26106675 26127832 21157
17 635 rs9303397 56228003 1 -5.485628181184692e-4 56228003 56233499 5496
17 388 rs9893177 32055164 3 5.477102884604137e-4 32052655 32060709 8054
17 920 rs4796808 76613675 2 5.461773065097306e-4 76613675 76630778 17103
17 10 rs2663319 790803 2 -5.401118096150117e-4 790803 814529 23726
17 125 rs17807204 7784295 2 5.364347798174659e-4 7734114 7784295 50181
17 236 rs9893369 12864662 1 -5.30062428308075e-4 12854755 12874227 19472
17 764 rs9911781 69029047 1 -5.188569244740261e-4 69029047 69043850 14803
17 761 rs1015657 68878487 1 5.187408845296935e-4 68878487 68878487 0
17 891 rs388090 75379439 1 -5.176657495848508e-4 75370468 75388004 17536
17 713 rs8074407 65196367 3 5.142752817482372e-4 65033060 65276451 243391
17 667 rs4343 61566031 1 5.075844308157551e-4 61557773 61573761 15988
17 401 rs159311 32712649 2 -5.037139181917255e-4 32682616 32739593 56977
17 736 rs1470291 66812027 1 -5.011263404054194e-4 66811607 66812907 1300
17 956 rs12937242 78268294 1 4.998145867151064e-4 78266759 78280030 13271
17 283 rs8075436 14911566 4 -4.990970744953758e-4 14909479 14921926 12447
17 519 rs17774272 45910616 1 4.987747696464011e-4 45885687 45933165 47478
17 131 rs3027209 8014416 2 -4.94389701318497e-4 8010164 8014416 4252
17 155 rs12938765 9206741 2 4.899959984711807e-4 9206741 9207453 712
17 690 rs8073426 63563281 1 -4.893356833838047e-4 63554591 63563281 8690
17 290 rs7217869 15277733 1 4.8505261745929607e-4 15272073 15277733 5660
17 105 rs9915706 6654919 1 4.822888528763771e-4 6652789 6668117 15328
17 507 rs11650810 43827534 2 -4.6954219013617805e-4 43784777 43836477 51700
17 33 rs4790344 2455523 2 4.682851222200568e-4 2455523 2455523 0
17 729 rs2909207 66439605 2 4.656880757090176e-4 66436066 66476427 40361
17 589 rs4399591 53291767 1 -4.5394772968377023e-4 53285701 53291767 6066
17 156 rs11078795 9268390 1 -4.5052358808958927e-4 9245232 9270434 25202
17 826 rs6501667 71859152 1 -4.4668849247798655e-4 71859152 71859152 0
17 664 rs8067960 60917159 1 -4.465564887436209e-4 60917159 60928354 11195
17 149 rs12602314 9089063 1 4.465421918752498e-4 9083672 9089063 5391
17 74 rs2585275 5125085 1 -4.464961038404085e-4 5124943 5150653 25710
17 100 rs867870 6361788 1 4.416592771616292e-4 6349977 6362387 12410
17 673 rs2270524 62174960 1 4.398253657073944e-4 62168609 62174960 6351
17 53 rs55916885 3495391 2 4.310221079839146e-4 3480396 3500510 20114
17 268 rs7215862 14282778 1 4.219205630546171e-4 14282778 14282778 0
17 913 rs111563325 76451830 1 4.216299648455911e-4 76451830 76451830 0
17 410 rs4796013 33217202 2 -4.170367207550792e-4 33120214 33288882 168668
17 903 rs12950722 75807097 1 -4.144473890658741e-4 75803899 75839026 35127
17 376 rs16967845 31322631 1 -4.12839120726594e-4 31322427 31336980 14553
17 118 rs3853894 7370605 1 4.121701694945668e-4 7350544 7419824 69280
17 661 rs3826537 60769803 1 -4.030063257765238e-4 60769803 60769803 0
17 508 rs929223 43922897 3 4.021017708881033e-4 43854015 43924130 70115
17 297 rs7213827 15558557 1 4.011749041233611e-4 15510011 15562320 52309
17 961 rs2589158 78818603 1 3.997039553727706e-4 78792758 78820212 27454
17 651 rs7214481 59545750 2 -3.939226611695705e-4 59521310 59547853 26543
17 421 rs141724302 34192351 2 -3.8879324185589384e-4 34093663 34261831 168168
17 289 rs230956 15202205 2 -3.883265537781783e-4 15173221 15243264 70043
17 41 rs17762380 2793967 1 -3.863173977764512e-4 2793532 2793967 435
17 553 rs8070200 49446896 1 -3.851235465732695e-4 49230900 49446896 215996
17 209 rs8078427 11530712 1 -3.811424011649129e-4 11528516 11620993 92477
17 215 rs7218124 11906351 1 3.798992620615841e-4 11854302 12031109 176807
17 269 rs16949556 14344249 1 3.688703924253615e-4 14308398 14344458 36060
17 13 rs2120233 947233 1 3.6369135073373353e-4 947233 948149 916
17 307 rs12953270 16821204 1 -3.632105804347688e-4 16821204 16824504 3300
17 101 rs9916344 6398213 1 3.5689204461008433e-4 6372500 6406883 34383
17 765 rs9906150 69074779 1 -3.55618105102052e-4 69074425 69074779 354
17 615 rs8081915 55227670 1 -3.51036543992997e-4 55226303 55264833 38530
17 60 rs9904222 4056542 1 3.235072484357208e-4 3896807 4151820 255013
17 442 rs11870589 36573094 2 3.182647254789019e-4 36573094 36578907 5813
17 364 rs315499 30021321 1 3.175085893196764e-4 30021321 30045224 23903
17 314 rs9910747 17433959 1 3.163877960591204e-4 17425631 17538008 112377
17 32 rs7214877 2414208 2 -3.1430730882133883e-4 2393319 2430126 36807
17 624 rs4793885 55728224 1 3.1409686739313815e-4 55728224 55733373 5149
17 886 rs11655883 75234757 1 3.1099769953663644e-4 75234757 75234757 0
17 916 rs6501225 76502615 1 -3.0411557124782496e-4 76502615 76507966 5351
17 821 rs2683153 71748105 3 3.0277201093250586e-4 71735358 71749898 14540
17 163 rs2654725 9614556 2 3.010131597200624e-4 9613684 9614556 872
17 980 rs3898431 80658339 1 -2.9797899090423807e-4 80652949 80658339 5390
17 400 rs3917878 32578855 4 2.9727555277272153e-4 32551514 32639361 87847
17 106 rs4796556 6691017 1 -2.939538902658065e-4 6683684 6733672 49988
17 3 rs8069166 293138 1 2.89416851638013e-4 293138 293138 0
17 647 rs8064681 59155210 1 2.8646119863365196e-4 58828402 59277614 449212
17 312 rs925095 17344653 1 -2.845359550461631e-4 17326605 17347995 21390
17 482 rs161626 41059795 1 2.778480518534123e-4 41056245 41077046 20801
17 953 rs4889822 78098477 1 -2.768428251342112e-4 78071052 78152119 81067
17 976 rs79314916 80352300 2 2.647824781547372e-4 80285076 80352300 67224
17 739 rs7223763 66982991 1 2.5521872820744143e-4 66928434 66988666 60232
17 83 rs2042005 5733558 1 2.530980528228441e-4 5725518 5733558 8040
17 689 rs4128941 63531331 1 -2.523342539973251e-4 63531331 63534538 3207
17 975 rs61738919 80280054 1 2.510668891767212e-4 80280054 80280054 0
17 477 rs7218506 40307078 2 -2.4410477105339104e-4 40255743 40318734 62991
17 44 rs7207487 2912719 2 -2.4239357613521832e-4 2912719 2931580 18861
17 660 rs4968613 60747979 1 2.423434052200979e-4 60603969 60749533 145564
17 979 rs8068482 80608149 1 2.284479546427774e-4 80550441 80624430 73989
17 433 rs7218928 35263956 1 2.2768382526724133e-4 35250306 35263956 13650
17 625 rs2190759 55794699 1 2.2662485426747737e-4 55765804 55794699 28895
17 918 rs11651207 76595131 1 2.2586870827955344e-4 76595131 76595131 0
17 598 rs12936661 53756915 2 -2.1936883956390703e-4 53741073 53785504 44431
17 480 rs598126 40716520 2 -2.158273884752211e-4 40582296 40897470 315174
17 794 rs2714027 70745592 1 -2.152900402666972e-4 70745592 70745592 0
17 391 rs402601 32182391 1 2.0908027429213235e-4 32176646 32182391 5745
17 785 rs4793289 70378730 2 -2.0713464453486763e-4 70378730 70388518 9788
17 862 rs820206 73641714 1 2.0464097641921192e-4 73641714 73729660 87946
17 654 rs4141531 59669077 3 1.903411245800564e-4 59669077 59677902 8825
17 62 rs7212203 4346955 2 -1.8444350328131415e-4 4346807 4354348 7541
17 316 rs4299203 17878159 1 1.833587731270755e-4 17696755 18018263 321508
17 612 rs4793832 54885087 1 -1.7807301125247692e-4 54850329 54885087 34758
17 529 rs16970025 47243622 2 -1.7084755885303954e-4 47243622 47284683 41061
17 43 rs4790402 2885090 1 1.7052172796789487e-4 2881291 2886642 5351
17 509 rs1864325 43977827 5 1.6667983304417952e-4 43968415 43991272 22857
17 866 rs2257020 74076415 1 -1.6512936754513208e-4 74067099 74122209 55110
17 11 rs2360111 831667 1 1.635563968458822e-4 831667 831667 0
17 567 rs12603672 51115243 3 1.61502326764281e-4 51020706 51115243 94537
17 200 rs7210183 11181602 1 1.5768352853140984e-4 11181602 11185387 3785
17 879 rs8067984 74942478 1 1.566910395724417e-4 74930366 74942809 12443
17 960 rs4969429 78765219 1 1.5643294185151987e-4 78765219 78775571 10352
17 239 rs7214329 12984604 1 1.4375004417380564e-4 12973009 12985786 12777
17 694 rs12451449 63884192 1 1.3710993240543284e-4 63761473 63884192 122719
17 823 rs8070752 71797557 1 1.2982314968137338e-4 71774648 71815050 40402
17 89 rs9901849 5970537 1 -1.2836812309887266e-4 5970537 5970537 0
17 704 rs11079662 64628388 2 -1.250303444734055e-4 64607394 64674568 67174
17 383 rs1553497 31756983 3 1.2367989138812376e-4 31756983 31811476 54493
17 683 rs954495 63205030 2 1.2182603250083168e-4 63178272 63234140 55868
17 845 rs783250 72523259 1 1.2109818399552744e-4 72523259 72555207 31948
17 296 rs8071082 15419589 2 1.1881479802279988e-4 15375560 15421624 46064
17 393 rs997891 32295140 1 -1.1501069792463188e-4 32250107 32295140 45033
17 614 rs3785484 55182317 1 -1.1301324796760712e-4 55173033 55183195 10162
17 803 rs11077665 71135770 1 1.127060315912692e-4 71132676 71147862 15186
17 468 rs1859251 39096618 1 1.1255629852447712e-4 39081546 39096618 15072
17 596 rs4239198 53623023 1 9.843959737771869e-5 53621492 53644346 22854
17 681 rs8075179 63113160 2 8.467282532958199e-5 63112344 63143298 30954
17 770 rs2367391 69367700 1 -7.989250806713798e-5 69367311 69367700 389
17 414 rs1055636 33594320 1 -7.40127681498316e-5 33592591 33594320 1729
17 472 rs4796606 39664087 1 -7.30055891565534e-5 39661689 39664087 2398
17 104 rs218655 6573964 1 -7.273092995813832e-5 6573964 6573964 0
17 746 rs12450634 67773308 1 7.120194926724338e-5 67614576 67776178 161602
17 543 rs2125902 48536047 3 -6.736125282059013e-5 48521203 48591209 70006
17 834 rs8075025 72132949 1 -6.650843789744475e-5 72132949 72155302 22353
17 833 rs12603953 72096784 1 -6.493449436330424e-5 72096784 72096784 0
17 554 rs1468554 49521225 2 -6.421062995381167e-5 49459043 49521225 62182
17 497 rs9916491 42987524 1 -6.389265090862904e-5 42896377 42990340 93963
17 277 rs12946291 14738476 2 6.140431892002638e-5 14716254 14739547 23293
17 309 rs7223686 16960911 1 6.133528244714935e-5 16960911 17194050 233139
17 379 rs8064691 31466391 1 -6.032262234546109e-5 31450715 31488753 38038
17 348 rs1060247 27207453 3 -5.96214988793412e-5 27207453 27315965 108512
17 578 rs7220060 52308825 1 5.9217094169761926e-5 52303311 52313270 9959
17 825 rs2620061 71857266 1 5.8290770998917046e-5 71857266 71857266 0
17 242 rs16947417 13143819 1 -5.4470113934801696e-5 13136500 13143819 7319
17 917 rs691336 76518426 1 5.3848107013487505e-5 76511038 76548866 37828
17 483 rs4986850 41245471 1 -4.992556636054418e-5 41127448 41445145 317697
17 545 rs739924 48631607 1 4.7717894905553853e-5 48631607 48652875 21268
17 666 rs7213037 61227768 1 4.622460206095599e-5 61072624 61496471 423847
17 320 rs7221778 18788218 3 -4.203809450072286e-5 18753870 18844736 90866
17 780 rs4793400 70153805 1 4.069567300762441e-5 70153805 70171052 17247
17 604 rs7209891 54291151 3 -4.053190912775356e-5 54180943 54299036 118093
17 720 rs2952454 65599398 1 4.045667443151407e-5 65599398 65615805 16407
17 54 rs150857 3526637 1 3.6696808949193814e-5 3519715 3530253 10538
17 884 rs8082404 75085015 2 3.185696435701154e-5 75075664 75085015 9351
17 944 rs4313838 77698582 1 3.1199060477566555e-5 77698582 77698582 0
17 187 rs8067532 10232311 1 -2.9997941187813058e-5 10227708 10245864 18156
17 363 rs425809 30000429 1 2.699728348725693e-5 29973322 30000429 27107
17 470 rs117612447 39551099 3 -2.666346108851016e-5 39452595 39616430 163835
17 306 rs7208027 16780763 4 2.1710371479377943e-5 16777177 16804523 27346
17 381 rs9915774 31623326 2 -2.102783713210567e-5 31623326 31671216 47890
17 88 rs9905941 5907520 1 1.967846706882596e-5 5864569 5907520 42951
17 908 rs2071214 76219591 3 -1.7726188475495437e-5 76219591 76221008 1417
17 702 rs116187 64497737 1 -1.761327676573759e-5 64443995 64535138 91143
17 262 rs8077837 13945802 1 -1.6577172738255456e-5 13907310 14005439 98129
17 347 rs9895443 27182944 1 -1.185922491199849e-5 26899502 27189774 290272
17 875 rs2240773 74710783 1 3.51335467741351e-6 74657160 74710783 53623
17 896 rs4789470 75603103 1 -4.858813434329637e-7 75603103 75603103 0
