CHR Group SNP.lead BP.lead Size W BP.min BP.max BP.width
14 2305 rs8017161 103563195 1 0.13260072372757012 103563195 103563195 0
14 1274 rs3784099 68749927 3 0.06700844954495959 68749927 68753593 3666
14 498 rs696 35871093 2 0.04028150162929436 35871093 35871217 124
14 2306 rs7145735 103584674 2 0.03953885421289152 103584674 103584674 0
14 1981 rs11621961 94769476 2 0.03855404273135275 94769476 94769476 0
14 2294 rs62000389 102912150 2 0.03289084326171531 102898363 102933347 34984
14 1896 rs2202955 92118160 2 0.03179225348024345 92104196 92126827 22631
14 1517 rs17811635 77573757 1 0.0285864854044651 77573757 77581481 7724
14 1448 rs2193596 75234101 3 0.02677630063327724 75234101 75347585 113484
14 96 rs3748366 22204911 1 0.02556972225630418 22200989 22204911 3922
14 489 rs712314 35408548 2 0.02539679816973877 35390146 35501800 111654
14 1559 rs7158445 78719220 3 -0.02469246697915947 78716226 78729556 13330
14 1478 rs17783366 76543004 3 0.02446045836183887 76519805 76550644 30839
14 1651 rs11623789 82450632 1 0.02393566419840739 82450632 82458472 7840
14 2341 rs894039 105461067 3 0.02180502646602235 105457161 105508666 51505
14 1816 rs1287662 89290630 6 0.0212065378193387 89276431 89362069 85638
14 493 rs10137019 35748036 4 0.02111590067052024 35732369 35802483 70114
14 1585 rs7141420 79899454 3 0.01999310841239057 79890677 79945162 54485
14 1178 rs8005319 63822521 3 0.01979291198043978 63822521 63833977 11456
14 285 rs1892555 28027925 4 0.01937953716630956 28012163 28070164 58001
14 404 rs2300835 33207522 1 0.01935794004119998 33206755 33208081 1326
14 507 rs7147797 36449424 2 0.01935176513612527 36437005 36449424 12419
14 1127 rs217671 62360464 4 0.0192741914290946 62360464 62375195 14731
14 884 rs3783449 53154350 3 -0.01923375296734773 53132847 53154350 21503
14 1402 rs2526901 73052703 4 -0.01922565929969099 73052019 73064413 12394
14 581 rs6571897 39587438 3 0.01919842191878265 39587438 39669491 82053
14 335 rs718545 30489623 2 0.01761762266391737 30469994 30502215 32221
14 1883 rs6575180 91593315 4 -0.01725211039299385 91590988 91594186 3198
14 610 rs8005565 41097075 2 0.01725076893965257 41097075 41103660 6585
14 1932 rs3829947 93118038 1 0.01665655124538198 93117443 93118038 595
14 549 rs177899 38139214 2 0.01624609793808825 38111870 38179163 67293
14 1202 rs10134770 65063315 2 -0.01612581081512431 65049394 65111382 61988
14 1882 rs1286083 91442779 1 0.01601918439126701 91442779 91515577 72798
14 2158 rs966047 98273349 3 0.01600518140466219 98273349 98282225 8876
14 391 rs1951187 32908192 2 0.01569247563845866 32903616 32919779 16163
14 2246 rs3742384 100800103 3 0.01555544560622886 100800103 100847707 47604
14 1986 rs28929474 94844947 1 0.01550291347331219 94844470 94847415 2945
14 1080 rs6573257 59910266 1 -0.01539492658672098 59893647 59939804 46157
14 136 rs8572 23236524 1 -0.01538743439499817 23214356 23237835 23479
14 1398 rs7159382 72959826 2 -0.01486491841622855 72958138 72959826 1688
14 1692 rs229776 83902685 1 0.01481022045892402 83902685 83905804 3119
14 1465 rs2300603 76005557 1 0.01461531183023989 76005557 76005557 0
14 1675 rs7157907 83371518 4 -0.01442715465663992 83348149 83378003 29854
14 599 rs11157110 40625255 1 -0.01433979797704125 40572241 40625255 53014
14 1414 rs11158986 73358945 1 -0.01373065446755887 73343715 73358945 15230
14 913 rs10147611 54234753 3 0.0136085114907309 54234753 54263851 29098
14 1707 rs10145436 84505181 1 -0.01356859032171527 84505181 84509946 4765
14 2251 rs12897601 101182284 3 0.01353530169280674 101170488 101184139 13651
14 1923 rs10134832 92928693 3 0.01342008244098702 92928693 92931998 3305
14 1668 rs7148115 83176013 2 0.0131927246412935 83153368 83180050 26682
14 856 rs1002132 52285373 2 0.01302520920161215 52285125 52285373 248
14 1060 rs311864 59214542 1 -0.01295121625943952 59214542 59214542 0
14 1931 rs4904964 93099867 6 -0.01294784456618396 93089242 93105338 16096
14 351 rs179562 31224458 3 0.0129425113420116 31224458 31237170 12712
14 111 rs2178787 22604418 3 0.01277344162162378 22595277 22608423 13146
14 403 rs10146185 33200055 1 0.01264516343555544 33183958 33205674 21716
14 779 rs7146952 49773025 2 0.01232641579048282 49770953 49778543 7590
14 2122 rs10145396 97255679 2 0.01203789400022491 97252356 97259042 6686
14 1783 rs8017892 87851097 1 0.01173833462161436 87832641 87857560 24919
14 1809 rs8018774 88798458 1 0.01149850311067833 88798458 88802545 4087
14 1275 rs9323505 68786787 4 0.01145186073864974 68785077 68808398 23321
14 1403 rs994759 73096614 2 0.01126187950056464 73081068 73096614 15546
14 2333 rs7147000 105007815 2 -0.01116682501199072 105007815 105007815 0
14 54 rs17308541 21210166 4 -0.01103478437766682 21209871 21215997 6126
14 122 rs4982619 22844970 1 -0.01102575944066273 22795270 22844970 49700
14 3 rs12882648 20492492 3 0.01099458656836689 20486424 20495913 9489
14 318 rs7155255 29695661 2 0.01093496535023362 29680331 29695661 15330
14 377 rs11156725 32496696 1 0.01091866513394461 32496696 32496696 0
14 363 rs2378932 31983754 1 -0.01088638019580437 31976478 31997913 21435
14 1258 rs3742855 67912792 2 -0.01080191208572013 67912792 67920573 7781
14 1540 rs7155062 78208294 4 -0.01066826386412226 78130579 78231533 100954
14 566 rs6650500 38940508 3 -0.01060861969254837 38908744 38944821 36077
14 1304 rs12050161 69360631 1 0.01056828896675419 69360631 69360631 0
14 860 rs10133203 52355387 1 0.01049250239391616 52354228 52358917 4689
14 1329 rs1079903 70365001 2 0.01043508820958949 70365001 70366437 1436
14 2214 rs1257499 99566723 2 0.01040902859469893 99563710 99567351 3641
14 1250 rs1434903 66703569 1 0.01038373334881143 66690914 66755127 64213
14 1815 rs10136653 89134686 2 0.01037073193139837 89105805 89171711 65906
14 1553 rs177143 78590808 2 0.01036742307803947 78589874 78600741 10867
14 417 rs17460823 33586563 1 0.0103194461395386 33586563 33588166 1603
14 1280 rs10132294 68887667 5 0.0103058807836357 68883688 68908860 25172
14 2206 rs1257613 99448000 2 0.01022000940427185 99434288 99448000 13712
14 1997 rs1955652 95041478 3 -0.01009675297551868 95027576 95050308 22732
14 2335 rs4247027 105139894 1 0.01006344247391299 105139894 105139894 0
14 1871 rs1286496 91027608 1 0.01005649561900954 91015725 91027608 11883
14 1564 rs4903758 78911307 3 -0.00987700810675575 78889839 78911307 21468
14 1073 rs17255276 59580956 3 -0.00980389985451138 59557503 59580956 23453
14 1209 rs1741464 65280076 5 -0.00974422871761531 65263300 65281944 18644
14 398 rs768787 33046471 2 -0.00970897727168639 33041232 33047357 6125
14 738 rs8014005 48182690 2 -0.00970227490005358 48182641 48200491 17850
14 1032 rs11158170 58173373 1 -0.009579298647755 58173373 58178681 5308
14 1325 rs1275824 70194563 1 0.00952213483926679 70194563 70198189 3626
14 1090 rs216526 60650086 2 0.00952062979522913 60650086 60662619 12533
14 1331 rs7142362 70416718 2 0.00945992725658615 70416718 70442350 25632
14 1935 rs4904982 93239329 3 -0.00944477168815707 93239329 93306484 67155
14 781 rs2816742 49811146 4 -0.00933487756984724 49809462 49838397 28935
14 1175 rs8008058 63777253 1 0.00932026645470135 63777253 63778748 1495
14 839 rs10147918 51898181 4 -0.00924412916549102 51898181 51906286 8105
14 2299 rs2075771 103242725 2 0.00920204748949066 103232809 103242725 9916
14 2309 rs2771396 103660158 1 0.00914365250626516 103660158 103679153 18995
14 787 rs12435094 49992347 3 0.00908709659577277 49988190 50009589 21399
14 835 rs11851025 51803928 2 0.00900426159178578 51803928 51821239 17311
14 2289 rs7152164 102536073 1 0.0090031207738999 102536073 102536073 0
14 2313 rs6575979 103841018 2 0.00888508308684285 103841018 103841018 0
14 1796 rs12883250 88446876 4 0.00883045382361703 88419358 88487689 68331
14 1979 rs1956451 94620193 2 0.00881097578527115 94606179 94620563 14384
14 2242 rs12588659 100587813 1 0.00879855852274255 100572954 100587813 14859
14 2304 rs11849097 103547484 5 -0.00874821787472229 103547430 103549650 2220
14 2037 rs8007366 95705236 2 -0.00870373021314378 95705236 95705604 368
14 1387 rs8010242 72739064 1 0.00847187700592829 72736038 72740895 4857
14 212 rs854342 25339449 4 0.00845004845909463 25327542 25340520 12978
14 1499 rs3813545 76967305 1 0.00838484194782075 76967305 76967305 0
14 1033 rs1950996 58236413 1 -0.00805394521490861 58236413 58236413 0
14 105 rs723879 22391433 1 0.00777428227479063 22381668 22391433 9765
14 627 rs12884688 42321934 4 -0.00771345964700764 42315005 42326572 11567
14 1028 rs268819 58032340 1 0.00767367325884171 58032340 58042753 10413
14 2184 rs8021007 98943569 3 0.00766651239915535 98935912 98964100 28188
14 1994 rs7161648 94965464 1 -0.00760179576646547 94965464 94978997 13533
14 457 rs1958058 34260635 2 -0.00736259518119414 34260635 34260635 0
14 531 rs2774036 37258704 2 -0.00730319687194691 37228220 37268610 40390
14 1029 rs1745690 58073401 3 0.00729876162255114 58054979 58081341 26362
14 247 rs7153823 26582852 1 -0.00728143933817629 26575000 26594381 19381
14 1078 rs755011 59815040 3 0.00727124992898872 59813702 59826703 13001
14 1339 rs41286548 70633411 1 0.00723595929972864 70633411 70633411 0
14 1846 rs243202 90048612 1 0.00718237719942377 90048612 90051591 2979
14 2277 rs10144492 101991506 1 0.00713600801821551 101991506 101991506 0
14 1732 rs10149105 85615940 1 0.00713581984313995 85615940 85623795 7855
14 952 rs8009181 55583424 2 0.00709276416478376 55583424 55617844 34420
14 2233 rs8014986 100135718 3 -0.00705250203788177 100124648 100135718 11070
14 1697 rs1241906 84142036 2 0.00702829190692869 84119756 84151681 31925
14 1634 rs45541932 81744076 1 0.00699724224965875 81743565 81746710 3145
14 241 rs1956612 26436743 2 0.00687001280197232 26436743 26436743 0
14 2300 rs2403102 103306215 3 0.00682915611518239 103304425 103342049 37624
14 935 rs115333865 55004449 1 0.00682885997187544 54996630 55004449 7819
14 974 rs7153071 56408735 2 0.006793200454605 56402278 56413766 11488
14 1590 rs975728 80064529 1 -0.00676715668419485 80057755 80072573 14818
14 2113 rs11847642 97153198 3 -0.00673054623757117 97147270 97153198 5928
14 155 rs17256141 23726814 4 0.00672328329085308 23721880 23740238 18358
14 1443 rs2028377 75010561 1 -0.00670502885622754 74992383 75010561 18178
14 993 rs10149559 56882189 1 0.00669686353871181 56882189 56882605 416
14 216 rs17109307 25384645 1 0.00665497696342072 25383572 25398571 14999
14 611 rs17111162 41279247 2 0.00660535624280591 41279247 41279247 0
14 1528 rs2270423 77795638 2 -0.00660012505163329 77783134 77795638 12504
14 222 rs728886 25591902 1 -0.00648921470720542 25591902 25591902 0
14 1256 rs3818468 67862371 2 0.00645643114512083 67658895 67862371 203476
14 1300 rs1465788 69263599 1 0.00643684924569367 69262441 69273905 11464
14 113 rs17198047 22690191 2 0.0063979249068061 22652562 22690209 37647
14 1839 rs243224 89954050 1 0.00637721131751545 89954050 89954050 0
14 1928 rs7160376 93044668 1 -0.00634489892239629 93036571 93047936 11365
14 2079 rs4328368 96275153 1 -0.0063443997605739004 96271965 96275153 3188
14 480 rs12433953 34958175 4 -0.00634131604601218 34958175 34967465 9290
14 777 rs12894351 49609056 2 -0.0063224574840605 49609056 49657524 48468
14 766 rs946626 49140883 3 -0.00631557777175653 49124236 49149443 25207
14 1872 rs10147469 91043669 2 0.0063131545767832 91043669 91043669 0
14 1324 rs12589913 70092489 4 -0.00625974817677765 70081956 70133145 51189
14 648 rs1712719 43173574 1 0.00610499889599119 43173574 43173574 0
14 1778 rs17122971 87546785 1 -0.00610485852290671 87546785 87603301 56516
14 1081 rs112952088 60027907 1 0.00608985836144649 59950803 60029860 79057
14 2321 rs1557012 104581072 2 0.00608867849287867 104581072 104581072 0
14 186 rs7158744 24717791 2 0.0060869484910955 24707479 24718515 11036
14 765 rs17120305 49063187 4 0.00600884697834896 49063187 49102101 38914
14 2281 rs7141459 102258662 1 0.0059842622537325 102242072 102258662 16590
14 1779 rs2533005 87627303 1 0.00597239048249499 87627303 87627303 0
14 2156 rs1350922 98246190 1 0.00594172990640465 98237766 98249964 12198
14 1257 rs8021730 67886781 1 -0.00594008871320393 67886781 67886781 0
14 1597 rs7156557 80297163 4 -0.00593847743884656 80286244 80300198 13954
14 92 rs12435524 22134245 1 -0.0059264105971616 22123377 22146832 23455
14 1702 rs2026207 84342909 1 0.00584439942552895 84342909 84342909 0
14 209 rs854368 25264662 2 -0.00579200556563958 25264662 25264662 0
14 1427 rs2336561 74288871 4 -0.00570490051985996 74283202 74295380 12178
14 1588 rs1424847 80007980 1 -0.00563932124054477 80006247 80007980 1733
14 1560 rs11159346 78750987 1 -0.0056111494832092 78739801 78750987 11186
14 1357 rs917065 71397846 2 0.00560372851948896 71373580 71441858 68278
14 1434 rs4148078 74759301 2 -0.00557582993663929 74738589 74761584 22995
14 965 rs12887389 56237212 3 0.00554561193974842 56227332 56240420 13088
14 686 rs1959379 44974966 6 0.00554252846404602 44947663 45000636 52973
14 2174 rs10484125 98660236 1 0.00552744034134799 98652207 98675398 23191
14 1943 rs12435423 93459859 1 0.00551372406942541 93435452 93459859 24407
14 2338 rs2841262 105373360 1 -0.00551363619774056 105368733 105373951 5218
14 1124 rs10129270 62181954 1 0.0055083280081642 62181954 62213848 31894
14 1114 rs1957895 61908332 1 -0.00545442422459627 61908332 61908332 0
14 1207 rs1741487 65245962 4 -0.00542798881266646 65244950 65250828 5878
14 39 rs1243701 21006107 1 -0.00542605329422336 21006107 21006107 0
14 2067 rs7161223 96127082 1 0.00541135247693196 96107176 96127082 19906
14 1776 rs1420813 87476592 1 0.0054077393178503 87476592 87476592 0
14 2142 rs10131135 97717525 4 0.0053389466123134 97717525 97732625 15100
14 342 rs12436395 30706026 1 0.00533438106299773 30697199 30706026 8827
14 1296 rs1275049 69184322 3 0.00531018512327597 69183480 69203145 19665
14 1027 rs389413 58022595 2 0.00526071187131456 58021653 58028828 7175
14 116 rs6572351 22736298 5 0.00525583058462122 22730510 22736520 6010
14 1141 rs1514928 62678303 1 0.00524165212296823 62678303 62678303 0
14 2241 rs1190959 100533202 2 0.00517624452432678 100522527 100551401 28874
14 596 rs8013386 40343703 3 0.00517012071194825 40343703 40353935 10232
14 349 rs10143215 31111860 2 0.00515455547591775 31097345 31125745 28400
14 496 rs8016947 35832666 4 -0.0050878192745254 35829709 35832666 2957
14 1909 rs12886909 92588192 2 0.00508265810022784 92586567 92627138 40571
14 926 rs2358477 54607636 2 0.005071225568781 54607636 54629941 22305
14 1892 rs755102 91855011 1 -0.00500397536672412 91846680 91859967 13287
14 788 rs2985697 50092902 2 0.00485972367632241 50074502 50103816 29314
14 69 rs10146416 21519599 2 -0.00483698538559441 21519599 21519599 0
14 1259 rs10873203 67974505 1 0.00483252965801879 67964355 67975822 11467
14 2236 rs7152866 100253163 1 0.00481788478028763 100248780 100255923 7143
14 1055 rs311817 59079985 2 -0.00480771333691376 59077925 59079985 2060
14 279 rs12883861 27720455 2 -0.00480199582911787 27720455 27723696 3241
14 1948 rs12895695 93595051 1 0.00476522211484255 93595051 93596085 1034
14 1411 rs1544579 73292958 3 -0.00475699038442269 73292958 73316539 23581
14 1187 rs11621026 64389502 3 0.00475191013851656 64389502 64399556 10054
14 1954 rs718465 94000799 2 -0.0047355804803983 93866288 94010894 144606
14 1699 rs7157077 84223384 4 -0.00466588432999033 84217514 84229254 11740
14 2055 rs716315 96009307 1 -0.00463216744315411 96009307 96013091 3784
14 567 rs2415482 38958967 3 0.00462916620543207 38958967 38970364 11397
14 1535 rs17105954 78011994 3 -0.00458774301489808 78006685 78022797 16112
14 1689 rs162654 83778352 1 0.0045834004299689 83777903 83801609 23706
14 606 rs1000203 40896108 2 -0.00455513913684754 40896108 40913662 17554
14 907 rs7149928 54098459 2 0.00454139922785308 54098459 54098459 0
14 662 rs1389565 43836526 4 0.00452263945101646 43827706 43878866 51160
14 442 rs12881368 33979974 3 0.00451037061981024 33978572 33990825 12253
14 1784 rs7140940 87887077 1 -0.00450782643475575 87875650 87904340 28690
14 390 rs2031106 32861709 2 -0.00449945257843602 32861709 32876958 15249
14 1006 rs862152 57244671 3 0.00449171517834829 57239056 57246017 6961
14 911 rs169748 54186083 1 -0.00438099647533962 54180599 54187064 6465
14 872 rs2144983 52548843 4 -0.00435562956851792 52544224 52567361 23137
14 1884 rs12589587 91611001 1 0.00431749919610127 91611001 91611001 0
14 1785 rs10142090 87926629 2 0.00431742638365742 87913934 87931487 17553
14 1349 rs7160510 71111361 1 -0.0042913513688206 71111361 71111361 0
14 1451 rs174994 75434102 1 -0.00415985834881268 75434102 75434102 0
14 2344 rs2816661 105596010 1 0.00414969033596406 105596010 105596054 44
14 2268 rs1615947 101697422 1 -0.00414235563862514 101697422 101701975 4553
14 262 rs6575139 27174402 2 0.00413991042113094 27136647 27176732 40085
14 1320 rs11622064 69810354 2 0.00413960764762753 69810354 69812279 1925
14 1046 rs7140492 58520500 1 0.00411558533068565 58520500 58520500 0
14 563 rs7149898 38752752 1 0.00403870260607019 38747106 38752752 5646
14 896 rs763328 53707009 3 -0.00403574991790812 53700341 53760514 60173
14 1071 rs17255150 59504389 1 -0.00400616110221397 59500972 59505553 4581
14 343 rs6571342 30802421 1 0.0040009730483332 30802421 30802421 0
14 1237 rs6573638 66328997 2 0.00398178922718213 66318629 66336423 17794
14 994 rs1307538 56920207 3 0.00396118979128283 56895162 56920900 25738
14 1648 rs12184964 82368440 5 0.00390132581881791 82347524 82382950 35426
14 1116 rs2181985 61940910 1 0.00384524850226824 61940910 61940910 0
14 1680 rs12437252 83491618 2 0.00383193711566378 83443695 83499467 55772
14 2118 rs13379447 97193284 1 -0.00379539551331997 97193284 97193512 228
14 309 rs1002750 29145878 1 0.00378509312468936 29115506 29145878 30372
14 1927 rs737522 93014672 4 -0.00375663229862955 93014672 93026057 11385
14 2337 rs1132975 105222037 2 0.00368555033137874 105215351 105222037 6686
14 761 rs4409996 48981279 1 -0.00363183460324784 48974971 48981279 6308
14 1795 rs398607 88407888 1 -0.0036303653104501 88407888 88414603 6715
14 107 rs3827932 22481705 1 0.00362923993898716 22481705 22483101 1396
14 1084 rs7154819 60087380 1 0.00362041087300079 60087380 60087380 0
14 656 rs12888788 43517553 1 0.00361577616836379 43512251 43518727 6476
14 1602 rs9323681 80412032 2 -0.00360358447624323 80408653 80413870 5217
14 1961 rs927236 94266671 3 0.00357962605067288 94264690 94279265 14575
14 533 rs1999232 37288393 1 -0.00356332979686044 37288393 37288393 0
14 171 rs7142207 24164243 1 0.00354531411799351 24164243 24164243 0
14 804 rs10139934 50987481 2 0.00352636454952996 50901768 51000770 99002
14 18 rs11851004 20712322 3 -0.00352616865502103 20712322 20723695 11373
14 2250 rs1951033 101135318 1 -0.003516798954344 101130576 101139536 8960
14 529 rs8010088 37190065 3 -0.00349848037034966 37190065 37199161 9096
14 2 rs12590785 20482471 3 -0.00348186899957272 20480547 20484740 4193
14 1544 rs7141888 78394566 2 0.00347323634465492 78390060 78400320 10260
14 743 rs9672030 48387621 1 -0.0034639635732453 48381553 48387621 6068
14 1549 rs12590451 78541015 1 0.00346298464239944 78541015 78543376 2361
14 1153 rs2046811 63047648 2 0.00346135246408077 63036495 63047648 11153
14 565 rs961777 38848399 1 -0.00343499840311173 38842788 38848419 5631
14 1759 rs1394706 86723836 2 0.00343148692832354 86722953 86737775 14822
14 1924 rs12434016 92938553 1 0.00340051255051992 92934315 92938553 4238
14 694 rs61753893 45636328 2 0.00339121324529445 45636328 45662577 26249
14 1922 rs62623445 92922782 1 -0.00337447167054775 92922442 92923032 590
14 2195 rs17613673 99268957 3 -0.00334702692603413 99254712 99268957 14245
14 1313 rs45557240 69704434 1 0.00331316492191382 69697289 69704434 7145
14 1878 rs743201 91277252 2 0.00328667773417457 91277103 91293447 16344
14 626 rs1957863 42302552 1 0.00323791200221601 42268827 42302552 33725
14 1318 rs8017671 69771213 4 0.00323763400831864 69760369 69780678 20309
14 169 rs11158273 24117528 2 -0.00323307338241619 24117528 24125886 8358
14 129 rs970348 23069853 2 0.00319137295569449 23068419 23069853 1434
14 2090 rs11845882 96565323 1 -0.00317296430201003 96563824 96565323 1499
14 2155 rs4900375 98229487 1 -0.00317167436061408 98229487 98229487 0
14 135 rs943889 23169536 1 0.00316693468023976 23169536 23169536 0
14 1368 rs10137011 72270801 1 -0.00314786639901924 72270801 72289633 18832
14 927 rs1953743 54652479 2 0.0031076237723338 54646750 54659207 12457
14 1094 rs8004280 60780429 1 0.00309477930659549 60771653 60782370 10717
14 1965 rs11622652 94331816 2 -0.00307067880931853 94331816 94339156 7340
14 1603 rs7147199 80417718 3 0.00303957105284518 80417233 80428180 10947
14 207 rs206222 25189197 1 0.00301935082417765 25182686 25204958 22272
14 574 rs17108424 39320911 1 -0.00301925231066165 39320911 39351577 30666
14 1684 rs10131371 83587297 1 0.00301382995873878 83587297 83591673 4376
14 226 rs17278020 25715736 2 0.00300927832857821 25715736 25721716 5980
14 1260 rs7161368 67983868 2 0.00299708646817482 67983868 67984540 672
14 885 rs4898765 53281883 1 -0.00299360279465187 53196348 53283565 87217
14 2107 rs234600 97080601 1 -0.00298103115760932 97080601 97083600 2999
14 953 rs17672364 55705904 2 0.00297837081834735 55635323 55705904 70581
14 1177 rs10134021 63811438 1 0.00297397553872755 63811438 63811438 0
14 883 rs11623917 52921896 3 -0.00296751179223555 52908825 53000646 91821
14 1163 rs12587142 63452412 1 -0.00293873715606106 63452412 63452412 0
14 814 rs11157776 51341887 1 0.00291279536065325 51341887 51341887 0
14 290 rs10132723 28335122 5 -0.00290736336749179 28333418 28367958 34540
14 664 rs2009767 43980703 2 0.00290072634388888 43975208 43980703 5495
14 1477 rs721979 76507834 2 -0.00288165903727264 76482168 76507834 25666
14 2212 rs7147065 99529685 1 0.00285467567091074 99529685 99529685 0
14 1424 rs17782124 74203789 1 0.00280057172527055 74184192 74203789 19597
14 1991 rs28618118 94933473 2 -0.00274720005283117 94918463 94933695 15232
14 2050 rs4905315 95917231 1 0.00273177272628204 95912388 95917231 4843
14 999 rs4901702 57090588 1 0.00271737029511404 57052282 57092439 40157
14 459 rs2077841 34311717 2 -0.00268394503921716 34308644 34311717 3073
14 551 rs8016889 38246440 1 0.00262133863451629 38246440 38269869 23429
14 2275 rs7156106 101947144 1 0.00259713177765428 101947144 101947144 0
14 1545 rs17106642 78406473 1 -0.00259045140508578 78406473 78406473 0
14 1568 rs918270 79018345 1 0.00258311458824946 78993170 79018345 25175
14 1547 rs3861629 78459047 4 -0.00257110158918608 78454005 78496587 42582
14 576 rs17108549 39376359 2 0.00256616828176191 39376359 39399131 22772
14 2066 rs986517 96106273 1 -0.00255732348463437 96102839 96106273 3434
14 64 rs2771358 21422666 1 0.00254293768479237 21422666 21422666 0
14 91 rs6571976 22112594 1 -0.0025328004970368 22112594 22116895 4301
14 1072 rs8022227 59548269 1 -0.00252033233373405 59511799 59554149 42350
14 536 rs2564848 37352231 1 -0.00250763009091488 37352231 37356172 3941
14 931 rs7154391 54793975 4 0.00249564466869543 54793975 54798595 4620
14 969 rs945272 56336645 1 -0.00243418354597211 56319951 56336645 16694
14 873 rs10151177 52575512 3 0.00242867171328269 52575512 52586244 10732
14 820 rs17123302 51441945 4 -0.00239238939623477 51441852 51446216 4364
14 434 rs10148795 33845322 1 0.00236695882286197 33845322 33845322 0
14 1627 rs917986 81470655 3 0.00236574780066859 81468954 81480822 11868
14 1721 rs2765912 85175316 1 0.00234707344174777 85175316 85180203 4887
14 380 rs10483395 32638913 2 0.00232531389122134 32635572 32641377 5805
14 500 rs8008601 35887431 2 -0.0023162338815348 35884639 35887431 2792
14 1279 rs10146321 68878038 1 -0.00231614765224371 68878038 68882281 4243
14 542 rs911008 37462847 2 0.00231249763166685 37449287 37469378 20091
14 479 rs4982180 34921900 1 0.00231167768872444 34879025 34921900 42875
14 589 rs1956151 40101060 6 -0.00229684057929155 40080967 40114919 33952
14 672 rs7153178 44373149 1 0.00227542972661086 44344532 44383536 39004
14 682 rs7143770 44829276 2 -0.00227364004158378 44801784 44829276 27492
14 1464 rs11620943 75947726 1 -0.00226775197879346 75947712 75947726 14
14 677 rs10220539 44586864 2 0.00225863382924331 44566484 44597628 31144
14 1290 rs12890235 69089903 1 0.00223998473500342 69088185 69089903 1718
14 2346 rs3825762 105752404 2 -0.00222580062304081 105752404 105752404 0
14 408 rs17099578 33285857 1 -0.00221933702818874 33283757 33291583 7826
14 1031 rs17093240 58126646 3 -0.00218702777926268 58119752 58152836 33084
14 2303 rs7149097 103539669 2 0.00218636912309807 103539669 103539669 0
14 81 rs1061026 21967109 1 0.00218615557910238 21942751 21968876 26125
14 2042 rs8003642 95796020 1 -0.00218232530925893 95796020 95803856 7836
14 1128 rs7156151 62457053 3 -0.00217896840277457 62435628 62458832 23204
14 1365 rs11158907 71987065 2 0.00216271868947236 71972346 72148047 175701
14 534 rs382321 37320214 1 -0.00215596340835123 37320214 37324368 4154
14 4 rs17122640 20503541 1 0.00212362056914397 20502044 20511673 9629
14 1107 rs872147 61778915 1 0.00211834088741566 61745417 61792419 47002
14 1049 rs17094363 58602550 2 0.00210690949786408 58575102 58605790 30688
14 8 rs2150328 20595252 1 0.0020301219773062 20580112 20595252 15140
14 1710 rs7147015 84635493 2 0.00202852350549821 84635493 84638109 2616
14 2240 rs1190986 100496092 2 -0.00200071997292653 100465652 100504506 38854
14 347 rs720046 30978745 1 0.00196823622325802 30978745 30978745 0
14 749 rs698331 48536772 2 -0.00194715953673013 48536772 48558436 21664
14 1266 rs61991867 68191368 3 -0.00191647320700176 68191368 68206478 15110
14 857 rs11157862 52297407 1 0.0019005736710854 52296402 52308314 11912
14 807 rs2984277 51197147 2 0.00189597091054642 51188341 51197147 8806
14 1192 rs10151658 64612858 2 0.00189216783775795 64580075 64613473 33398
14 2010 rs8016615 95187870 1 0.00188764905778129 95187870 95187870 0
14 636 rs7160686 42706983 3 -0.00187581567800157 42699090 42710883 11793
14 141 rs1042704 23312594 2 -0.00187502528628421 23312594 23312594 0
14 1188 rs9944035 64447776 1 0.00187211656541873 64416898 64469828 52930
14 864 rs10498440 52413573 2 0.00187106894954989 52405262 52417780 12518
14 1645 rs9323715 82260471 2 -0.00186562440758032 82219550 82267945 48395
14 1848 rs4904594 90122106 3 0.0018533390963917 90106316 90123507 17191
14 1673 rs7145839 83267946 2 0.00184983976985143 83267946 83284434 16488
14 1093 rs7146234 60744634 1 0.0018253550755176 60687175 60750365 63190
14 746 rs696528 48459665 3 -0.00181561367545382 48447717 48466677 18960
14 696 rs4900672 45897330 2 0.00179392117837372 45850323 45969242 118919
14 1412 rs17781655 73325384 1 0.00178448872336386 73325384 73329055 3671
14 2059 rs17092794 96038299 2 0.00177760953882954 96033565 96038299 4734
14 2092 rs12888576 96611391 3 0.00177227924730329 96603723 96611391 7668
14 203 rs10873219 25101706 1 0.00176684564181986 25100110 25103662 3552
14 556 rs2415438 38577533 3 -0.00174965972799282 38577533 38590205 12672
14 497 rs1951276 35853388 1 -0.0017399985635405 35838369 35853388 15019
14 1644 rs11848661 82198081 4 0.00172132074341692 82168185 82209549 41364
14 1151 rs17100015 62953711 1 0.00170879042548272 62945265 62953711 8446
14 1220 rs11622328 65640434 1 0.00169911826579192 65634797 65645250 10453
14 1752 rs11159732 86257811 2 0.00166974607900275 86243914 86262326 18412
14 949 rs3783637 55348118 1 0.00166936776941473 55348118 55354869 6751
14 1316 rs2105269 69747234 1 0.00164590335872014 69747234 69749097 1863
14 2048 rs1187751 95894578 2 -0.00164100615310441 95891142 95894578 3436
14 1629 rs2080306 81576139 2 0.0016348381515811 81569678 81576139 6461
14 1000 rs4901704 57103986 2 -0.00161193515717618 57099859 57103986 4127
14 261 rs1950399 27120136 1 -0.00160664390773716 27089482 27123414 33932
14 938 rs7155636 55067637 2 0.00158213748121565 55067637 55068822 1185
14 652 rs7144495 43398252 5 0.00156857747837615 43380552 43398252 17700
14 1126 rs8012538 62322434 1 -0.00156080124854719 62322434 62322582 148
14 1286 rs4899246 69060202 2 -0.00156073735817433 69060068 69060202 134
14 2211 rs1257676 99497912 2 -0.00156016210331878 99497912 99497912 0
14 778 rs7140895 49724328 1 0.00155584491050508 49678964 49749252 70288
14 2183 rs2753971 98935175 2 -0.00155422936778678 98929610 98935175 5565
14 1193 rs3866741 64622232 3 -0.00151653533712197 64617958 64642018 24060
14 1893 rs1285838 91877512 2 -0.00150794211806366 91874956 91877512 2556
14 204 rs724023 25131460 3 -0.00149794690072222 25105891 25131460 25569
14 1097 rs767602 61098624 2 -0.00149358275510859 60970531 61098624 128093
14 1425 rs13379043 74250126 1 0.00149227298968202 74250126 74250126 0
14 1650 rs12588669 82446154 2 -0.00148280999626041 82442394 82446154 3760
14 1143 rs1913627 62725776 1 0.00146639320812935 62724837 62732065 7228
14 97 rs12434054 22221211 2 0.00146191086583567 22220569 22243421 22852
14 499 rs3138045 35877721 1 0.0014573676913244 35877721 35877721 0
14 185 rs2295322 24679877 1 -0.00145658885585766 24675569 24682837 7268
14 1998 rs6119 95054012 2 0.00143965382093328 95053572 95054012 440
14 1531 rs149849326 77944624 1 0.0014350345633038 77938577 77944624 6047
14 1736 rs12879844 85699685 1 -0.00142777977473621 85699685 85711479 11794
14 1946 rs2749509 93528114 1 0.00142754131955785 93528114 93528114 0
14 415 rs8010723 33555319 1 0.00142679652858221 33555133 33574670 19537
14 661 rs11157343 43798315 2 -0.0014227384684374 43760949 43807584 46635
14 2168 rs8019853 98494079 5 -0.00140976154085819 98486545 98498951 12406
14 1571 rs11629205 79156785 2 0.0014000199620843 79152411 79165089 12678
14 492 rs8015175 35714499 1 0.00138339977488411 35675238 35715411 40173
14 164 rs223116 23977010 1 -0.00137765921597113 23977010 23977010 0
14 1302 rs12590404 69331653 1 0.00137225785551254 69331653 69340569 8916
14 1887 rs2540879 91708195 1 -0.00136415150995565 91705188 91711471 6283
14 1805 rs447928 88754674 1 -0.00136040334308523 88753328 88757330 4002
14 653 rs17113715 43433419 4 0.00135306061302865 43409682 43433535 23853
14 291 rs10220568 28429366 2 0.00134596202037843 28421091 28446721 25630
14 1738 rs4904245 85789611 1 0.00134560735296556 85780554 85789611 9057
14 1034 rs7152180 58286918 2 -0.0013426509478932 58262007 58295247 33240
14 328 rs17115183 30137407 1 0.00132938226065492 30137407 30137407 0
14 152 rs910795 23632506 1 -0.00131182503083083 23632506 23632506 0
14 1751 rs8017097 86226430 2 0.00131119670003644 86210504 86227797 17293
14 321 rs12433083 29895001 1 0.00130615106952691 29889699 29896499 6800
14 1741 rs10498593 85884306 1 0.00130497546680908 85881928 85918380 36452
14 843 rs11852062 51952408 2 0.00129212302981288 51952408 51952408 0
14 1268 rs3742884 68251934 2 -0.00128503241570535 68241261 68315720 74459
14 1761 rs10133064 86774395 1 0.00127909824720309 86774395 86799697 25302
14 2278 rs1190708 102094630 1 0.00127717236511869 102094630 102118619 23989
14 783 rs8015975 49888029 1 -0.00127325864226303 49888029 49904200 16171
14 118 rs3811266 22747055 1 0.00126688407939005 22741734 22747483 5749
14 838 rs1890697 51892138 1 0.0012561205297706 51867607 51894552 26945
14 2175 rs1780864 98694584 3 0.00125021985724399 98682107 98694584 12477
14 858 rs7152036 52331224 1 0.00124497770177625 52331224 52331224 0
14 1370 rs36453 72334903 1 0.00122997560532993 72333601 72349845 16244
14 823 rs61755582 51489582 1 0.00122190044080353 51482666 51489582 6916
14 1929 rs12433867 93065083 2 -0.00122063278281281 93064069 93065083 1014
14 535 rs712376 37336816 1 -0.00120940072793044 37328791 37341703 12912
14 2267 rs8013718 101689506 1 -0.00118422885088994 101689506 101689506 0
14 801 rs10143848 50844119 1 -0.00117724684311436 50844119 50847861 3742
14 817 rs3783273 51395083 2 0.00117512953051491 51376774 51395384 18610
14 1696 rs12887744 84104059 1 -0.00114751337289552 84104059 84112725 8666
14 1134 rs7142146 62555111 2 0.00114604944252488 62549819 62555111 5292
14 2165 rs8014790 98444106 1 -0.00114361753071669 98434519 98444106 9587
14 2031 rs12147295 95478036 1 0.00113930032066353 95472704 95480924 8220
14 1700 rs10137825 84265662 1 0.00113852101118574 84252205 84265662 13457
14 1963 rs4905092 94300230 2 0.00111629116339138 94300230 94306167 5937
14 1415 rs17569474 73433450 2 0.00111081479557257 73403321 73442192 38871
14 543 rs1956424 37531902 1 -0.0011056283802057 37503880 37531919 28039
14 487 rs3783315 35337365 2 -0.00110456372893034 35330460 35345352 14892
14 1281 rs12587397 68920095 1 0.00109937576660125 68911269 68935112 23843
14 1449 rs2286914 75387012 2 -0.00108514802097641 75365729 75389074 23345
14 146 rs61745081 23564437 3 0.001082782226248 23545799 23564437 18638
14 1626 rs2284720 81443167 3 -0.00108164393121654 81443167 81459186 16019
14 794 rs12892774 50478328 1 0.00107853601417242 50472405 50478328 5923
14 630 rs8013963 42431239 1 0.00106184494966642 42431239 42478232 46993
14 1261 rs2064928 68025448 1 0.00105773455156472 68019608 68025448 5840
14 1599 rs8003197 80307025 4 0.00105130021997109 80307025 80313310 6285
14 2063 rs7149067 96072604 1 -0.00104062385596351 96071125 96082543 11418
14 668 rs7143314 44178201 2 -0.00103552344002474 44178070 44207575 29505
14 2302 rs10140685 103455008 2 0.00103272331989275 103443232 103490892 47660
14 127 rs1154153 23001547 2 0.00102715907512258 22999617 23009999 10382
14 481 rs7151142 34990567 2 -0.00100616825369313 34985658 35008043 22385
14 1040 rs17094010 58429071 2 0.00100315521028688 58429071 58429071 0
14 1138 rs7153597 62590333 1 -0.00100050174160173 62590333 62599405 9072
14 1430 rs765719 74541484 1 9.916127050487293e-4 74489735 74636873 147138
14 103 rs2874146 22374399 2 9.842325903620351e-4 22362142 22374399 12257
14 908 rs210381 54107791 1 9.837423282760445e-4 54107791 54123751 15960
14 889 rs1958909 53444727 2 9.815496246698046e-4 53444727 53444727 0
14 1698 rs17635227 84210672 1 9.80547725504421e-4 84199093 84210672 11579
14 793 rs4900974 50462432 2 9.749486815628328e-4 50462432 50462432 0
14 213 rs1270756 25345898 1 -9.514059817473562e-4 25345898 25350288 4390
14 824 rs875207 51494668 1 -9.49370872681014e-4 51494668 51494668 0
14 208 rs12881813 25243282 1 -9.490327968147544e-4 25209198 25253343 44145
14 1782 rs8010039 87765589 1 9.468135529150408e-4 87765589 87805904 40315
14 900 rs1954332 53889138 1 9.418883136765292e-4 53879670 53889138 9468
14 1764 rs955119 86924652 1 -9.359116902515128e-4 86874638 86924652 50014
14 1301 rs412638 69328594 2 9.283191819306582e-4 69328022 69329901 1879
14 2140 rs943587 97636701 2 9.271589672576256e-4 97636701 97636701 0
14 1716 rs1449104 84937257 1 -9.052667202954144e-4 84937257 84951576 14319
14 228 rs1956949 25776787 1 -8.998448296140863e-4 25757475 25789102 31627
14 270 rs4983213 27485187 1 -8.941015283830693e-4 27485187 27488148 2961
14 41 rs8011671 21020554 1 8.927603343926308e-4 21020554 21020554 0
14 147 rs3742486 23568376 1 8.877923259559349e-4 23568376 23568376 0
14 1421 rs10143451 73932657 1 -8.70560872783066e-4 73932657 73932657 0
14 2339 rs1048257 105404384 2 8.596975855591038e-4 105404384 105410183 5799
14 571 rs11625158 39129744 1 -8.591247743323889e-4 39122375 39129744 7369
14 2024 rs1243561 95369886 1 8.587024001033838e-4 95368281 95370947 2666
14 458 rs12586518 34289996 1 -8.540831705786556e-4 34285469 34289996 4527
14 31 rs1953225 20897676 1 8.495239182851362e-4 20897676 20897676 0
14 1369 rs8019244 72317961 1 -8.469916041475581e-4 72296472 72317961 21489
14 1242 rs17103156 66441939 1 8.456707707449145e-4 66441846 66450692 8846
14 376 rs944464 32453861 2 8.442037882270211e-4 32453861 32460060 6199
14 1212 rs11623705 65405722 3 -8.360475491159731e-4 65357916 65406402 48486
14 2034 rs3742332 95645872 1 8.352017194524369e-4 95645872 95645872 0
14 1131 rs1954482 62518883 1 -8.317867742788388e-4 62518883 62526170 7287
14 645 rs7151320 43107060 1 -8.211283138307475e-4 43107060 43107309 249
14 1990 rs1885137 94912896 1 -8.20131671104825e-4 94910363 94913559 3196
14 360 rs927704 31752664 2 8.174872047862854e-4 31752664 31764174 11510
14 675 rs1950543 44468798 1 -8.169819561956763e-4 44459382 44471675 12293
14 1098 rs7152548 61122040 1 -8.117598146145145e-4 61122040 61122040 0
14 2207 rs902811 99467956 1 -8.103537728703739e-4 99463057 99474165 11108
14 1190 rs10140978 64528071 2 8.075114085793154e-4 64518321 64560092 41771
14 1144 rs11625068 62734152 1 8.069962180994707e-4 62732664 62737734 5070
14 1466 rs10483869 76028680 1 8.031110295168436e-4 76026019 76028680 2661
14 890 rs4901328 53469891 1 -7.896177309350613e-4 53468249 53469891 1642
14 392 rs3784194 32923626 2 -7.896158088873589e-4 32923336 32923626 290
14 594 rs1953200 40267514 1 7.867479886286418e-4 40267514 40267514 0
14 666 rs7142687 44144630 1 7.83522126894004e-4 44127771 44144630 16859
14 1591 rs221497 80088480 2 -7.7976991122066e-4 80080001 80088480 8479
14 1171 rs4902215 63685669 1 7.730776886909846e-4 63684625 63692593 7968
14 1743 rs7144487 85969521 2 7.565373996877741e-4 85964610 85969521 4911
14 1691 rs17118564 83875349 1 7.486191894284115e-4 83875349 83875349 0
14 1875 rs1742098 91168417 1 7.470180083145499e-4 91148877 91183327 34450
14 218 rs8012205 25426899 1 -7.416369695658629e-4 25426899 25426899 0
14 1999 rs7069 95059210 1 -7.381501113152487e-4 95058813 95059210 397
14 348 rs10483367 30991507 1 -7.351773244722965e-4 30985803 30991559 5756
14 1920 rs8018746 92907993 1 -7.329404137890159e-4 92907993 92911351 3358
14 588 rs1980523 40016353 3 -7.317897010704396e-4 40015976 40049695 33719
14 452 rs944086 34177627 1 -7.293151223319932e-4 34170982 34177627 6645
14 386 rs2891193 32780576 1 7.147899566865496e-4 32780576 32781804 1228
14 109 rs8022578 22570185 2 7.146494809399615e-4 22570185 22573443 3258
14 2311 rs17609426 103775948 1 -7.145384349676641e-4 103764818 103778366 13548
14 575 rs4902228 39370726 1 7.116431506327582e-4 39355462 39370726 15264
14 776 rs12879285 49575029 1 7.093626421768996e-4 49523084 49575029 51945
14 1798 rs10130801 88528910 1 7.074506698761635e-4 88514862 88528910 14048
14 191 rs3212251 24809185 3 6.977802758591511e-4 24805463 24810898 5435
14 1870 rs7152250 90983296 1 6.913682679479362e-4 90983296 90999201 15905
14 468 rs980464 34568993 2 6.89656566635551e-4 34568993 34575688 6695
14 1899 rs10498632 92290744 1 -6.883679135602567e-4 92290681 92293518 2837
14 538 rs17105714 37390047 2 -6.828091977164727e-4 37383879 37390047 6168
14 2076 rs1951990 96206984 2 -6.741200124874166e-4 96206984 96222770 15786
14 1051 rs11851552 58706750 2 -6.62510881693978e-4 58684804 58799361 114557
14 1299 rs11621104 69239751 1 -6.541231469020788e-4 69239751 69244214 4463
14 555 rs12147319 38568732 1 -6.439608166731159e-4 38568732 38568732 0
14 886 rs11625993 53289281 1 -6.430936373012242e-4 53289281 53289281 0
14 628 rs10872958 42339461 1 6.411786371864572e-4 42327831 42339461 11630
14 402 rs4981997 33151914 1 6.301107812837205e-4 33147765 33168063 20298
14 1010 rs7161116 57309063 1 6.297051498278187e-4 57305815 57319132 13317
14 23 rs1760921 20818131 1 6.184657746757286e-4 20796128 20823052 26924
14 1481 rs888476 76581121 1 -6.168557089703243e-4 76581121 76581121 0
14 158 rs3759614 23837101 1 -6.161143025924243e-4 23837101 23840033 2932
14 1677 rs1959732 83412065 1 6.099422463329907e-4 83409961 83412615 2654
14 730 rs4900734 47744407 2 6.058788441714905e-4 47730954 47780727 49773
14 1272 rs1467673 68642759 2 -6.051910498384776e-4 68599492 68644898 45406
14 358 rs10149122 31553136 2 5.908797371323923e-4 31552620 31583512 30892
14 564 rs1168445 38786620 1 -5.901808837610954e-4 38786620 38834507 47887
14 1294 rs2028103 69173252 1 -5.83224553113713e-4 69173252 69173252 0
14 1173 rs718362 63742585 1 5.822982384223027e-4 63732733 63742585 9852
14 870 rs3825594 52507206 2 -5.80531708538617e-4 52505375 52521893 16518
14 511 rs7159802 36502543 1 -5.711091306171547e-4 36502543 36502543 0
14 1379 rs2190632 72560950 1 -5.70537201487218e-4 72559891 72565482 5591
14 306 rs1074664 29068832 1 -5.687617649665317e-4 29068832 29068832 0
14 1510 rs6574333 77305289 2 -5.680896424397454e-4 77294729 77305508 10779
14 2173 rs1461582 98637740 1 -5.661544660100174e-4 98621014 98640452 19438
14 25 rs2104978 20837033 1 5.578906276267448e-4 20837033 20837033 0
14 1966 rs11848280 94358100 1 5.571495632137163e-4 94358100 94358100 0
14 1226 rs2411915 65794692 2 -5.541183906461102e-4 65777560 65794692 17132
14 1140 rs8006839 62652220 1 -5.52461489028202e-4 62634580 62654698 20118
14 591 rs1958964 40164269 1 5.477926448688798e-4 40137400 40164269 26869
14 1570 rs10483908 79074748 1 -5.442343074831589e-4 79074748 79100115 25367
14 1641 rs12887222 82042874 3 -5.405855658444418e-4 82041679 82044026 2347
14 1913 rs11624846 92729757 1 -5.404540625175988e-4 92729757 92736604 6847
14 579 rs6571891 39534909 1 5.381785341173484e-4 39492645 39545521 52876
14 1640 rs11499034 81972441 1 5.30465066373636e-4 81945991 82026458 80467
14 526 rs4477602 37151655 2 5.284594615076544e-4 37150160 37153163 3003
14 1530 rs45527334 77844265 2 5.271434493872942e-4 77843384 77923783 80399
14 1801 rs6574994 88614541 2 -5.239473978197072e-4 88603841 88628106 24265
14 869 rs2273431 52496407 1 -5.220952465544111e-4 52494072 52501235 7163
14 1521 rs158105 77629681 2 5.17836737970229e-4 77625148 77629681 4533
14 519 rs3762904 36790795 1 5.152346487093052e-4 36789729 36790795 1066
14 1092 rs216518 60683430 1 5.024812310058734e-4 60683430 60683430 0
14 1297 rs12148044 69214219 1 -5.007149003024002e-4 69210199 69214958 4759
14 878 rs1390375 52761693 2 -4.990287395303263e-4 52740420 52761693 21273
14 483 rs8007333 35139380 1 -4.974742753309605e-4 35131862 35139380 7518
14 1399 rs7144560 72978091 3 -4.93825847452563e-4 72970502 72978091 7589
14 2084 rs8011771 96431357 1 -4.921089626685391e-4 96431357 96431357 0
14 48 rs750142 21130632 1 4.912510224968816e-4 21130632 21130632 0
14 1537 rs4497612 78061009 2 -4.908928118376821e-4 78060031 78068493 8462
14 2078 rs4905389 96260801 1 -4.893166297052459e-4 96260801 96260801 0
14 2005 rs7146876 95145969 1 -4.8693904819910186e-4 95137473 95145969 8496
14 1356 rs714421 71359585 1 4.8598036266198194e-4 71352648 71359585 6937
14 832 rs7149337 51709017 1 -4.831965057217056e-4 51692699 51710861 18162
14 1894 rs4904785 91956870 1 -4.782154508493038e-4 91944911 91982361 37450
14 1567 rs368692 78968484 1 -4.7663513626448943e-4 78968484 78978482 9998
14 745 rs17119479 48430295 1 4.7646616106981134e-4 48413039 48431057 18018
14 1285 rs999737 69034682 2 4.6846747746608064e-4 69034682 69039588 4906
14 389 rs1951681 32851025 1 4.664602370526178e-4 32849257 32851025 1768
14 2003 rs17091195 95111588 2 -4.635817523052601e-4 95107973 95116465 8492
14 484 rs9743965 35176730 1 4.528052026082716e-4 35173418 35185148 11730
14 1633 rs10145323 81662747 1 -4.5257939381901526e-4 81641464 81672106 30642
14 2216 rs1273226 99607842 1 4.4403404643475095e-4 99607842 99623030 15188
14 325 rs1191545 30003238 1 4.434823220776828e-4 30003238 30009227 5989
14 2291 rs34931752 102729886 1 -4.355638235110621e-4 102686183 102744489 58306
14 1775 rs17259299 87377092 1 4.332866934667886e-4 87366103 87377092 10989
14 215 rs12885474 25381377 1 4.2706900167444945e-4 25378471 25381377 2906
14 2260 rs8181978 101475770 1 -4.2388692562474845e-4 101475770 101475770 0
14 544 rs8019489 37544293 1 -4.2290675083955326e-4 37543519 37558794 15275
14 2106 rs8016592 97055234 1 -4.1946860849889113e-4 97055234 97056727 1493
14 340 rs1956458 30663050 1 4.177250051784007e-4 30619554 30663050 43496
14 559 rs2812080 38654018 1 4.161468353898525e-4 38642541 38655211 12670
14 29 rs2945461 20863070 1 4.1368364006178615e-4 20862542 20863070 528
14 1183 rs11158503 64173925 1 -4.123440859583641e-4 64173925 64173925 0
14 62 rs17254450 21325687 1 4.068324975122229e-4 21325687 21325687 0
14 1455 rs3742768 75759060 1 4.0216008500765823e-4 75759060 75762198 3138
14 1495 rs12435564 76911211 1 -4.0113401040496295e-4 76909934 76917275 7341
14 1877 rs8003457 91233834 1 -4.002899619992714e-4 91233834 91262184 28350
14 1036 rs11158181 58356736 1 -3.996954875029197e-4 58356736 58356736 0
14 2062 rs12878813 96061964 2 -3.988695424926863e-4 96061668 96063730 2062
14 624 rs17181601 42187932 2 3.925559263664251e-4 42184671 42196975 12304
14 1763 rs8010573 86862533 1 3.872223968285198e-4 86840851 86863286 22435
14 1587 rs7153889 79989432 1 3.865596929338465e-4 79987789 79989432 1643
14 959 rs10139652 55976428 1 -3.8581567708534874e-4 55969956 55982306 12350
14 1291 rs12890882 69100618 1 -3.812857590246562e-4 69100618 69118241 17623
14 912 rs12586452 54206171 1 -3.7845294944432344e-4 54206171 54215536 9365
14 1186 rs8010385 64376772 3 -3.771649282703531e-4 64365757 64381040 15283
14 225 rs11159148 25682271 2 3.7380334116861465e-4 25631999 25682271 50272
14 2044 rs1212182 95846518 1 3.689874586718414e-4 95844779 95848170 3391
14 1543 rs2364747 78368390 1 -3.6739195763253973e-4 78358288 78370261 11973
14 525 rs6571754 37095489 2 -3.665809745889321e-4 37095489 37128936 33447
14 2223 rs710087 99791385 1 3.6590069961776314e-4 99791385 99793564 2179
14 1400 rs4903031 73019236 2 3.645152961797088e-4 73019236 73019236 0
14 608 rs1958871 40981197 1 -3.6389535159845184e-4 40979444 41050612 71168
14 577 rs4899126 39420693 1 3.595220186934828e-4 39410706 39420693 9987
14 1735 rs12431900 85687371 1 3.567420026550683e-4 85683233 85693853 10620
14 971 rs7148125 56358841 3 3.5583954425777025e-4 56358841 56371174 12333
14 1061 rs10149208 59243338 3 3.557089194874418e-4 59231914 59243484 11570
14 1219 rs945015 65612620 1 3.5456236285485434e-4 65612620 65618655 6035
14 735 rs10162514 48035807 1 -3.5255639492145455e-4 48014964 48035807 20843
14 177 rs1951732 24336395 1 -3.5244123890143737e-4 24336007 24352312 16305
14 1056 rs863091 59112475 1 -3.507069626008543e-4 59112475 59112677 202
14 812 rs8016526 51310466 1 3.494241124482547e-4 51295500 51318220 22720
14 978 rs12893970 56474502 1 3.439185344311077e-4 56472487 56488530 16043
14 934 rs3783635 54894792 1 3.437427480842373e-4 54890379 54940685 50306
14 101 rs876093 22337393 2 -3.4345818695230915e-4 22331186 22337393 6207
14 1091 rs216504 60674699 2 3.4278955283917735e-4 60674699 60675089 390
14 1693 rs10498564 83962878 2 3.401225426595552e-4 83962878 83979888 17010
14 2125 rs1885162 97371939 1 3.3949711396386197e-4 97362657 97377993 15336
14 1625 rs2234919 81422178 3 3.3883099366100085e-4 81415154 81438498 23344
14 1657 rs10135954 82703080 1 3.380648417190724e-4 82703080 82722111 19031
14 1983 rs1950654 94805411 1 3.3691227330454423e-4 94782798 94805411 22613
14 2301 rs2896462 103434739 1 3.3507536789567454e-4 103404159 103434739 30580
14 816 rs28564871 51368610 1 3.3464844000202245e-4 51368610 51375826 7216
14 2295 rs4906220 103009367 1 -3.337957055901025e-4 103009367 103009367 0
14 132 rs1681597 23102896 1 -3.3363048422175976e-4 23102784 23102969 185
14 2171 rs10484134 98529107 1 3.294940732634967e-4 98529107 98529469 362
14 930 rs1950208 54761459 2 -3.2899082097970775e-4 54761459 54774934 13475
14 1615 rs4899771 80962356 1 -3.2357922487992946e-4 80951312 80971261 19949
14 1631 rs2268477 81610869 1 -3.230911741162623e-4 81607661 81610869 3208
14 1616 rs8018254 81010253 1 3.229460994090676e-4 81008723 81010253 1530
14 1345 rs12880777 70874695 2 -3.220658303569778e-4 70857022 70940766 83744
14 2061 rs11621926 96054262 1 3.208595208103116e-4 96054262 96060936 6674
14 1215 rs7148144 65499450 1 3.1995233754478507e-4 65475411 65500735 25324
14 1941 rs941584 93391322 1 -3.186227386466749e-4 93389030 93396098 7068
14 2097 rs4905467 96684959 1 -3.1557498885832394e-4 96684959 96684959 0
14 1149 rs8011383 62906556 1 -3.1437665075650554e-4 62896129 62910868 14739
14 1048 rs10144556 58560475 1 -3.102932535079338e-4 58560475 58560475 0
14 1575 rs8020920 79226876 1 3.101726503695325e-4 79219967 79226876 6909
14 1213 rs35179634 65417070 1 -3.088445355772293e-4 65411499 65426216 14717
14 332 rs1958988 30334967 2 -3.046792525138388e-4 30334967 30334967 0
14 1137 rs7161322 62586111 1 -3.0443660103723544e-4 62584057 62586111 2054
14 175 rs11626329 24263944 1 -3.011878216529503e-4 24261219 24284692 23473
14 211 rs712492 25315605 3 -2.9998608850741073e-4 25313964 25322954 8990
14 724 rs17117955 47517151 2 -2.968230157642031e-4 47517151 47535917 18766
14 1480 rs759707 76576494 4 -2.952471715978863e-4 76565191 76576494 11303
14 1156 rs2101551 63181642 2 2.9346640433863304e-4 63175105 63181642 6537
14 2284 rs1678019 102328945 1 2.9233498417295846e-4 102328945 102328945 0
14 797 rs142236510 50558441 2 -2.9002374065921466e-4 50550242 50612401 62159
14 1715 rs12587870 84916561 3 2.8920764920055246e-4 84916561 84920960 4399
14 1358 rs221903 71600208 1 -2.872530111200293e-4 71552352 71600208 47856
14 245 rs12432888 26538918 2 -2.848766880686467e-4 26538918 26543099 4181
14 772 rs2352918 49460174 2 2.838386172988943e-4 49423399 49464787 41388
14 1733 rs1442572 85668179 1 2.8292128791810374e-4 85662837 85670276 7439
14 1423 rs78901745 73989145 1 2.8254385056909325e-4 73989145 73989816 671
14 1592 rs184347 80131977 1 2.8172739393993987e-4 80115560 80131977 16417
14 1812 rs2295135 88894210 1 2.815636894862014e-4 88822871 88894210 71339
14 1095 rs4901977 60789176 1 2.7992373320293875e-4 60789176 60789176 0
14 729 rs11628718 47697802 1 -2.7876131945596156e-4 47697802 47706927 9125
14 1643 rs17115706 82158283 3 2.765310537757833e-4 82109836 82158283 48447
14 1222 rs1679879 65659664 1 2.7272494634746e-4 65659664 65659664 0
14 897 rs1255324 53816211 1 -2.7243015626149354e-4 53770644 53819977 49333
14 846 rs11844403 52005924 2 2.716121057677718e-4 51998499 52006390 7891
14 2176 rs2211585 98704602 1 2.6946911998944567e-4 98700689 98714883 14194
14 685 rs1953572 44931593 2 2.6661201044334785e-4 44918400 44936552 18152
14 523 rs17104630 37000049 1 2.621813867229763e-4 36999637 37023683 24046
14 1557 rs2178863 78679789 1 2.616769613380325e-4 78679789 78679789 0
14 315 rs10483345 29574470 1 2.611221435495712e-4 29574470 29579407 4937
14 1845 rs243195 90041604 1 2.6018676962458344e-4 90035760 90043381 7621
14 2124 rs10141420 97315910 1 2.5899599355294785e-4 97315360 97345806 30446
14 1995 rs4905214 94997495 1 -2.52295818419107e-4 94997495 94997495 0
14 1851 rs7158998 90194121 1 2.495139282228079e-4 90194121 90208263 14142
14 1168 rs17100839 63668645 1 -2.378589905263807e-4 63642726 63668645 25919
14 1566 rs17107725 78947849 1 -2.3715635053152864e-4 78942898 78947849 4951
14 1135 rs17735026 62564742 1 2.355562923475146e-4 62557934 62565691 7757
14 82 rs1263811 21993498 1 -2.3454553249025153e-4 21993498 21993498 0
14 1901 rs2244158 92362427 1 -2.3372540356252276e-4 92358954 92371353 12399
14 1959 rs4905086 94236801 2 2.2872102563918807e-4 94236801 94236801 0
14 2218 rs1257427 99654322 1 2.284324084485051e-4 99654322 99654322 0
14 723 rs17117914 47492549 1 -2.2751701960979547e-4 47490379 47504832 14453
14 1787 rs1288748 88120070 2 2.265799656797969e-4 88063092 88132761 69669
14 550 rs966918 38198213 1 -2.2316419912042496e-4 38198213 38212471 14258
14 2253 rs1956743 101219652 2 -2.2234565024965687e-4 101214993 101224922 9929
14 98 rs12897392 22246805 2 -2.217394756690483e-4 22246805 22260045 13240
14 920 rs12323369 54389587 2 2.1876054805111377e-4 54389587 54394012 4425
14 2170 rs12436399 98518162 1 -2.1527234688898905e-4 98518162 98520742 2580
14 1888 rs2277509 91749595 1 -2.0565473329274133e-4 91738696 91749595 10899
14 20 rs2318860 20743269 1 2.0516887740375857e-4 20743269 20743269 0
14 231 rs10141125 25890119 2 -1.9926692669048365e-4 25886346 25917248 30902
14 2238 rs1191090 100365357 1 1.975605585483522e-4 100345279 100365357 20078
14 924 rs7141833 54463334 1 -1.975227220518871e-4 54451302 54473799 22497
14 1515 rs17105232 77518302 1 1.9387983193286905e-4 77518302 77518302 0
14 1052 rs1051858 58831142 1 1.9294117427747637e-4 58821929 58850459 28530
14 45 rs17308457 21078596 2 -1.9255573385200332e-4 21077476 21078596 1120
14 877 rs803000 52701764 1 -1.9238001129989613e-4 52700209 52701764 1555
14 1706 rs2210184 84443019 2 1.916817071960052e-4 84438074 84470583 32509
14 1695 rs7144922 84094388 1 -1.908157642668664e-4 84094388 84094388 0
14 1179 rs3742624 63841891 1 -1.904016615627832e-4 63841891 63857808 15917
14 473 rs1244368 34695448 2 -1.9013085263928857e-4 34695448 34697855 2407
14 379 rs17098491 32531485 2 -1.8886324856186637e-4 32531485 32534297 2812
14 2032 rs12891219 95497723 2 1.8501795351499124e-4 95491088 95507885 16797
14 1734 rs1667541 85676102 1 1.8345981939890945e-4 85676102 85676102 0
14 1950 rs7157141 93629959 1 -1.7215338301897017e-4 93629959 93629959 0
14 1335 rs17107637 70495371 1 -1.7181274304819643e-4 70495007 70500973 5966
14 1589 rs1544726 80041983 2 1.7103948215517397e-4 80013634 80041983 28349
14 429 rs1111533 33790609 1 1.6866584502873462e-4 33790609 33792989 2380
14 1488 rs17104346 76784888 1 -1.681882594897721e-4 76780467 76784888 4421
14 635 rs4905373 42656202 1 -1.6772402912490443e-4 42593535 42698006 104471
14 461 rs1026885 34428218 1 1.6331240340414208e-4 34423678 34431277 7599
14 1236 rs11158614 66300707 1 -1.61768293362567e-4 66300707 66300707 0
14 280 rs12887396 27749054 1 -1.6145926527285807e-4 27749054 27749054 0
14 283 rs1563526 27876265 2 -1.612889759259722e-4 27843626 27895275 51649
14 383 rs17098611 32695421 1 1.5717531258296988e-4 32695421 32713292 17871
14 1231 rs11627578 66234448 1 1.563269086054358e-4 66232086 66242314 10228
14 1984 rs760335 94814944 1 1.5600891685361445e-4 94808664 94816121 7457
14 963 rs7145545 56185501 1 1.5501382980481927e-4 56177363 56197878 20515
14 641 rs1499378 42930316 1 1.533384128577124e-4 42910684 42957537 46853
14 482 rs7151774 35075022 1 1.5201550732344018e-4 35061728 35075022 13294
14 1506 rs4903474 77182078 1 -1.498467462673892e-4 77182078 77219310 37232
14 1766 rs1959799 86969586 3 -1.49635953696423e-4 86966085 86995594 29509
14 144 rs4982704 23363537 1 1.490520390905573e-4 23362628 23363537 909
14 2146 rs17095332 97850991 1 -1.4636824862728737e-4 97843350 97857732 14382
14 1814 rs891750 89017200 2 1.4382009706897606e-4 89017069 89042180 25111
14 486 rs7156153 35308074 4 -1.3333391460421443e-4 35237677 35322320 84643
14 441 rs714754 33976186 1 -1.3149895705335035e-4 33975893 33976186 293
14 85 rs11624979 22054718 1 -1.3144749079093294e-4 22054718 22054718 0
14 759 rs1371793 48903488 1 1.3072297449258545e-4 48903488 48903488 0
14 210 rs3825591 25280335 1 -1.3000825776249002e-4 25278656 25295551 16895
14 2220 rs2693693 99676186 1 -1.267300152642895e-4 99676186 99688743 12557
14 303 rs2224437 28990427 1 1.2649201180254928e-4 28990427 28993910 3483
14 717 rs1381645 47212110 1 1.253490897594621e-4 47211333 47212110 777
14 2022 rs732964 95346359 1 1.2210403432601742e-4 95345487 95346359 872
14 2266 rs17099976 101653358 2 -1.2145964867231496e-4 101653358 101679255 25897
14 1541 rs9323652 78288709 1 -1.214460572939058e-4 78288709 78298732 10023
14 1428 rs12588108 74332478 1 1.21014744629005e-4 74317000 74410405 93405
14 1605 rs10483942 80478417 1 -1.1449381285477214e-4 80457806 80525079 67273
14 2259 rs17172 101429659 1 1.135245337103e-4 101395706 101459060 63354
14 198 rs12323581 24944564 1 1.1316420523349586e-4 24932207 24946041 13834
14 633 rs11847875 42545841 1 -1.1292715902695538e-4 42537175 42545841 8666
14 90 rs4982475 22101945 2 -1.124326825824363e-4 22098295 22102800 4505
14 980 rs241529 56511463 1 -1.1146398771136472e-4 56511463 56511463 0
14 423 rs11624823 33694936 1 1.1098497034383902e-4 33689623 33697927 8304
14 1109 rs1033908 61816227 1 1.1081297528886044e-4 61816227 61817533 1306
14 981 rs398652 56525569 1 -1.1063693451206314e-4 56521706 56525569 3863
14 2334 rs8023004 105116232 2 -1.0785260816583788e-4 105100021 105116232 16211
14 100 rs1978024 22297868 1 9.982244232729478e-5 22284261 22327490 43229
14 1155 rs8016446 63143743 1 9.837618327399644e-5 63143743 63159182 15439
14 420 rs4143873 33619522 1 9.83237884777362e-5 33619522 33619522 0
14 1224 rs1256531 65747759 1 -9.626886316827376e-5 65746566 65747759 1193
14 2043 rs942328 95823078 1 9.53219138576752e-5 95823078 95823870 792
14 143 rs4982695 23322613 1 8.901477820605188e-5 23322613 23326242 3629
14 667 rs4906500 44162164 2 8.811588628689375e-5 44150766 44162164 11398
14 373 rs12878913 32390458 1 8.659651579102324e-5 32389856 32390458 602
14 2283 rs1746596 102315459 1 8.176716352711277e-5 102315459 102315459 0
14 1617 rs17110817 81050435 1 8.100361159035943e-5 81026314 81068345 42031
14 217 rs2332460 25421942 1 -8.047724802274216e-5 25411786 25421942 10156
14 1831 rs2110702 89771105 1 7.76620964069748e-5 89771105 89776720 5615
14 184 rs7146310 24653954 2 7.710156186398106e-5 24653954 24657226 3272
14 2327 rs11160804 104792254 1 -7.653937898634459e-5 104792254 104802299 10045
14 1768 rs1959309 87081694 1 7.44798044401697e-5 87081694 87081694 0
14 909 rs10141869 54132654 3 -7.428674919801245e-5 54132654 54148442 15788
14 1336 rs13379247 70521763 1 7.284201474045256e-5 70517183 70525604 8421
14 1827 rs8009301 89660987 1 7.185459460581949e-5 89660987 89662891 1904
14 1674 rs10150720 83311943 1 6.879625942359863e-5 83304238 83311943 7705
14 1718 rs10498576 85047455 1 6.707656392883145e-5 85046837 85071223 24386
14 1952 rs2286653 93673655 1 -6.621366926523753e-5 93673655 93684814 11159
14 1803 rs7140315 88695342 1 -6.537542965616408e-5 88692642 88695342 2700
14 646 rs12882557 43135974 1 6.512193113224562e-5 43135974 43135974 0
14 671 rs4906506 44293020 3 -6.451127311979561e-5 44279080 44293020 13940
14 1881 rs17799519 91339460 1 -5.892187371877997e-5 91332366 91342681 10315
14 520 rs12146978 36837037 1 -5.7293771858227434e-5 36816368 36843139 26771
14 1347 rs7150866 71076334 1 5.706096692439237e-5 71054992 71085018 30026
14 1957 rs6575353 94205345 1 5.625078442963221e-5 94204438 94208530 4092
14 2345 rs7159235 105673692 1 5.564952580093109e-5 105673692 105674225 533
14 221 rs2031937 25580391 1 5.396403234653402e-5 25552668 25580659 27991
14 1746 rs1950179 86028594 1 4.7637283568190594e-5 86024416 86037541 13125
14 902 rs17126559 53942933 1 4.538979712369991e-5 53928865 53952004 23139
14 1895 rs1743066 92041294 1 -4.3795001950102985e-5 92031976 92073188 41212
14 27 rs2228041 20852267 2 4.163588882854261e-5 20850093 20852817 2724
14 1340 rs1999052 70647191 2 3.995377127329153e-5 70647191 70648166 975
14 108 rs7142153 22544393 1 -3.891208563984102e-5 22544393 22562099 17706
14 1417 rs214260 73662629 1 -3.459567528962521e-5 73631092 73694590 63498
14 1221 rs8020793 65649000 1 3.4423334454459386e-5 65649000 65649000 0
14 1007 rs862135 57249778 1 -3.230337627424137e-5 57249778 57250274 496
14 1159 rs243147 63304636 1 3.207353680603868e-5 63304384 63328981 24597
14 734 rs10131061 47980017 1 -3.11430529052596e-5 47950171 47990840 40669
14 130 rs1242926 23075116 1 -3.0103714968238377e-5 23075075 23078520 3445
14 2217 rs1257424 99652561 1 2.7628073635233355e-5 99652561 99652561 0
14 1690 rs10484160 83847064 1 -2.6696638498470177e-5 83847064 83867535 20471
14 1312 rs10149232 69609852 1 -2.592061443387394e-5 69506574 69609852 103278
14 361 rs28396248 31790886 1 2.14349249648427e-5 31790886 31858209 67323
14 1938 rs4905002 93350376 1 2.033333224198303e-5 93350376 93354844 4468
14 339 rs8010790 30601445 1 2.0102163075928383e-5 30585634 30601445 15811
14 1343 rs4899343 70752646 2 -1.9464891964363767e-5 70752646 70754507 1861
14 647 rs1698507 43152763 1 -1.8027018341419623e-5 43152763 43152763 0
14 163 rs8015781 23938813 1 1.7625084816909418e-5 23938813 23938813 0
14 67 rs1263871 21484086 1 1.7529595145889697e-5 21484086 21484183 97
14 1342 rs4902805 70741175 2 -1.7352056630124424e-5 70734632 70748038 13406
14 299 rs8021489 28752884 1 1.6738093110683573e-5 28744737 28754891 10154
14 1119 rs7159288 61980098 1 1.6086839222624477e-5 61980098 61990319 10221
14 629 rs6572117 42360633 1 -1.0385364657447907e-5 42360633 42408943 48310
14 1572 rs1158081 79173250 1 9.647734251328423e-6 79173250 79173250 0
14 670 rs1475454 44261060 1 7.782677117956402e-6 44246488 44261060 14572
14 1663 rs8018658 83022950 1 -6.262303843608148e-6 83014614 83022950 8336
14 1534 rs17105886 77973096 1 -5.994171906929665e-6 77968581 77978621 10040
14 1043 rs1337115 58465658 1 -4.218806768654706e-6 58465658 58468959 3301
14 350 rs2070338 31220074 1 -3.918559892533306e-6 31217642 31220183 2541
14 300 rs10131809 28790430 2 2.8616098696017233e-6 28769405 28809084 39679
14 1773 rs10144609 87325168 1 -2.594267587037221e-7 87325168 87327517 2349
