CHR Group SNP.lead BP.lead Size W BP.min BP.max BP.width
19 154 rs3745516 50926742 7 0.21281075982842584 50855935 51040416 184481
19 52 rs2304256 10475652 19 0.11054308345624704 10219076 10608064 388988
19 80 rs885683 18244690 12 0.07029704557470626 18180236 18454825 274589
19 71 rs12710303 16282131 8 0.04769985122974563 16282131 16426657 144526
19 74 rs8109466 17207011 7 0.04272821913125546 17108127 17212992 104865
19 24 rs243335 4402017 6 0.04028505785617197 4353174 4538599 185425
19 69 rs8110002 15963695 15 0.03896629637042725 15668140 16072037 403897
19 82 rs892035 19758190 12 0.0384191592535463 19136541 19863014 726473
19 53 rs1122608 11163601 8 0.03539913040620801 10668452 11170839 502387
19 67 rs116923487 15133803 9 0.03442872491814971 15022931 15174953 152022
19 116 rs8102476 38735613 19 0.03246157158446725 38478465 38983180 504715
19 161 rs273634 51718837 6 0.03243923453379051 51676299 51769145 92846
19 182 rs17305311 54705641 4 0.03065675872860454 54705641 54797848 92207
19 164 rs7260152 52160305 12 0.03016260392290401 52000187 52204942 204755
19 135 rs4803766 45371168 7 0.02969300564705489 45366779 45487420 120641
19 108 rs8191371 34868776 3 0.028301707691049 34833079 35298961 465882
19 144 rs12461639 48172671 6 0.02801401447774352 47928003 48198675 270672
19 31 rs778805 5832209 7 0.02748272960222277 5822490 6187800 365310
19 113 rs231228 36268771 11 0.02718079887016639 36113590 36324324 210734
19 123 rs61750953 41306650 14 0.02687193425121276 41175149 41537698 362549
19 104 rs16967952 33795241 16 0.02603691254595678 33791127 34117092 325965
19 112 rs11084813 35923858 10 0.02584351566578003 35868773 36029240 160467
19 75 rs2305767 17294296 6 0.0256594336487495 17241649 17469382 227733
19 119 rs10407035 39913634 7 0.02526976369664027 39761790 40169328 407538
19 131 rs16976937 44470147 4 0.02498815778751575 44286513 44855757 569244
19 121 rs4490099 40731491 6 0.02331941679571585 40477465 40952148 474683
19 21 rs45465594 3813906 2 0.02303074606187864 3813906 3928369 114463
19 63 rs888876 14416793 3 0.02208128239739064 14351574 14450812 99238
19 68 rs11085954 15594019 11 0.02192333843974297 15235879 15607508 371629
19 41 rs72558007 7762440 2 0.02190287572138132 7758339 7800361 42022
19 133 rs8108277 45205877 3 0.02188865338951808 45048323 45205877 157554
19 89 rs12985572 28769462 13 0.02181888009736853 28569401 28903629 334228
19 157 rs2659122 51363026 6 0.02091395317128813 51361315 51446530 85215
19 12 rs61754927 2917509 6 0.01999920958686241 2833431 2933480 100049
19 143 rs1862499 47549791 5 0.01986081991896066 47549791 47823871 274080
19 205 rs1051500 58944402 4 0.01952904295477997 58830261 59069353 239092
