CHR Group SNP.lead BP.lead Size W BP.min BP.max BP.width
13 3499 rs9596270 50842440 2 0.09909655990402372 50842440 50842440 0
13 2632 rs9533108 43024710 1 0.03699069896808326 43024710 43024710 0
13 3561 rs549058 51201045 1 -0.02871969317028588 51201045 51201045 0
13 8556 rs7320894 99796620 1 0.02142959640768705 99796620 99796620 0
13 6778 rs981915 82640195 1 -0.01871496640768876 82640195 82640195 0
13 1012 rs3897926 28562605 2 -0.01780056090811462 28562605 28562605 0
13 2838 rs1888303 44374981 1 0.01770027316251452 44374981 44374981 0
13 4501 rs9598274 61994491 1 0.01748268415204727 61994491 61994491 0
13 5879 rs9530313 74998658 1 0.01747340601823966 74998658 74998658 0
13 5395 rs17086731 70884412 1 -0.01743633862626688 70884412 70884412 0
13 9843 rs9521266 109913993 1 -0.01692891636360613 109913993 109913993 0
13 6565 rs6563154 80694509 2 0.01674643711740947 80694509 80694509 0
13 6667 rs17073814 81740673 1 0.01597829241162067 81740673 81740673 0
13 592 rs9318387 24771164 1 0.0158916159060733 24771164 24771164 0
13 9985 rs913746 111016124 1 -0.01584398795776561 111016124 111016124 0
13 5597 rs9542856 72699635 1 0.01579267627599508 72699635 72699635 0
13 5706 rs2503687 73676673 1 0.01509136249037042 73676673 73676673 0
13 8703 rs2760311 101088570 1 -0.01508423161114804 101088570 101088570 0
13 9904 rs9301405 110346216 1 -0.01487830607101814 110346216 110346216 0
13 9898 rs331622 110290826 2 0.01462006374979672 110290826 110290826 0
13 9132 rs41281676 103697329 2 0.01445013039452504 103697329 103697329 0
13 1251 rs7986129 30964159 2 0.01433535249834434 30964159 30964159 0
13 2639 rs12876545 43057478 1 0.01416026379890345 43057478 43057478 0
13 7532 rs4129526 91067301 2 -0.0141255531887825 91067301 91067301 0
13 3940 rs263836 55557872 1 -0.01404138526771624 55557872 55557872 0
13 3738 rs17053844 53625421 1 0.0139769963710577 53625421 53625421 0
13 9917 rs4773094 110441483 1 0.01328326105695305 110441483 110441483 0
13 1010 rs9579135 28533738 1 0.01309111953314704 28533738 28533738 0
13 4992 rs7995254 67603745 1 -0.01281571585960951 67603745 67603745 0
13 8934 rs11069468 102600583 1 0.01254269488806511 102600583 102600583 0
13 3437 rs9535274 50194394 1 -0.0123160052400043 50194394 50194394 0
13 7507 rs1491017 90778220 1 -0.01213995124497836 90778220 90778220 0
13 3104 rs1408184 46946157 1 0.01187427039176778 46946157 46946157 0
13 7300 rs9518903 88585928 1 -0.01183208104692296 88585928 88585928 0
13 663 rs7987497 25428365 1 0.01149670836532539 25428365 25428365 0
13 1275 rs4769873 31312689 1 0.01143725354529527 31312689 31312689 0
13 7290 rs9585395 88312331 1 0.01121734185351363 88312331 88312331 0
13 9453 rs12431263 106543592 2 -0.01119066070046805 106543592 106543592 0
13 1384 rs1571309 32286296 1 0.01079952614302729 32286296 32286296 0
13 6586 rs534870 80959207 1 -0.01072546621653322 80959207 80959207 0
13 10073 rs9559922 111637374 2 0.01057992238242766 111637374 111637374 0
13 942 rs140262959 28014173 1 -0.01057753095123247 28014173 28014173 0
13 7997 rs7995237 95392487 1 0.0105556152860084 95392487 95392487 0
13 8366 rs947076 98437208 1 0.0100562541583434 98437208 98437208 0
13 8565 rs3742130 99907341 1 0.00993073047134026 99907341 99907341 0
13 9906 rs1411552 110371264 1 0.0096302584852352 110371264 110371264 0
13 2008 rs12428702 37980346 1 0.00945586201505822 37980346 37980346 0
13 7385 rs9301581 90192152 2 0.00943760536361662 90192152 90192152 0
13 8061 rs1678388 95853780 2 -0.00942298769988171 95853780 95853780 0
13 6383 rs9600982 78711867 2 0.00940207708977101 78711867 78711867 0
13 7653 rs548544 92436057 2 0.00939436708225166 92436057 92436057 0
13 6171 rs1394695 76931625 1 0.00938537195870708 76931625 76931625 0
13 9702 rs1805389 108863609 1 0.00935673269403705 108863609 108863609 0
13 9928 rs9515125 110548423 1 0.00922523759392638 110548423 110548423 0
13 6381 rs3861135 78706449 2 -0.00902723132829337 78706449 78706449 0
13 973 rs11617198 28239486 1 0.00890806254444573 28239486 28239486 0
13 75 rs1011038 20695554 1 -0.00890682246116995 20695554 20695554 0
13 3486 rs2049286 50775500 1 -0.00883576292368608 50775500 50775500 0
13 3498 rs2066674 50842259 1 -0.00875982339637738 50842259 50842259 0
13 977 rs11149484 28269905 1 -0.00861818158055912 28269905 28269905 0
13 2633 rs12430303 43032027 2 0.00859974395814238 43032027 43032027 0
13 3864 rs9536686 54908113 1 0.00854104541608251 54908113 54908113 0
13 5954 rs548097 75776268 1 -0.00851753282159676 75776268 75776268 0
13 5524 rs7981837 71944043 1 0.00830783377029461 71944043 71944043 0
13 6582 rs9574626 80893327 1 0.00830566941253743 80893327 80893327 0
13 6279 rs9544422 77713956 2 0.00818852563337009 77713956 77713956 0
13 1020 rs2491235 28611710 1 -0.00814678771010762 28611710 28611710 0
13 26 rs9513003 19980323 1 0.00800302715777982 19980323 19980323 0
13 2902 rs11619528 44826355 1 0.0079169615241987 44826355 44826355 0
13 2306 rs7331570 40010707 1 -0.00776076428450612 40010707 40010707 0
13 4733 rs1335781 64574779 1 0.00770087303789133 64574779 64574779 0
13 1270 rs9579642 31291886 1 0.00766732668752738 31291886 31291886 0
13 1993 rs9576259 37951691 1 -0.00758099040954948 37951691 37951691 0
13 6041 rs9600558 76406624 1 -0.00753145428933852 76406624 76406624 0
13 7891 rs4366594 94405336 1 0.00738129064256543 94405336 94405336 0
13 3330 rs2026581 49205826 1 0.00734025214790884 49205826 49205826 0
13 3495 rs2703076 50835838 1 -0.00730259654450169 50835838 50835838 0
13 5303 rs7984606 70455661 1 0.00716462365823512 70455661 70455661 0
13 9830 rs622911 109868180 2 0.00693034967107137 109868180 109868180 0
13 1122 rs2992385 29843289 1 -0.00690790287513539 29843289 29843289 0
13 17 rs17090505 19690302 1 0.00654759086732522 19690302 19690302 0
13 5586 rs1033979 72672867 1 -0.0065076055753773 72672867 72672867 0
13 8735 rs9554728 101442747 2 0.00644707405814682 101442747 101442747 0
13 7366 rs2808823 89481804 1 -0.00640989117154423 89481804 89481804 0
13 3105 rs7333428 46975365 1 -0.006311563998933 46975365 46975365 0
13 8497 rs9513475 99391346 1 0.00627793296409386 99391346 99391346 0
13 4249 rs1410277 59770846 1 -0.00623779433361029 59770846 59770846 0
13 5323 rs9317873 70640729 2 -0.00623441562010646 70640729 70640729 0
13 5943 rs356713 75496893 1 0.00621929827012011 75496893 75496893 0
13 4138 rs9597698 58840509 1 -0.00614162178242581 58840509 58840509 0
13 3166 rs9534507 47461734 1 -0.00613662307487343 47461734 47461734 0
13 9654 rs1771090 108554706 1 -0.00609009485546203 108554706 108554706 0
13 9541 rs9587244 107481849 1 0.00608412066066087 107481849 107481849 0
13 4210 rs4334175 59405476 2 0.00607078517102437 59405476 59405476 0
13 3108 rs2897131 47048106 2 0.00603660336798742 47048106 47048106 0
13 8568 rs12857217 99916436 1 0.00592193184881754 99916436 99916436 0
13 2456 rs1923254 41084241 1 0.00591217020666571 41084241 41084241 0
13 1261 rs3742303 31221106 1 -0.00583662496461277 31221106 31221106 0
13 8511 rs9557061 99430445 1 -0.00579487303905203 99430445 99430445 0
13 68 rs1323560 20625877 1 0.00572547537563449 20625877 20625877 0
13 7548 rs1929045 91188066 1 0.00563324758380581 91188066 91188066 0
13 862 rs17550350 27317136 1 -0.00561169189021527 27317136 27317136 0
13 87 rs2050500 20854763 1 0.00558843846258842 20854763 20854763 0
13 3163 rs985933 47455863 1 -0.00547699805261554 47455863 47455863 0
13 5602 rs1326684 72716732 1 0.00543134449367197 72716732 72716732 0
13 5321 rs7985061 70638719 1 -0.00541851295736559 70638719 70638719 0
13 1490 rs7331256 33383103 1 0.00541180220348615 33383103 33383103 0
13 8711 rs9585457 101202606 1 0.00536145730223845 101202606 101202606 0
13 9834 rs592398 109879222 2 -0.0052276133937263 109879222 109879222 0
13 1269 rs9669952 31290849 1 0.00522021432331511 31290849 31290849 0
13 3644 rs751702 51848377 1 0.00518548612337264 51848377 51848377 0
13 5846 rs7989618 74806494 2 0.00517436317615382 74806494 74806494 0
13 5730 rs7987880 73853301 1 0.00516608111437678 73853301 73853301 0
13 7403 rs7320801 90368350 1 0.00511693843113181 90368350 90368350 0
13 9103 rs4150342 103520565 1 0.00507889820706628 103520565 103520565 0
13 7373 rs9555882 90048387 1 0.00506137891733089 90048387 90048387 0
13 1016 rs17086212 28584648 1 0.00505830155777699 28584648 28584648 0
13 10318 rs3024718 113813853 1 0.00498536408049231 113813853 113813853 0
13 3439 rs3803185 50205025 1 -0.00493691246147548 50205025 50205025 0
13 8504 rs9554501 99423052 1 0.00492015521891857 99423052 99423052 0
13 8471 rs7999053 99293588 1 0.00488281368365906 99293588 99293588 0
13 8987 rs7996616 102895276 1 0.00483670548146832 102895276 102895276 0
13 5043 rs9317664 68107914 1 0.00473453371666158 68107914 68107914 0
13 7407 rs369223 90387808 1 0.00470998247456431 90387808 90387808 0
13 762 rs9511890 26295986 2 0.00468516508924301 26295986 26295986 0
13 5530 rs9572739 71972509 1 -0.00466169170004894 71972509 71972509 0
13 8659 rs2761171 100480897 1 -0.0046263856270664 100480897 100480897 0
13 4222 rs9597893 59477851 2 -0.00451498566252108 59477851 59477851 0
13 5008 rs2987321 67755668 1 -0.00449007863944426 67755668 67755668 0
13 5745 rs2224916 73936164 1 -0.00444235562026539 73936164 73936164 0
13 2383 rs9603665 40602347 1 -0.00441308484860551 40602347 40602347 0
13 488 rs753955 24293859 1 -0.00440116521245442 24293859 24293859 0
13 8890 rs9582505 102190719 2 0.0043807230626262 102190719 102190719 0
13 10199 rs3903774 112546833 2 0.00433256013451205 112546833 112546833 0
13 5762 rs7986048 74050153 1 -0.00429124817281616 74050153 74050153 0
13 9911 rs913949 110411796 1 0.00428423613605945 110411796 110411796 0
13 4736 rs4517672 64585126 1 -0.00426434039061176 64585126 64585126 0
13 6446 rs12585725 79220899 2 -0.00420412682428518 79220899 79220899 0
13 8052 rs9516530 95848667 1 -0.00412143846823201 95848667 95848667 0
13 5431 rs9572516 71213351 2 0.0040450224613359604 71213351 71213351 0
13 2946 rs7335530 45227330 1 -0.00401081689375987 45227330 45227330 0
13 9161 rs2699332 103784788 1 -0.00396958626453386 103784788 103784788 0
13 7350 rs1536355 89269962 1 0.0039485302218308 89269962 89269962 0
13 8670 rs7997714 100555353 1 0.00394321222068284 100555353 100555353 0
13 3340 rs9591207 49322168 2 -0.00394026971643908 49322168 49322168 0
13 6159 rs17066095 76903977 1 0.00390448887533291 76903977 76903977 0
13 2083 rs17056604 38343786 1 -0.00387440563442854 38343786 38343786 0
13 4696 rs4884495 64143037 2 0.00382090770365946 64143037 64143037 0
13 9597 rs6492048 107980573 1 0.00380586074874537 107980573 107980573 0
13 3679 rs3825527 52545141 1 -0.00380146035139385 52545141 52545141 0
13 252 rs4770248 22794240 1 0.00379596678274696 22794240 22794240 0
13 3477 rs706617 50703185 1 0.00375381525564087 50703185 50703185 0
13 9984 rs872587 111015780 2 0.00374822997223915 111015780 111015780 0
13 591 rs11618409 24760270 2 0.00372099444419608 24760270 24760270 0
13 5507 rs10162279 71871781 1 0.00371984786035153 71871781 71871781 0
13 8681 rs1368513 100684432 1 -0.00370511559634788 100684432 100684432 0
13 207 rs9552462 22221261 1 -0.00370487319135857 22221261 22221261 0
13 1053 rs7321138 29138705 1 0.00370294291982894 29138705 29138705 0
13 2640 rs1351832 43057549 2 0.00368694727537837 43057549 43057549 0
13 1814 rs9565462 36242931 2 -0.00368125797370106 36242931 36242931 0
13 6624 rs17072949 81175427 1 0.00368032006359565 81175427 81175427 0
13 3178 rs17289394 47473220 1 -0.00361053867938925 47473220 47473220 0
13 2171 rs2875218 39231366 1 -0.00359758200626737 39231366 39231366 0
13 9504 rs1477925 107015114 1 0.00359527892649498 107015114 107015114 0
13 3466 rs9562933 50446164 1 0.0035845652428284 50446164 50446164 0
13 330 rs10507317 23363139 2 -0.00352469524586199 23363139 23363139 0
13 8895 rs9557703 102226219 1 -0.00350328375983504 102226219 102226219 0
13 293 rs9317073 23112285 1 0.00349710834683161 23112285 23112285 0
13 6339 rs17776964 78310893 1 0.00344864774634807 78310893 78310893 0
13 4527 rs7987938 62147474 1 -0.0034387397923931 62147474 62147474 0
13 9703 rs7322498 108872521 2 0.0034386971437405 108872521 108872521 0
13 9735 rs9301307 109254296 2 -0.00337051689459419 109254296 109254296 0
13 5297 rs1593177 70365629 1 -0.00336511437020252 70365629 70365629 0
13 9996 rs9559794 111063799 1 0.00332450311354339 111063799 111063799 0
13 4110 rs4886041 58511221 1 0.00330950056915205 58511221 58511221 0
13 8053 rs1678386 95849176 1 -0.00330587394968258 95849176 95849176 0
13 4427 rs1532806 61498580 1 0.00329899961315085 61498580 61498580 0
13 4293 rs571049 60163668 1 -0.00328497259211548 60163668 60163668 0
13 5704 rs12869881 73658254 1 0.00325148417477905 73658254 73658254 0
13 4079 rs700335 57712800 1 0.00322808853086771 57712800 57712800 0
13 7965 rs3782972 95103046 1 -0.00322545806554566 95103046 95103046 0
13 1792 rs9574151 36150959 1 0.00321599323431321 36150959 36150959 0
13 3672 rs4941715 52488543 1 0.00320136986599055 52488543 52488543 0
13 8683 rs7981068 100723364 1 0.00318503616257915 100723364 100723364 0
13 2827 rs7984720 44249607 2 -0.00318380387182276 44249607 44249607 0
13 2463 rs2755237 41109429 1 0.00316112972097755 41109429 41109429 0
13 9820 rs9514995 109804548 1 -0.00314376614608717 109804548 109804548 0
13 9311 rs9586494 105075205 1 -0.00312886208967535 105075205 105075205 0
13 9364 rs9558434 105589982 2 0.00311105012408529 105589982 105589982 0
13 7909 rs8000417 94598156 2 -0.00310039240346179 94598156 94598156 0
13 4180 rs13378149 59152021 1 0.00308793238066719 59152021 59152021 0
13 9841 rs1033869 109902277 1 -0.00308673197959736 109902277 109902277 0
13 8649 rs17577293 100425097 1 0.00307763743954905 100425097 100425097 0
13 7114 rs2497405 85874689 1 -0.00306216614236848 85874689 85874689 0
13 5822 rs7332510 74658689 1 -0.00304827825470029 74658689 74658689 0
13 6160 rs10507852 76905589 1 0.00303164695816293 76905589 76905589 0
13 9650 rs2036707 108484454 1 0.00299669153082617 108484454 108484454 0
13 580 rs9553191 24701318 1 0.00299378170994083 24701318 24701318 0
13 919 rs7983149 27818050 1 -0.00295617531850732 27818050 27818050 0
13 9166 rs1022932 103862936 1 0.0029517327219702 103862936 103862936 0
13 3928 rs4363757 55350946 1 0.00292522107389414 55350946 55350946 0
13 2373 rs732390 40528981 1 -0.00292386039292726 40528981 40528981 0
13 385 rs574662 23752396 1 0.00291805013454668 23752396 23752396 0
13 1327 rs932715 31659994 1 -0.00290806108198377 31659994 31659994 0
13 2035 rs7993635 38081285 1 0.00289718069112031 38081285 38081285 0
13 8794 rs76776920 101763029 1 -0.0028915380980645 101763029 101763029 0
13 8042 rs1564351 95837722 1 -0.00288589940611969 95837722 95837722 0
13 994 rs2040091 28427031 1 0.0028855317426679 28427031 28427031 0
13 3129 rs7321658 47213172 1 0.00288422173868715 47213172 47213172 0
13 9603 rs4597175 108048694 1 -0.00281652457896024 108048694 108048694 0
13 875 rs7991717 27421621 1 0.00280368375769757 27421621 27421621 0
13 827 rs951538 27037304 1 -0.00276741900039474 27037304 27037304 0
13 4670 rs9570891 64029691 1 0.00273747020924873 64029691 64029691 0
13 9653 rs2136267 108534782 1 -0.00273648953127769 108534782 108534782 0
13 9233 rs970343 104411985 1 0.00272550550613397 104411985 104411985 0
13 3556 rs1261633 51163995 1 -0.00272169949256587 51163995 51163995 0
13 5389 rs17086697 70874648 1 -0.00270719798523498 70874648 70874648 0
13 2885 rs9316069 44663145 1 0.00267136828208874 44663145 44663145 0
13 4402 rs3106557 61326140 1 0.00266847933035519 61326140 61326140 0
13 9842 rs1360051 109911715 1 -0.00266053304703363 109911715 109911715 0
13 7830 rs1408208 94034934 1 -0.00265630138893669 94034934 94034934 0
13 7893 rs9524197 94410912 2 0.00264676943896918 94410912 94410912 0
13 4141 rs7339394 58859943 1 0.0025840073164358 58859943 58859943 0
13 4753 rs11148643 64891197 1 0.0025696076095304 64891197 64891197 0
13 2966 rs3783151 45544325 1 -0.00252225208325151 45544325 45544325 0
13 4977 rs1323922 67487413 1 0.00252155476495169 67487413 67487413 0
13 10302 rs2013434 113496002 1 0.00251121208583262 113496002 113496002 0
13 660 rs6490984 25419176 1 0.00248960538050472 25419176 25419176 0
13 9362 rs725818 105585149 1 -0.00248488085239529 105585149 105585149 0
13 4353 rs7338819 60902117 2 -0.00247633388175174 60902117 60902117 0
13 1964 rs7322307 37350679 1 -0.00247079525977533 37350679 37350679 0
13 2903 rs7319124 44826599 1 0.00243656155016684 44826599 44826599 0
13 2428 rs2324596 40913357 1 -0.00239580038243204 40913357 40913357 0
13 6454 rs9574311 79396606 2 -0.00235591421797128 79396606 79396606 0
13 3906 rs9597001 55114076 1 -0.00235587050955181 55114076 55114076 0
13 7210 rs9805799 87003771 1 -0.00235529140961258 87003771 87003771 0
13 2158 rs12429683 39085160 1 0.00234127852997151 39085160 39085160 0
13 1204 rs496557 30532210 1 -0.00233112172108096 30532210 30532210 0
13 6691 rs5022234 82053416 1 0.00231903169566516 82053416 82053416 0
13 6298 rs12429628 78042890 1 -0.00231129136048158 78042890 78042890 0
13 7188 rs1029143 86665005 1 0.00229475778250135 86665005 86665005 0
13 73 rs7982556 20688590 1 0.00226788308997003 20688590 20688590 0
13 7170 rs8001205 86498444 2 -0.0022552716363897 86498444 86498444 0
13 5607 rs638476 72741545 1 0.00224443258807072 72741545 72741545 0
13 2407 rs17530593 40743851 1 0.0022160977359801 40743851 40743851 0
13 10076 rs2893386 111658067 1 -0.00220732925499146 111658067 111658067 0
13 8678 rs11619501 100623882 1 0.00220651532701985 100623882 100623882 0
13 2637 rs2062305 43052880 1 -0.00220309608782206 43052880 43052880 0
13 7321 rs7998543 89007491 1 -0.00220246454893247 89007491 89007491 0
13 2836 rs9533612 44346988 1 -0.00218360495427381 44346988 44346988 0
13 9071 rs12585626 103392562 1 -0.00217661123596618 103392562 103392562 0
13 9438 rs7327673 106439366 1 0.00215716147975148 106439366 106439366 0
13 9930 rs376476 110555040 1 0.00213151734572157 110555040 110555040 0
13 5581 rs9564874 72666340 1 0.0021270312070644 72666340 72666340 0
13 509 rs6490826 24379138 1 0.0021196253312777 24379138 24379138 0
13 2479 rs7981393 41371037 1 0.00211945392278789 41371037 41371037 0
13 2036 rs9315495 38087145 1 0.00210331840429118 38087145 38087145 0
13 4526 rs9598307 62138153 1 -0.00210254151769614 62138153 62138153 0
13 846 rs1756472 27217075 1 0.00207592148305186 27217075 27217075 0
13 8515 rs812808 99447005 1 -0.00205239660522133 99447005 99447005 0
13 2369 rs1923676 40517188 1 -0.00204883619772716 40517188 40517188 0
13 9108 rs9586004 103539616 2 0.00204712749705669 103539616 103539616 0
13 4187 rs7320025 59228289 1 -0.00204268142621851 59228289 59228289 0
13 1573 rs9563325 33878154 1 0.00204038280300315 33878154 33878154 0
13 10116 rs1555754 111894671 1 0.00201982833088981 111894671 111894671 0
13 633 rs7997448 25190774 1 -0.00201506038288583 25190774 25190774 0
13 10301 rs416168 113493638 1 -0.00201032875581066 113493638 113493638 0
13 5699 rs9543217 73628964 1 -0.00195720102365983 73628964 73628964 0
13 8250 rs11619806 97144848 1 -0.00194767657617166 97144848 97144848 0
13 5528 rs9564818 71953281 2 0.00194425079111247 71953281 71953281 0
13 8699 rs569393 100889229 1 -0.00194289488416649 100889229 100889229 0
13 2839 rs2065926 44422371 2 -0.00193191198113374 44422371 44422371 0
13 280 rs2321231 22988918 2 -0.0019281883955813 22988918 22988918 0
13 7482 rs2637475 90712256 1 -0.00192456095518729 90712256 90712256 0
13 8104 rs4773861 95906872 1 -0.0019192328673736 95906872 95906872 0
13 3152 rs912124 47327160 1 0.00189730653720943 47327160 47327160 0
13 2512 rs9532875 42102699 1 -0.00187285192942778 42102699 42102699 0
13 5532 rs1999603 71983341 1 0.00186868363781092 71983341 71983341 0
13 2647 rs401439 43112407 1 0.0018578212229618 43112407 43112407 0
13 10153 rs2774424 112132215 1 -0.00185456511670208 112132215 112132215 0
13 4591 rs4146191 62872965 1 -0.0018505433497066 62872965 62872965 0
13 9493 rs9583073 106787732 1 0.00184702290442041 106787732 106787732 0
13 2410 rs7321873 40760938 1 -0.00182725860253125 40760938 40760938 0
13 9706 rs11842397 108993577 1 -0.00180100952599449 108993577 108993577 0
13 10351 rs9525337 114799217 1 0.00180087566875013 114799217 114799217 0
13 8014 rs7321678 95585561 1 0.00179250616979819 95585561 95585561 0
13 1022 rs6491248 28612457 1 -0.00177237222848938 28612457 28612457 0
13 8099 rs4148441 95898207 1 -0.0017712527571505 95898207 95898207 0
13 5515 rs1005066 71892572 1 -0.00177052188020144 71892572 71892572 0
13 10108 rs9588382 111863267 1 0.00176029667690723 111863267 111863267 0
13 9076 rs58265842 103399837 1 0.00175407239280991 103399837 103399837 0
13 1582 rs500813 33948936 1 -0.00172939254533163 33948936 33948936 0
13 3937 rs17089861 55438964 1 -0.00172596651722536 55438964 55438964 0
13 747 rs2419324 26254841 1 0.00172453350413606 26254841 26254841 0
13 970 rs535534 28209323 1 -0.00172141402702082 28209323 28209323 0
13 8499 rs3825428 99398883 1 -0.00171166012295766 99398883 99398883 0
13 2641 rs9533127 43060658 1 -0.00171113453391167 43060658 43060658 0
13 9019 rs1927369 103135443 1 -0.00170182980728104 103135443 103135443 0
13 3924 rs7981377 55304070 1 0.00169354298778638 55304070 55304070 0
13 70 rs9552069 20654610 1 0.00168804106156929 20654610 20654610 0
13 5066 rs11839034 68286416 1 0.00168767248825217 68286416 68286416 0
13 4237 rs7985340 59638704 1 -0.00168389639191478 59638704 59638704 0
13 3531 rs9562987 51095908 2 0.00168380496436779 51095908 51095908 0
13 8160 rs9302082 96216903 1 0.00168168668762545 96216903 96216903 0
13 5587 rs7331320 72675195 1 -0.00168146377566785 72675195 72675195 0
13 2465 rs7332960 41120110 1 0.00166618364039935 41120110 41120110 0
13 4196 rs1413116 59318236 1 0.00166366242827453 59318236 59318236 0
13 6350 rs4885488 78440576 1 -0.0016601674335838 78440576 78440576 0
13 2417 rs9549113 40789816 2 -0.00165907612693173 40789816 40789816 0
13 6718 rs9531221 82155203 2 0.00164061746743141 82155203 82155203 0
13 5447 rs2039058 71362718 1 -0.00163478073847954 71362718 71362718 0
13 1048 rs9554330 29003444 1 0.00162118218071593 29003444 29003444 0
13 10359 rs7322651 114902304 1 -0.00161964509473968 114902304 114902304 0
13 5849 rs1016447 74840712 1 -0.00161428713864672 74840712 74840712 0
13 2408 rs10507482 40755641 1 -0.00158935564960959 40755641 40755641 0
13 7547 rs9515770 91184197 2 0.00158667113955859 91184197 91184197 0
13 8045 rs9524821 95843434 1 -0.00158470054716199 95843434 95843434 0
13 2652 rs4531631 43135131 1 0.00158333461992863 43135131 43135131 0
13 5829 rs9600235 74704287 1 0.00157460165014295 74704287 74704287 0
13 1968 rs489646 37422613 1 0.00156760254427623 37422613 37422613 0
13 893 rs9579058 27559635 1 0.00155736748125727 27559635 27559635 0
13 28 rs9506086 20081305 1 0.00154904671169519 20081305 20081305 0
13 1966 rs6563501 37408545 1 -0.00154467545637819 37408545 37408545 0
13 7725 rs9589601 93257339 1 0.00154291198745006 93257339 93257339 0
13 3546 rs978332 51136739 2 -0.00154218686578131 51136739 51136739 0
13 7988 rs1998502 95319819 1 -0.00152930954082924 95319819 95319819 0
13 7557 rs9523062 91391366 1 -0.00151971422097052 91391366 91391366 0
13 836 rs549305 27139876 2 -0.00150573452311217 27139876 27139876 0
13 8712 rs837309 101202748 1 0.00150483919047352 101202748 101202748 0
13 4843 rs2038825 65985897 1 0.00150000151701789 65985897 65985897 0
13 2184 rs9603455 39431945 1 -0.00148646800366638 39431945 39431945 0
13 9342 rs12876869 105202940 1 0.0014806496703989 105202940 105202940 0
13 1773 rs17758589 35955999 1 -0.00146958516316485 35955999 35955999 0
13 5909 rs7332204 75165853 1 -0.00146508417586549 75165853 75165853 0
13 5527 rs2325394 71952982 1 0.00143968855675721 71952982 71952982 0
13 6827 rs2147631 83304172 1 0.00143803098181073 83304172 83304172 0
13 2664 rs7994396 43211344 1 0.00143141901931009 43211344 43211344 0
13 2376 rs1923682 40541790 1 -0.00141648812313245 40541790 40541790 0
13 4188 rs872205 59228732 1 -0.00141588880362693 59228732 59228732 0
13 3480 rs790531 50725514 2 0.00138715557888513 50725514 50725514 0
13 10061 rs3742185 111532288 1 0.00137943202015388 111532288 111532288 0
13 3103 rs259703 46939501 1 -0.00137268564629101 46939501 46939501 0
13 2965 rs9526021 45518641 1 -0.00136063574703186 45518641 45518641 0
13 2719 rs9567067 43486351 1 -0.00135531770708449 43486351 43486351 0
13 838 rs9553864 27152649 1 0.00133533692992161 27152649 27152649 0
13 3298 rs12427929 48504709 1 -0.0013314438515722 48504709 48504709 0
13 2307 rs9603541 40021077 1 -0.00132695704151336 40021077 40021077 0
13 3448 rs2181184 50271072 1 0.00131321477860577 50271072 50271072 0
13 9733 rs4771591 109236017 1 -0.0013074136143434 109236017 109236017 0
13 2433 rs1751859 40958338 1 0.0013060604766357 40958338 40958338 0
13 4009 rs10507602 56287841 2 -0.00129572939601216 56287841 56287841 0
13 2486 rs7320344 41459638 1 0.00129384728191401 41459638 41459638 0
13 8122 rs9516568 96001474 1 0.00129264519397041 96001474 96001474 0
13 5759 rs10507815 74039881 1 -0.00129135637162931 74039881 74039881 0
13 6357 rs9530712 78589633 1 -0.00128862902346729 78589633 78589633 0
13 8066 rs2274405 95858978 1 0.00128150232647971 95858978 95858978 0
13 9114 rs9518874 103577244 2 0.0012775521125504 103577244 103577244 0
13 6384 rs9544716 78713625 1 0.00127398084790971 78713625 78713625 0
13 9838 rs9521239 109886427 2 0.00126977047865785 109886427 109886427 0
13 2514 rs9525527 42120845 1 0.00125892043464226 42120845 42120845 0
13 5379 rs1887826 70806550 1 -0.00125829918698855 70806550 70806550 0
13 7125 rs7336083 86003387 2 0.00125742311866015 86003387 86003387 0
13 198 rs77107022 21955635 1 0.00125636535890294 21955635 21955635 0
13 5031 rs9541132 68070573 1 0.00125359679929745 68070573 68070573 0
13 3695 rs460736 53346606 2 -0.00125039833119289 53346606 53346606 0
13 486 rs2861539 24289783 1 -0.00124952967019358 24289783 24289783 0
13 5769 rs9600128 74090415 1 0.0012373558226235 74090415 74090415 0
13 2093 rs9548075 38418232 1 -0.00123621469713886 38418232 38418232 0
13 9129 rs9586037 103671004 1 -0.00123160848448049 103671004 103671004 0
13 833 rs6491134 27108373 1 -0.00121531549399298 27108373 27108373 0
13 934 rs9512673 27981532 1 0.00120556150692837 27981532 27981532 0
13 6259 rs2328990 77434795 2 -0.00120548003796883 77434795 77434795 0
13 1489 rs17077875 33376118 1 -0.00120475347576674 33376118 33376118 0
13 9742 rs16972864 109293358 1 0.00119803538468014 109293358 109293358 0
13 1273 rs4769055 31309830 1 0.00119089910994996 31309830 31309830 0
13 9150 rs41281680 103718471 1 0.00119065518614635 103718471 103718471 0
13 4693 rs2218400 64139074 2 0.00118694987263715 64139074 64139074 0
13 719 rs9553572 25837097 1 0.00117887063366861 25837097 25837097 0
13 10381 rs7331784 114995495 1 0.00116869758283832 114995495 114995495 0
13 6037 rs9593132 76395620 1 0.00116790115731175 76395620 76395620 0
13 9182 rs4408407 103951250 2 0.00116627038403381 103951250 103951250 0
13 8831 rs7321884 101973118 1 0.00116353266971913 101973118 101973118 0
13 3654 rs2026527 52055391 1 -0.00116268013606977 52055391 52055391 0
13 2234 rs7320516 39643400 1 -0.00116102436596418 39643400 39643400 0
13 5226 rs10507758 69758424 1 -0.00115958890613784 69758424 69758424 0
13 3158 rs1923885 47423086 1 0.00115819796125243 47423086 47423086 0
13 5283 rs9592651 70285687 2 -0.00115307933178963 70285687 70285687 0
13 1207 rs643508 30535222 1 -0.0011509555779922 30535222 30535222 0
13 2656 rs2277439 43155443 1 0.00114172753832478 43155443 43155443 0
13 9137 rs56398830 103701690 1 0.00113301659209055 103701690 103701690 0
13 6969 rs7989047 84534894 2 0.00112915428706507 84534894 84534894 0
13 5427 rs9529776 71137148 1 -0.00112301215423549 71137148 71137148 0
13 5825 rs4531615 74664814 1 -0.00112098063930897 74664814 74664814 0
13 756 rs4770861 26277675 1 -0.00111540669174043 26277675 26277675 0
13 8325 rs10459305 98038846 1 -0.00111345653450823 98038846 98038846 0
13 8488 rs9557024 99322326 1 0.00111084193430205 99322326 99322326 0
13 5603 rs1326685 72722978 1 0.00111018031762358 72722978 72722978 0
13 2367 rs9532470 40509301 1 -0.00110831452642495 40509301 40509301 0
13 4026 rs549328 56623880 1 -0.00110658105567221 56623880 56623880 0
13 6025 rs7991448 76334061 1 -0.00109534964500234 76334061 76334061 0
13 8578 rs9517678 99961059 1 0.00109059026871166 99961059 99961059 0
13 1151 rs9506181 29989466 1 0.00108299747371883 29989466 29989466 0
13 128 rs2987987 21182816 1 0.00108173593806476 21182816 21182816 0
13 481 rs35041805 24242166 1 -0.00107923772320045 24242166 24242166 0
13 1992 rs1322806 37949152 1 -0.00107896504460788 37949152 37949152 0
13 7029 rs6563413 85291768 1 0.00107407909426957 85291768 85291768 0
13 5250 rs17085132 70038450 1 -0.00106148087897199 70038450 70038450 0
13 1731 rs968351 35323551 1 -0.00104856255566996 35323551 35323551 0
13 7365 rs1415168 89477548 1 0.00104621170558241 89477548 89477548 0
13 10127 rs2477466 111971579 1 -0.00104521142626108 111971579 111971579 0
13 4186 rs1333537 59223986 2 -0.00103906660220922 59223986 59223986 0
13 7255 rs4129402 87808425 1 -0.00102926340894919 87808425 87808425 0
13 7768 rs10492625 93661181 1 0.00102117460798273 93661181 93661181 0
13 3616 rs7321057 51682014 1 -0.00101697235334003 51682014 51682014 0
13 691 rs2497606 25579336 1 -0.00101683984606955 25579336 25579336 0
13 2085 rs655207 38368012 1 0.00101539493102049 38368012 38368012 0
13 8043 rs4148487 95839203 1 -0.001010084568177 95839203 95839203 0
13 3777 rs10507577 53968091 1 -0.00100766608655359 53968091 53968091 0
13 175 rs9509528 21667388 1 0.00100701369365762 21667388 21667388 0
13 5509 rs2248689 71879185 1 0.00100604837487559 71879185 71879185 0
13 1444 rs2806634 32826186 1 -9.984785460282568e-4 32826186 32826186 0
13 10157 rs1151455 112140849 1 -9.909301031017284e-4 112140849 112140849 0
13 8593 rs9300545 100077848 1 9.899383099910134e-4 100077848 100077848 0
13 1218 rs541678 30602975 1 -9.875418460769186e-4 30602975 30602975 0
13 86 rs7992230 20848317 1 9.86167633746027e-4 20848317 20848317 0
13 3107 rs912403 47043220 1 -9.840688697777896e-4 47043220 47043220 0
13 9352 rs754394 105395286 1 9.779092547864015e-4 105395286 105395286 0
13 358 rs943385 23556441 1 9.732646367620972e-4 23556441 23556441 0
13 3002 rs3014960 46077381 1 9.709187260642302e-4 46077381 46077381 0
13 8138 rs12870505 96085390 2 9.640850047339576e-4 96085390 96085390 0
13 7445 rs1932298 90510669 1 9.640493130068148e-4 90510669 90510669 0
13 2133 rs12429104 38636966 1 9.60906661366652e-4 38636966 38636966 0
13 8136 rs9556481 96079465 1 -9.586456354013426e-4 96079465 96079465 0
13 10072 rs9522038 111637183 1 9.581367961021934e-4 111637183 111637183 0
13 3673 rs2031992 52506372 1 9.557287104324982e-4 52506372 52506372 0
13 10245 rs1330552 113016983 1 9.54216379723424e-4 113016983 113016983 0
13 4219 rs17055603 59454168 1 -9.481257224902776e-4 59454168 59454168 0
13 9849 rs7319049 109942721 1 -9.440898598123062e-4 109942721 109942721 0
13 2861 rs2028812 44499013 1 -9.42087152358952e-4 44499013 44499013 0
13 9695 rs1931356 108789301 1 9.377504141248192e-4 108789301 108789301 0
13 324 rs9317196 23341126 1 -9.368511560311164e-4 23341126 23341126 0
13 9027 rs1927393 103158086 1 -9.323564037781712e-4 103158086 103158086 0
13 4995 rs4142274 67636769 1 9.286290219954584e-4 67636769 67636769 0
13 3666 rs7326878 52416567 1 9.222004648246216e-4 52416567 52416567 0
13 453 rs9510761 24078355 1 9.131930167929816e-4 24078355 24078355 0
13 8035 rs4148534 95726091 1 -9.093756485434456e-4 95726091 95726091 0
13 988 rs1923834 28360487 1 9.069014585335136e-4 28360487 28360487 0
13 4010 rs9597258 56336439 1 -9.01217503881266e-4 56336439 56336439 0
13 1149 rs7334388 29971619 2 8.990741424817331e-4 29971619 29971619 0
13 3535 rs7994628 51104838 1 8.98421791219456e-4 51104838 51104838 0
13 5572 rs9542843 72645601 2 -8.984046370060573e-4 72645601 72645601 0
13 5802 rs9318226 74493986 1 8.965425650928185e-4 74493986 74493986 0
13 5830 rs9600236 74705199 1 -8.912831384292113e-4 74705199 74705199 0
13 4607 rs12428880 62973015 1 8.911686175986673e-4 62973015 62973015 0
13 6445 rs9601101 79200729 1 -8.881367102553838e-4 79200729 79200729 0
13 10377 rs6560944 114980619 1 8.868976483990129e-4 114980619 114980619 0
13 9730 rs2147151 109159927 2 -8.862705963316801e-4 109159927 109159927 0
13 10352 rs4393438 114821075 1 8.850353005416488e-4 114821075 114821075 0
13 9888 rs9521415 110170250 1 -8.842169290238196e-4 110170250 110170250 0
13 9853 rs9521314 109979198 2 -8.808334775002808e-4 109979198 109979198 0
13 399 rs3794366 23769156 1 -8.804373254360711e-4 23769156 23769156 0
13 6333 rs1144371 78282193 1 -8.782457380145075e-4 78282193 78282193 0
13 2549 rs3742262 42442546 2 -8.692990293342442e-4 42442546 42442546 0
13 6044 rs920701 76417101 1 8.651272985165827e-4 76417101 76417101 0
13 983 rs9507946 28321175 1 8.637733934959149e-4 28321175 28321175 0
13 3008 rs3014917 46137837 1 8.61632810225426e-4 46137837 46137837 0
13 6628 rs1176280 81241382 1 8.603887832914324e-4 81241382 81241382 0
13 9748 rs9284246 109327788 1 -8.590339310999642e-4 109327788 109327788 0
13 7666 rs1571596 92588826 1 8.545069432962845e-4 92588826 92588826 0
13 4724 rs9592305 64540381 1 8.497251362743898e-4 64540381 64540381 0
13 1899 rs9315388 36693617 1 -8.493530803575135e-4 36693617 36693617 0
13 9400 rs9586839 106045847 1 8.455800447771871e-4 106045847 106045847 0
13 7834 rs7329539 94052090 1 -8.414279585049814e-4 94052090 94052090 0
13 5842 rs7997957 74771739 1 8.39791869115792e-4 74771739 74771739 0
13 3285 rs1555722 48458931 1 8.395060265591345e-4 48458931 48458931 0
13 6954 rs9575396 84312747 1 8.394480619887696e-4 84312747 84312747 0
13 239 rs9550805 22603401 1 -8.342205016894702e-4 22603401 22603401 0
13 8733 rs9518165 101434563 1 8.338566178466026e-4 101434563 101434563 0
13 1486 rs208411 33206083 1 -8.32902709207119e-4 33206083 33206083 0
13 2677 rs9525668 43290295 1 -8.3146550743762e-4 43290295 43290295 0
13 1820 rs9545074 36273871 2 8.257778687692587e-4 36273871 36273871 0
13 6361 rs2775139 78636791 1 -8.226142086445547e-4 78636791 78636791 0
13 10177 rs4771761 112226507 1 8.17349281054837e-4 112226507 112226507 0
13 9124 rs7318504 103641310 1 8.101395451343751e-4 103641310 103641310 0
13 7657 rs9523424 92476602 1 -8.034052300019366e-4 92476602 92476602 0
13 4754 rs1487251 64926208 1 8.007420244169141e-4 64926208 64926208 0
13 611 rs9553251 24927971 1 -7.978457419718741e-4 24927971 24927971 0
13 6816 rs7990587 83185044 1 -7.977203629783849e-4 83185044 83185044 0
13 6889 rs9546330 83787475 1 -7.967241015569447e-4 83787475 83787475 0
13 648 rs56291145 25267017 1 -7.966209363368879e-4 25267017 25267017 0
13 8394 rs9517187 98749907 2 7.942166124452799e-4 98749907 98749907 0
13 9010 rs9518729 103103615 1 -7.918268813570236e-4 103103615 103103615 0
13 145 rs10400673 21253566 1 -7.832717296813969e-4 21253566 21253566 0
13 5030 rs7990997 68067937 1 7.80258019573824e-4 68067937 68067937 0
13 316 rs9552679 23231920 2 -7.683744635476727e-4 23231920 23231920 0
13 10105 rs9588371 111818480 1 7.643497634796224e-4 111818480 111818480 0
13 4147 rs6650398 58877293 1 7.599770342496332e-4 58877293 58877293 0
13 866 rs2479505 27330953 1 -7.594613791079368e-4 27330953 27330953 0
13 382 rs4770394 23692978 1 -7.578328082458388e-4 23692978 23692978 0
13 891 rs3858762 27545396 1 -7.572180652146408e-4 27545396 27545396 0
13 894 rs6491175 27563038 1 -7.558129144935981e-4 27563038 27563038 0
13 5777 rs9573248 74133837 1 7.547150262454523e-4 74133837 74133837 0
13 9116 rs9300771 103594436 1 7.538694215187569e-4 103594436 103594436 0
13 7134 rs7331757 86211594 1 -7.524594890491092e-4 86211594 86211594 0
13 5302 rs17085441 70397216 1 -7.508795589062354e-4 70397216 70397216 0
13 3440 rs9526582 50207220 1 -7.475702001845084e-4 50207220 50207220 0
13 5749 rs9543336 73947912 2 -7.443301372704143e-4 73947912 73947912 0
13 9893 rs10492479 110215802 2 -7.423379193405528e-4 110215802 110215802 0
13 5991 rs9573559 76052329 1 7.41846515519318e-4 76052329 76052329 0
13 8078 rs1678400 95863780 1 7.385113846539496e-4 95863780 95863780 0
13 4294 rs584075 60188258 1 -7.377016025444136e-4 60188258 60188258 0
13 5256 rs550005 70078328 1 -7.376093810962603e-4 70078328 70078328 0
13 5429 rs6562639 71176123 1 -7.312343058349091e-4 71176123 71176123 0
13 4785 rs634685 65178318 1 7.310142733841412e-4 65178318 65178318 0
13 9353 rs7331728 105421263 1 7.243210287910381e-4 105421263 105421263 0
13 5088 rs9599282 68561531 1 -7.204230447682477e-4 68561531 68561531 0
13 1179 rs278033 30416962 1 -7.183159691115993e-4 30416962 30416962 0
13 154 rs7330520 21459802 1 -7.104662294548158e-4 21459802 21459802 0
13 3866 rs9536697 54949602 1 -7.100495084807701e-4 54949602 54949602 0
13 4616 rs428328 63110606 1 7.079862142675409e-4 63110606 63110606 0
13 328 rs17077642 23349733 1 7.063495394990616e-4 23349733 23349733 0
13 1144 rs4258468 29936514 1 7.008966478937651e-4 29936514 29936514 0
13 4184 rs9538150 59215708 1 6.993235090009509e-4 59215708 59215708 0
13 9795 rs1157740 109559422 1 6.960246298218951e-4 109559422 109559422 0
13 10303 rs61746637 113514616 1 6.916260515883405e-4 113514616 113514616 0
13 3641 rs1108958 51822189 1 6.911149624559863e-4 51822189 51822189 0
13 9167 rs1022933 103862999 1 -6.905736764432396e-4 103862999 103862999 0
13 1331 rs1571182 31668504 1 -6.876969497221285e-4 31668504 31668504 0
13 9760 rs932677 109382201 1 -6.86887890797541e-4 109382201 109382201 0
13 5454 rs540527 71370726 1 -6.860463266428905e-4 71370726 71370726 0
13 8731 rs1621374 101424571 1 6.820415440600913e-4 101424571 101424571 0
13 7627 rs8002779 92015977 1 -6.805785839064163e-4 92015977 92015977 0
13 10154 rs9522246 112133117 1 6.800663854478579e-4 112133117 112133117 0
13 4592 rs417155 62875397 1 -6.800234361157822e-4 62875397 62875397 0
13 2482 rs9577152 41379272 1 6.753558342839059e-4 41379272 41379272 0
13 651 rs41288280 25272833 1 6.745009820251823e-4 25272833 25272833 0
13 5131 rs9529418 69311228 1 -6.736758520216699e-4 69311228 69311228 0
13 912 rs7984685 27737031 1 -6.690267082948077e-4 27737031 27737031 0
13 9082 rs1375719 103410782 1 6.680518616774538e-4 103410782 103410782 0
13 7910 rs2389078 94598974 2 -6.672843311854918e-4 94598974 94598974 0
13 8585 rs7325572 100022506 1 6.671590671104855e-4 100022506 100022506 0
13 9436 rs7982782 106416994 1 6.654085339355505e-4 106416994 106416994 0
13 1838 rs7328278 36351766 1 -6.601316894101862e-4 36351766 36351766 0
13 10217 rs2196579 112768834 1 6.590097223190423e-4 112768834 112768834 0
13 5267 rs1854744 70114200 1 6.575734158658725e-4 70114200 70114200 0
13 409 rs685017 23791027 1 6.527962454415966e-4 23791027 23791027 0
13 497 rs7985670 24316951 1 6.519722189922254e-4 24316951 24316951 0
13 7643 rs1572432 92261625 1 6.459966141380902e-4 92261625 92261625 0
13 8354 rs9517022 98373020 1 6.405652766309016e-4 98373020 98373020 0
13 8545 rs9557114 99650289 1 -6.397223691969815e-4 99650289 99650289 0
13 131 rs9509301 21191878 1 -6.373393776319239e-4 21191878 21191878 0
13 8653 rs12584570 100432238 1 -6.362494022988071e-4 100432238 100432238 0
13 9837 rs9521238 109885914 1 6.361584702082014e-4 109885914 109885914 0
13 6165 rs7992968 76913594 1 6.271091176117499e-4 76913594 76913594 0
13 9025 rs4429163 103152549 1 -6.261340650095959e-4 103152549 103152549 0
13 8500 rs3782997 99398932 1 -6.180093858193271e-4 99398932 99398932 0
13 1181 rs9508579 30448663 1 6.170135817573329e-4 30448663 30448663 0
13 1088 rs1792023 29368502 1 6.10824507382557e-4 29368502 29368502 0
13 1974 rs12427600 37460648 1 6.098071497113445e-4 37460648 37460648 0
13 3566 rs797486 51221618 1 -6.064699852889637e-4 51221618 51221618 0
13 9021 rs1927377 103139773 1 6.062180951911769e-4 103139773 103139773 0
13 1315 rs7322831 31592568 1 6.031237053710235e-4 31592568 31592568 0
13 3492 rs2580189 50806640 1 -6.016126441330681e-4 50806640 50806640 0
13 7628 rs16945837 92020442 1 5.993484882827518e-4 92020442 92020442 0
13 5448 rs7330895 71363554 1 -5.988558605967287e-4 71363554 71363554 0
13 1922 rs1928022 36786453 1 5.959717564150441e-4 36786453 36786453 0
13 4475 rs9539084 61838518 1 5.937188806733695e-4 61838518 61838518 0
13 3438 rs147120792 50204975 1 5.928322767111069e-4 50204975 50204975 0
13 8003 rs16950115 95420928 1 -5.880525419258362e-4 95420928 95420928 0
13 10375 rs9562153 114977582 1 5.876659188146553e-4 114977582 114977582 0
13 1594 rs3737042 34185191 1 -5.859775059754287e-4 34185191 34185191 0
13 1178 rs1747060 30407398 1 -5.816947441096892e-4 30407398 30407398 0
13 4513 rs10507668 62076790 1 -5.806186715029038e-4 62076790 62076790 0
13 1193 rs17074067 30511367 2 -5.796183696399671e-4 30511367 30511367 0
13 2860 rs9525873 44482204 2 5.785396559115795e-4 44482204 44482204 0
13 5504 rs9572705 71867883 1 5.768167717852075e-4 71867883 71867883 0
13 8765 rs9585570 101608231 1 -5.761413469109732e-4 101608231 101608231 0
13 4729 rs7334926 64558878 1 5.74549597673219e-4 64558878 64558878 0
13 3101 rs4942514 46925936 1 5.735689617152218e-4 46925936 46925936 0
13 2143 rs596558 38759539 1 -5.702868014354774e-4 38759539 38759539 0
13 2152 rs591967 38838122 1 5.685680749684795e-4 38838122 38838122 0
13 512 rs7325724 24387570 1 -5.632663186874982e-4 24387570 24387570 0
13 5753 rs8002929 73964519 1 5.612036001813858e-4 73964519 73964519 0
13 6679 rs1287507 81891567 1 -5.57486751734142e-4 81891567 81891567 0
13 1513 rs9536282 33617662 1 -5.544341290465756e-4 33617662 33617662 0
13 3091 rs17067865 46806468 1 -5.536700594618502e-4 46806468 46806468 0
13 9887 rs9521397 110138296 1 -5.53574980590216e-4 110138296 110138296 0
13 1574 rs7334667 33878276 2 -5.520290839773084e-4 33878276 33878276 0
13 7494 rs2637426 90741000 1 -5.498154094518024e-4 90741000 90741000 0
13 4253 rs4884323 59810492 1 5.461992365057541e-4 59810492 59810492 0
13 5564 rs9599919 72619183 1 -5.460435957961221e-4 72619183 72619183 0
13 7022 rs4072476 85276978 1 -5.452324564878152e-4 85276978 85276978 0
13 6934 rs17280244 84121163 1 5.443561934307382e-4 84121163 84121163 0
13 5535 rs17088358 72212976 1 -5.413679916761435e-4 72212976 72212976 0
13 9490 rs7327123 106775989 1 5.376382491160726e-4 106775989 106775989 0
13 720 rs17082070 25842806 1 5.37322099480901e-4 25842806 25842806 0
13 8819 rs12583089 101885192 1 5.36832944225687e-4 101885192 101885192 0
13 2020 rs12429268 38031942 2 5.368265119255976e-4 38031942 38031942 0
13 361 rs9317361 23557407 1 -5.308400120580439e-4 23557407 23557407 0
13 5561 rs2810131 72598561 1 -5.297546348359258e-4 72598561 72598561 0
13 1662 rs690705 34654918 1 5.293928592059646e-4 34654918 34654918 0
13 1919 rs2149423 36772381 1 -5.291756123582403e-4 36772381 36772381 0
13 5332 rs9572363 70664208 1 5.280788455095227e-4 70664208 70664208 0
13 79 rs35887622 20763620 1 5.223639426915068e-4 20763620 20763620 0
13 24 rs4112696 19943770 1 5.220812669464649e-4 19943770 19943770 0
13 3427 rs11148151 50144613 2 5.219101969879687e-4 50144613 50144613 0
13 3341 rs9595986 49322323 1 -5.2058925882138e-4 49322323 49322323 0
13 8882 rs12870762 102157767 1 -5.19032644747457e-4 102157767 102157767 0
13 7133 rs9575922 86207862 1 -5.16598371199482e-4 86207862 86207862 0
13 8392 rs3852611 98731391 1 -5.160532940926132e-4 98731391 98731391 0
13 5905 rs9530345 75135170 1 5.158633937967915e-4 75135170 75135170 0
13 6460 rs1218282 79455832 1 -5.131201975700937e-4 79455832 79455832 0
13 2163 rs9315596 39151139 1 5.09734989134262e-4 39151139 39151139 0
13 6794 rs6563284 83011975 1 -5.091212724559391e-4 83011975 83011975 0
13 2153 rs7318940 38838950 1 5.088555486299087e-4 38838950 38838950 0
13 8832 rs483325 101974900 1 5.073972288708966e-4 101974900 101974900 0
13 9357 rs9519483 105483193 1 5.048389372575798e-4 105483193 105483193 0
13 8770 rs2765325 101633339 1 -5.034726905314912e-4 101633339 101633339 0
13 7924 rs1007973 94740364 1 5.033787087420819e-4 94740364 94740364 0
13 10262 rs1278114 113145788 1 4.993898194796573e-4 113145788 113145788 0
13 5733 rs9573155 73865294 1 -4.965102375130133e-4 73865294 73865294 0
13 933 rs2760902 27978642 2 -4.958723128377008e-4 27978642 27978642 0
13 3348 rs9596024 49438945 1 4.949437531671654e-4 49438945 49438945 0
13 3099 rs674754 46913416 1 4.943775645050119e-4 46913416 46913416 0
13 1294 rs2313742 31435150 1 4.918721103724246e-4 31435150 31435150 0
13 3779 rs1550669 53986261 1 -4.908275504227437e-4 53986261 53986261 0
13 41 rs11617480 20211434 1 -4.882973596798782e-4 20211434 20211434 0
13 8677 rs4771348 100591234 1 -4.880235665810962e-4 100591234 100591234 0
13 5839 rs17062289 74758886 1 4.8598078451384625e-4 74758886 74758886 0
13 5007 rs1998784 67737880 1 -4.8301549947385143e-4 67737880 67737880 0
13 7108 rs9547129 85857065 1 -4.795970106271699e-4 85857065 85857065 0
13 5747 rs9543335 73946009 2 4.7829049176516497e-4 73946009 73946009 0
13 2340 rs9315715 40187075 1 -4.709136347224994e-4 40187075 40187075 0
13 2117 rs9548130 38548930 1 -4.657698989105262e-4 38548930 38548930 0
13 9497 rs4995008 106831286 1 4.6321399629903294e-4 106831286 106831286 0
13 3591 rs9563011 51473904 1 4.618862912728618e-4 51473904 51473904 0
13 7673 rs9560935 92792688 1 4.590882415956542e-4 92792688 92792688 0
13 2002 rs6563533 37965814 1 4.5742241705303834e-4 37965814 37965814 0
13 5355 rs10507781 70728411 1 4.568140973013556e-4 70728411 70728411 0
13 6575 rs482161 80743198 1 4.566918755777085e-4 80743198 80743198 0
13 8271 rs1924590 97421345 1 -4.545933104036245e-4 97421345 97421345 0
13 1500 rs3904629 33530851 1 4.543063442402526e-4 33530851 33530851 0
13 4721 rs12429620 64516543 1 4.534844508182958e-4 64516543 64516543 0
13 2432 rs1782803 40947252 1 4.5320045765708406e-4 40947252 40947252 0
13 4707 rs1445547 64209473 1 4.529549807354318e-4 64209473 64209473 0
13 9112 rs9586006 103554267 1 -4.522882793302858e-4 103554267 103554267 0
13 9659 rs4142392 108621517 1 4.473716174735168e-4 108621517 108621517 0
13 1443 rs73169136 32811974 1 4.458043781234679e-4 32811974 32811974 0
13 1694 rs683203 34927803 1 -4.4451727119681074e-4 34927803 34927803 0
13 5422 rs1953136 71076543 1 4.4360089908169304e-4 71076543 71076543 0
13 9056 rs612900 103347618 1 -4.3999430080138345e-4 103347618 103347618 0
13 3001 rs3794331 46053544 1 -4.3741499968334057e-4 46053544 46053544 0
13 5911 rs9318293 75171140 1 -4.337662075504801e-4 75171140 75171140 0
13 7962 rs9524487 95079910 1 -4.3337294698464506e-4 95079910 95079910 0
13 4218 rs2321885 59451706 1 -4.319126316284839e-4 59451706 59451706 0
13 2144 rs1924181 38768892 1 4.316088118077984e-4 38768892 38768892 0
13 8667 rs41281112 100518634 1 -4.3152656562842263e-4 100518634 100518634 0
13 7913 rs9524299 94633244 1 4.301362112572308e-4 94633244 94633244 0
13 5003 rs9571713 67693182 1 -4.2961029860682343e-4 67693182 67693182 0
13 9941 rs7999458 110614147 1 4.261097055967836e-4 110614147 110614147 0
13 9011 rs3916921 103106536 1 -4.197384645441963e-4 103106536 103106536 0
13 8267 rs7984507 97392220 1 4.179346510937192e-4 97392220 97392220 0
13 5755 rs1924812 74001257 1 -4.1646423040626375e-4 74001257 74001257 0
13 6931 rs11838516 84097888 2 4.160226443299653e-4 84097888 84097888 0
13 5364 rs9542210 70766028 1 -4.1272602557732106e-4 70766028 70766028 0
13 5736 rs957516 73882759 1 4.108077819434955e-4 73882759 73882759 0
13 6364 rs1556267 78680420 1 4.094603515527566e-4 78680420 78680420 0
13 6811 rs9546176 83157934 1 4.0563205322174847e-4 83157934 83157934 0
13 3324 rs3020646 49051012 1 4.03239228389237e-4 49051012 49051012 0
13 6372 rs1330877 78696100 1 4.0234675002959674e-4 78696100 78696100 0
13 5724 rs7995365 73815927 1 -4.0098781458928746e-4 73815927 73815927 0
13 9773 rs4489855 109433309 1 -3.992916309487173e-4 109433309 109433309 0
13 3157 rs1923884 47421836 1 -3.985302283573742e-4 47421836 47421836 0
13 3515 rs201789 50986118 1 3.9839031699738514e-4 50986118 50986118 0
13 5831 rs945691 74713439 2 -3.976796882649131e-4 74713439 74713439 0
13 5951 rs9543852 75698142 2 -3.958088955163352e-4 75698142 75698142 0
13 1263 rs9508819 31275913 1 3.943418156260968e-4 31275913 31275913 0
13 6499 rs17837345 79775446 1 -3.938708750104235e-4 79775446 79775446 0
13 2485 rs7335572 41388476 1 3.938572478718387e-4 41388476 41388476 0
13 1597 rs7333539 34216530 2 3.913088552910566e-4 34216530 34216530 0
13 8645 rs12184508 100352798 1 -3.874279308618279e-4 100352798 100352798 0
13 5367 rs7986057 70772715 1 3.849133413551201e-4 70772715 70772715 0
13 5548 rs303963 72385600 1 3.845937408926036e-4 72385600 72385600 0
13 1260 rs4769852 31162098 1 -3.845433580775862e-4 31162098 31162098 0
13 1511 rs685417 33613132 2 -3.827732183428616e-4 33613132 33613132 0
13 2394 rs6563787 40680403 1 3.8163508474683234e-4 40680403 40680403 0
13 2426 rs6563813 40858172 1 3.8067755313295833e-4 40858172 40858172 0
13 3778 rs7994442 53986171 1 -3.803800851633914e-4 53986171 53986171 0
13 1716 rs1329315 35227988 1 -3.8012113331105737e-4 35227988 35227988 0
13 7408 rs7990210 90392614 1 -3.797968397974001e-4 90392614 90392614 0
13 4136 rs4360824 58809458 1 -3.793702718734437e-4 58809458 58809458 0
13 9782 rs390619 109492501 1 3.743478936591649e-4 109492501 109492501 0
13 7769 rs462910 93662845 1 3.734876646582021e-4 93662845 93662845 0
13 2716 rs17543945 43475671 1 3.7348411933167e-4 43475671 43475671 0
13 1634 rs932757 34380920 1 3.686456204044198e-4 34380920 34380920 0
13 1832 rs9574453 36306060 1 3.6763307580877454e-4 36306060 36306060 0
13 1722 rs1876583 35269505 1 3.665262104948639e-4 35269505 35269505 0
13 8533 rs12874521 99591355 1 3.6605270639575e-4 99591355 99591355 0
13 7367 rs7999197 89732251 1 3.6601042482061266e-4 89732251 89732251 0
13 1155 rs9579422 30176650 1 3.652416972737362e-4 30176650 30176650 0
13 9134 rs279941 103698168 1 -3.614317075051577e-4 103698168 103698168 0
13 277 rs1507716 22950934 1 3.593123890926209e-4 22950934 22950934 0
13 2431 rs1782805 40946993 1 3.5782743466951e-4 40946993 40946993 0
13 9274 rs2669502 104752946 1 -3.567352992579864e-4 104752946 104752946 0
13 9721 rs1924338 109070992 1 -3.56426720319151e-4 109070992 109070992 0
13 9734 rs9583266 109250314 1 3.552801282310365e-4 109250314 109250314 0
13 2501 rs9532758 41835039 1 -3.522654302914055e-4 41835039 41835039 0
13 4451 rs9317162 61737576 1 -3.51613671918883e-4 61737576 61737576 0
13 9299 rs3918336 104980201 1 3.486165640386671e-4 104980201 104980201 0
13 8137 rs4773905 96083646 1 3.477723499017085e-4 96083646 96083646 0
13 5554 rs2706425 72513126 1 3.465106152723712e-4 72513126 72513126 0
13 8509 rs9554508 99429660 2 3.4471391647736705e-4 99429660 99429660 0
13 1129 rs3011450 29861379 1 -3.409910939746833e-4 29861379 29861379 0
13 9874 rs2391753 110104235 1 -3.383255642780516e-4 110104235 110104235 0
13 9944 rs7139390 110635528 1 3.3738384287539634e-4 110635528 110635528 0
13 2667 rs1409082 43228324 2 -3.3721028742277536e-4 43228324 43228324 0
13 921 rs9553986 27869278 1 3.3597310780415806e-4 27869278 27869278 0
13 2069 rs10507456 38242190 1 3.343960853390726e-4 38242190 38242190 0
13 4723 rs9598672 64534126 1 3.3368504904496244e-4 64534126 64534126 0
13 1321 rs12872133 31621172 1 -3.3343152661997405e-4 31621172 31621172 0
13 935 rs1218831 27989215 1 -3.3338315528689427e-4 27989215 27989215 0
13 5595 rs956922 72693835 1 3.3333307955919745e-4 72693835 72693835 0
13 3206 rs9591010 47725415 1 3.3332132803156976e-4 47725415 47725415 0
13 8566 rs3759443 99910322 1 3.3209602122745245e-4 99910322 99910322 0
13 5425 rs9542381 71134168 1 -3.314033953573216e-4 71134168 71134168 0
13 4514 rs12428814 62082957 2 -3.312970902526165e-4 62082957 62082957 0
13 2908 rs9567399 44857869 1 3.3085687241813494e-4 44857869 44857869 0
13 2896 rs9525923 44783715 1 -3.285345705062699e-4 44783715 44783715 0
13 5890 rs11617074 75039904 1 -3.284256184102188e-4 75039904 75039904 0
13 3461 rs9535388 50441861 1 3.2709296172122145e-4 50441861 50441861 0
13 5722 rs9573135 73784759 1 3.257091466555066e-4 73784759 73784759 0
13 6028 rs4885349 76358364 1 3.2406133783353583e-4 76358364 76358364 0
13 5052 rs5029115 68143316 1 3.2088811354659397e-4 68143316 68143316 0
13 5751 rs9318174 73961537 1 3.207903933402951e-4 73961537 73961537 0
13 9402 rs7332205 106048086 2 -3.203305256187767e-4 106048086 106048086 0
13 5330 rs980122 70661823 1 3.169023480314149e-4 70661823 70661823 0
13 4142 rs6561963 58861684 1 3.157449805038779e-4 58861684 58861684 0
13 6494 rs2991478 79754928 1 -3.1190648702794323e-4 79754928 79754928 0
13 4351 rs9592042 60898465 1 -3.1120580658787846e-4 60898465 60898465 0
13 1595 rs9591905 34198069 1 3.089037909932993e-4 34198069 34198069 0
13 986 rs1326383 28352558 1 -3.070445438891926e-4 28352558 28352558 0
13 9831 rs9521234 109877958 1 3.053356403088988e-4 109877958 109877958 0
13 9949 rs7981784 110653379 2 -3.0514412503060005e-4 110653379 110653379 0
13 8178 rs3087339 96410115 2 -3.0345434573443185e-4 96410115 96410115 0
13 3417 rs2407697 50120435 1 -3.033404078752807e-4 50120435 50120435 0
13 9902 rs331980 110324112 1 -3.028864955469332e-4 110324112 110324112 0
13 4221 rs2019242 59476905 1 2.994669882271418e-4 59476905 59476905 0
13 962 rs1218885 28097996 1 -2.986661970395447e-4 28097996 28097996 0
13 4938 rs17081231 66967622 1 2.985554372363245e-4 66967622 66967622 0
13 9587 rs4772863 107897967 1 2.8998450377844736e-4 107897967 107897967 0
13 507 rs7996675 24373930 1 2.885090763009558e-4 24373930 24373930 0
13 23 rs17080523 19932538 1 -2.8664292025539303e-4 19932538 19932538 0
13 5016 rs2151733 67898731 1 -2.8603523590394446e-4 67898731 67898731 0
13 7545 rs1929048 91180473 2 2.8543186158121317e-4 91180473 91180473 0
13 7642 rs7999669 92245524 1 2.8384977637301045e-4 92245524 92245524 0
13 4243 rs7998534 59670850 2 -2.8275379835921723e-4 59670850 59670850 0
13 8260 rs547571 97231270 1 -2.8093897603144734e-4 97231270 97231270 0
13 3033 rs6561260 46361020 1 -2.784204951491993e-4 46361020 46361020 0
13 3102 rs9526171 46930372 1 -2.764897488094375e-4 46930372 46930372 0
13 6956 rs11839649 84422029 1 -2.7590618947755623e-4 84422029 84422029 0
13 3408 rs7139494 50098966 1 2.757381595277786e-4 50098966 50098966 0
13 10226 rs192505 112875786 1 -2.7444050581295763e-4 112875786 112875786 0
13 2254 rs9548665 39777741 1 2.740093704488581e-4 39777741 39777741 0
13 3674 rs1924609 52512518 1 -2.7361586164894593e-4 52512518 52512518 0
13 169 rs9509502 21621558 1 -2.7344927817715e-4 21621558 21621558 0
13 5579 rs4351943 72663804 1 -2.702615479826457e-4 72663804 72663804 0
13 3316 rs645833 48724256 1 2.681218377515013e-4 48724256 48724256 0
13 9705 rs9520835 108956317 1 2.6798977912900925e-4 108956317 108956317 0
13 10030 rs7327721 111174526 1 2.6688186653747546e-4 111174526 111174526 0
13 7319 rs9520316 89002117 2 -2.6613602232707155e-4 89002117 89002117 0
13 1502 rs576674 33554302 1 -2.572252765388771e-4 33554302 33554302 0
13 5864 rs4403930 74932872 1 -2.5404031464711465e-4 74932872 74932872 0
13 7933 rs9584195 94818360 1 2.5390324712654583e-4 94818360 94818360 0
13 2884 rs9567361 44656008 1 -2.5333732331703457e-4 44656008 44656008 0
13 9452 rs9583048 106524622 1 -2.5330263666903526e-4 106524622 106524622 0
13 714 rs9511690 25779664 1 2.5174124339751204e-4 25779664 25779664 0
13 2732 rs9533339 43571021 1 -2.5008525392333596e-4 43571021 43571021 0
13 981 rs11618682 28311932 1 2.4911980638332606e-4 28311932 28311932 0
13 9022 rs1927381 103141250 1 -2.490537262321767e-4 103141250 103141250 0
13 8961 rs12585373 102748926 2 -2.489612285535951e-4 102748926 102748926 0
13 713 rs17081939 25778082 1 2.464750603822964e-4 25778082 25778082 0
13 4242 rs9317050 59667836 1 2.4582699519150027e-4 59667836 59667836 0
13 7132 rs7324429 86192805 1 -2.4399587878321536e-4 86192805 86192805 0
13 254 rs9510052 22805796 1 -2.424002750395392e-4 22805796 22805796 0
13 3160 rs582385 47445994 1 -2.421781894825469e-4 47445994 47445994 0
13 6728 rs2876770 82185357 2 2.421209543203033e-4 82185357 82185357 0
13 2960 rs7318583 45445017 1 2.413096020789385e-4 45445017 45445017 0
13 744 rs4636766 26220097 1 -2.4044996948427945e-4 26220097 26220097 0
13 10239 rs1752739 113006942 2 2.3838050408114407e-4 113006942 113006942 0
13 1101 rs3892746 29578309 2 2.379904784113476e-4 29578309 29578309 0
13 4528 rs7993423 62147535 1 -2.3614302052347552e-4 62147535 62147535 0
13 6422 rs4255678 79025365 1 2.360770166802661e-4 79025365 79025365 0
13 2447 rs941823 41013977 1 -2.3577950048645255e-4 41013977 41013977 0
13 8525 rs9584969 99562088 1 2.3564788795479188e-4 99562088 99562088 0
13 6395 rs3861137 78806366 1 2.3516701100777075e-4 78806366 78806366 0
13 2626 rs7994365 42867954 1 2.333554092804487e-4 42867954 42867954 0
13 1220 rs9550517 30631647 1 2.326825618906107e-4 30631647 30631647 0
13 2898 rs9285153 44812570 1 2.321767906197512e-4 44812570 44812570 0
13 8335 rs9300416 98139197 1 2.3206468232804547e-4 98139197 98139197 0
13 3351 rs1834735 49459540 1 -2.312365942723748e-4 49459540 49459540 0
13 9699 rs1105451 108853323 2 -2.2924823071675737e-4 108853323 108853323 0
13 3594 rs9526708 51500691 1 2.279214341614348e-4 51500691 51500691 0
13 5420 rs1930887 71061983 1 -2.2671407151074845e-4 71061983 71061983 0
13 2178 rs7318271 39328541 1 -2.2297363692167692e-4 39328541 39328541 0
13 4468 rs9592096 61807409 1 2.2224630690006016e-4 61807409 61807409 0
13 573 rs9318316 24684163 1 2.2167807062269517e-4 24684163 24684163 0
13 7187 rs12584239 86663922 1 -2.1570542409745356e-4 86663922 86663922 0
13 8682 rs9554662 100697937 2 2.108326484945684e-4 100697937 100697937 0
13 7512 rs7329108 90886078 1 -2.0958805928746497e-4 90886078 90886078 0
13 9055 rs612938 103347591 1 2.090862138334616e-4 103347591 103347591 0
13 10155 rs2026175 112135863 1 2.0733052189468804e-4 112135863 112135863 0
13 1701 rs1415834 34959618 1 2.061350189105361e-4 34959618 34959618 0
13 160 rs3858748 21526255 1 2.0464656423860184e-4 21526255 21526255 0
13 511 rs7319884 24387412 2 2.045762370669055e-4 24387412 24387412 0
13 3225 rs1413077 47875303 1 -2.0146969972497216e-4 47875303 47875303 0
13 6569 rs4146682 80702065 1 -2.008623080664023e-4 80702065 80702065 0
13 1297 rs9600625 31470643 1 -1.9996837107022253e-4 31470643 31470643 0
13 9053 rs7984675 103344076 1 -1.9815746402635932e-4 103344076 103344076 0
13 1956 rs9594159 37133494 2 -1.9372662818983508e-4 37133494 37133494 0
13 2734 rs12015 43597865 1 1.928591813778261e-4 43597865 43597865 0
13 4025 rs17842504 56612809 1 -1.9277380852692248e-4 56612809 56612809 0
13 2365 rs9548985 40502985 1 1.925826294101386e-4 40502985 40502985 0
13 4851 rs9317518 66137342 1 -1.9164323709596024e-4 66137342 66137342 0
13 228 rs9506753 22480816 1 -1.9158344233322023e-4 22480816 22480816 0
13 5423 rs2184145 71083098 1 1.9146035774210635e-4 71083098 71083098 0
13 6356 rs9544646 78531839 1 -1.886633286092364e-4 78531839 78531839 0
13 172 rs9552348 21665639 1 -1.848084587023112e-4 21665639 21665639 0
13 615 rs9553272 24948927 1 -1.8379771713545188e-4 24948927 24948927 0
13 2197 rs1945501 39465070 1 -1.8279387591116112e-4 39465070 39465070 0
13 5020 rs1537547 67932513 1 -1.8192127914728448e-4 67932513 67932513 0
13 118 rs9579876 21068591 1 1.81306367557449e-4 21068591 21068591 0
13 565 rs1983870 24670163 1 1.811834018486773e-4 24670163 24670163 0
13 6678 rs1146958 81880297 1 1.802563958299244e-4 81880297 81880297 0
13 1254 rs1360485 31031884 1 1.7684166333709414e-4 31031884 31031884 0
13 2016 rs9532057 38012639 1 -1.748911073386829e-4 38012639 38012639 0
13 3045 rs9534246 46446427 1 -1.721144620888104e-4 46446427 46446427 0
13 2744 rs1028735 43638771 1 -1.7162700095998544e-4 43638771 43638771 0
13 4238 rs7335896 59641276 1 -1.6886904190061306e-4 59641276 59641276 0
13 3030 rs1325649 46346779 1 1.6834701722289144e-4 46346779 46346779 0
13 284 rs9510190 23054199 2 -1.6609744579756516e-4 23054199 23054199 0
13 1831 rs1998697 36300045 1 -1.6577521787536456e-4 36300045 36300045 0
13 317 rs2042707 23248799 1 1.657706322000983e-4 23248799 23248799 0
13 6351 rs1360371 78455230 1 -1.6502665125660624e-4 78455230 78455230 0
13 1268 rs7996180 31279747 1 1.6373192178241184e-4 31279747 31279747 0
13 419 rs1753097 23878686 2 -1.6321958263079673e-4 23878686 23878686 0
13 4011 rs11839457 56345359 1 -1.614615631441715e-4 56345359 56345359 0
13 1314 rs9567771 31587270 1 1.610696379391507e-4 31587270 31587270 0
13 4277 rs9563719 59969985 1 -1.6083891557661204e-4 59969985 59969985 0
13 7553 rs9523030 91262300 1 1.600755581723811e-4 91262300 91262300 0
13 8492 rs8187832 99340771 1 -1.5901466616612264e-4 99340771 99340771 0
13 8065 rs3818493 95858686 1 1.585380210284078e-4 95858686 95858686 0
13 5222 rs7332181 69713258 1 -1.5638854304122292e-4 69713258 69713258 0
13 3130 rs4942565 47214373 1 1.5407580787454416e-4 47214373 47214373 0
13 10391 rs3813133 115090193 1 1.539646220461399e-4 115090193 115090193 0
13 165 rs2770928 21562832 1 -1.5374139013772152e-4 21562832 21562832 0
13 8093 rs4148450 95895666 1 -1.5263414394282588e-4 95895666 95895666 0
13 8835 rs528000 101980294 2 -1.5114377747087502e-4 101980294 101980294 0
13 2645 rs12869389 43073459 2 1.4957448579887669e-4 43073459 43073459 0
13 3239 rs2503449 48093491 1 1.4836128695878753e-4 48093491 48093491 0
13 139 rs2480425 21209711 1 1.4753188169487985e-4 21209711 21209711 0
13 8734 rs7985084 101441144 1 -1.448891615195147e-4 101441144 101441144 0
13 2883 rs4942273 44644067 1 1.444434204040932e-4 44644067 44644067 0
13 1325 rs7981107 31652068 1 1.44336416205405e-4 31652068 31652068 0
13 10171 rs9522264 112191253 1 1.435298165761984e-4 112191253 112191253 0
13 2027 rs9532064 38053631 1 1.423198063581433e-4 38053631 38053631 0
13 1323 rs4941735 31641248 1 -1.4191729350339612e-4 31641248 31641248 0
13 2630 rs7317323 42957489 1 -1.3929695131031637e-4 42957489 42957489 0
13 7746 rs17233978 93531417 1 -1.3854153664011928e-4 93531417 93531417 0
13 3079 rs1230475 46774761 1 -1.3850561196931515e-4 46774761 46774761 0
13 4116 rs9316967 58586097 1 -1.3838786929178172e-4 58586097 58586097 0
13 9684 rs12870635 108740706 1 1.3749715600598245e-4 108740706 108740706 0
13 1704 rs717585 34963376 1 -1.366498011873092e-4 34963376 34963376 0
13 4412 rs7989894 61385702 1 -1.357115165243921e-4 61385702 61385702 0
13 10346 rs9604526 114475037 1 -1.351165269827109e-4 114475037 114475037 0
13 10349 rs7489888 114611528 1 1.3338583611012815e-4 114611528 114611528 0
13 8264 rs12876541 97304003 1 -1.3274706586722775e-4 97304003 97304003 0
13 2901 rs2256363 44818006 1 1.318939245155284e-4 44818006 44818006 0
13 7010 rs4397989 85078528 1 -1.3169197439908447e-4 85078528 85078528 0
13 7747 rs2094188 93532863 1 1.3149456942394223e-4 93532863 93532863 0
13 3935 rs1903656 55434044 1 -1.2991880949759393e-4 55434044 55434044 0
13 2920 rs1175212 44877254 1 1.2932757244266704e-4 44877254 44877254 0
13 9473 rs12873332 106656278 1 1.289837361176823e-4 106656278 106656278 0
13 3118 rs9567697 47120783 1 1.2740962399175794e-4 47120783 47120783 0
13 3111 rs9567688 47085718 1 -1.257858930837765e-4 47085718 47085718 0
13 2923 rs9567415 44908572 1 -1.2350666873994304e-4 44908572 44908572 0
13 7848 rs970263 94121685 1 1.2329715568178606e-4 94121685 94121685 0
13 5078 rs167021 68429944 1 -1.224571535169767e-4 68429944 68429944 0
13 4623 rs4884429 63280874 1 1.2239523982530856e-4 63280874 63280874 0
13 4561 rs7987840 62621228 2 -1.2161256883692408e-4 62621228 62621228 0
13 8789 rs1452113 101732146 1 -1.2061847928118614e-4 101732146 101732146 0
13 4951 rs9317599 67234637 1 -1.2012041635266112e-4 67234637 67234637 0
13 485 rs7323392 24266521 1 1.1874019385825488e-4 24266521 24266521 0
13 526 rs2765106 24515162 1 1.178565741477114e-4 24515162 24515162 0
13 6659 rs9601527 81615759 1 1.175420913094158e-4 81615759 81615759 0
13 8846 rs4772371 102014559 1 1.1720851039852186e-4 102014559 102014559 0
13 2720 rs12863816 43491848 1 1.1699980754352728e-4 43491848 43491848 0
13 6933 rs17345585 84111139 2 1.169558141019206e-4 84111139 84111139 0
13 7320 rs9520317 89002387 1 -1.1564224348517189e-4 89002387 89002387 0
13 4983 rs7987478 67542554 1 1.123840094078391e-4 67542554 67542554 0
13 3134 rs842411 47227238 1 -1.1092336667478244e-4 47227238 47227238 0
13 7625 rs7322734 91994025 1 1.0332636077618348e-4 91994025 91994025 0
13 7925 rs9556352 94741199 2 1.0236696212903004e-4 94741199 94741199 0
13 3034 rs1325651 46367379 1 -1.0194251438669644e-4 46367379 46367379 0
13 1495 rs4941698 33485053 1 1.0056302977338468e-4 33485053 33485053 0
13 4536 rs2151037 62393583 1 9.882188077140088e-5 62393583 62393583 0
13 7622 rs7981707 91967164 1 -9.787496462848435e-5 91967164 91967164 0
13 2436 rs8001484 40972595 1 -9.661986507121418e-5 40972595 40972595 0
13 8425 rs2250674 98990487 2 9.61642753708022e-5 98990487 98990487 0
13 10101 rs860520 111786005 1 9.57785993657728e-5 111786005 111786005 0
13 36 rs2341242 20154390 1 9.355013980406166e-5 20154390 20154390 0
13 200 rs8002383 22002188 1 -9.178939078017676e-5 22002188 22002188 0
13 5968 rs11566 75859067 1 9.121131611327982e-5 75859067 75859067 0
13 631 rs9285311 25189210 2 -8.941140534952733e-5 25189210 25189210 0
13 7402 rs437072 90362974 1 -8.896926310127385e-5 90362974 90362974 0
13 7056 rs4551934 85477709 1 -8.75484040212601e-5 85477709 85477709 0
13 513 rs9318064 24396149 2 8.704782704385203e-5 24396149 24396149 0
13 9328 rs9558312 105162139 1 -8.578171594124266e-5 105162139 105162139 0
13 6375 rs2585514 78699007 1 -8.480553928581704e-5 78699007 78699007 0
13 4714 rs694444 64474179 1 -8.468356162633031e-5 64474179 64474179 0
13 6150 rs17736683 76876138 1 -8.337044249888723e-5 76876138 76876138 0
13 715 rs9511692 25781352 1 8.262984280286279e-5 25781352 25781352 0
13 5913 rs4885212 75203476 1 8.242819788936199e-5 75203476 75203476 0
13 9680 rs1408906 108711217 1 8.076182491936786e-5 108711217 108711217 0
13 8658 rs7332098 100463898 1 -8.035137755094881e-5 100463898 100463898 0
13 8059 rs17268163 95853235 1 -7.771526177541334e-5 95853235 95853235 0
13 3153 rs947409 47377928 1 -7.677925759526266e-5 47377928 47377928 0
13 2842 rs3088362 44433630 1 7.63800542332014e-5 44433630 44433630 0
13 7771 rs12860685 93683065 1 7.514955685395629e-5 93683065 93683065 0
13 5254 rs4491389 70066316 1 -7.477281172485725e-5 70066316 70066316 0
13 1717 rs9315303 35252290 1 -7.445706954377728e-5 35252290 35252290 0
13 9101 rs1047769 103513944 1 -7.423573161610812e-5 103513944 103513944 0
13 5218 rs9599395 69659912 1 7.380876828884873e-5 69659912 69659912 0
13 3133 rs1773126 47225326 1 7.244843538408703e-5 47225326 47225326 0
13 5526 rs1572163 71951607 1 -7.187040429546814e-5 71951607 71951607 0
13 5001 rs9541004 67684179 1 -7.155662664317201e-5 67684179 67684179 0
13 4571 rs308674 62686618 1 -7.102487995067678e-5 62686618 62686618 0
13 9687 rs9587505 108747731 1 6.972641737184386e-5 108747731 108747731 0
13 3865 rs8001194 54926987 1 6.91191179121135e-5 54926987 54926987 0
13 9923 rs336239 110495323 1 6.869041901683364e-5 110495323 110495323 0
13 5555 rs7991353 72545858 1 6.69229003046519e-5 72545858 72545858 0
13 9614 rs1998524 108169060 1 -6.688797319082137e-5 108169060 108169060 0
13 709 rs17081816 25710667 1 -6.65198987867602e-5 25710667 25710667 0
13 2172 rs895895 39236673 1 -6.562146750397718e-5 39236673 39236673 0
13 384 rs9550915 23697841 1 6.43781432728387e-5 23697841 23697841 0
13 2824 rs1105586 44232633 1 6.430165228731727e-5 44232633 44232633 0
13 9443 rs7326743 106474705 2 6.377229834976308e-5 106474705 106474705 0
13 8182 rs3213931 96485609 1 -6.375951661071701e-5 96485609 96485609 0
13 3590 rs9563007 51470332 1 6.364621941247095e-5 51470332 51470332 0
13 8440 rs3783015 99051172 1 6.337623798566083e-5 99051172 99051172 0
13 7626 rs4284505 92001472 1 6.154013251151584e-5 92001472 92001472 0
13 10200 rs1923742 112547305 2 6.102432866216662e-5 112547305 112547305 0
13 3436 rs9316467 50193273 1 -5.97707458474118e-5 50193273 50193273 0
13 1143 rs61999321 29898783 1 5.7403921579746014e-5 29898783 29898783 0
13 6522 rs7981112 80352830 1 5.730723809238177e-5 80352830 80352830 0
13 3921 rs7994523 55286564 1 -5.6229397526934866e-5 55286564 55286564 0
13 8311 rs9516884 97922864 1 5.506211891276691e-5 97922864 97922864 0
13 10216 rs9549845 112765663 1 5.459080452521731e-5 112765663 112765663 0
13 7053 rs9602568 85462442 1 -5.3845793774144915e-5 85462442 85462442 0
13 8180 rs9561952 96427626 1 -5.312671649314824e-5 96427626 96427626 0
13 487 rs745068 24291878 1 -5.255273773594475e-5 24291878 24291878 0
13 9798 rs61743216 109562437 1 5.105812520536685e-5 109562437 109562437 0
13 985 rs1326382 28350949 1 -4.95629068031938e-5 28350949 28350949 0
13 8312 rs9516886 97926937 1 4.8161986113865113e-5 97926937 97926937 0
13 6200 rs7992136 77110530 1 -4.772664946948338e-5 77110530 77110530 0
13 8480 rs867422 99307324 1 4.59173304713165e-5 99307324 99307324 0
13 4543 rs7986967 62495757 1 4.451674551713378e-5 62495757 62495757 0
13 1288 rs1132340 31338462 1 4.445098062321105e-5 31338462 31338462 0
13 2893 rs4391951 44755071 1 -4.430005808307907e-5 44755071 44755071 0
13 6883 rs9546322 83765019 1 4.424136245411661e-5 83765019 83765019 0
13 6048 rs73229904 76427253 1 4.1756532615006594e-5 76427253 76427253 0
13 8687 rs9585366 100807450 1 -4.132554730961483e-5 100807450 100807450 0
13 5766 rs4053534 74081657 1 -3.9948744840946785e-5 74081657 74081657 0
13 1481 rs7328733 33126737 1 -3.9020243185878054e-5 33126737 33126737 0
13 2889 rs7981575 44710947 1 3.789113530941993e-5 44710947 44710947 0
13 3268 rs2181956 48343727 1 -3.742406161974816e-5 48343727 48343727 0
13 2817 rs1390371 44211727 1 3.619421670670677e-5 44211727 44211727 0
13 8505 rs9554502 99423101 2 3.601421596120195e-5 99423101 99423101 0
13 3589 rs1462031 51461720 1 -3.4427223517219274e-5 51461720 51461720 0
13 8715 rs2066014 101227485 1 3.41924727454107e-5 101227485 101227485 0
13 1150 rs3923090 29979193 2 -3.3756750747888735e-5 29979193 29979193 0
13 1445 rs2806636 32832350 2 -3.335500822813139e-5 32832350 32832350 0
13 5318 rs2501200 70605763 1 -3.3253875144345875e-5 70605763 70605763 0
13 7911 rs7323264 94614594 1 3.3151531111762095e-5 94614594 94614594 0
13 5362 rs2479926 70763597 1 -3.131560269413782e-5 70763597 70763597 0
13 5437 rs1992540 71275838 1 3.088483538388743e-5 71275838 71275838 0
13 9219 rs979300 104309176 1 -2.9134529532330432e-5 104309176 104309176 0
13 3184 rs9534520 47489451 1 2.7908539740796688e-5 47489451 47489451 0
13 2142 rs612986 38758183 1 2.7408627397752528e-5 38758183 38758183 0
13 3765 rs7997656 53823098 2 2.718470085889141e-5 53823098 53823098 0
13 7554 rs828234 91305111 1 -2.6994339819168955e-5 91305111 91305111 0
13 8439 rs3848021 99049254 1 2.687096450000208e-5 99049254 99049254 0
13 2488 rs7334701 41579938 1 2.3724006598904893e-5 41579938 41579938 0
13 1087 rs1305115 29330469 1 2.338843578449219e-5 29330469 29330469 0
13 4877 rs1460654 66415356 2 -2.3279173007594272e-5 66415356 66415356 0
13 1618 rs17079738 34343873 1 2.3153567099141064e-5 34343873 34343873 0
13 3757 rs2806947 53768025 1 -2.3142250007170056e-5 53768025 53768025 0
13 4758 rs9571178 64936243 1 -2.2315214792663408e-5 64936243 64936243 0
13 516 rs9507174 24429097 1 -2.157236306116002e-5 24429097 24429097 0
13 2145 rs1320243 38779016 1 2.1223654986690864e-5 38779016 38779016 0
13 1177 rs1631987 30407273 1 -2.1203156754677127e-5 30407273 30407273 0
13 6817 rs9546191 83185320 1 -2.1200291079278123e-5 83185320 83185320 0
13 8852 rs4772372 102033686 1 2.0779535806433075e-5 102033686 102033686 0
13 6382 rs9318516 78710028 1 -2.0661707280328696e-5 78710028 78710028 0
13 2542 rs4433708 42389455 1 -1.9909010957288047e-5 42389455 42389455 0
13 1202 rs524939 30531373 1 -1.9423829449434745e-5 30531373 30531373 0
13 135 rs9509307 21205192 1 1.894992393579226e-5 21205192 21205192 0
13 3207 rs9591011 47728087 1 1.819865458129059e-5 47728087 47728087 0
13 2892 rs4394973 44753309 1 -1.7556868037572596e-5 44753309 44753309 0
13 3403 rs4340215 50086244 2 1.7555880910704703e-5 50086244 50086244 0
13 6505 rs6563110 80051272 1 -1.6843210580601884e-5 80051272 80051272 0
13 9069 rs74471135 103390386 1 1.6780629092702876e-5 103390386 103390386 0
13 1011 rs6491244 28558163 1 1.6550000703662676e-5 28558163 28558163 0
13 6443 rs9593346 79183804 1 -1.5665816559731683e-5 79183804 79183804 0
13 8349 rs9513278 98348713 1 -1.5508969438442138e-5 98348713 98348713 0
13 8971 rs565020 102812841 1 -1.483728785219014e-5 102812841 102812841 0
13 10085 rs12428495 111688230 1 -1.4735733575333913e-5 111688230 111688230 0
13 8217 rs1925103 97020042 1 1.4722630635038011e-5 97020042 97020042 0
13 7991 rs7982376 95367349 1 1.4480397284216931e-5 95367349 95367349 0
13 7912 rs9524292 94620468 1 1.297444787763683e-5 94620468 94620468 0
13 1488 rs9596233 33351016 2 1.2864301261805464e-5 33351016 33351016 0
13 8240 rs472010 97103978 1 1.277777834588012e-5 97103978 97103978 0
13 7963 rs1407995 95096013 1 -1.203204016025222e-5 95096013 95096013 0
13 7386 rs9588629 90196888 1 -1.1992142193709554e-5 90196888 90196888 0
13 10264 rs17120218 113164017 1 -1.1037586942624775e-5 113164017 113164017 0
13 4521 rs2329310 62111709 1 -1.0465563475568858e-5 62111709 62111709 0
13 10086 rs885339 111689235 1 9.819059061536612e-6 111689235 111689235 0
13 3713 rs4884292 53490330 1 9.49912699759257e-6 53490330 53490330 0
13 8755 rs4445762 101587845 1 9.409761728041157e-6 101587845 101587845 0
13 369 rs1926852 23576400 1 6.187222051522779e-6 23576400 23576400 0
13 368 rs6490765 23575968 1 5.970513909627412e-6 23575968 23575968 0
13 3233 rs9526314 47906259 1 -5.780034820801665e-6 47906259 47906259 0
13 6694 rs7983710 82080434 1 -5.253512750147959e-6 82080434 82080434 0
13 1128 rs3858736 29857400 1 -4.1806017895782904e-6 29857400 29857400 0
13 8836 rs1931084 101981103 1 -1.4888217282661355e-6 101981103 101981103 0
13 6343 rs17777179 78318389 1 6.233836861585993e-8 78318389 78318389 0
13 4428 rs1532807 61498582 1 5.794168444270103e-16 61498582 61498582 0
13 8671 rs9585260 100555382 1 5.058949953207021e-16 100555382 100555382 0
13 71 rs9509028 20657188 1 1.1037586370376384e-16 20657188 20657188 0
13 5752 rs9592910 73962709 1 1.0550185225543367e-16 73962709 73962709 0
