CHR Group SNP.lead BP.lead Size W BP.min BP.max BP.width
10 76 rs61839660 6094697 4 0.05132476298409656 6037553 6123495 85942
10 427 rs10857650 50030023 14 0.03643196794163386 49973323 50122181 148858
10 617 rs7893748 73483976 2 0.03616362879699422 73455201 73506514 51313
10 530 rs10821948 63809624 5 0.03492979270817993 63785089 63849790 64701
10 625 rs9664184 75409967 4 0.03487765719491624 75409967 75669319 259352
10 379 rs593992 34536049 9 0.0347999199659378 34536049 34941134 405085
10 121 rs10795685 9017944 3 0.03468406332226161 8933437 9035786 102349
10 831 rs118161359 103906612 4 0.03421775756205906 103894939 104176471 281532
10 535 rs10761654 64405646 5 0.03248978107913455 64356993 64445760 88767
10 349 rs4301703 30813618 3 0.02728088219301831 30790361 30813618 23257
10 820 rs3818411 101960966 4 0.0254680687095494 101829514 102085327 255813
10 1057 rs10765017 129168894 4 0.02509595386756514 129165419 129186924 21505
10 1074 rs9804335 130247173 4 0.02100955705699608 130232922 130278058 45136
10 360 rs2769202 32524898 2 0.02080188802037784 32460069 32538176 78107
10 819 rs11591518 101775611 5 -0.02004809627801058 101543047 101813802 270755
10 646 rs703261 79216423 8 -0.0198777262542333 79215147 79338239 123092
10 237 rs7079408 18377343 3 -0.01910258874645848 18312786 18377343 64557
10 1038 rs6597754 127948238 2 0.01908124433761428 127930820 127997303 66483
10 501 rs2306604 60148692 2 0.01907250516554644 60148692 60255969 107277
10 556 rs10509258 67783437 10 -0.01901582795159622 67775907 67974590 198683
10 84 rs602756 6466280 11 0.01734015332646145 6441755 6533877 92122
10 172 rs11598395 13181376 2 -0.01666546851176241 13155726 13193189 37463
10 266 rs5011832 21782842 5 0.01637758592213013 21701220 21782842 81622
10 402 rs2252783 43907495 4 0.01586904487162074 43809825 44014339 204514
10 406 rs1492712 44532138 6 -0.01580654721015583 44482885 44652274 169389
10 832 rs2296590 104262628 3 0.01551907985762354 104219132 104538611 319479
10 46 rs12245875 3856293 3 0.0154917608163931 3839024 3860167 21143
10 151 rs10752230 11803185 4 0.015380709367170141 11780837 11848189 67352
10 25 rs2638450 2447002 2 -0.0151242816388628 2422803 2537042 114239
10 77 rs1541020 6165030 2 0.01511821858848727 6164310 6182423 18113
10 1113 rs4750827 132547184 2 0.01491556581979518 132547184 132568315 21131
10 988 rs2935695 123481200 2 0.01472132187300553 123462841 123491643 28802
10 889 rs2255141 113933886 1 0.01455558241526833 113926224 113933886 7662
10 1117 rs1655127 132693122 3 0.01444450373542944 132682127 132693122 10995
10 763 rs2488083 94535940 1 0.01439204884419734 94516468 94565784 49316
10 429 rs4620641 50326725 4 -0.01436511998921105 50218813 50443840 225027
10 232 rs4561106 17456574 4 0.01426703634633027 17426474 17540370 113896
10 36 rs2306301 3154339 3 0.01412999847604892 3148116 3155770 7654
10 487 rs1572688 57690158 2 -0.01362886128282597 57557708 57728708 171000
10 293 rs3808907 25242922 3 -0.01346772575625539 25231171 25417521 186350
10 770 rs75139274 95278683 1 -0.01345757965451948 95278683 95332517 53834
10 873 rs10884919 111757791 6 0.01319433325937001 111632445 111930361 297916
10 1133 rs9419406 133811201 1 0.01260473940279575 133811201 133811201 0
10 536 rs224071 64508475 3 0.01252992278883214 64487073 64612824 125751
10 258 rs7085871 20720261 5 -0.01228764576648227 20684324 20842031 157707
10 73 rs907685 5900332 4 0.0121975313763441 5886149 5924482 38333
10 797 rs2817708 98889713 1 0.01192200242606225 98862741 98897237 34496
10 482 rs11004759 56916347 1 0.01189221997680297 56898863 56916788 17925
10 784 rs7069574 97315349 5 0.01174815850685152 97240100 97316040 75940
10 817 rs12260709 101318702 3 -0.01155024236671531 101274365 101323976 49611
10 419 rs786772 48601573 2 0.01154621866826714 48541475 48655350 113875
10 301 rs12413953 26173695 5 0.01154524969755217 26173695 26483504 309809
10 348 rs303435 30731491 2 0.01154515158826462 30728101 30778738 50637
10 385 rs708424 36191613 1 0.01146418710153289 36191613 36191613 0
10 687 rs11191331 83557187 2 0.01135276605824782 83534308 83583540 49232
10 1070 rs2152143 129906980 5 0.01132716276652492 129882119 129958296 76177
10 459 rs12220324 54386443 1 -0.01130578305329298 54344288 54386713 42425
10 381 rs2001893 35300623 1 0.01110936218667019 35194388 35549257 354869
10 6 rs7924182 1179519 2 -0.01102186869322171 1179519 1325411 145892
10 103 rs719748 7731885 1 0.01098219577824292 7722848 7731885 9037
10 1032 rs3740179 127483573 1 0.01098046148142354 127394788 127662935 268147
10 355 rs11597112 31362463 2 -0.01097341125546825 31146615 31402767 256152
10 678 rs7908544 82424161 2 0.01075658124031676 82424161 82424293 132
10 752 rs11544145 92631778 1 0.01073718831903102 92441029 92637833 196804
10 996 rs12571363 124230612 3 0.01058359275560961 124094467 124230612 136145
10 793 rs3827867 98416324 3 0.01053374147590261 98416324 98454760 38436
10 1147 rs6537607 135284115 1 0.01047951324880256 135223323 135284115 60792
10 88 rs2439903 6831860 6 0.01047154116283769 6782769 6883788 101019
10 242 rs11014049 18686452 2 -0.01036943149112134 18682539 18763854 81315
10 310 rs651134 27549961 2 0.01032424509706476 27549961 27586972 37011
10 166 rs2482069 12889696 1 0.01005170645230738 12873352 12889696 16344
10 517 rs10994250 61961795 4 -0.0096715105822823 61907907 61998060 90153
10 227 rs4747288 16988844 3 0.00962056176256559 16976618 17064992 88374
10 201 rs7099185 14864846 4 -0.00952622592911662 14841026 14894901 53875
10 773 rs11187583 95441272 5 -0.00947902586475809 95401292 95515515 114223
10 785 rs12242918 97328974 6 -0.00937830186697797 97328227 97732604 404377
10 704 rs12781048 85956268 5 0.00923246910063671 85939031 86016490 77459
10 636 rs1040936 78084407 4 0.00915477288769713 78005230 78157572 152342
10 627 rs7091085 76611849 2 0.00903933263629548 76568257 76808760 240503
10 111 rs7081521 8398914 1 0.00891978102578566 8388512 8401112 12600
10 1081 rs561020 130566749 1 0.00879092121401176 130552334 130566749 14415
10 600 rs10823600 72468097 5 0.00872425279956348 72351827 72475768 123941
10 309 rs882475 27477821 3 0.00859996665748009 27210569 27497191 286622
10 671 rs3851050 81882370 4 0.0084408838573939 81767388 81882370 114982
10 574 rs2429018 70799421 1 0.00834122521270999 70799421 70802309 2888
10 5 rs10508203 1119203 11 0.00831797883027043 1013535 1166400 152865
10 572 rs72799515 70405541 1 0.0082656905411185 70332580 70415515 82935
10 1118 rs7099843 132714218 5 -0.00821168742797691 132708309 132803392 95083
10 380 rs12777017 35116836 7 -0.00811229549538326 35016575 35159791 143216
10 401 rs3004212 43642810 2 0.00807244668297831 43612609 43793625 181016
10 696 rs7099749 84576414 2 0.00797388016081895 84556953 84669803 112850
10 1134 rs9419138 133834146 1 -0.00796001488313483 133834146 133862452 28306
10 672 rs2784774 81921553 3 0.00775420747772094 81891206 81963144 71938
10 424 rs1822861 49834326 1 0.00764262560547315 49834326 49871496 37170
10 618 rs4746094 73540915 5 -0.00761371829156161 73516463 73600316 83853
10 875 rs17127304 112134500 2 0.00757212634317778 112120573 112164194 43621
10 104 rs1244422 7838932 8 -0.00743179440522072 7749183 7886084 136901
10 839 rs2282092 106068471 3 0.00740346126819126 105928215 106101986 173771
10 371 rs3862575 33925036 2 -0.00740262747343404 33925036 34010790 85754
10 991 rs2461224 123839549 3 0.00730159566538801 123815371 123846490 31119
10 314 rs11006830 28356087 3 -0.00727497470756262 28311369 28410989 99620
10 586 rs10823416 71417394 2 0.00716630892051911 71409843 71451440 41597
10 580 rs3829185 71149319 4 -0.00715251320421403 71144324 71150635 6311
10 1022 rs7073257 126711633 4 -0.00713032337453191 126691180 126734419 43239
10 948 rs853576 119820073 2 0.00704234047781367 119820073 119943660 123587
10 165 rs928336 12834926 5 0.00697489748831587 12833612 12858045 24433
10 127 rs871158 9988716 2 0.00695167849541623 9975098 10061134 86036
10 935 rs10886051 118994479 5 0.00689328561952266 118961742 118994530 32788
10 663 rs17557872 80873608 5 0.00686386810081749 80841148 80874092 32944
10 60 rs3100196 4854229 1 -0.00681832711468733 4847017 4944816 97799
10 421 rs7896115 49730982 2 0.00678767392616908 49675247 49741135 65888
10 761 rs701846 93871066 1 0.0067698324560014 93691840 94190580 498740
10 718 rs2217223 88111630 2 0.00673600125749271 88005754 88126912 121158
10 319 rs11007191 28957854 4 0.00671864296212734 28783350 28995563 212213
10 410 rs2487504 45254830 3 -0.00669863424121765 45249394 45359483 110089
10 534 rs4508090 64329247 4 -0.00666147359224352 64276759 64329247 52488
10 136 rs1324317 10594364 1 0.00664504039132897 10594364 10626134 31770
10 529 rs7073837 63699895 6 0.00662877249446582 63688672 63752159 63487
10 679 rs7914246 82467629 2 -0.00650953473594845 82445987 82564676 118689
10 1105 rs766532 131991689 2 0.00625321658633054 131941265 131992245 50980
10 398 rs3758512 43019233 6 -0.00624767293261079 42982645 43186821 204176
10 149 rs11257159 11578174 1 0.00623110588122778 11492868 11578174 85306
10 313 rs7076276 28296076 1 0.0060509563354322 27978030 28296076 318046
10 85 rs943452 6615454 3 -0.00594615137218042 6551732 6615454 63722
10 231 rs17136474 17391660 1 0.00592223145126802 17351824 17406855 55031
10 304 rs3006819 26718561 2 0.00584116787773243 26704514 26734485 29971
10 272 rs11013153 23137898 3 0.00582259760989666 23097537 23214761 117224
10 438 rs10082515 52201167 1 0.00579885002621354 52127483 52404195 276712
10 11 rs2813433 1546782 2 -0.00573493089211727 1535202 1605715 70513
10 665 rs11002892 81011589 2 -0.00569432738795042 80963517 81015896 52379
10 263 rs591652 21406933 1 0.00567300491067624 21327127 21470801 143674
10 637 rs1873465 78189959 2 -0.00566875910144514 78189959 78629107 439148
10 884 rs10885122 113042093 5 0.00564486593304531 112982077 113072148 90071
10 966 rs11199206 121950989 3 -0.00557178426394648 121905620 121983126 77506
10 291 rs10741067 25120376 3 0.00553924412126256 25066353 25164979 98626
10 353 rs7097542 31042981 6 0.00553659744737193 31038752 31061216 22464
10 299 rs10764581 25996101 3 -0.00547981629768486 25994745 26014964 20219
10 200 rs7921961 14778352 3 0.00547599413082076 14740813 14793995 53182
10 813 rs2801405 100583915 4 0.00546440620716534 100378911 100587971 209060
10 943 rs1925283 119533345 1 -0.00545152514499481 119528591 119533345 4754
10 715 rs17105979 87688537 3 0.00541935336588179 87680908 87816757 135849
10 1060 rs10830109 129305535 1 -0.00536649618753022 129289558 129315562 26004
10 218 rs4748282 16400072 3 0.00529569544329177 16400072 16438524 38452
10 1148 rs7894111 135320016 4 0.00524263282969015 135296014 135434303 138289
10 1116 rs4750840 132676766 2 0.00520783389510876 132669618 132676766 7148
10 519 rs2393646 62319434 7 -0.00515852324860255 62209255 62437648 228393
10 859 rs607523 108880521 1 0.00512842551171807 108880455 109111499 231044
10 957 rs2275111 120917445 6 0.00510440229253614 120796430 120917445 121015
10 976 rs11815121 122719834 2 0.00508276999228446 122581712 122721684 139972
10 1037 rs6597745 127895098 1 0.00506834526613354 127895098 127911584 16486
10 540 rs10509192 65417520 2 -0.00506656852502561 65414090 65461640 47550
10 703 rs2067539 85804782 8 -0.00500333437964509 85737862 85893487 155625
10 87 rs11253857 6700116 3 -0.00500247560314567 6693011 6736921 43910
10 300 rs2442843 26056683 3 0.00500139904665324 26056683 26148710 92027
10 152 rs7079747 11893971 5 -0.00492796336174494 11873528 11936590 63062
10 1098 rs7911165 131626650 2 -0.00487736665354599 131601154 131626650 25496
10 598 rs10762385 72252825 1 -0.00484736514690068 72252825 72252825 0
10 683 rs9988765 82715797 4 0.00483804831713092 82715404 82815909 100505
10 1020 rs3781458 126343931 3 0.00483619450567799 126317857 126553531 235674
10 527 rs12248902 63594669 3 -0.00474979432385156 63574788 63633467 58679
10 513 rs10994094 61728196 2 0.00474209344456307 61630250 61728196 97946
10 735 rs10887866 90671750 5 -0.00474045077027179 90579609 90691412 111803
10 562 rs4494211 68524967 2 -0.00464702851478909 68444734 68556357 111623
10 565 rs2619652 68832416 5 -0.00461502075381373 68750412 68907816 157404
10 936 rs363294 119043554 1 0.00442389066799774 119043554 119102636 59082
10 37 rs17849904 3181126 4 -0.00438684656233915 3160726 3202065 41339
10 382 rs2506109 35873645 3 0.00435043947443277 35662640 35885299 222659
10 124 rs1150013 9358590 2 0.0043498047198959 9354276 9419691 65415
10 1005 rs705133 125210522 2 0.00434825067195389 125190029 125252093 62064
10 425 rs7897333 49910210 3 -0.0043458364037183 49907313 49930509 23196
10 66 rs11253141 5422196 2 0.00432477040050378 5404261 5537569 133308
10 350 rs906232 30831940 2 0.0042759701952602 30830592 30867140 36548
10 321 rs17759689 29054941 4 0.00424321231350926 29017304 29058083 40779
10 92 rs4748675 7141150 2 0.00422938827123065 7083369 7141150 57781
10 492 rs3907689 58995327 1 0.00422495940200102 58828890 58995327 166437
10 642 rs7895375 78967887 4 -0.00419768640511966 78938880 79017064 78184
10 465 rs1917186 54799931 1 0.00419392460105026 54738810 54831160 92350
10 1106 rs1028920 132059592 1 -0.00418387440356135 132012962 132152178 139216
10 940 rs181623 119363679 2 -0.00414890815564571 119351904 119418104 66200
10 732 rs10509540 90023033 3 0.00412793203937653 90020220 90051697 31477
10 397 rs4949008 42884169 3 -0.00409388630206309 38402789 42917476 4514687
10 964 rs34239637 121556259 2 0.00408945724492612 121416611 121701774 285163
10 824 rs10883547 102627228 1 0.00399993110576073 102627228 102749069 121841
10 1079 rs2767290 130470565 1 0.00399947722781235 130470565 130477824 7259
10 805 rs531676 99637578 1 0.00396200903153779 99637578 99647665 10087
10 857 rs4918280 108790758 4 0.0039542148451597 108743550 108795375 51825
10 316 rs1249334 28630300 4 0.00393799563979229 28504944 28646618 141674
10 126 rs1926222 9761738 1 -0.00391851433694506 9655895 9951762 295867
10 738 rs2211595 90843886 4 0.00386091852578448 90825718 90857198 31480
10 844 rs17790008 106845381 4 0.00383710530521716 106763703 107027076 263373
10 577 rs7907176 71051643 2 -0.00378431818035 71015389 71051643 36254
10 597 rs2394724 72121606 2 -0.00377370373670333 72118655 72204961 86306
10 219 rs7097885 16506501 1 0.0037399443720854 16479186 16547058 67872
10 1033 rs1710278 127738918 2 -0.00362820905551832 127731309 127745094 13785
10 1085 rs7900076 130782526 4 0.0035763019806987 130767361 130786576 19215
10 287 rs16924760 24724335 1 -0.00355442965332675 24724335 24776367 52032
10 658 rs753384 80591064 3 0.00353135070199157 80522637 80604614 81977
10 689 rs926929 83847988 3 0.00351484262585025 83775626 83865764 90138
10 298 rs16926251 25970198 1 0.00349538766758069 25918879 25970198 51319
10 329 rs9971350 29483846 2 0.00349230757120559 29466058 29489709 23651
10 721 rs12251540 88443302 1 0.00349198749485576 88443060 88446254 3194
10 866 rs4917528 110262425 5 0.00345354863808733 109961825 110286164 324339
10 110 rs946028 8348329 1 0.00344050777123858 8286284 8350343 64059
10 523 rs10509142 62773645 2 0.00336999747675953 62664755 62788795 124040
10 24 rs11251149 2341947 2 0.00330601081912579 2298593 2377838 79245
10 573 rs10998461 70616517 4 -0.00326833859289746 70475978 70742931 266953
10 1111 rs11017359 132387898 3 0.00326557717190175 132377231 132415345 38114
10 407 rs501120 44753867 3 0.00326449450990034 44671194 44845133 173939
10 277 rs16923552 23907200 4 -0.00322267770383332 23861418 23991074 129656
10 236 rs2437271 18276761 2 0.00319156938033904 18229566 18298132 68566
10 281 rs11814429 24430388 1 0.00318549655494414 24417442 24484239 66797
10 917 rs11196791 116333974 1 0.00313976062675856 116294497 116335246 40749
10 628 rs6480779 77109880 6 -0.00312081780019078 76818077 77112300 294223
10 1062 rs2154178 129452789 1 0.00310457615369961 129443941 129482294 38353
10 495 rs11591507 59392443 3 -0.00305564128632169 59317730 59404400 86670
10 953 rs1247122 120426849 5 0.00303429674137468 120382875 120539995 157120
10 723 rs11202285 88743691 1 0.00302660209453097 88700638 88743691 43053
10 86 rs7904485 6664154 3 0.00295906597975888 6650426 6677767 27341
10 399 rs2066394 43481956 6 0.00292507652932788 43262261 43526023 263762
10 204 rs17156239 15079699 1 0.00288934642376444 15073244 15117672 44428
10 714 rs3812645 87489317 4 -0.00288934402694875 87309413 87611943 302530
10 1090 rs476628 131041657 1 0.00286861658884248 131041657 131041657 0
10 783 rs17110707 97156908 3 0.00286326514967963 97070115 97222023 151908
10 767 rs11187382 95077553 4 -0.00283774263311684 95070080 95148470 78390
10 786 rs41291608 97920278 6 -0.00277371526120081 97772358 97984311 211953
10 799 rs12358777 99047159 3 0.00275142948646988 98955599 99072036 116437
10 1137 rs11146274 134073886 2 0.00274431129141844 134069351 134105957 36606
10 97 rs2255576 7514583 1 0.00272677127753205 7474760 7528721 53961
10 1088 rs7916199 130939105 1 0.00269285450760874 130939105 130939105 0
10 843 rs7900775 106600343 4 0.00269074535886399 106467853 106740404 272551
10 1138 rs10870302 134191738 2 0.00265750649426295 134124871 134191811 66940
10 762 rs4933731 94363993 4 0.00262628593738408 94209876 94481995 272119
10 75 rs17320853 6000259 2 0.00262189777505621 6000259 6009126 8867
10 624 rs11000645 75162263 2 0.00260734439357344 74761503 75391217 629714
10 173 rs17152941 13258459 2 0.0025831345115732802 13212884 13258459 45575
10 946 rs7907272 119664707 1 -0.0025810989020469 119648854 119694680 45826
10 698 rs17101972 85247193 5 -0.00257134826582082 85073628 85247193 173565
10 903 rs572679 115093617 1 -0.00256781465885314 115066879 115113013 46134
10 809 rs4919218 100111392 2 0.00249538840780053 100085888 100114965 29077
10 896 rs7075671 114501685 4 -0.00247579658208947 114458929 114546666 87737
10 675 rs7897697 82344060 4 0.00245467266194693 82307117 82355408 48291
10 170 rs633842 13058556 4 -0.00243946172025143 13054479 13077713 23234
10 984 rs755698 123165700 4 0.00239485920800035 123165700 123228660 62960
10 273 rs7898113 23364720 2 -0.00237401640664637 23230827 23364720 133893
10 254 rs11011740 20305855 2 0.00236801845965998 20288812 20305855 17043
10 760 rs7085519 93643195 4 0.0023674399469892 93378452 93673004 294552
10 1112 rs12219907 132531025 3 -0.002359010154148 132423915 132531025 107110
10 852 rs17120734 108170803 3 0.00234531636611757 108051576 108216760 165184
10 898 rs11196152 114686805 1 0.00234156042507563 114652695 114687884 35189
10 858 rs10509826 108804840 1 0.00233872976029063 108804840 108859804 54964
10 1127 rs3125538 133237565 2 -0.00231935747480343 133225447 133309117 83670
10 969 rs2463147 122215377 1 -0.00231277855463459 122176310 122215377 39067
10 90 rs10905064 6962623 3 -0.00230911071475098 6941948 6969816 27868
10 902 rs1923446 115002111 1 0.00230010118519743 114980817 115038675 57858
10 615 rs3998531 73340767 1 -0.00228602958117421 73309246 73340767 31521
10 788 rs3789940 98085338 1 -0.00228186854844949 98011364 98140048 128684
10 480 rs1349893 56701951 2 0.00224870549627689 56682225 56728229 46004
10 699 rs7900509 85358478 3 0.00223858127941312 85312966 85422854 109888
10 910 rs151591 115713566 2 0.002224530122086 115707967 115731668 23701
10 1000 rs1891111 124606165 1 -0.00219842365142887 124606165 124856850 250685
10 128 rs715814 10117897 2 0.00217764005810234 10117897 10148233 30336
10 620 rs7919939 73680382 3 0.00217665460783606 73665651 73722023 56372
10 56 rs7098007 4615355 1 -0.00215709856731947 4612690 4659197 46507
10 557 rs7097811 68014395 3 0.00215263249920161 67990918 68057443 66525
10 333 rs1054767 29774578 1 -0.00212438636351081 29759434 29783692 24258
10 833 rs284861 104572276 2 0.00209717930059931 104546284 104939232 392948
10 26 rs11251392 2635863 2 0.00209414370144304 2544480 2635863 91383
10 670 rs7078012 81705433 1 -0.00208983366369772 81232632 81764081 531449
10 4 rs9124 858022 1 -0.00208941020206557 834736 991737 157001
10 779 rs10509680 96734339 6 0.00208866337571333 96140822 96751270 610448
10 803 rs17108378 99502897 1 0.0020825403033679 99476915 99537490 60575
10 155 rs10906097 12243821 2 0.00207404291418452 12243821 12314997 71176
10 1131 rs9419646 133555393 3 -0.00206179843325676 133517373 133555654 38281
10 924 rs180627 117773116 1 0.00202705876050193 117728684 117823739 95055
10 390 rs1219563 36526084 3 -0.00200287186547299 36525137 36648040 122903
10 474 rs11004183 56015656 1 -0.00199955794579646 55948714 56040566 91852
10 525 rs10509148 63169896 4 0.00199255688069012 63143388 63353058 209670
10 737 rs1800682 90749963 1 0.00194509319674766 90745130 90775756 30626
10 622 rs7069703 73970451 3 0.0019345004428904 73820001 74032366 212365
10 202 rs7087438 15009109 1 0.0019317600639939 14996416 15012535 16119
10 632 rs2057435 77674635 1 0.00192440098169635 77674635 77674635 0
10 1076 rs10764786 130322451 2 -0.00190986525704445 130322451 130328926 6475
10 907 rs3124743 115464171 3 -0.00188301299004079 115377290 115513098 135808
10 351 rs16931765 30887952 1 0.00188136479753818 30887952 30896831 8879
10 240 rs1295881 18566529 1 0.00184727840583193 18552276 18571215 18939
10 471 rs10763009 55579294 3 -0.00184533531738022 55539871 55717918 178047
10 34 rs3829910 3095281 1 0.00181988854974868 3071566 3095281 23715
10 825 rs140202357 102891390 4 0.00180387741081852 102813354 102897659 84305
10 23 rs11592542 2258513 5 -0.00179620764885007 2241511 2294754 53243
10 225 rs780632 16861400 1 -0.0017835072873652 16852667 16886806 34139
10 990 rs17102867 123780378 5 -0.00175849069791414 123624510 123796743 172233
10 336 rs1247451 29940460 3 -0.00175513612663302 29898439 29958333 59894
10 409 rs17156718 45126020 3 0.00174586148960307 45026907 45210690 183783
10 8 rs3793733 1421326 1 0.0017412627496882 1411713 1421326 9613
10 801 rs7093643 99350128 2 0.00172876041642856 99350128 99366769 16641
10 481 rs11004713 56817554 1 -0.00170239180290726 56745512 56849669 104157
10 197 rs11259181 14596739 2 -0.0016928054219017 14498437 14633723 135286
10 931 rs1014246 118466042 6 -0.00168897672448467 118434045 118506755 72710
10 68 rs11253227 5594362 1 0.00168459541269184 5591025 5594362 3337
10 340 rs10763759 30110560 1 -0.00166879940729711 30102047 30167754 65707
10 576 rs5030937 70975897 6 -0.00164508968778556 70975239 70992664 17425
10 747 rs1329180 91930931 2 0.00160232204507095 91782728 91949422 166694
10 458 rs7085224 54301740 2 -0.00159066392326089 54175474 54301740 126266
10 100 rs12771124 7631098 1 0.00158668750653023 7631098 7631570 472
10 713 rs10887493 87293229 1 -0.00158440833133307 87293229 87293229 0
10 899 rs7901275 114732906 2 -0.00156121976643449 114732882 114732906 24
10 179 rs2251555 13534851 4 0.00154609220120004 13531381 13617554 86173
10 158 rs2399849 12499860 1 0.0015157139686364 12499860 12520663 20803
10 626 rs3180427 75881347 4 -0.00149973614784222 75741457 76527573 786116
10 177 rs12257870 13430150 1 -0.00149858420662106 13415971 13430150 14179
10 19 rs10903634 2075634 4 -0.00148359624543968 2000068 2093997 93929
10 623 rs11000413 74541864 3 -0.00147976650173681 74109459 74637326 527867
10 655 rs2019432 80312407 3 -0.00146221387220155 80238142 80359650 121508
10 1046 rs7902474 128405292 2 0.00146210191177797 128378598 128407765 29167
10 686 rs1415918 83305304 1 -0.00146103336533323 83305304 83522580 217276
10 217 rs1413706 16347602 8 0.00145863856002003 16256337 16386748 130411
10 339 rs1539536 30014723 4 -0.00145306944865173 30012843 30094198 81355
10 1028 rs6597706 127148124 2 -0.00145102151708039 127107129 127175202 68073
10 1016 rs11244602 126064956 1 0.00144823854989463 126062722 126128552 65830
10 645 rs7922645 79203228 1 -0.00143128242298099 79200117 79203228 3111
10 297 rs11815379 25862212 4 -0.00143007324265137 25831178 25905876 74698
10 235 rs17141430 17680077 3 -0.00139634134529867 17604430 17757296 152866
10 604 rs10999616 72719407 7 0.00137575787478529 72674069 72719407 45338
10 816 rs12261087 101252165 5 0.00137086288759993 101166544 101264162 97618
10 1018 rs11245086 126163164 1 -0.00135943861392029 126163164 126229920 66756
10 511 rs7094971 61449564 4 -0.00135556264530725 61388368 61469538 81170
10 828 rs621106 103065599 3 -0.00134718914985788 102964604 103073654 109050
10 892 rs1926564 114139896 1 -0.00133809990714457 114066230 114169664 103434
10 181 rs943101 13729426 2 0.00133460588005249 13729426 13741612 12186
10 882 rs9703807 112741551 6 0.0013310590694852 112633918 112860391 226473
10 603 rs12253257 72657973 2 0.00131108899287134 72593893 72657973 64080
10 878 rs1107442 112303595 2 0.00128964843884411 112303595 112349879 46284
10 248 rs2358352 19497686 2 -0.00128390676080892 19428643 19534443 105800
10 666 rs1250539 81037229 1 0.00124611216642114 81030237 81057833 27596
10 244 rs6481535 19122272 4 -0.00122894851111927 19013396 19174999 161603
10 548 rs7091769 66529552 1 -0.00121020415762114 66523544 66583738 60194
10 756 rs7908053 92934593 2 0.00119830451896171 92934593 92972619 38026
10 601 rs1861519 72496131 3 0.00119665189003485 72483010 72505992 22982
10 408 rs11598086 45002370 3 -0.0011946105746814 44881455 45005002 123547
10 796 rs2817685 98845536 1 -0.00119211342842833 98809703 98845536 35833
10 400 rs17158508 43590280 1 0.00117857240985569 43552895 43594545 41650
10 589 rs2763335 71577422 3 -0.00117571007541985 71554474 71583198 28724
10 490 rs17661970 58368086 4 -0.00116796989667398 58342829 58552182 209353
10 191 rs10906611 14173658 2 -0.00116424749501653 14145486 14186840 41354
10 856 rs822094 108718383 4 0.00116206567681321 108679892 108720972 41080
10 497 rs7924040 59638217 4 -0.00116119264351638 59577377 59677013 99636
10 928 rs1431486 118193132 2 0.00115917545045548 118117576 118198276 80700
10 944 rs11198112 119564143 1 0.00115358374619583 119564143 119587425 23282
10 17 rs11250880 1926697 2 0.00114390826574291 1891815 1936350 44535
10 325 rs1908573 29230913 3 0.00111431038448525 29205665 29265375 59710
10 114 rs4237397 8500122 3 -0.00111277055990702 8500122 8538492 38370
10 70 rs11253250 5631737 1 0.0011105218243499 5610349 5634775 24426
10 433 rs1917814 50853526 1 0.00110679406767067 50850163 50902684 52521
10 148 rs2454797 11431693 2 0.0010921162039047 11424447 11456926 32479
10 64 rs1931669 5321569 1 0.0010908772498211 5238196 5349871 111675
10 743 rs12254170 91297717 2 -0.00108640619570432 91297717 91376975 79258
10 318 rs2153299 28752106 2 0.00107925661662383 28738098 28770018 31920
10 684 rs11189282 83059717 2 0.00105687382177638 82909302 83090548 181246
10 697 rs4362092 85062296 2 0.00103993865013719 84680499 85062296 381797
10 250 rs11009865 19719401 1 -0.00103824033939135 19719401 19807875 88474
10 50 rs10795130 4151121 2 -0.00103646568057653 4092494 4212277 119783
10 727 rs12414218 89481779 2 9.938953392646878e-4 89468953 89547048 78095
10 980 rs10788154 123021241 2 -9.854450058537675e-4 123021241 123076181 54940
10 1071 rs1329189 129998372 2 9.775775042659709e-4 129984460 130048165 63705
10 512 rs4948244 61570574 1 -9.769748321664246e-4 61479385 61619983 140598
10 9 rs2820651 1471765 2 9.766376595897533e-4 1459379 1503564 44185
10 394 rs2488747 37256635 1 -9.736634053669268e-4 37130138 37256635 126497
10 838 rs805681 105783797 1 -9.669730487902292e-4 105729887 105815324 85437
10 83 rs947474 6390450 1 9.624422932401932e-4 6390107 6390450 343
10 500 rs1905455 60115223 1 9.491167683985872e-4 59925048 60115223 190175
10 422 rs2289808 49790972 3 -9.481839389839226e-4 49760827 49797472 36645
10 652 rs1249150 79980507 1 9.401230800903088e-4 79975194 80008668 33474
10 1034 rs2078114 127776336 1 9.1845797190269e-4 127764148 127816662 52514
10 183 rs4424567 13801269 2 -9.144356180765796e-4 13801269 13801269 0
10 393 rs10827697 37035679 1 9.0618757938095e-4 36964639 37113509 148870
10 547 rs2394084 66373497 1 8.989325703118399e-4 66369826 66468127 98301
10 1095 rs7909964 131338714 1 -8.950787676014187e-4 131262486 131423126 160640
10 1069 rs7093446 129860813 1 8.81644366871909e-4 129845547 129874447 28900
10 302 rs8190646 26520507 1 -8.808603380193753e-4 26500166 26625316 125150
10 998 rs10902929 124460069 3 8.786772081251534e-4 124456033 124524241 68208
10 526 rs10821899 63383502 6 8.781415429884738e-4 63361987 63541723 179736
10 361 rs950132 32624636 1 8.72550829695544e-4 32561648 32700343 138695
10 951 rs12571492 120231835 2 8.645540702046006e-4 120181447 120237076 55629
10 1010 rs1219739 125525469 2 -8.633400069192687e-4 125480831 125530746 49915
10 837 rs11191839 105634895 4 8.563697740950008e-4 105586509 105720022 133513
10 867 rs11194176 110345230 1 -8.561245916556227e-4 110345230 110345230 0
10 555 rs1670148 67677241 7 -8.558517035467115e-4 67606959 67729575 122616
10 468 rs2133470 55137321 1 -8.408234160744881e-4 55116060 55188322 72262
10 558 rs16922827 68085353 2 -8.359765047378051e-4 68081241 68221237 139996
10 1124 rs2033790 133102434 1 -8.346796587327661e-4 133048749 133108761 60012
10 724 rs2296063 88852942 1 8.308368273578356e-4 88852942 88947473 94531
10 239 rs1613804 18515834 1 8.257970240933983e-4 18499676 18520535 20859
10 972 rs10886730 122394214 1 8.211817598008876e-4 122374787 122398063 23276
10 1109 rs448669 132268933 2 8.204733009468272e-4 132268039 132345497 77458
10 142 rs1291843 11104819 1 8.039080762385134e-4 11101626 11161978 60352
10 769 rs10882256 95272834 1 8.030721895430932e-4 95260965 95276718 15753
10 269 rs6482203 22479936 5 7.912366329180093e-4 22319508 22538174 218666
10 1055 rs2050305 129019678 1 -7.911786030652493e-4 129015005 129128317 113312
10 916 rs2475230 116259930 1 -7.861379622232437e-4 116233824 116259930 26106
10 870 rs4396209 111000911 3 7.821555140482546e-4 110938966 111202837 263871
10 538 rs2664339 64812131 1 -7.801057116400347e-4 64765654 64839442 73788
10 518 rs12217173 62091912 1 -7.740968320874273e-4 62028797 62185494 156697
10 716 rs7921149 87909947 1 7.698933591795708e-4 87861382 87924667 63285
10 614 rs2394806 73290319 1 7.677164634203176e-4 73290319 73295121 4802
10 275 rs11013362 23564345 1 -7.669232584686247e-4 23466734 23688651 221917
10 479 rs953128 56502386 2 -7.623888740360546e-4 56423968 56626553 202585
10 354 rs12572052 31119770 2 -7.60435231601068e-4 31099139 31129883 30744
10 363 rs1923268 33374808 2 7.603662975265203e-4 33353843 33446557 92714
10 435 rs3123078 51524971 1 7.582818900013666e-4 51524971 51593354 68383
10 452 rs12778630 53814383 2 7.581798523364574e-4 53792576 53825576 33000
10 157 rs7100726 12450495 1 7.57626942894811e-4 12450495 12487996 37501
10 134 rs1819232 10509715 1 7.553679912542521e-4 10436076 10540164 104088
10 43 rs2129441 3692191 2 -7.236730398437817e-4 3563318 3701654 138336
10 777 rs10786152 95893514 1 7.224382949890465e-4 95867069 95946520 79451
10 887 rs6585111 113524371 1 7.215416174422549e-4 113512966 113719764 206798
10 1039 rs3847470 128030244 2 7.083847232149736e-4 128025384 128045927 20543
10 920 rs11197045 116828592 1 7.025661796723063e-4 116689936 116828592 138656
10 42 rs11251914 3526686 1 -6.946742539848224e-4 3505030 3559601 54571
10 63 rs1937923 5159883 1 -6.926213880887798e-4 5121745 5229091 107346
10 1132 rs11156481 133647554 4 -6.913784432562933e-4 133561098 133647554 86456
10 54 rs11252571 4554674 1 6.798379889156496e-4 4554674 4554674 0
10 664 rs6480922 80913782 1 6.791508374746507e-4 80913782 80953136 39354
10 730 rs6586120 89863761 2 6.791275374375208e-4 89855562 89892100 36538
10 919 rs7077074 116539304 2 6.79036013022606e-4 116498910 116659253 160343
10 963 rs196313 121383036 2 6.754206545036708e-4 121311308 121401490 90182
10 327 rs2783434 29347220 3 6.750263883625305e-4 29327405 29361017 33612
10 396 rs911176 37909366 4 6.538680999207754e-4 37598859 38032484 433625
10 608 rs7923921 72902886 1 -6.524209490774127e-4 72832086 72948577 116491
10 249 rs4433484 19689148 1 -6.499159117873846e-4 19578455 19696007 117552
10 303 rs2184566 26657318 2 -6.364439444243326e-4 26654660 26673486 18826
10 842 rs1577223 106388689 2 -6.353412263295881e-4 106349202 106440612 91410
10 41 rs7090790 3416737 2 6.297476207839274e-4 3363137 3482498 119361
10 790 rs2861580 98208287 1 6.253351707740145e-4 98183070 98263545 80475
10 654 rs10824609 80206903 1 6.251698399650835e-4 80100861 80223728 122867
10 312 rs7092214 27937752 2 6.245013768270189e-4 27869503 27963246 93743
10 403 rs7893169 44050715 2 6.222600950240231e-4 44050715 44104513 53798
10 13 rs11250672 1665466 5 -6.185245974512621e-4 1661398 1710729 49331
10 279 rs10741035 24287260 2 -6.180023705081689e-4 24274773 24322509 47736
10 199 rs1410073 14734972 1 6.154424233848091e-4 14704727 14735073 30346
10 725 rs17772401 89182615 2 -6.077350948202226e-4 89175636 89336834 161198
10 751 rs10748546 92137272 2 -6.072737075835573e-4 92137272 92436384 299112
10 1104 rs1016314 131852222 1 -6.067895233492428e-4 131852222 131884171 31949
10 1087 rs2123425 130883170 1 -6.044357968960446e-4 130851955 130925103 73148
10 1059 rs2229603 129249662 1 -6.041777134544399e-4 129249662 129285183 35521
10 522 rs7081336 62640488 2 5.921184819822123e-4 62638036 62650428 12392
10 901 rs7085532 114859463 1 -5.835390288894545e-4 114859463 114888608 29145
10 641 rs573712 78919640 2 5.802544880205394e-4 78875741 78919640 43899
10 55 rs10795187 4609790 1 -5.760180110985608e-4 4576042 4609790 33748
10 1 rs4242758 426966 4 5.754586445936606e-4 423555 635857 212302
10 560 rs1911291 68306814 1 -5.752919627258454e-4 68282970 68353739 70769
10 504 rs1992657 60581614 1 5.729276130204327e-4 60581614 60600846 19232
10 553 rs10509232 67473745 1 -5.700463709739109e-4 67379181 67539130 159949
10 374 rs743107 34209459 2 -5.680349976989187e-4 34209459 34230325 20866
10 108 rs10508345 8225798 1 -5.669154482282581e-4 8179864 8246142 66278
10 975 rs2997283 122550308 1 -5.608649022955536e-4 122513248 122557286 44038
10 993 rs4752655 123897130 1 5.606089175965345e-4 123897130 123897130 0
10 91 rs870871 6997213 1 5.583054451909323e-4 6993426 7039552 46126
10 470 rs1343011 55522899 1 -5.581812176413932e-4 55371601 55522899 151298
10 712 rs1949058 87251652 1 5.52115404121689e-4 87232638 87284920 52282
10 366 rs10827245 33639488 1 -5.426636946939625e-4 33579890 33648832 68942
10 1129 rs10872807 133443512 1 5.425724573763468e-4 133360968 133473698 112730
10 847 rs17119461 107516352 1 5.367012975197791e-4 107501893 107530680 28787
10 821 rs10786597 102291287 3 -5.361029438893839e-4 102104521 102299407 194886
10 436 rs3739979 52002980 3 5.357291751060114e-4 52002204 52019352 17148
10 693 rs2247247 84383277 1 5.306873124769411e-4 84383277 84383277 0
10 414 rs10900221 45988597 1 5.302431553108509e-4 45916834 46109533 192699
10 168 rs928339 12984272 2 5.286592794924225e-4 12975556 12985117 9561
10 483 rs16907126 56989733 2 -5.227945995464006e-4 56929835 57029123 99288
10 1014 rs7922403 125933075 1 5.147801975911087e-4 125924595 125934670 10075
10 705 rs7077085 86313427 1 -5.135912272540386e-4 86023610 86349294 325684
10 759 rs4329592 93366275 1 -5.070301492033039e-4 93347297 93368163 20866
10 575 rs2229498 70856852 3 5.06630305831042e-4 70829725 70969158 139433
10 143 rs592033 11198255 3 5.04211228692257e-4 11185145 11237509 52364
10 1125 rs4259751 133142938 1 -5.012247075551777e-4 133132701 133142938 10237
10 478 rs9971344 56327876 1 -4.993832092025854e-4 56327876 56389870 61994
10 1108 rs307387 132243193 1 -4.858029607148225e-4 132205196 132250590 45394
10 1140 rs2819718 134404571 1 4.792531513324933e-4 134352620 134459388 106768
10 190 rs10906566 14053253 1 -4.7579672337941394e-4 14050695 14123459 72764
10 656 rs592242 80442471 3 -4.756301411318405e-4 80392568 80458157 65589
10 132 rs10905707 10321874 1 -4.674275865397925e-4 10321874 10364529 42655
10 1061 rs10734107 129353132 11 -4.6704337828414304e-4 129346199 129418956 72757
10 194 rs7077526 14374370 2 -4.5182288275274433e-4 14354960 14396207 41247
10 1050 rs6597823 128546740 1 4.4661037975451e-4 128538253 128569545 31292
10 744 rs10881687 91605122 1 4.352957656950365e-4 91395428 91611861 216433
10 778 rs1547643 96011865 1 -4.352007691118178e-4 95976932 96121505 144573
10 987 rs2935713 123432188 1 4.3517374495301785e-4 123380393 123445373 64980
10 238 rs1888692 18453209 3 -4.343713825800124e-4 18407957 18476276 68319
10 1015 rs6597881 126007164 1 4.335961942828042e-4 125980308 126052440 72132
10 494 rs7073872 59213595 1 -4.305934411461985e-4 59213174 59300009 86835
10 765 rs12778515 94881288 2 -4.294362857873971e-4 94852448 94946268 93820
10 285 rs11014053 24647899 1 4.2888823679241894e-4 24636556 24675337 38781
10 139 rs7085538 10874535 1 4.267617311196182e-4 10800193 10926211 126018
10 630 rs2395289 77284374 1 -4.244282730591618e-4 77143467 77284374 140907
10 578 rs7897621 71056150 1 4.237343525415744e-4 71056150 71082214 26064
10 811 rs1060445 100218766 1 -4.195052561012983e-4 100218766 100234276 15510
10 588 rs7894473 71511081 1 -4.1811179635133186e-4 71502192 71540035 37843
10 906 rs7080536 115348046 2 -4.1151002447444186e-4 115334124 115372156 38032
10 1024 rs1152690 126796382 3 4.081459100225232e-4 126793086 126846214 53128
10 798 rs2784920 98913628 3 4.042631591169236e-4 98903394 98937908 34514
10 643 rs12221259 79152544 2 -4.006686426856394e-4 79051460 79164857 113397
10 918 rs17092237 116417012 2 3.839192263550236e-4 116364424 116463434 99010
10 742 rs303181 91257302 1 3.836660636868183e-4 91201269 91263587 62318
10 649 rs1366047 79704394 1 3.775243001442411e-4 79529807 79704394 174587
10 122 rs10490944 9143511 1 3.748692071722742e-4 9041158 9192604 151446
10 733 rs10509543 90072352 2 -3.7414376680593967e-4 90069353 90376864 307511
10 701 rs11200713 85628215 3 -3.7027232320496815e-4 85628215 85664031 35816
10 507 rs9299588 60925428 1 3.650844143321231e-4 60832582 61063157 230575
10 255 rs2460594 20431361 2 3.6291602239100346e-4 20375875 20496270 120395
10 117 rs4747806 8638235 1 -3.611144587441901e-4 8628416 8715144 86728
10 208 rs2138929 15294548 1 3.605642141693255e-4 15294548 15294548 0
10 728 rs10887766 89755075 1 3.5686007326416006e-4 89596558 89768584 172026
10 469 rs421811 55301663 4 -3.5664605999209437e-4 55198707 55301663 102956
10 740 rs2250645 91008873 1 -3.553863890396708e-4 90992104 91008873 16769
10 651 rs1149747 79955120 1 -3.4819808678365955e-4 79926700 79955120 28420
10 387 rs771872 36253686 2 3.467578304456335e-4 36253686 36292634 38948
10 750 rs943316 92081093 1 -3.461253006157549e-4 92081093 92102972 21879
10 609 rs11593534 73043016 2 3.440004065807282e-4 72991385 73047690 56305
10 554 rs10509235 67560490 1 3.407032562738164e-4 67560490 67560490 0
10 455 rs1919460 54037188 3 3.3781791766286163e-4 53943887 54037188 93301
10 307 rs11015236 26993080 4 3.3607939678015667e-4 26900228 27020568 120340
10 1002 rs7074757 124967685 1 -3.3390926410356786e-4 124931515 124982500 50985
10 71 rs6602236 5654167 1 -3.316528556819358e-4 5642758 5696482 53724
10 711 rs1912282 87214408 1 3.3062393534173055e-4 87174520 87214408 39888
10 252 rs7080901 20144397 1 3.269309844069794e-4 20140808 20151213 10405
10 109 rs494602 8270890 1 3.203187633306139e-4 8255232 8270890 15658
10 214 rs12218978 15895956 1 -3.155733864728875e-4 15810354 15895956 85602
10 595 rs10999185 71965793 2 -3.0875565181000725e-4 71915507 72015573 100066
10 451 rs2454564 53736306 1 3.072596664201125e-4 53708732 53789388 80656
10 929 rs1897515 118221256 2 3.0154491119327106e-4 118211224 118285633 74409
10 29 rs11251440 2749491 1 -2.918058129574829e-4 2749491 2804997 55506
10 949 rs11198331 120014511 1 -2.8748153885739026e-4 120014511 120082538 68027
10 437 rs2842084 52068298 2 2.8201613210914475e-4 52036455 52099505 63050
10 834 rs2986035 105233110 1 2.7892490579240826e-4 104964536 105244565 280029
10 700 rs662166 85586066 1 -2.775951661844067e-4 85482501 85600447 117946
10 1009 rs1991396 125455123 1 2.7564349679770974e-4 125436555 125466049 29494
10 488 rs10733945 57916382 1 -2.707542303565681e-4 57750714 57932910 182196
10 719 rs1863826 88141534 1 -2.672882280663834e-4 88141534 88276899 135365
10 533 rs753518 64235506 2 -2.6438487470681815e-4 64205327 64252883 47556
10 861 rs10884484 109388776 1 2.6319137306483924e-4 109368144 109453932 85788
10 869 rs12265218 110622649 2 -2.619671835378803e-4 110463874 110918774 454900
10 754 rs12777523 92811346 2 2.596305233630508e-4 92806472 92872941 66469
10 491 rs4935682 58750560 2 -2.5898530620723897e-4 58559447 58805347 245900
10 932 rs1900501 118536492 1 2.540294245285244e-4 118522665 118575606 52941
10 542 rs7916789 65568254 1 2.5385949065828895e-4 65568254 65718332 150078
10 1126 rs7896909 133159554 1 -2.5383933006736445e-4 133149092 133193798 44706
10 552 rs10822552 67193734 3 -2.5329438556646877e-4 67118874 67238911 120037
10 169 rs12763563 13031971 1 2.524328669364401e-4 12999115 13031971 32856
10 72 rs2275774 5799613 4 -2.480620265439893e-4 5735648 5856984 121336
10 865 rs317455 109925206 1 -2.4584162003555307e-4 109884688 109949370 64682
10 631 rs12261071 77605724 1 2.439728075975665e-4 77448435 77649224 200789
10 1120 rs11017718 132901331 1 -2.3595510969196876e-4 132901331 132908210 6879
10 193 rs1218335 14306078 1 2.340857406960776e-4 14276664 14309999 33335
10 115 rs2646393 8576629 1 2.339337351330301e-4 8561142 8586827 25685
10 862 rs6584825 109509769 2 -2.2919478399338435e-4 109486048 109575301 89253
10 502 rs11006227 60459795 2 -2.2369911814392287e-4 60387972 60459795 71823
10 593 rs3793822 71698392 1 -2.1447225144991967e-4 71696832 71716509 19677
10 764 rs2068888 94839642 1 2.122488114849635e-4 94710761 94843535 132774
10 334 rs12413724 29842681 2 2.113185955156431e-4 29822032 29874633 52601
10 660 rs1981221 80640638 2 2.0889276024580017e-4 80636291 80687569 51278
10 974 rs2997238 122494719 1 2.060999028030427e-4 122494719 122508089 13370
10 879 rs10885031 112498330 2 1.989174588663443e-4 112392162 112498657 106495
10 640 rs11002013 78856627 1 -1.963589925145408e-4 78749196 78856627 107431
10 694 rs2348332 84389603 1 -1.9595932714684835e-4 84389603 84470658 81055
10 1045 rs10751572 128372802 1 1.95786979806299e-4 128340976 128373707 32731
10 32 rs7923826 2983047 1 1.9224887116762893e-4 2939241 2990680 51439
10 908 rs10509985 115561171 1 -1.9168826088371432e-4 115519152 115565998 46846
10 48 rs4881234 3949016 2 -1.9154975852607296e-4 3917237 3950446 33209
10 688 rs10883973 83717632 1 -1.893510592638537e-4 83616171 83755561 139390
10 673 rs4934027 82035560 1 -1.889717183163148e-4 81972386 82149655 177269
10 1080 rs4750993 130518039 1 1.8749752990576907e-4 130518039 130518039 0
10 900 rs12243326 114788815 2 -1.8442756895307937e-4 114754088 114821807 67719
10 432 rs1917820 50772362 2 1.842123565004657e-4 50660509 50830171 169662
10 342 rs2795622 30250420 1 1.795596166513447e-4 30243844 30250420 6576
10 364 rs2506144 33468456 3 1.7955218869903245e-4 33454715 33517647 62932
10 257 rs1332551 20676808 1 1.7738833312358813e-4 20633912 20676808 42896
10 968 rs2420703 122128960 1 -1.723468113504272e-4 122128960 122152784 23824
10 860 rs12769559 109283322 1 -1.674567601059475e-4 109121432 109340642 219210
10 610 rs7079524 73069492 1 -1.653309702535613e-4 73062048 73093680 31632
10 667 rs12245462 81090350 1 1.639177646658398e-4 81074816 81136015 61199
10 21 rs1333203 2131912 1 1.624915623674489e-4 2131912 2173156 41244
10 486 rs7073734 57208210 1 -1.603874998581414e-4 57208210 57537162 328952
10 0 rs2448378 273344 1 1.6035851254686228e-4 236452 326894 90442
10 616 rs10823804 73380904 1 1.5977998794728735e-4 73355056 73439975 84919
10 766 rs10786086 95038188 3 -1.5900303370212183e-4 94948753 95064137 115384
10 80 rs11257472 6277661 1 1.5053405674617532e-4 6277661 6277661 0
10 768 rs1105340 95233856 1 1.4371674990479907e-4 95159025 95249605 90580
10 1139 rs10870311 134290526 1 -1.4091809673952562e-4 134290526 134290526 0
10 289 rs2249911 24837715 1 1.4002710887929832e-4 24823076 24837715 14639
10 781 rs10786195 97039458 1 -1.3788018829620898e-4 96997820 97039458 41638
10 135 rs12571685 10564423 2 1.365039686812006e-4 10552597 10586563 33966
10 692 rs7078253 84136681 5 1.3506180528679234e-4 84008661 84265169 256508
10 1103 rs2477970 131830899 1 -1.3032652934127833e-4 131830640 131844235 13595
10 113 rs2454062 8464847 1 1.2759671654659783e-4 8449327 8480488 31161
10 295 rs10399962 25730280 1 -1.249579785935052e-4 25643525 25732083 88558
10 220 rs1052708 16553355 3 -1.2456772070168755e-4 16553355 16572258 18903
10 1121 rs4751329 132943161 1 1.2342443445747611e-4 132943161 132958926 15765
10 1142 rs12413155 134810401 1 1.2214658357798488e-4 134748281 134810401 62120
10 161 rs2648710 12603912 1 1.2028956980607918e-4 12595329 12608676 13347
10 690 rs12249088 83922529 1 1.1971182643741574e-4 83908249 83968703 60454
10 613 rs7901112 73241440 1 1.1867951034284926e-4 73240361 73274886 34525
10 596 rs4746992 72057163 1 1.1798760361465684e-4 72055156 72111848 56692
10 189 rs4329578 14040425 1 -1.143953523996434e-4 14008445 14040425 31980
10 539 rs1553789 64879229 6 -1.1428225075682964e-4 64862962 65393613 530651
10 749 rs10219117 92022480 1 1.1389360493253336e-4 92022480 92077274 54794
10 621 rs4148927 73739261 1 1.1072809962106595e-4 73731442 73778267 46825
10 848 rs1603345 107630997 1 -1.0802634479410978e-4 107630997 107757069 126072
10 840 rs1981101 106147824 1 1.0541543168228872e-4 106147824 106214081 66257
10 441 rs1904699 52909710 1 1.028341908195052e-4 52905494 53025206 119712
10 1064 rs11816315 129634584 1 1.0184152583035725e-4 129602871 129634584 31713
10 1058 rs10830066 129243794 2 -1.0022876552512372e-4 129208021 129248077 40056
10 52 rs7072047 4428799 1 -9.879275660870068e-5 4334578 4433288 98710
10 372 rs7068747 34128582 1 -9.616692622373784e-5 34023497 34151735 128238
10 1065 rs1000797 129652787 1 -9.157306474629552e-5 129647972 129677797 29825
10 582 rs297046 71312821 1 8.604713352765094e-5 71312023 71313136 1113
10 659 rs730324 80616150 1 8.552188868505699e-5 80616150 80616150 0
10 514 rs7911953 61791039 2 -8.301834846777461e-5 61744247 61793795 49548
10 378 rs1296521 34471937 1 7.817898184201874e-5 34457963 34498716 40753
10 506 rs3844159 60733376 1 -7.809884984823181e-5 60727887 60765799 37912
10 267 rs10828266 22098701 1 -7.6800168900239e-5 21822856 22240299 417443
10 259 rs11012211 20923412 2 -7.61307203970316e-5 20919981 20998112 78131
10 306 rs787068 26808561 1 7.410641436878145e-5 26808561 26836009 27448
10 800 rs10882959 99304801 1 -7.161387378335239e-5 99113964 99329418 215454
10 1072 rs10829379 130105852 1 6.550973201872946e-5 130084909 130160426 75517
10 49 rs7895964 4002033 1 6.089235373507046e-5 3999910 4076159 76249
10 1068 rs7089539 129816246 1 5.773187628924492e-5 129793485 129816246 22761
10 138 rs11596743 10776143 1 5.412858634742239e-5 10776143 10780895 4752
10 579 rs11596587 71113988 1 5.2377394728942305e-5 71112111 71128875 16764
10 881 rs7919389 112606495 1 -5.22578005700102e-5 112584451 112606495 22044
10 159 rs7097560 12538602 1 -5.079570767408984e-5 12524077 12576812 52735
10 1044 rs5023821 128300327 1 -5.0342745533862645e-5 128287185 128335225 48040
10 144 rs12098246 11277613 1 4.83693246061116e-5 11277613 11277613 0
10 81 rs7092772 6306289 2 4.5696091019921286e-5 6295548 6315794 20246
10 516 rs10218875 61875276 1 -4.534795766893585e-5 61847040 61882414 35374
10 243 rs12784387 18804689 1 4.47503216889507e-5 18798319 18996761 198442
10 706 rs1891655 86387167 2 4.451036919697604e-5 86356555 86439849 83294
10 1073 rs11016216 130185535 1 4.1922830674935714e-5 130171171 130210370 39199
10 827 rs792724 102955557 1 -4.0899940763922265e-5 102955557 102955557 0
10 629 rs1259590 77128000 1 -3.9021424064514865e-5 77128000 77128000 0
10 18 rs10160165 1973370 1 3.325070225001012e-5 1942800 1984760 41960
10 874 rs6584984 112082992 4 3.2494013494917956e-5 111941371 112112032 170661
10 877 rs5015510 112235106 1 3.1669899344437935e-5 112235106 112266771 31665
10 702 rs10887188 85709761 1 -2.797793592604348e-5 85686570 85715936 29366
10 412 rs7080655 45503474 1 2.39451045699964e-5 45453950 45559980 106030
10 891 rs4306236 113980294 2 -2.3633530785935246e-5 113980294 114047787 67493
10 466 rs11003383 54860616 1 2.311217952604877e-5 54860616 54924612 63996
10 264 rs7090954 21544231 1 -2.263725965096659e-5 21506018 21544357 38339
10 965 rs4415675 121825959 3 2.2024194826683423e-5 121736699 121860349 123650
10 413 rs7914816 45690757 1 2.1543177112318505e-5 45601841 45891484 289643
10 505 rs7910260 60610919 1 -2.1371177536567207e-5 60610919 60620540 9621
10 434 rs1258209 50922011 1 -1.7230540248334102e-5 50913007 51056858 143851
10 549 rs4258276 66878910 1 1.709135648446098e-5 66623534 66898841 275307
10 1004 rs4980272 125058522 1 -1.4745146411466478e-5 125039776 125167670 127894
10 939 rs758573 119261945 1 -1.3100990420850488e-5 119261945 119345838 83893
10 1019 rs10901761 126254468 3 -9.674132579265372e-6 126237467 126284935 47468
10 717 rs17320915 87968625 1 6.551999983261054e-6 87940997 87968625 27628
10 774 rs11187653 95530204 2 2.921928870706827e-6 95530204 95548443 18239
10 140 rs912069 10945351 1 -2.446338535869337e-6 10942921 10953819 10898
10 1128 rs4301710 133349223 1 -1.65156874478162e-6 133320194 133349223 29029
10 905 rs6585220 115192329 3 -7.056036491359273e-7 115174263 115324358 150095
