CHR Group SNP.lead BP.lead Size W BP.min BP.max BP.width
8 606 rs11997192 129218127 9 0.05650879809089557 129128194 129288749 160555
8 605 rs2720667 129083584 3 0.04343229999429796 129058356 129114007 55651
8 604 rs993725 128988220 5 0.04342040692177922 128929371 129039139 109768
8 642 rs3958181 134638258 4 0.03427020347375906 134626955 134721707 94752
8 196 rs1010848 23351759 9 0.03281545235447512 23206698 23383743 177045
8 405 rs1966115 79556891 6 0.03147600516353306 79420199 79743689 323490
8 696 rs878421 142328020 2 0.02958638913485305 142269874 142367087 97213
8 151 rs537700 17759924 11 0.02821299362636045 17638034 17942204 304170
8 544 rs10505343 119580807 3 0.02801016291967298 119499751 119663714 163963
8 543 rs4876412 119427392 5 0.02431329907216565 119294282 119492578 198296
8 12 rs997378 1843091 2 0.02408237515387332 1807756 1847184 39428
8 379 rs6994325 72764061 10 0.02370878865201513 72761190 72987638 226448
8 215 rs3779916 26250906 3 0.02218969496006543 26118439 26313736 195297
