CHR Group SNP.lead BP.lead Size W BP.min BP.max BP.width
20 277 rs543477 48209718 9 0.0441417094657487 48205055 48323380 118325
20 241 rs6130568 42834765 11 0.04136609718331095 42803776 42989714 185938
20 251 rs6074022 44740196 10 0.03744910373388789 44688665 44777295 88630
20 395 rs944893 60902389 5 0.03099860538570677 60890375 60902402 12027
20 323 rs6127423 53807443 6 0.02802833324527869 53647872 53859706 211834
20 240 rs6017247 42657841 2 0.02625668971295111 42657841 42763717 105876
20 407 rs755017 62421622 6 0.02608763947900493 62212928 62473704 260776
20 106 rs8118592 10996304 5 0.02546174122766933 10897878 10996304 98426
20 159 rs6045989 19292926 12 0.02380372217178112 19113918 19372443 258525
20 182 rs6048822 23454758 3 0.02246632194561158 23328004 23642458 314454
20 308 rs6063942 52037947 2 0.02164889479853734 51932381 52037947 105566
20 126 rs6033981 14572059 3 0.02062780813013553 14511168 14688519 177351
20 302 rs2031979 51475632 2 0.02031922084578477 51436401 51535828 99427
20 52 rs1543452 4974106 1 0.02017326913114629 4952923 5024237 71314
20 282 rs6063516 49057248 6 0.01977027537342988 48959241 49063113 103872
20 37 rs6076524 3452447 4 0.01924054132234943 3445445 3643653 198208
20 197 rs6142129 32819871 1 -0.01866081302625326 32485560 32891200 405640
20 125 rs8120693 14307024 8 -0.0183000605666218 14096380 14479272 382892
20 213 rs13042600 38442513 8 0.01688388267719586 38438771 38648634 209863
20 311 rs6013772 52344919 1 0.01672072690129152 52328338 52394238 65900
20 76 rs6077153 7179994 3 0.01600845933650314 7106289 7199413 93124
20 294 rs3827032 50225206 6 0.01537148010658251 50189220 50459530 270310
20 99 rs6104550 10068488 2 0.01522262244882512 10055467 10108941 53474
20 181 rs6048661 23251415 6 0.01498673367981814 23245623 23305768 60145
20 167 rs17307939 20148329 4 0.01418457201168073 20006368 20169641 163273
20 366 rs3934412 58120733 3 0.01401660069645044 58105747 58190157 84410
20 178 rs6082866 22803909 2 0.01360699257693221 22790548 22939045 148497
20 36 rs6051693 3244449 2 0.01338163456359244 3180283 3433158 252875
20 65 rs742711 5904040 8 0.0132811529836381 5870347 6042852 172505
20 262 rs6018359 45873923 3 0.01320485461726725 45761700 45905856 144156
20 127 rs2208083 14771194 4 0.01308401272782473 14759169 14927862 168693
20 26 rs6082438 2204811 2 -0.01293603915088133 2149678 2205978 56300
20 104 rs6040095 10680221 2 0.01288272643846016 10456586 10705007 248421
20 193 rs6088033 31486051 1 0.01287480946350685 31105389 31486051 380662
20 342 rs61733436 55758929 3 0.01272804826064163 55758929 55918939 160010
20 184 rs6114429 24023945 4 0.01267771863795581 23930543 24024259 93716
20 279 rs1555317 48643650 1 0.01144090944573226 48454671 48643650 188979
20 316 rs2762932 52768391 1 0.01136874033954047 52746669 52817038 70369
20 163 rs13036479 19797038 8 0.01116553815101163 19751330 19843894 92564
20 67 rs2326748 6293824 7 0.01061630669097814 6126302 6404281 277979
20 359 rs6123832 57418071 2 0.01020015747494336 57212541 57429447 216906
20 83 rs1235142 8386087 5 -0.01002343067257773 8308944 8464286 155342
20 185 rs6138219 24122985 2 -0.00956865215453378 24073113 24282230 209117
20 32 rs6515646 2593863 5 0.0090640134467066 2576272 2656495 80223
20 250 rs3746500 44511533 5 0.00899748191126466 44336716 44656112 319396
20 290 rs6126195 49869862 2 0.00825227553892306 49848254 49869862 21608
20 201 rs1146264 35489005 5 0.00803451986795922 35075339 35489005 413666
20 212 rs294428 38278997 11 0.0080255233730826 37906360 38338620 432260
20 394 rs6061457 60777232 5 0.00797442191216764 60658404 60778301 119897
20 383 rs6015934 59800060 3 -0.0079639267020058 59771005 59886179 115174
20 110 rs803664 11791094 4 -0.0075803134548068 11626200 11827424 201224
20 303 rs16997342 51574683 3 0.00744203062689896 51571802 51620301 48499
20 79 rs6086143 7624747 6 -0.00742198676355965 7553476 7700272 146796
20 381 rs16984735 59707964 2 0.00732062932363315 59707964 59739626 31662
20 327 rs6024282 54240941 7 0.00685517675146579 54158005 54283722 125717
20 130 rs6043241 15359412 1 0.00677253175152685 15264901 15365627 100726
20 223 rs4239693 40768353 4 -0.00633116985260267 40751163 40922844 171681
20 19 rs6042507 1459060 4 0.0059901779860672 1300456 1483926 183470
20 217 rs1883700 39438939 4 0.00598212087694511 39268185 39438939 170754
20 42 rs2027237 4177104 1 0.00561003967808983 4116436 4177104 60668
20 249 rs6032259 44141331 1 0.00558011095814108 44082799 44279034 196235
20 109 rs6033098 11289485 5 -0.00550287236553944 11262159 11598946 336787
20 155 rs6132112 18761714 2 0.00542038442506606 18366623 18794754 428131
20 274 rs2426092 47384255 5 0.00533219139743369 47219377 47463731 244354
20 218 rs6102208 39533949 3 0.0053190856961622 39471427 39583952 112525
20 322 rs6023759 53598881 2 0.00519793553581352 53454024 53598881 144857
20 305 rs8117683 51731191 1 0.00519311862410597 51699756 51782686 82930
20 222 rs6065430 40688516 3 -0.00495383470353133 40603369 40740500 137131
20 355 rs6026298 57055444 1 -0.00488538144025007 56955308 57055444 100136
20 41 rs4815648 4079276 2 0.00480816162494948 4075290 4108360 33070
20 361 rs260005 57773121 1 0.00475648283434518 57589516 57813587 224071
20 124 rs1572005 13883278 3 -0.00470364610606475 13699281 13974270 274989
20 309 rs7271609 52137810 3 0.00453179829449942 52068141 52172404 104263
20 286 rs1062651 49508683 3 0.00438175199474859 49464953 49588788 123835
20 369 rs13039338 58476841 1 0.00424888216340718 58452582 58581873 129291
20 40 rs6076598 4043286 4 -0.00420353121019319 3843027 4055656 212629
20 179 rs1042579 23028724 2 0.00420018635673506 22978973 23110036 131063
20 111 rs6041029 11982632 3 0.00415140666242015 11945421 12004113 58692
20 161 rs6112466 19554703 4 0.00406143420751567 19456060 19609461 153401
20 129 rs6135362 15171838 2 0.00391031689803351 15171838 15234479 62641
20 343 rs6025590 56070505 3 -0.00378750540752674 55991695 56070505 78810
20 174 rs2180700 21796855 12 0.00366833348348061 21770908 22403287 632379
20 144 rs6044374 16794650 5 0.00360841302498014 16739852 16845525 105673
20 314 rs2072128 52645646 10 -0.00351003038172856 52536425 52668126 131701
20 0 rs75442118 126149 2 0.00340039312392963 100505 223255 122750
20 198 rs910873 33171772 8 -0.00336233195153463 32955423 33867697 912274
20 80 rs6133511 7873818 6 -0.00326059029544129 7737540 7918912 181372
20 172 rs6047273 21134799 2 -0.00314835915860004 20964093 21218023 253930
20 349 rs205785 56367949 1 -0.00304574233018239 56367949 56420820 52871
20 205 rs16986837 36256409 1 -0.00285756721442494 36225766 36525376 299610
20 350 rs6099847 56501979 5 -0.00284003785243222 56465967 56548520 82553
20 389 rs6061740 60262223 1 0.00281674757633946 60262223 60293669 31446
20 92 rs6118611 9414641 1 0.00277868126631193 9414641 9485967 71326
20 4 rs150207 440443 1 0.00271979947207978 380980 440443 59463
20 206 rs2076387 36767103 2 0.00266944350722493 36567067 36770588 203521
20 339 rs1276446 55535498 1 0.00257860059780087 55452732 55547696 94964
20 136 rs6034316 15857880 3 0.00256708184607354 15851077 15937424 86347
20 56 rs6053422 5449373 2 -0.00238744347915087 5449373 5474901 25528
20 133 rs6034225 15579575 1 0.00230202357931321 15572152 15654842 82690
20 48 rs2245220 4705718 1 0.00225283218661235 4689474 4705718 16244
20 406 rs6062941 62078487 3 0.00220578390068727 62078487 62137648 59161
20 202 rs34488353 35835826 4 0.00218664295877166 35509130 35969074 459944
20 255 rs202377 45181441 1 0.00215953065918318 45131665 45198531 66866
20 220 rs11697381 40490356 1 -0.00213583851853087 40317262 40502403 185141
20 168 rs1003356 20222978 4 -0.00213023681535719 20198740 20305840 107100
20 183 rs8123755 23682133 2 -0.00207477942710659 23677829 23860178 182349
20 300 rs6022031 51278134 12 -0.00206842135147661 50823305 51333439 510134
20 246 rs6031872 43566518 1 0.0020343767905274 43454185 43580118 125933
20 304 rs1315869 51686119 4 -0.0020298545818802 51633964 51686119 52155
20 226 rs6072773 41162875 1 -0.00199742322772673 41043711 41193628 149917
20 196 rs6088301 32369354 4 0.00199007953525259 31937048 32479990 542942
20 199 rs2590991 34716238 2 -0.00197250554946556 33907161 34722255 815094
20 150 rs16823 17791064 1 0.00189200549061813 17744632 17815664 71032
20 293 rs12481623 50130865 4 0.00184298985764529 50108980 50155124 46144
20 230 rs761027 41560394 2 0.001733563855269 41496896 41560394 63498
20 89 rs6118469 9055820 2 0.00169607930472761 9044617 9123558 78941
20 66 rs55666319 6090969 2 0.0016885092420115 6056356 6118980 62624
20 73 rs6038661 6927369 2 -0.00165151725552083 6881898 6942420 60522
20 145 rs1016214 16992615 2 0.00163383437358887 16906789 17039959 133170
20 276 rs5619 48120843 2 0.00162723564196366 48010792 48129706 118914
20 34 rs2277756 3003027 2 0.00155871249352779 2746354 3039115 292761
20 43 rs6037820 4316337 3 0.00155388795582385 4210448 4348440 137992
20 69 rs6038585 6671980 1 -0.00152362153413975 6652824 6671980 19156
20 82 rs8114499 8121097 2 -0.00150547911814224 8121097 8285108 164011
20 307 rs45479792 51871502 2 0.00145007683563432 51861958 51897115 35157
20 135 rs4813189 15702037 1 0.00136311315673138 15692683 15780127 87444
20 101 rs2423487 10213095 2 0.00135691323782527 10164632 10254475 89843
20 408 rs817377 62535594 1 -0.00131341594469414 62506947 62553498 46551
20 344 rs11552145 56138648 2 -0.00130115234234727 56118666 56163687 45021
20 367 rs6064826 58258687 1 -0.00128129554179406 58235648 58289968 54320
20 45 rs6139433 4449910 2 0.00125938499167009 4449910 4449931 21
20 371 rs6100755 58725838 2 -0.00124696931148754 58669008 58748891 79883
20 154 rs7262420 18321970 10 -0.00123398870054264 18088624 18341196 252572
20 382 rs817699 59758921 1 -0.00122133367120768 59758921 59758921 0
20 180 rs844935 23161807 1 0.0012176447435554 23144070 23217817 73747
20 24 rs6132106 1924127 2 -0.00121645659129127 1913481 1936275 22794
20 272 rs911106 46970254 1 -0.00120363972551021 46970254 47029533 59279
20 173 rs6047533 21622078 3 0.0011599962488512 21301991 21657602 355611
20 171 rs6047132 20869688 2 0.00115067351039852 20817745 20948861 131116
20 118 rs9680021 12898621 1 -0.00110791529167629 12845707 12927894 82187
20 11 rs512236 785108 1 0.00106344973900718 785108 806878 21770
20 149 rs6044970 17712076 5 0.00105141963323113 17566854 17721590 154736
20 248 rs6073718 43965276 1 -0.00104597001449868 43950816 44038574 87758
20 147 rs16999051 17361482 10 0.00103796536953391 17261305 17479730 218425
20 357 rs16982131 57162403 1 0.00101906652603072 57154805 57177541 22736
20 94 rs6039561 9709038 2 -0.00101738266600493 9595352 9726640 131288
20 177 rs6075948 22746255 3 -0.00100250107100119 22703167 22757960 54793
20 288 rs6020997 49746325 5 0.00100162481283195 49687290 49772819 85529
20 16 rs6040222 1140727 2 9.7766173043314e-4 1039828 1147775 107947
20 20 rs41297640 1551564 2 9.732568355968556e-4 1494464 1648606 154142
20 227 rs6030381 41256291 2 9.314552889629088e-4 41202893 41332179 129286
20 271 rs927150 46863261 3 8.825327451487202e-4 46855820 46937048 81228
20 363 rs16982720 57999598 1 8.583244669592378e-4 57967906 58002599 34693
20 85 rs2223837 8611999 1 -8.500739488131505e-4 8547043 8650239 103196
20 44 rs6076667 4367040 2 -8.192699695759704e-4 4364866 4418094 53228
20 78 rs17399484 7435615 1 8.178095909083007e-4 7374248 7519612 145364
20 190 rs6138515 25134729 2 -8.127830273262839e-4 25054440 26158945 1104505
20 209 rs6071119 37322023 1 7.878983397172683e-4 37059349 37352558 293209
20 216 rs976976 39210304 3 -7.744726267063444e-4 39091487 39221983 130496
20 105 rs2024683 10843840 1 -7.519192079236747e-4 10732514 10879336 146822
20 236 rs2070235 42331457 2 7.301412821929805e-4 42249398 42375432 126034
20 358 rs10460623 57205221 1 6.987344963082624e-4 57195469 57205221 9752
20 186 rs6114689 24383099 2 -6.853771888921032e-4 24323976 24428285 104309
20 146 rs1578411 17178434 3 6.711529575522688e-4 17045941 17242137 196196
20 100 rs16991180 10148468 1 -6.456545636094701e-4 10122212 10148468 26256
20 107 rs6033031 11092044 6 -6.273776919508978e-4 11037154 11115732 78578
20 330 rs3827103 54824029 3 -6.107785200998638e-4 54809462 54910917 101455
20 194 rs378098 31660543 2 6.089671519395317e-4 31529528 31682778 153250
20 393 rs6061956 60593396 1 -5.970266305098061e-4 60499953 60593396 93443
20 176 rs6113722 22557099 2 -5.744308598913145e-4 22537865 22653584 115719
20 341 rs6092424 55672544 1 5.574999720928134e-4 55672544 55754110 81566
20 33 rs1028408 2721474 1 5.517956708494734e-4 2684924 2725678 40754
20 113 rs6078503 12269409 3 5.497608376364623e-4 12175478 12280735 105257
20 229 rs208254 41414077 2 -5.424668545000475e-4 41412033 41476399 64366
20 188 rs6049811 24589790 3 5.407009903337575e-4 24556797 24715544 158747
20 219 rs6072373 40072545 4 -5.398104843243315e-4 39614299 40267070 652771
20 329 rs4811661 54760515 3 5.311868197509746e-4 54574544 54801215 226671
20 120 rs6074557 13079630 1 5.308319778926679e-4 13079630 13192648 113018
20 376 rs17201325 59337447 1 5.301245912230813e-4 59271068 59348668 77600
20 260 rs1150441 45599327 3 5.29865626218528e-4 45594395 45658368 63973
20 38 rs150358287 3687141 1 -5.283282987546456e-4 3675498 3726565 51067
20 221 rs16986247 40530328 1 -5.250597121055249e-4 40526564 40573522 46958
20 340 rs13044787 55645093 1 -5.228950470911483e-4 55564705 55645117 80412
20 96 rs6516498 9759414 1 5.080682036430774e-4 9756882 9799063 42181
20 68 rs13036588 6462428 2 4.983180907266431e-4 6416132 6623374 207242
20 280 rs6067341 48684519 3 -4.788030976992039e-4 48678051 48876431 198380
20 153 rs6111800 18014863 1 -4.776688243374189e-4 17933686 18030357 96671
20 57 rs16991051 5513629 1 -4.702238647253754e-4 5490828 5548081 57253
20 256 rs439339 45238334 1 -4.5173984776823126e-4 45221935 45238334 16399
20 247 rs6073629 43706559 1 4.4926839778038665e-4 43653713 43929659 275946
20 252 rs6074043 44781380 1 -4.223877626015222e-4 44781380 44824624 43244
20 354 rs707557 56942312 2 -4.0372744664637504e-4 56793706 56942557 148851
20 58 rs6038219 5610737 1 -3.7571378003811414e-4 5610737 5644184 33447
20 374 rs348841 59004592 1 -3.669074460210938e-4 58970583 59095407 124824
20 244 rs6094017 43288087 1 3.5936856545907127e-4 43288087 43288087 0
20 17 rs6078117 1180222 1 -3.5470163518623344e-4 1180222 1195784 15562
20 268 rs6090770 46614407 4 -3.526273510305681e-4 46578719 46778604 199885
20 283 rs6122940 49105785 1 -3.4809447279979787e-4 49073726 49238427 164701
20 116 rs6134639 12679627 1 3.361218239972488e-4 12640401 12713069 72668
20 384 rs2427082 59897979 1 3.279491270009758e-4 59895287 59928237 32950
20 21 rs6043722 1661245 2 3.212909361032107e-4 1661245 1727964 66719
20 132 rs4814381 15450279 2 -3.067562731080966e-4 15438731 15549323 110592
20 273 rs1883888 47171338 1 2.995351188832831e-4 47036502 47171338 134836
20 269 rs707516 46811799 1 2.943821336891605e-4 46787459 46827141 39682
20 208 rs2232607 36993333 1 2.887925626302521e-4 36920753 36993333 72580
20 72 rs1028394 6860895 1 -2.855344009696938e-4 6822165 6860895 38730
20 81 rs723458 8080477 2 -2.7644383897928114e-4 7962707 8110530 147823
20 253 rs2425817 44895286 1 2.6823537446165404e-4 44860471 44938851 78380
20 275 rs6019615 47668696 2 -2.6660297844600337e-4 47510093 47993898 483805
20 189 rs78661674 24952147 1 -2.6082796895678833e-4 24734936 25011423 276487
20 23 rs156330 1826095 1 2.2838612697470825e-4 1815620 1848203 32583
20 336 rs6069891 55385595 1 2.1310084838275272e-4 55364185 55385595 21410
20 49 rs2423045 4799322 1 1.941112825214096e-4 4716479 4799322 82843
20 164 rs6046396 19852503 1 -1.9125440221928972e-4 19849409 19883823 34414
20 234 rs8119892 41896776 3 -1.905671041526667e-4 41896776 42012681 115905
20 385 rs11204440 59974132 1 1.831411575473233e-4 59971184 59976841 5657
20 402 rs7271712 61598731 1 1.7288609221830862e-4 61519042 61605769 86727
20 214 rs6028900 38774289 1 1.703012685274129e-4 38757002 38834633 77631
20 15 rs7261002 1002656 2 1.3806704311198164e-4 992713 1022779 30066
20 158 rs6075458 19047923 2 -1.2236854672855932e-4 18987154 19079293 92139
20 373 rs11696316 58879170 1 -1.1738984368628086e-4 58834451 58957659 123208
20 35 rs306755 3099752 2 1.1559967016785304e-4 3088010 3099752 11742
20 281 rs6091130 48914352 1 -1.020349082102072e-4 48894424 48919117 24693
20 215 rs6129532 38884188 2 -1.0140383240383368e-4 38872419 39036537 164118
20 139 rs2760550 16116624 1 9.84865251370802e-5 16091031 16160141 69110
20 152 rs8125824 17883681 2 -8.765126651927909e-5 17866344 17900087 33743
20 378 rs16984422 59449464 1 7.775814850489326e-5 59430309 59451516 21207
20 299 rs6123135 50796522 1 -6.598416348120612e-5 50717288 50796522 79234
20 87 rs6086690 8898570 1 6.596483021391816e-5 8810198 8899426 89228
20 29 rs6082807 2327695 1 -6.523206221153512e-5 2327695 2367209 39514
20 207 rs4809987 36823666 1 -5.466702434611016e-5 36796412 36900290 103878
20 200 rs4239689 34950604 1 5.251016862000561e-5 34891416 35047221 155805
20 70 rs6085661 6693128 1 -3.5445707643423876e-5 6689058 6698673 9615
20 265 rs6063143 46365359 1 -3.397601106561382e-5 46346459 46380236 33777
20 148 rs201928 17524903 1 3.257877947418607e-5 17491874 17524903 33029
20 175 rs6048141 22485322 1 2.2411269261493855e-5 22430527 22485322 54795
20 115 rs6033438 12498992 1 1.7594638692191882e-5 12464327 12630553 166226
20 232 rs2425600 41734905 1 1.1396607575532936e-5 41666379 41778943 112564
20 46 rs6116410 4522535 1 -2.8329728299621857e-8 4508090 4578080 69990
