CHR Group SNP.lead BP.lead Size W BP.min BP.max BP.width
4 458 rs7665090 103551603 7 0.11331126882839972 103448582 104340317 891735
4 739 rs11733331 175076940 4 0.04357727174925249 175025442 175076940 51498
4 2 rs3755963 894255 9 0.03850257843202944 712222 941290 229068
4 466 rs7679673 106061534 13 0.03750936695397398 106048291 106472577 424286
4 447 rs6849832 101120472 8 0.03668176871620158 100740709 101131209 390500
4 261 rs11931912 48134118 12 0.032878688952479 47731360 48222818 491458
4 338 rs4600889 72337490 2 0.03069841315947634 72149030 72412029 262999
4 326 rs1371863 68192816 6 0.02711714402452957 68061633 68453189 391556
4 279 rs2593086 56835114 10 -0.02632343718861059 56551185 56874517 323332
4 365 rs147332320 79176444 2 0.02616577528602398 79118533 79432455 313922
4 44 rs16838780 6417785 4 0.02230235211628624 6401102 6507841 106739
4 10 rs4690055 2748663 3 0.02176958938416486 2460546 2826400 365854
4 647 rs2404903 155071496 3 0.0214591683932153 155062069 155243604 181535
4 532 rs6836610 123601697 2 0.02119954386914672 123578850 123752017 173167
4 354 rs2273 76889388 6 0.02057819925095436 76857309 77128026 270717
4 171 rs13110484 27757391 3 0.02030759771159272 27715503 27814738 99235
4 456 rs10049581 103192893 4 0.0196692709970318 103105685 103218446 112761
4 678 rs1036618 162042105 3 -0.01923531037786367 161808304 162105557 297253
4 165 rs12505133 26883909 4 0.01901505377215971 26831827 27045049 213222
4 97 rs10155296 15175539 3 0.01882901536842565 15154795 15223639 68844
4 11 rs363080 3133911 8 -0.01802252388476654 2906285 3376302 470017
4 85 rs2903351 12707180 3 0.0177233107073757 12361202 12725738 364536
4 723 rs10213032 171009360 3 0.01746522890746423 171009360 171244684 235324
4 522 rs1587734 120809455 5 0.01740463339368381 120704766 120968070 263304
4 72 rs4697909 9896760 2 0.01733338340983713 9804556 9912101 107545
4 643 rs6535930 154540056 1 0.01726541130219857 154513627 154540743 27116
4 438 rs7659471 97915370 2 -0.01701906709717549 97889973 98045861 155888
4 716 rs1392750 169745078 4 -0.01656194287204594 169689516 169745078 55562
4 142 rs668672 24001226 5 -0.01615858445817998 23957254 24118165 160911
4 400 rs1552144 88094650 7 -0.01592607736220341 87754419 88148812 394393
4 223 rs4543123 38792524 4 -0.01527201879305546 38774785 38893843 119058
4 409 rs636446 90100155 4 -0.01511731696784534 89751858 90116432 364574
4 631 rs6839352 151887280 7 0.01493380019969205 151303318 152147441 844123
4 577 rs7658921 137745250 6 0.01476781325108449 137650213 137775757 125544
4 211 rs2380733 37527371 5 -0.01450304292457306 37390658 37528493 137835
4 288 rs12642622 57902276 2 0.01379782276692393 57686657 57923774 237117
4 493 rs6836984 113039827 6 -0.01368635623924663 112568464 113150559 582095
4 111 rs2697707 17427573 1 0.01332589467129978 17385551 17451760 66209
4 260 rs4695248 47555196 2 0.01332362695004163 47548254 47705578 157324
4 670 rs6849580 159950990 3 0.01317331516736658 159881479 160132990 251511
4 391 rs2091745 84961080 1 0.01311578371575438 84957198 85056551 99353
4 319 rs4364313 66289167 2 0.01305513693830383 66142596 66381581 238985
4 702 rs4147034 166453722 5 0.01299117527634845 166453722 166592304 138582
4 829 rs12650715 185776850 2 0.01283393626997176 185767176 185791901 24725
4 741 rs7685956 175422196 2 0.01250164249950887 175246203 175422289 176086
4 744 rs13130150 175876473 5 0.01248767965958032 175667606 175954859 287253
4 825 rs6812958 185325242 2 0.01240309632246091 185278885 185325242 46357
4 548 rs17011836 127827145 7 0.01227084315579511 127438435 128167093 728658
4 158 rs959903 25810096 1 -0.01211313755593871 25803830 25863375 59545
4 800 rs17072678 182964412 1 -0.01208406302375798 182964412 183034755 70343
4 217 rs630428 38121363 8 0.0116506394390028 38109847 38193772 83925
4 531 rs13151961 123115502 6 0.01162648878101225 122947939 123563078 615139
4 615 rs6537382 146867376 3 0.01151474492827075 146685889 146870683 184794
4 51 rs9991298 7170562 2 0.01117285868834478 7170562 7183984 13422
4 546 rs11938961 127255447 4 0.01106140239043065 127201582 127265065 63483
4 764 rs17749802 178520166 4 0.0110183395584897 178514984 178598308 83324
4 405 rs881561 89203042 2 -0.0109137398698685 89050998 89228455 177457
4 270 rs17747127 55241063 3 0.01054100327999341 55225121 55424655 199534
4 271 rs17230634 55480024 5 0.01029039956898628 55434828 55575144 140316
4 486 rs10004516 111398208 7 -0.01010706566866566 111364167 111463277 99110
4 403 rs11097166 88611344 5 0.01004501117538564 88601464 88856733 255269
4 517 rs10025675 118796265 2 -0.00971058128531572 118758795 118870933 112138
4 516 rs17867524 118562309 4 -0.00955918260631061 118497403 118727351 229948
4 114 rs740672 17782264 5 0.0095083544438837 17781209 18203435 422226
4 661 rs1521703 157449624 4 0.0090186266633678 157349944 157449624 99680
4 574 rs2897153 137105336 4 0.00897061954099709 136993300 137359917 366617
4 740 rs12651020 175121923 3 0.008952876474374 175103590 175126378 22788
4 61 rs12641498 7917574 2 0.0088077278844901 7752091 7917574 165483
4 426 rs17365288 94904738 5 -0.00875962942406978 94793323 94968451 175128
4 106 rs283029 16698184 3 0.00864620603726973 16698184 16786858 88674
4 278 rs11729403 56267182 4 0.00864065614347545 56131739 56527767 396028
4 637 rs7664303 153829996 1 0.00853433061115133 153629791 153879878 250087
4 401 rs11935592 88177037 7 0.00847339628817191 88159940 88468852 308912
4 100 rs4698433 15964863 4 0.00820163919380335 15930961 15964863 33902
4 50 rs6836687 7151812 1 0.00817637230133822 7146033 7151812 5779
4 101 rs2286455 16020162 3 0.00808430264708627 15982480 16034634 52154
4 206 rs9995922 36317970 4 0.00797243424256341 36310049 36517634 207585
4 482 rs6533495 111055435 3 -0.00796931361515073 110975433 111055435 80002
4 604 rs10519631 143066199 7 -0.00794746509285065 142848136 143224296 376160
4 528 rs6842940 122401640 6 0.0078421960858211 122249743 122450475 200732
4 366 rs4382063 79579045 4 -0.00776265457380596 79485876 79846570 360694
4 416 rs1454329 91685949 4 -0.00743808424885513 91567112 91775468 208356
4 18 rs2980164 4297389 7 0.00735025804107611 4267298 4360381 93083
4 112 rs1031326 17488064 5 0.00730804514091336 17467715 17550349 82634
4 220 rs6531631 38396739 3 0.00726046568956316 38395949 38492765 96816
4 654 rs1155097 156414715 4 0.00713633101828918 156153446 156517289 363843
4 386 rs2868729 84147407 7 0.00710300970035336 84140400 84216941 76541
4 295 rs1480319 58707016 2 -0.00710265919975448 58706462 58900069 193607
4 850 rs6553020 187668886 2 -0.00674068943927645 187591526 187678866 87340
4 420 rs4455379 92673841 3 0.00663585953563228 92651110 93198845 547735
4 181 rs7694142 29998853 3 -0.00660557890127829 29909867 30068213 158346
4 578 rs1589127 137885582 2 0.00655303563875051 137874783 137964269 89486
4 265 rs1077966 54517341 3 -0.00652977347917899 54396077 54517341 121264
4 140 rs2932965 23805486 2 0.00644501889753404 23805486 23829314 23828
4 88 rs10008923 13213672 1 0.00644376027281195 13130251 13526386 396135
4 234 rs1552138 40651632 1 -0.0063754002314715 40598634 40652510 53876
4 801 rs9312290 183067139 1 0.00625894148887797 183047776 183111871 64095
4 660 rs13149529 157324100 4 -0.00624031367219955 157166746 157345022 178276
4 776 rs1546680 180411508 5 0.00623511528958061 180313511 180542333 228822
4 826 rs7677486 185336852 3 -0.00622939325392389 185331977 185353799 21822
4 594 rs1350038 140744599 2 0.00616426240169456 140724600 140795327 70727
4 529 rs6534309 122609929 7 0.0061589341354681 122473563 122653300 179737
4 125 rs10013103 20827366 1 -0.0060896146823997 20767337 20866469 99132
4 681 rs12512822 162461996 4 0.00606164107972953 162382240 162607930 225690
4 847 rs9999651 187366649 7 0.00605601230747735 187247089 187388958 141869
4 76 rs10516217 10973261 3 0.00602401339743046 10931588 11050420 118832
4 581 rs4864420 138374116 5 -0.00601011931197771 138238306 138382556 144250
4 696 rs12513081 165490671 2 0.00597079529785189 165490671 165516166 25495
4 0 rs6817633 181832 2 0.00595050778580835 85422 181832 96410
4 139 rs13118539 23631863 4 0.0059460944635342 23631863 23759757 127894
4 293 rs34982972 58570597 5 0.00593378717963768 58296826 58572081 275255
4 463 rs972583 105442302 5 0.00592085699724232 105333354 105511810 178456
4 543 rs4446326 126688743 3 0.00591139014314994 126524825 126696308 171483
4 556 rs6836368 130751286 6 0.00590912010366143 130661821 131062875 401054
4 352 rs7683530 76323522 5 -0.00589443292554908 76296421 76730195 433774
4 378 rs6819863 82667620 1 0.00566325486978 82659400 82680686 21286
4 355 rs17236661 77196476 8 -0.00563238010492525 77139510 77424167 284657
4 398 rs1599313 87135124 5 0.00559101909148417 86935890 87151468 215578
4 824 rs2703731 185173385 2 -0.00557403346314962 185172565 185249147 76582
4 413 rs3775442 90715231 4 0.00542298772591443 90516679 90857479 340800
4 727 rs12505546 172228547 4 0.00542042990902813 172228547 172540259 311712
4 103 rs16893404 16365531 5 0.00538281591574413 16257677 16513748 256071
4 512 rs10024264 117468423 4 0.00533198890920238 117245430 117475813 230383
4 266 rs728587 54574680 2 0.00532811497528648 54557933 54638662 80729
4 553 rs4975287 129869058 8 -0.00531336645239688 129737089 130129275 392186
4 340 rs1352844 72647749 2 0.00527635243719424 72578724 72792667 213943
4 12 rs2228158 3526642 1 -0.00525344660854997 3390900 3526645 135745
4 598 rs3104107 141449275 3 0.00524735085794797 141181146 141537771 356625
4 62 rs6824093 7959029 5 -0.00519281331620245 7931635 7992749 61114
4 252 rs4326040 44870506 6 0.00513145495219857 44526544 44935266 408722
4 662 rs11943855 157557726 5 -0.00513135255248667 157492586 157574035 81449
4 8 rs2236998 2256716 3 0.00497897389160936 2176454 2275835 99381
4 770 rs5012200 179539753 5 -0.00497549851832693 179470439 179541387 70948
4 356 rs9999005 77456093 5 -0.00495247889402685 77454497 77701909 247412
4 392 rs1442164 85274948 5 0.00490556806331507 85090749 85294388 203639
4 844 rs6852642 186917039 1 0.00479539427519513 186915297 186972741 57444
4 442 rs11097632 99687168 3 0.004740905464344 99541283 99703142 161859
4 455 rs11944613 102718795 9 -0.00470870378053347 102714886 103016878 301992
4 282 rs11732236 57132047 4 0.00470425676567317 57116323 57156379 40056
4 621 rs17612742 148414651 1 0.00469247702016244 148306058 148491480 185422
4 335 rs17838972 71357077 4 0.00468808941033655 71051031 71426541 375510
4 496 rs2023828 113356961 3 -0.00465956755726839 113337560 113779891 442331
4 505 rs13134836 114709273 6 -0.0045827395977545 114690439 114898691 208252
4 706 rs11941399 167455493 5 -0.00456606105919276 167104872 167540460 435588
4 530 rs2071486 122740162 3 0.00455275411681735 122659704 122896734 237030
4 499 rs10022885 114038963 1 0.00453505034959091 114038963 114080240 41277
4 588 rs10020229 139687856 2 0.00451663814229072 139636653 139717020 80367
4 379 rs2045772 82824944 6 0.00451328643264945 82717546 83045736 328190
4 698 rs6536868 165740749 1 -0.00448568960234687 165721118 165800154 79036
4 68 rs4696812 8321709 3 -0.004477253462581 8320126 8554894 234768
4 87 rs4834860 13030876 4 0.00436656846625465 13023307 13118169 94862
4 719 rs6553418 170019039 3 0.00435400667125 170008947 170077789 68842
4 94 rs723162 14470593 2 -0.00432561994337753 14397827 14572063 174236
4 436 rs1506302 97263153 6 0.00430977867475815 96916758 97430897 514139
4 204 rs1368621 35929368 2 -0.00428329829587388 35921123 36015133 94010
4 255 rs957858 45737256 2 0.00424638035572655 45737256 46152332 415076
4 222 rs7654396 38570708 6 0.00421336086004399 38570708 38754189 183481
4 474 rs852269 109236454 3 -0.0041939772136414 109163035 109298935 135900
4 364 rs6845871 79048490 5 0.0041592489051953 78655778 79048490 392712
4 205 rs13152028 36060318 2 0.00411084590466892 36046629 36293143 246514
4 118 rs12374356 19174530 3 -0.00406384731518278 19092157 19795105 702948
4 306 rs6854914 62076443 2 0.00402641454712892 61984568 62140177 155609
4 533 rs6832894 124239525 1 -0.00399215321554378 123788495 124242996 454501
4 148 rs13138705 24779506 2 -0.00395669926054341 24765819 24802412 36593
4 602 rs3098027 142204581 2 0.00392922190086285 142117424 142331924 214500
4 212 rs17604934 37542764 1 0.00392686147032009 37542764 37542764 0
4 321 rs6847427 66786055 2 0.00392336911002784 66610307 67029494 419187
4 738 rs13118468 175000272 4 -0.00391066080204657 174873969 175009881 135912
4 185 rs13115999 30641018 1 0.00383865214319455 30455150 30689598 234448
4 297 rs12647295 59481416 1 -0.00383233634257537 59362260 59481416 119156
4 506 rs4597902 115227215 3 -0.00383022120761917 114938478 115271601 333123
4 608 rs1808991 144792959 2 0.00376390970642921 144451912 144894260 442348
4 518 rs10857061 119781338 4 -0.00374823710156959 118941387 119790013 848626
4 33 rs3821937 5837325 2 -0.0037386320374046 5830296 5843328 13032
4 805 rs6552568 183449806 2 0.00373135035509821 183382591 183504017 121426
4 132 rs1392592 22302352 2 -0.00367827254151675 22018923 22304073 285150
4 216 rs16994148 38016822 3 0.00364724449817614 37903382 38092096 188714
4 620 rs2357604 148077418 9 0.00363206425392487 147941013 148289389 348376
4 857 rs1466956 188590603 6 -0.00360994007201745 188509004 188670027 161023
4 560 rs4133013 132242896 4 0.00355565174026692 131861798 132413729 551931
4 26 rs12651470 5128511 1 -0.00355388943156317 5121450 5128511 7061
4 481 rs61745483 110773048 2 0.00351974996221409 110663642 110953909 290267
4 315 rs11131464 64360700 4 -0.00349500631669565 64174876 64473271 298395
4 642 rs6810447 154461884 5 0.00339355011255812 154288126 154469214 181088
4 540 rs6819896 126116915 2 -0.00338694416638184 125892629 126136137 243508
4 659 rs13143174 157022492 2 0.00331645609643395 156991316 157152021 160705
4 657 rs17033572 156727377 1 -0.00322462850374101 156713031 156727377 14346
4 92 rs10939534 14156515 4 -0.00320725469857009 14037934 14280826 242892
4 191 rs6813096 31895086 3 -0.00318514577058801 31784698 32259822 475124
4 339 rs2177921 72531761 2 0.00317405862764291 72425863 72545947 120084
4 292 rs2177642 58197731 2 0.00310597207410074 58136668 58289649 152981
4 175 rs12640208 28834082 5 -0.00310520520166357 28503413 28863159 359746
4 74 rs17467273 10500431 3 0.00302240590031762 10419465 10693222 273757
4 237 rs10938442 40917734 4 -0.00293265177645012 40881353 41140233 258880
4 784 rs12509071 181342591 1 -0.00293144104851073 181303512 181350463 46951
4 285 rs7667406 57503077 1 0.00291314823692758 57442004 57503077 61073
4 464 rs574966 105534056 4 0.0028807455319883 105528877 105716540 187663
4 632 rs361191 152761633 11 0.00287068700686807 152172980 152779838 606858
4 491 rs6827570 112265165 5 -0.00284459191699682 112217944 112497952 280008
4 166 rs2041627 27102429 1 0.00283056513264471 27060775 27122947 62172
4 373 rs4385052 81712772 9 -0.00282161539641797 81225455 81829660 604205
4 628 rs10019047 150459436 2 0.00273782660708554 149742690 150576943 834253
4 772 rs6816550 179790822 2 0.00273607447592126 179770149 179930635 160486
4 863 rs952719 189271272 2 0.00270934426868783 189227731 189344863 117132
4 351 rs1391010 76081553 3 0.00270383053369572 75992533 76281282 288749
4 29 rs7678335 5452895 2 0.00270374733898588 5413525 5463535 50010
4 803 rs2063905 183198752 1 -0.00270109641437684 183198752 183239761 41009
4 286 rs12642085 57549528 2 0.00262641629100774 57516896 57597210 80314
4 705 rs10013343 167071687 7 -0.0026105514424931 166996347 167083575 87228
4 422 rs1993030 93467486 4 0.00259071467399393 93467486 94159658 692172
4 849 rs35670235 187524525 4 -0.00258363073353738 187508057 187580706 72649
4 870 rs10001776 190276865 2 -0.00255881420974745 190106915 190328590 221675
4 430 rs34585936 96091414 1 -0.00255547593605127 95948640 96161342 212702
4 712 rs590272 169181074 9 0.00252350524619856 168985670 169338127 352457
4 69 rs3115378 8557865 1 -0.00248678879787221 8557865 8579758 21893
4 128 rs1495508 21392977 1 -0.00248223970479404 21300290 21407759 107469
4 91 rs7690022 13872720 3 0.00247722344466817 13824647 14026708 202061
4 633 rs7658783 152852199 3 -0.00244770166450787 152801922 152991825 189903
4 797 rs6838314 182780188 3 -0.00239313506228355 182740613 182784916 44303
4 550 rs7441245 129436625 3 0.00235117820231138 129336928 129471494 134566
4 537 rs7691579 125332916 6 -0.00234702237807587 125073255 125465163 391908
4 752 rs12641442 177006043 1 -0.00234498092278271 176993039 177121983 128944
4 751 rs1106568 176861301 1 0.00231047481657416 176850196 176971792 121596
4 676 rs17039654 161447090 4 -0.00230747528350176 161300559 161699005 398446
4 526 rs3817171 122063735 4 0.00228494462058795 122004252 122143664 139412
4 583 rs12374402 138678024 4 0.00227603206194686 138577151 138801711 224560
4 755 rs2167095 177373302 2 0.00223900130208181 177350693 177531472 180779
4 471 rs2672470 108464074 6 0.00223566081242907 108167905 108587771 419866
4 866 rs2377458 189756940 3 0.00223400387601902 189584353 189759697 175344
4 552 rs11098986 129700043 1 -0.00222357494334187 129646870 129700043 53173
4 399 rs2869433 87279096 2 0.00220389851629495 87231768 87743984 512216
4 253 rs7659184 45133240 1 0.00219607099476322 45030609 45182527 151918
4 434 rs1579627 96636651 1 0.00216101494056144 96508701 96647588 138887
4 619 rs1347655 147905897 3 0.00214678986059097 147473314 147935557 462243
4 115 rs1395099 18382212 2 -0.00207658652763862 18277716 18722405 444689
4 383 rs953534 83617849 3 0.00206062763825337 83527733 83673572 145839
4 5 rs3936194 1619530 1 -0.00205853318151771 1566164 1647743 81579
4 176 rs1402492 28923633 1 0.00205042855915248 28901589 28935317 33728
4 731 rs333384 173245389 3 0.0020342648099677 172997356 173356104 358748
4 451 rs2645373 101904475 2 0.00203382166179558 101904205 101931826 27621
4 433 rs1905850 96434992 2 -0.00202317984544713 96372611 96434992 62381
4 444 rs729147 100333267 3 0.00202268723140577 100247351 100335586 88235
4 789 rs1357353 181935405 1 0.00201098207232271 181897552 181942406 44854
4 299 rs10022990 60217601 3 -0.00196499506801111 59988095 60442490 454395
4 810 rs11941467 184190233 1 0.0019543548842099 183942308 184281811 339503
4 372 rs1379706 81183900 3 -0.00195383709046682 81069624 81200645 131021
4 710 rs17053380 168520452 1 -0.00195183039637286 168515495 168615218 99723
4 453 rs13142024 102089849 2 0.00194546720905162 102084331 102526313 441982
4 215 rs4463081 37785000 3 -0.00193839245823057 37768780 37862522 93742
4 646 rs6835823 154972357 1 0.00193459778081345 154951914 155008496 56582
4 6 rs34205238 1729556 3 0.00191026839291766 1701317 1737262 35945
4 236 rs2437346 40831652 4 0.00190575171604969 40739635 40843288 103653
4 198 rs10023150 34595824 3 0.0019014582320498 34370370 34731172 360802
4 545 rs12644234 126947359 1 -0.0018665400362648 126763987 127134711 370724
4 521 rs12644283 120133549 4 0.0018597501138173 120055799 120695322 639523
4 161 rs1567649 26026002 2 0.00185879301903788 26016156 26094755 78599
4 264 rs6818457 54016241 1 -0.00183595279479761 53893156 54377540 484384
4 73 rs1001216 10168849 2 0.00182551496480241 9920347 10388610 468263
4 470 rs17549820 108118301 2 0.0018245103015828 108000247 108120955 120708
4 601 rs2059499 141942359 3 -0.00182076232079914 141890683 141996416 105733
4 86 rs7692324 12757442 3 0.00181649099452945 12733389 13002341 268952
4 55 rs4689119 7441746 1 -0.00180307510825765 7399054 7441746 42692
4 554 rs1514572 130160706 3 -0.00180186314014721 130136648 130364383 227735
4 317 rs9918005 65423635 2 0.00180080091309069 65309971 65549349 239378
4 694 rs13114741 165029276 2 -0.00178076845895127 164982057 165203351 221294
4 66 rs7660199 8157710 1 -0.00177712055468374 8157710 8157710 0
4 251 rs13144404 44435685 1 0.00177060273034875 44144150 44435685 291535
4 152 rs1553876 25317277 3 0.00176842744919411 25168417 25444762 276345
4 136 rs1394018 23088051 2 -0.00174852985771037 22859573 23235331 375758
4 227 rs16995300 39478264 3 0.00169332136094265 39452290 39748523 296233
4 203 rs5011112 35751033 3 0.00166280110954015 35673557 35916584 243027
4 613 rs11100883 146450970 4 0.00165941275108139 146309232 146488327 179095
4 98 rs4303974 15375984 5 0.0016457866211863 15369280 15835844 466564
4 785 rs7669469 181463308 1 -0.00164255707314859 181382631 181499684 117053
4 452 rs6851231 101983607 1 -0.00160942900178535 101947930 102074134 126204
4 167 rs1013532 27157313 2 0.00159911617820331 27139247 27254091 114844
4 174 rs2048380 28419114 2 -0.00159589491952831 28194516 28473048 278532
4 248 rs6447224 43106517 2 -0.00158659025528435 43019669 43260134 240465
4 210 rs3910363 37264831 1 0.0015791632743052 37264831 37335699 70868
4 664 rs4234914 158468178 3 0.0015736298520875 158131579 158468178 336599
4 656 rs10517620 156676558 1 0.00155305115712392 156622727 156677592 54865
4 57 rs4689789 7588936 1 -0.00154252059079039 7588936 7632223 43287
4 302 rs1378566 61264831 4 0.00153578150480597 60929487 61370159 440672
4 590 rs9942285 140118204 2 -0.00152945794804496 139839354 140370149 530795
4 449 rs1396286 101642607 2 0.00152242104625705 101238386 101642607 404221
4 572 rs4146972 136503631 2 0.00151785142770614 136068696 136549624 480928
4 523 rs17010476 121034480 2 -0.00151688614096342 120988552 121371794 383242
4 89 rs10805320 13687206 1 -0.00151613709184582 13600993 13783235 182242
4 542 rs10034706 126255544 5 -0.0014990807261692 126239986 126462071 222085
4 428 rs6812065 95626444 1 0.00148855017547007 95618987 95678443 59456
4 462 rs960345 105230647 2 0.00145121971011582 104944893 105231848 286955
4 575 rs10519392 137485929 1 0.00144638222153512 137413277 137534902 121625
4 81 rs6842740 11619288 2 0.00144031313507944 11571164 11758071 186907
4 439 rs7679904 98191708 7 -0.00142443058181557 98098473 98432390 333917
4 843 rs7676342 186901587 1 0.00140515009157101 186893350 186901587 8237
4 520 rs6828669 119947135 4 -0.00139169727969362 119947135 120013590 66455
4 599 rs6843792 141682299 1 -0.00138035004935657 141578155 141682299 104144
4 129 rs11730849 21438786 2 0.00136671041809342 21425057 21494981 69924
4 757 rs1545089 177854130 1 0.00134702910227206 177650866 177854130 203264
4 558 rs1968821 131499397 2 0.0013417752077666 131301036 131596752 295716
4 624 rs10023128 149045770 7 0.00133693999439305 148936414 149131264 194850
4 331 rs6818594 69850452 1 0.00133634085822805 69646009 70031620 385611
4 709 rs2952482 168338506 6 0.0013268170904753 168256989 168390470 133481
4 130 rs1817324 21546537 4 0.00131967613077108 21506851 21689430 182579
4 367 rs1979508 80231746 2 -0.00131579628132024 79914407 80234648 320241
4 394 rs7685784 86074453 1 0.00130097027212041 85449323 86338233 888910
4 368 rs3924829 80352632 1 -0.00129454805332258 80272792 80365765 92973
4 605 rs11930321 143305002 1 0.0012888660648551 143234593 143406773 172180
4 190 rs1510810 31665898 4 0.00128714734075619 31413759 31758426 344667
4 519 rs17050196 119896633 2 -0.00127293242694657 119817622 119902065 84443
4 663 rs9307949 157626640 1 -0.00125241140753398 157626640 158051385 424745
4 779 rs4522906 180791944 3 -0.00121530258104495 180696728 180905257 208529
4 414 rs34001515 91025850 1 0.00118252186351331 90916437 91289294 372857
4 802 rs7669106 183161639 3 -0.00112611246971813 183137216 183162284 25068
4 412 rs1495556 90458283 3 -0.00105760367338172 90334129 90492766 158637
4 440 rs10002767 99298166 2 -0.00105089642920438 98652689 99411237 758548
4 344 rs6816849 74748325 1 -0.00104473158659186 74667727 74863997 196270
4 679 rs7687260 162228270 1 -0.00103556996911254 162220823 162236867 16044
4 860 rs7439650 188904235 1 -9.962048289158035e-4 188904235 188936629 32394
4 410 rs2005104 90211779 3 -9.904391807626116e-4 90137336 90211918 74582
4 479 rs10005272 110250481 3 9.826736641595662e-4 110220384 110466758 246374
4 690 rs7658224 164293345 5 9.787723674322423e-4 164260276 164471823 211547
4 616 rs11728407 146987013 2 -9.762346368109474e-4 146883385 146999111 115726
4 703 rs1380355 166602585 1 9.667246012897203e-4 166602585 166679175 76590
4 291 rs1860621 58087036 1 -9.661608443218512e-4 58087036 58121668 34632
4 20 rs12504020 4524826 1 9.646355762152188e-4 4445315 4562916 117601
4 389 rs2046731 84703011 2 -9.577697227844244e-4 84664343 84793814 129471
4 184 rs3846269 30412195 1 -9.545820890311595e-4 30397570 30439397 41827
4 508 rs11945934 115823991 2 9.423989754381932e-4 115701304 115829919 128615
4 246 rs898500 42639186 4 9.40389128181964e-4 42368901 42652004 283103
4 674 rs11930198 161094977 2 -9.395573179423062e-4 160889694 161109431 219737
4 380 rs13116695 83094251 2 9.258999111215804e-4 83094251 83118318 24067
4 673 rs4690958 160766276 1 9.211603080054248e-4 160477041 160766276 289235
4 500 rs29305 114216924 3 8.951841034201011e-4 114105776 114224764 118988
4 242 rs9997912 41790600 1 -8.872341871200527e-4 41714272 41805686 91414
4 241 rs1061597 41691601 1 8.865705939766147e-4 41639999 41691601 51602
4 294 rs343549 58614509 1 8.770366429939052e-4 58614509 58670994 56485
4 502 rs916874 114392393 1 8.753066113523372e-4 114332705 114472402 139697
4 726 rs7695819 171808256 2 8.744049214320492e-4 171788150 172203928 415778
4 459 rs7657942 104540960 1 -8.566266410902799e-4 104414511 104553287 138776
4 778 rs12500438 180613345 2 8.544941827778529e-4 180608655 180687498 78843
4 461 rs6533126 104882439 1 8.439070855950125e-4 104834423 104882439 48016
4 41 rs1801212 6302519 1 -8.348081018128789e-4 6270056 6342213 72157
4 441 rs7695093 99443585 1 -8.17412944535963e-4 99428163 99510279 82116
4 783 rs13113937 181266001 1 -8.093624604635844e-4 181205991 181266001 60010
4 513 rs12649613 117946646 1 7.983823478356737e-4 117569522 117993779 424257
4 811 rs6821104 184292528 2 7.970040222479411e-4 184292528 184305340 12812
4 156 rs6448388 25654566 1 7.90330830454151e-4 25638736 25674194 35458
4 304 rs1486492 61830190 3 7.821672189558702e-4 61592332 61836190 243858
4 527 rs12650479 122163552 4 -7.760122124580429e-4 122156142 122203163 47021
4 19 rs12512085 4372439 2 7.662417536537342e-4 4372439 4392357 19918
4 231 rs10018317 40447356 1 -7.658460771637979e-4 40420437 40447356 26919
4 208 rs7689518 37036150 4 -7.604215063397219e-4 36684936 37072029 387093
4 307 rs1350246 62276356 1 7.547082415850493e-4 62258836 62349873 91037
4 374 rs6849299 82118996 1 -7.537507651582265e-4 81897005 82118996 221991
4 597 rs1464435 141048606 1 -7.511584588118884e-4 141048606 141053848 5242
4 262 rs3811759 48491010 1 -7.344172720925937e-4 48229886 53061395 4831509
4 626 rs2248038 149364999 1 -7.256617113913661e-4 149357475 149385504 28029
4 22 rs7690052 4700606 1 -7.195135195552565e-4 4687339 4727507 40168
4 640 rs10001638 154055176 3 7.1938586502435e-4 154017805 154087520 69715
4 618 rs11944523 147374979 5 7.082155201862666e-4 147180527 147469133 288606
4 263 rs7699960 53735661 2 -6.93931904486907e-4 53136123 53778384 642261
4 761 rs13112358 178274750 3 6.93775689711727e-4 178236402 178290368 53966
4 427 rs17311887 95313228 4 6.924644832005431e-4 95035175 95589337 554162
4 465 rs195148 105988057 2 -6.849252103056241e-4 105872720 106036545 163825
4 207 rs12507648 36546041 1 6.732551317237346e-4 36543025 36656080 113055
4 131 rs4697248 21931195 3 -6.674489709958633e-4 21707905 21986877 278972
4 402 rs1381626 88552784 2 -6.646738948274152e-4 88502642 88552784 50142
4 155 rs10013819 25577184 1 6.588603916044705e-4 25576330 25587743 11413
4 135 rs12507337 22661136 1 6.539260246109704e-4 22631389 22812879 181490
4 611 rs11939984 145812728 2 -6.534039381555028e-4 145544836 145986668 441832
4 343 rs1247574 74521045 1 6.523111216926901e-4 73681946 74528627 846681
4 182 rs2613180 30132119 1 6.51036954277929e-4 30132119 30161847 29728
4 284 rs7664841 57310814 1 -6.434005681056402e-4 57176832 57426688 249856
4 515 rs6852211 118445531 1 6.429989558904174e-4 118244984 118473924 228940
4 151 rs13124493 25048536 1 -6.400766285273899e-4 25040676 25107115 66439
4 397 rs13112493 86676079 1 -6.172242012263666e-4 86615391 86847640 232249
4 79 rs11725667 11513562 1 6.115068609325797e-4 11424898 11524263 99365
4 822 rs7669472 185019266 2 -6.007487470306277e-4 184952645 185062880 110235
4 303 rs2340736 61405872 3 6.005792559061728e-4 61395456 61552933 157477
4 472 rs2522426 108621483 2 5.976878621976078e-4 108611941 108794544 182603
4 189 rs6820923 31334007 3 5.969903438681937e-4 31319406 31397618 78212
4 510 rs4146409 116547100 4 -5.888001668472766e-4 116074054 116667561 593507
4 164 rs869902 26498513 1 -5.861612643735267e-4 26498513 26522786 24273
4 704 rs13136952 166833808 2 -5.849423614809338e-4 166705990 166939154 233164
4 711 rs17525095 168768607 1 -5.812380011034274e-4 168626439 168898057 271618
4 714 rs17707379 169509103 1 5.801757382374337e-4 169422705 169551542 128837
4 774 rs6828433 180193914 1 -5.761214091723796e-4 180131863 180193914 62051
4 168 rs759097 27337756 1 -5.70065362358104e-4 27298305 27339904 41599
4 669 rs6832186 159481490 3 5.663357237888144e-4 159481490 159873196 391706
4 812 rs11723316 184415338 4 5.59669721365864e-4 184334102 184415338 81236
4 228 rs922749 39894988 5 -5.570661536975041e-4 39818522 40139719 321197
4 30 rs730469 5624670 1 -5.536034473972217e-4 5516030 5629298 113268
4 736 rs11941310 174705265 1 5.504206133210729e-4 174630567 174731952 101385
4 348 rs11734944 75681217 1 5.502598550930105e-4 75659256 75745515 86259
4 404 rs2725264 89026109 1 5.469288714270478e-4 88889605 89026109 136504
4 498 rs6819998 114010341 1 -5.442405825035925e-4 113971374 114019871 48497
4 432 rs4130507 96259062 1 5.376472827116011e-4 96255088 96341886 86798
4 733 rs7658148 174235624 2 5.313046949903816e-4 173962425 174251422 288997
4 127 rs10022535 21087235 3 -5.187583584320843e-4 21033853 21268543 234690
4 213 rs115231391 37633026 1 5.142888179239583e-4 37575251 37648845 73594
4 147 rs12507254 24673420 1 5.12981179073142e-4 24673420 24736258 62838
4 377 rs4401444 82620131 2 4.927911088647094e-4 82492363 82624148 131785
4 864 rs13114765 189390949 1 4.899894281297471e-4 189365509 189430792 65283
4 250 rs4695447 44093499 2 4.849785778005405e-4 43968054 44093499 125445
4 609 rs7692784 145130096 2 4.806872711443054e-4 145030701 145141405 110704
4 102 rs7359 16164489 3 4.6995490237623777e-4 16063055 16189136 126081
4 821 rs17090673 184918852 1 -4.677753057821958e-4 184875120 184930646 55526
4 59 rs2079169 7685529 1 4.627083128901276e-4 7683417 7689152 5735
4 239 rs11735648 41319962 2 4.6018795180643166e-4 41222917 41359965 137048
4 586 rs2976481 139339576 2 4.5797813639320863e-4 139326271 139541397 215126
4 592 rs11944843 140637703 2 4.433153574126056e-4 140593264 140678281 85017
4 830 rs10001154 185849906 1 4.382344703230183e-4 185810760 185885897 75137
4 836 rs13123635 186504441 1 -4.18839867636332e-4 186423637 186504441 80804
4 629 rs6535702 150919730 3 -4.160053591220232e-4 150678416 150924437 246021
4 126 rs1434954 20946907 1 -4.048211767296205e-4 20908415 21003851 95436
4 93 rs4698737 14368628 1 4.023262995391238e-4 14296613 14370747 74134
4 675 rs1532391 161240911 2 3.970587410018433e-4 161116677 161280429 163752
4 17 rs1991917 4207366 1 -3.9650794183306834e-4 4207366 4258887 51521
4 765 rs11131820 178683325 1 3.941890972262364e-4 178646542 178812009 165467
4 794 rs10520496 182514392 3 -3.939003999116909e-4 182431113 182514392 83279
4 27 rs989707 5210283 3 3.8655147578058697e-4 5154673 5216320 61647
4 96 rs1455207 15128633 1 3.849918028422948e-4 14872639 15145180 272541
4 247 rs1562839 42813800 1 3.8464023960060954e-4 42694179 42975329 281150
4 725 rs1522571 171616095 1 3.836807898038619e-4 171576294 171762217 185923
4 683 rs1549828 162840766 3 3.8105872724057194e-4 162737097 163149785 412688
4 767 rs1458717 179114110 1 3.784022182322842e-4 179009622 179326362 316740
4 226 rs13147477 39419322 1 -3.706953511751357e-4 39055870 39419322 363452
4 323 rs9647495 67315227 1 -3.680058942999363e-4 67126645 67525255 398610
4 865 rs6826087 189475684 6 -3.6725708784865886e-4 189447377 189522110 74733
4 363 rs920666 78511203 1 3.663221731978309e-4 78511203 78562040 50837
4 786 rs3113765 181535808 1 3.654649547374843e-4 181535808 181584314 48506
4 320 rs13144830 66454374 1 -3.598762343890064e-4 66394160 66576310 182150
4 665 rs1032334 158637156 1 -3.5869070104644225e-4 158492974 158669702 176728
4 32 rs12331393 5759347 3 3.5780144627314196e-4 5746620 5816938 70318
4 445 rs13143848 100443720 2 3.488683412036176e-4 100341861 100642113 300252
4 507 rs10024217 115458115 2 3.480327524711648e-4 115368816 115656533 287717
4 21 rs6840368 4645158 1 3.4359901566583645e-4 4579042 4678511 99469
4 524 rs2390022 121457685 1 -3.3908206678304366e-4 121396721 121538689 141968
4 747 rs2333233 176538654 1 3.2953339819962417e-4 176538654 176568582 29928
4 818 rs17075108 184789877 1 -3.242854288012455e-4 184762700 184792187 29487
4 745 rs2219824 176036504 1 3.2047163945581844e-4 176028487 176110924 82437
4 565 rs976259 134153787 1 -3.2010888334653296e-4 134123827 134335871 212044
4 375 rs1452373 82284055 1 3.1810768778283224e-4 82134787 82315470 180683
4 209 rs2376241 37163951 1 -3.176114673603169e-4 37111552 37240580 129028
4 75 rs7698615 10877223 1 3.165418664051203e-4 10706422 10909225 202803
4 353 rs924937 76769442 4 3.0246040646188287e-4 76769442 76837098 67656
4 361 rs17643945 78194110 1 2.9718359555655326e-4 78168932 78330433 161501
4 423 rs6532407 94372827 1 -2.9005985306589744e-4 94233967 94390998 157031
4 682 rs6854960 162689107 1 -2.8902709081381634e-4 162651017 162719690 68673
4 53 rs17755381 7282506 1 2.879008521362139e-4 7280033 7330107 50074
4 584 rs4640713 138853076 2 -2.875442067049197e-4 138853076 139183123 330047
4 350 rs9090 75972413 1 -2.851674934345265e-4 75929358 75980925 51567
4 478 rs7692025 110168834 1 -2.726865243173047e-4 109999116 110207927 208811
4 793 rs4861478 182411624 3 2.7091738191090277e-4 182292227 182416097 123870
4 419 rs10516896 92356118 1 2.6905619061942426e-4 92231314 92544404 313090
4 347 rs3923243 75579453 2 2.66710930483473e-4 75525096 75619533 94437
4 232 rs278962 40475295 1 -2.659048931837382e-4 40475295 40494616 19321
4 483 rs6813255 111072985 1 -2.657231270139851e-4 111072985 111144049 71064
4 497 rs17045384 113951743 1 -2.6205180125452607e-4 113916575 113954926 38351
4 580 rs1317962 138160783 2 2.5675457494198816e-4 138087831 138227898 140067
4 187 rs6448754 31196514 1 2.5637439668509907e-4 31037602 31196514 158912
4 591 rs3755992 140579042 1 -2.548862320457361e-4 140537671 140585089 47418
4 549 rs1391980 129218126 2 2.5357395453950976e-4 128367991 129287011 919020
4 257 rs17539445 47231416 6 -2.523308372755922e-4 46890143 47243813 353670
4 119 rs6845174 20054356 2 2.5074969919489733e-4 19821565 20064263 242698
4 861 rs11132507 188985493 1 2.491024280052555e-4 188971489 189101773 130284
4 564 rs12501689 133786573 2 -2.485322126737628e-4 133772334 134083486 311152
4 828 rs3970313 185520068 1 -2.4349936592978424e-4 185491838 185725416 233578
4 730 rs7656738 172932137 1 -2.415968825901108e-4 172929844 172953080 23236
4 823 rs11724229 185128641 1 2.388624510014274e-4 185086713 185128641 41928
4 582 rs4391086 138520936 1 -2.3454097363445405e-4 138395132 138520936 125804
4 298 rs2899130 59557817 4 2.3431406333393e-4 59541966 59953116 411150
4 7 rs1923775 2103096 1 2.2795723412308012e-4 1996670 2103096 106426
4 146 rs13137535 24624240 1 -2.2587422716134183e-4 24528048 24626903 98855
4 610 rs2657799 145282779 1 2.249564026690458e-4 145210834 145513053 302219
4 318 rs1440931 65902264 1 2.1725921388574812e-4 65613269 65908016 294747
4 547 rs13110774 127290078 1 -2.1449441148373708e-4 127283300 127404615 121315
4 170 rs7697958 27614790 1 -2.0953778607429976e-4 27584802 27680483 95681
4 831 rs11729376 185929310 1 -2.052095915779751e-4 185894655 185929310 34655
4 104 rs10805350 16531401 1 1.9665059649941473e-4 16531401 16551836 20435
4 644 rs1105491 154726634 1 1.966420258480384e-4 154557616 154726634 169018
4 795 rs745704 182544544 1 -1.9410356098493612e-4 182537084 182615625 78541
4 536 rs2390586 124718116 1 -1.8934187711839697e-4 124592367 124970239 377872
4 34 rs6840908 5931208 1 1.888855728414751e-4 5847493 5931208 83715
4 469 rs7695009 107654943 1 1.856931193806096e-4 107517238 107849340 332102
4 327 rs2630489 68591252 1 1.8519847397195424e-4 68460255 68629070 168815
4 525 rs17051273 121792785 4 1.8305296305728904e-4 121645012 121974645 329633
4 713 rs2319850 169348404 1 -1.818517103990733e-4 169348404 169401199 52795
4 56 rs13128906 7513983 3 -1.8080454265193837e-4 7466980 7522239 55259
4 573 rs958632 136572585 2 1.8011034747724862e-4 136570132 136828780 258648
4 388 rs7340961 84604639 1 -1.7925805618862256e-4 84374480 84604639 230159
4 756 rs4690358 177583933 1 -1.7233173406655278e-4 177583933 177607731 23798
4 846 rs4241824 187191787 1 -1.691153873947438e-4 187116227 187223583 107356
4 163 rs10517097 26430147 1 1.539282309240201e-4 26308792 26487989 179197
4 408 rs11736472 89458051 2 1.5037386806541323e-4 89456219 89742764 286545
4 341 rs4296652 72938462 1 1.470258780243433e-4 72927226 73146274 219048
4 108 rs1522075 17178058 1 -1.4644076105039646e-4 17063786 17224345 160559
4 851 rs1583219 187751154 1 1.335821403633542e-4 187697015 187786316 89301
4 446 rs6849369 100682937 1 -1.325470147939275e-4 100666364 100705602 39238
4 157 rs2276951 25760885 1 1.291350891557443e-4 25758940 25784320 25380
4 563 rs13119882 133685637 2 1.2787619809384446e-4 133156160 133707298 551138
4 238 rs10003861 41212997 1 1.2618020115984867e-4 41153134 41212997 59863
4 807 rs2309777 183722743 1 1.2396885640032e-4 183709536 183722743 13207
4 871 rs1551137 190438606 1 1.148031414891592e-4 190344851 190467123 122272
4 627 rs12644824 149525713 1 1.067003715447132e-4 149461969 149713872 251903
4 202 rs16991102 35429711 1 1.0448939231552732e-4 35410631 35608822 198191
4 691 rs3828491 164506575 1 1.0009775857521824e-4 164492395 164564775 72380
4 1 rs13115344 515489 1 9.8595304268988125e-05 498459 658089 159630
4 607 rs11947756 144398793 2 9.809657279090572e-5 143960787 144406061 445274
4 49 rs7675524 6951583 1 9.598265465456935e-5 6918679 7112676 193997
4 78 rs10034384 11235941 1 -9.503939843563428e-5 11201074 11401087 200013
4 622 rs11557361 148560193 1 9.16228096553042e-5 148554421 148828922 274501
4 159 rs6820540 25874058 2 -9.155052992466268e-5 25874058 25961788 87730
4 105 rs6818414 16600664 1 8.693971669799503e-5 16594879 16648246 53367
4 150 rs4235326 25009491 1 8.58709845988996e-5 24954586 25009491 54905
4 759 rs2246360 178100729 1 8.562069818348571e-5 178001276 178100729 99453
4 832 rs4415003 185977226 1 -7.880741946302514e-5 185957817 185977226 19409
4 717 rs4396955 169845720 1 7.41969435837222e-5 169764489 169928842 164353
4 194 rs9884706 32632087 3 -7.093619289289172e-5 32609134 32932415 323281
4 667 rs1410789 159179862 1 6.925853660688438e-5 159127462 159189417 61955
4 809 rs17271644 183809272 2 6.7636177638815e-5 183809272 183916674 107402
4 24 rs4689967 4984192 2 6.716638625793835e-5 4888990 4984192 95202
4 630 rs7655571 150955500 1 -6.416717861055081e-5 150955500 151284982 329482
4 381 rs3762885 83305278 1 -6.408652464908069e-5 83169733 83362192 192459
4 429 rs11733843 95703047 2 6.352453395133036e-5 95703047 95892128 189081
4 680 rs10007971 162327567 2 6.215093118172474e-5 162248546 162350385 101839
4 370 rs9991949 80634958 6 5.6881442492785414e-5 80608250 80959926 351676
4 219 rs991331 38308761 2 5.5446927684006325e-5 38308761 38367538 58777
4 780 rs1316917 180942572 1 5.4498814515809135e-5 180920998 180968431 47433
4 48 rs13115900 6876569 1 4.280131849952916e-5 6854060 6890937 36877
4 296 rs17089110 58974923 1 -4.1299361421110066e-5 58967480 59284649 317169
4 229 rs28802045 40265273 1 -4.0853231987704807e-05 40207190 40279534 72344
4 480 rs6533438 110538429 1 -3.915428297242293e-5 110523044 110659067 136023
4 143 rs4697052 24223553 1 3.287099715340258e-5 24144512 24264901 120389
4 300 rs17089834 60680656 1 3.085670824025435e-5 60480763 60681208 200445
4 729 rs230 172896473 1 2.7320934785710938e-5 172742577 172896473 153896
4 708 rs6829378 167995689 2 -2.6584184934619445e-5 167866712 168150023 283311
4 559 rs1478091 131790501 1 2.5497201918093272e-5 131629960 131790501 160541
4 585 rs3096659 139260411 1 2.171757101798235e-5 139243656 139301744 58088
4 23 rs4435686 4851329 1 -2.099970505566107e-5 4761862 4852354 90492
4 514 rs1438217 118039852 1 1.7990760726001342e-5 118039852 118218045 178193
4 259 rs33995001 47514685 1 -1.767231407616549e-5 47421325 47541849 120524
4 693 rs4533720 164959804 1 1.0941219332014032e-5 164797386 164972450 175064
4 67 rs4696784 8257532 1 -7.47947977729114e-6 8220029 8304137 84108
4 230 rs10009228 40356422 1 4.599082928957188e-6 40303633 40379061 75428
