CHR Group SNP.lead BP.lead Size W BP.min BP.max BP.width
6 61 rs12529318 32434314 54 0.5706955616884349 32019769 32899296 879527
6 62 rs2281389 33059796 41 0.3680939435085959 32900642 33817929 917287
6 60 rs2523544 31333562 26 0.2221944184972313 31207692 31947460 739768
6 59 rs3130553 31082285 44 0.09808970113350927 30075843 31206979 1131136
6 138 rs535490 106564434 19 0.09586519332993589 106328676 106915830 587154
6 176 rs6920220 138006504 14 0.07146269026240537 137692864 138283265 590401
6 231 rs3093024 167532793 12 0.06417712572740362 167360389 167833557 473168
6 174 rs6912539 137108757 11 0.05464803250687726 137017749 137500786 483037
6 57 rs806794 26200677 32 0.04202432586391632 25414846 28667448 3252602
6 114 rs9449501 83284573 11 0.03815747085080302 82763865 83894382 1130517
6 36 rs12529514 14096658 9 0.0377418308641935 13836672 14329647 492975
6 64 rs4713755 34135235 13 0.03673817965216774 33991368 34982599 991231
6 56 rs6940230 25247120 13 0.03569908651059411 24957511 25411464 453953
6 58 rs1633005 29764472 31 0.03468685813087394 28689672 30073847 1384175
6 41 rs236968 16583147 12 0.03421970724546754 16570089 16801866 231777
6 66 rs6457940 36663357 14 0.03420117323310826 36304505 36744778 440273
6 43 rs9297068 18353562 14 0.03383321208453898 17773790 18353562 579772
6 67 rs9357239 37060809 3 0.03361472393421461 36772000 37257787 485787
6 105 rs41265489 72809641 28 0.03342666313540778 71675774 73171594 1495820
6 85 rs3777594 45933157 8 0.03297158339454158 45536080 45992333 456253
6 84 rs660953 44645943 16 0.03260556696603899 44549333 45520719 971386
6 146 rs4947138 111960388 15 0.03014701527444576 111415640 112644225 1228585
6 201 rs687508 153406657 9 0.0299021805121171 153119212 153690928 571716
6 165 rs4897553 132234136 13 0.02961579399265277 131995313 132460724 465411
6 77 rs12208813 42025318 8 0.02953714998989226 41744948 42099371 354423
6 74 rs10807248 40844002 16 0.0289990882071686 40801731 41366838 565107
6 183 rs2128977 143846791 14 0.02891042558848627 143765778 144268954 503176
6 102 rs1321980 70003609 12 0.02851758636326818 68898262 70349202 1450940
6 150 rs9489193 117769728 11 0.02819495275214014 117083172 118496796 1413624
6 39 rs6933491 16268408 12 0.02744713175776215 15089151 16289328 1200177
6 214 rs7754295 160061229 20 0.02726704353992642 159991083 161082695 1091612
6 178 rs9376387 139285630 12 0.02710333009206307 138821708 139513381 691673
6 117 rs6919366 87113172 33 0.02664809910045294 86056783 88466990 2410207
6 192 rs6570947 149469655 17 0.02607962468205452 149279188 150298842 1019654
6 75 rs16894733 41460739 2 0.02589522863506026 41389484 41474727 85243
6 79 rs3805931 43089429 10 0.02518464452986486 42462055 43418528 956473
6 23 rs2068361 7736743 15 0.02473908896378028 7528113 7913556 385443
6 120 rs9362681 90476452 11 0.02407926638781539 89421027 90631504 1210477
6 19 rs9405920 6397716 7 0.02383941645657653 6355950 6662286 306336
6 160 rs7738609 128295502 13 0.02353632755525985 127600630 128320912 720282
6 203 rs1293928 154640746 4 0.0228474340004823 154478440 154800018 321578
6 49 rs6909060 21986847 9 0.02235861024634969 21497929 22021230 523301
6 226 rs576853 165943163 6 0.02191084001532503 165901124 166051508 150384
6 152 rs4946572 121809450 25 0.02172061930994438 120342199 121895061 1552862
6 172 rs9376124 135979220 10 0.02135103708079576 135606565 136340592 734027
6 139 rs3747787 106967778 5 0.02098578113727235 106924458 107307003 382545
6 22 rs2876098 7374207 6 0.02069377092113145 6994388 7476908 482520
6 109 rs6900948 76876104 6 0.02067804988208926 75847036 77268990 1421954
6 140 rs311218 107408585 8 0.02052954536894119 107380837 107992074 611237
6 212 rs6924755 159264974 16 0.01962317498512982 158973475 159572922 599447
6 71 rs1328388 39379854 9 0.01908330208133805 39219300 39796910 577610
6 136 rs2211033 104992395 5 0.01879207115167275 104742765 105670495 927730
6 133 rs1933992 103010088 10 0.01847419925640853 102017666 103169903 1152237
