CHR Group SNP.lead BP.lead Size W BP.min BP.max BP.width
14 719 rs8017161 103563195 7 0.18467354382720877 103539669 103584674 45005
14 585 rs17184313 93102251 5 0.0794653373505882 93064069 93118038 53969
14 601 rs11621961 94769476 4 0.06024289955772952 94769476 94847415 77939
14 392 rs3784099 68749927 5 0.05295174222212021 68749927 68808398 58471
14 183 rs696 35871093 5 0.04469369961415281 35871093 35887431 16338
14 369 rs8005319 63822521 4 0.03412410667038686 63777253 63857808 80555
14 37 rs3748366 22204911 4 0.03105634500319025 22098295 22204911 106616
14 143 rs2300835 33207522 2 0.02980379095508101 33183958 33237374 53416
14 438 rs2193596 75234101 5 0.02957884533460019 75110437 75558163 447726
14 584 rs737522 93014672 3 0.02953835669885865 93014672 93047936 33264
14 425 rs2526896 73055107 4 0.02893121656176895 73052019 73096614 44595
14 574 rs2202955 92118160 3 0.02832866118342335 92104196 92126827 22631
14 714 rs118141823 102900956 3 0.02822577772995269 102614961 102933347 318386
14 461 rs17811635 77573757 2 0.02787107904335817 77497666 77600937 103271
14 448 rs17783366 76543004 7 0.0218224468662989 76482168 76581121 98953
14 218 rs8005565 41097075 5 0.02147751228964738 40896108 41103660 207552
14 393 rs10132294 68887667 7 0.02131138728707487 68818976 68963746 144770
14 343 rs755011 59815040 13 0.02046894079290738 59813702 60087380 273678
14 345 rs216526 60650086 5 0.01967274329536067 60494285 60782370 288085
14 481 rs7141420 79899454 4 0.01875429862247328 79698367 79945162 246795
