CHR Group SNP.lead BP.lead Size W BP.min BP.max BP.width
2 417 rs10931468 191538562 7 0.1672959266202192 191504064 191935804 431740
2 416 rs4638823 191312906 6 0.08530532863701948 190959523 191469731 510208
2 436 rs3181113 204601910 14 0.07630026597251086 204459206 204802578 343372
2 316 rs842362 135341120 11 0.06180253460993375 135341120 136590558 1249438
2 93 rs7583409 25491056 3 0.06164094155186773 25491056 26191296 700240
2 38 rs10174949 8442248 7 0.05619160237617795 8438959 8561739 122780
2 297 rs6725404 128972833 6 0.04680090640264554 128465547 129118215 652668
2 500 rs2048054 228652347 5 0.04554856933746801 228622128 228776938 154810
2 177 rs1186706 61673394 14 0.04495843464210686 60972786 62474984 1502198
2 318 rs4434047 137452607 29 0.04307840313961381 137061077 137756717 695640
2 126 rs4670932 39618666 4 0.04024886400476924 38893660 39814690 921030
2 245 rs12475055 102878891 13 0.03663620345975936 102707179 103301268 594089
2 263 rs1398030 111972005 5 0.03208685266988553 111435895 112000058 564163
2 268 rs11694541 114509074 13 0.0309919435703447 114432293 114784936 352643
2 418 rs13022931 192020729 5 0.03042594882158878 191991459 192197929 206470
2 62 rs721173 13907633 7 0.03021417680811656 13641538 14059586 418048
2 252 rs17031337 106215749 9 0.02862188664135306 106214189 106541229 327040
2 507 rs1365776 231072709 5 0.02834023618341401 231035575 231316105 280530
2 274 rs17512698 118755669 8 0.02594737218716595 118365400 118978890 613490
2 96 rs1260326 27730940 11 0.0253236947303654 27414134 28587069 1172935
