CHR Group SNP.lead BP.lead Size W BP.min BP.max BP.width
9 1440 rs2519803 136805789 4 0.07114156221946039 136798370 136824023 25653
9 956 rs4743150 100740124 4 0.04908453286250637 100740124 100843660 103536
9 1188 rs16932349 117956937 6 0.03280146334534639 117896349 117975864 79515
9 1420 rs1330292 135884806 3 0.02905731340197346 135883620 135890991 7371
9 543 rs831271 33270748 6 0.02747624303368429 33200956 33291520 90564
9 398 rs3217992 22003223 5 0.0269738590981124 21970916 22116071 145155
9 908 rs1380 95147434 4 0.02661675239292423 94985637 95551830 566193
9 1304 rs10818930 126991185 2 0.02655583137353866 126991185 127060431 69246
9 1267 rs10818605 124614496 1 0.02600597907392322 124604264 124643367 39103
9 1185 rs873212 117735806 4 0.02591247344479188 117728895 117744430 15535
9 1184 rs6478109 117568766 8 0.0253902892263024 117541450 117667443 125993
9 63 rs520752 2550811 3 -0.0246129178482182 2527980 2559492 31512
9 599 rs10116618 38769003 9 -0.02371489127758638 38741712 68170421 29428709
9 553 rs7024727 34730395 2 0.02279558870517267 34710450 34743681 33231
9 952 rs4743110 100326824 2 0.02103678059267417 100313725 100458109 144384
9 695 rs561970 79318677 5 0.02096091800105888 79310246 79361021 50775
9 476 rs41305329 27284785 3 0.02053233168184412 27263515 27292474 28959
9 887 rs10821507 93561614 2 0.01982573377299944 93461649 93563536 101887
9 124 rs17804441 5457733 2 0.01912980456055331 5442487 5461379 18892
9 978 rs649057 102234323 10 -0.01903812472319111 102084038 102271150 187112
9 875 rs10118363 92339924 1 0.01888124424284423 92321289 92342790 21501
9 40 rs6475120 1732880 4 0.01726338325886108 1721126 1786681 65555
9 67 rs1412693 2705874 4 0.01694106071387576 2699004 2737697 38693
9 534 rs7042042 32451144 3 -0.01683439687544049 32432565 32456656 24091
9 746 rs1857469 83065765 5 -0.01681653371713752 83048003 83070979 22976
9 1389 rs10901333 133927878 3 -0.01670338966705819 133927878 133970178 42300
9 1334 rs11790967 130170561 2 0.01659196737079498 130165995 130303640 137645
9 1335 rs3802357 130478653 1 0.01637203028881024 130334178 130523904 189726
9 25 rs12346252 1239644 2 0.01635436711427375 1221840 1239722 17882
9 1093 rs10979560 111619734 12 -0.01597558457210419 111587959 111626090 38131
9 575 rs10125775 36993071 2 0.01595596408983817 36952743 36993788 41045
9 845 rs4877370 90328478 2 -0.01569935291338875 90297680 90362777 65097
9 336 rs12684916 17937036 2 0.01534678903999803 17937036 17962477 25441
9 354 rs7871217 18929692 1 0.01528103885744066 18928210 18930880 2670
9 945 rs2025444 98994706 3 -0.01499492525558273 98974141 98997810 23669
9 787 rs1529952 86719547 3 0.01485539940634522 86719547 86761781 42234
9 1305 rs10818950 127130137 3 0.01477406430510181 127090966 127177161 86195
9 1045 rs2090409 108967088 1 -0.01450750210684636 108868577 109014185 145608
9 1122 rs578430 113563143 2 0.01432826735632489 113547476 113579789 32313
9 1261 rs2196311 124170490 1 0.01396848393181459 124170490 124295569 125079
9 161 rs842297 7722331 3 -0.01377833868374684 7682063 7734480 52417
9 243 rs10809843 12780670 5 0.01338877818025219 12758881 12780670 21789
9 1303 rs876452 126978958 3 -0.01322683795425755 126975022 126985334 10312
9 994 rs2485530 104473886 6 0.01309942066761894 104416955 104552360 135405
9 1245 rs10818328 122279421 1 0.01270482050561489 122264713 122279421 14708
9 258 rs642806 13671296 7 0.0125888385328024 13660128 13708607 48479
9 577 rs6476619 37210685 3 -0.01244533257762717 37070398 37375126 304728
9 921 rs12341268 96693709 1 0.01216223077307386 96693709 96693709 0
9 247 rs10511576 12925921 2 -0.01176898695628846 12925921 12931403 5482
9 1332 rs10819243 129633328 4 0.01146341126960515 129633328 129858518 225190
9 1443 rs2789864 136852891 1 -0.01144688173194282 136852891 136852891 0
9 133 rs343494 6070342 2 0.01137395296405809 6070342 6119329 48987
9 1324 rs12683683 129224687 2 -0.01132606548298749 129096474 129258837 162363
9 878 rs535599 92773125 4 -0.01116333795558892 92698716 92814420 115704
9 265 rs10961364 14074099 1 -0.01110772314675004 14063510 14074099 10589
9 417 rs10811885 23321297 3 0.01099296079251283 23307724 23354494 46770
9 371 rs7852773 19919331 3 0.01092353679499535 19904103 19989693 85590
9 148 rs2770759 7197023 4 0.01089078935895979 7150997 7198770 47773
9 578 rs7025491 37387177 1 0.01078422371283502 37382099 37390964 8865
9 679 rs2297343 78722328 3 0.01049823804232742 78686818 78726242 39424
9 1209 rs4091697 119654521 3 0.01025134290115856 119639180 119676324 37144
9 640 rs11143080 74656309 3 0.01018960699179643 74642649 74668581 25932
9 1137 rs7030545 114726308 3 0.01010804746860478 114721455 114759313 37858
9 659 rs577787 77315134 1 0.01004281679013095 77312690 77315134 2444
9 743 rs11138518 82768721 6 -0.00997252802229411 82768721 82913245 144524
9 1197 rs7032067 118843677 3 -0.00993333405016562 118781688 118845404 63716
9 118 rs7025867 4937872 3 -0.00987588938651668 4888724 4943454 54730
9 1104 rs10980070 112584723 3 0.00968899804968679 112531466 112589454 57988
9 267 rs10810113 14200005 5 0.00947165295082522 14196340 14213974 17634
9 866 rs3750399 91656963 4 0.00941283339940944 91656963 91670399 13436
9 260 rs7866165 13812685 1 0.00926486599132977 13812685 13825565 12880
9 936 rs6478302 98392340 5 0.0092522620677781 98376367 98407526 31159
9 1419 rs628094 135877287 1 0.00924190355071358 135872063 135877287 5224
9 1338 rs7032368 130755881 2 0.00908962826620263 130755881 130777468 21587
9 922 rs10993045 96843245 9 0.0090400541184062 96713690 96861798 148108
9 1165 rs7034929 116672801 3 -0.00889529556085841 116660999 116723488 62489
9 1229 rs1327797 120967585 2 -0.00875660182361646 120875685 120967585 91900
9 471 rs621786 27118807 1 -0.00873543635158258 27118807 27135831 17024
9 630 rs4744628 73931778 2 -0.00861748393319045 73931778 73935754 3976
9 777 rs17308435 85793511 3 -0.00850952074403673 85756459 85798771 42312
9 606 rs17392931 71480296 1 -0.00836499661236737 71417919 71557341 139422
9 418 rs10811923 23404131 3 -0.00834905745416099 23404131 23422031 17900
9 655 rs2991751 76936998 2 0.00822632236466513 76905350 76967832 62482
9 968 rs1967890 101417785 4 -0.00820025575423191 101384719 101442402 57683
9 586 rs10814620 37788911 2 0.0081691527264288 37774893 38020544 245651
9 750 rs7036247 83311139 4 -0.00816584752426984 83266060 83441767 175707
9 855 rs7867717 90899627 2 0.00814806359081253 90899627 90899627 0
9 762 rs12551040 84256984 1 -0.00805124952727816 84256984 84256984 0
9 1194 rs2418412 118541068 2 0.00798806401042629 118541068 118559109 18041
9 1019 rs653828 106746290 5 0.00798161560499028 106742792 106882931 140139
9 392 rs2383192 21471726 7 -0.00790125761932973 21455814 21536423 80609
9 1223 rs10983712 120368736 6 0.0077819250018196 120331278 120464725 133447
9 863 rs9410429 91563034 2 -0.00770442685034651 91485589 91563034 77445
9 484 rs4879740 27750375 1 0.00763053102872659 27750375 27753227 2852
9 145 rs818887 7002389 2 0.00759679637331792 6988475 7006539 18064
9 146 rs7857570 7032710 2 -0.00754742518981118 7032710 7084558 51848
9 581 rs913280 37483309 3 0.00745155585382445 37483309 37483926 617
9 881 rs1539519 92950272 2 0.00743024412587528 92903522 92951303 47781
9 286 rs41265310 14859296 2 -0.00741551512006221 14851703 14880667 28964
9 117 rs7861943 4836811 2 -0.00738350338059664 4836811 4856877 20066
9 650 rs278727 76161901 3 0.00735225446976491 75866968 76189863 322895
9 1179 rs10982218 117200140 4 -0.00718783752441309 117150070 117214909 64839
9 488 rs10757699 27950863 2 0.00715129154588354 27912332 27950863 38531
9 636 rs2297089 74305098 2 0.00709788949651695 74272001 74308389 36388
9 298 rs10738395 15429539 8 0.00706122676698302 15397969 15602101 204132
9 535 rs10813826 32497007 2 -0.0070232241870812 32492903 32561304 68401
9 1035 rs10820780 107851745 2 0.00699966623724486 107833459 107870014 36555
9 1166 rs10124293 116800860 3 0.00687995494235111 116780314 116814126 33812
9 263 rs7855714 13968369 3 0.00683377074164053 13951940 14010270 58330
9 0 rs12555266 247174 2 -0.00680817382546894 204201 250889 46688
9 1167 rs2418265 116865784 1 0.00676376995481788 116825745 116867054 41309
9 786 rs11793330 86666444 3 0.00673106450907089 86518796 86693470 174674
9 276 rs913418 14525980 7 -0.00666099366916061 14491347 14525980 34633
9 414 rs2789476 23161189 1 0.00665116406372125 23127562 23171516 43954
9 572 rs3780135 36840623 1 -0.00664127111643042 36824086 36840623 16537
9 827 rs7021048 89453847 3 0.00664006340505543 89440597 89468654 28057
9 307 rs6475025 16289428 3 0.00659577322055268 16287778 16291556 3778
9 1348 rs395119 131996071 1 -0.00656593239660833 131992861 131996962 4101
9 275 rs7021022 14456012 3 0.00655629235781742 14440552 14470833 30281
9 112 rs7874378 4695068 1 0.00654128363424712 4695068 4716078 21010
9 30 rs7871293 1354036 1 0.00644730890605315 1354036 1358244 4208
9 311 rs4612476 16388447 5 0.00641333528856167 16368732 16390697 21965
9 1119 rs35142681 113449489 4 0.00638482142360986 113336184 113449489 113305
9 1017 rs7864801 106554028 2 0.00624426052878103 106539597 106637033 97436
9 299 rs2794632 15875162 1 0.00615488451402932 15782874 15923770 140896
9 427 rs959091 23775449 6 0.00613390671246704 23775449 23817548 42099
9 982 rs4743403 103374044 5 -0.00607347454177524 103340309 103439019 98710
9 1148 rs10981574 115745577 3 0.00603716140870514 115745240 115783589 38349
9 870 rs11265908 92077132 1 -0.00602696545092934 92077132 92126015 48883
9 1411 rs17149310 135450636 1 0.00596257056528886 135450636 135450636 0
9 523 rs12347982 31030360 2 0.005960442138321 31023908 31116343 92435
9 176 rs7868790 8505087 2 -0.00592999719876634 8458811 8505087 46276
9 677 rs7847011 78596109 2 -0.00574153368166459 78594609 78608872 14263
9 207 rs10978079 9909795 2 -0.00573448312626959 9908722 9910993 2271
9 780 rs1535750 85910950 5 0.00571136255883312 85876633 85932455 55822
9 509 rs10969210 29504458 2 -0.00562546261468462 29435030 29508543 73513
9 416 rs7022904 23274023 3 0.00559010916365617 23262261 23274023 11762
9 557 rs943842 35395276 3 0.00558253430446704 35177345 35425169 247824
9 169 rs941904 8136132 6 0.00550737282971244 8097977 8160714 62737
9 815 rs10115513 88741540 1 0.00549841070596373 88741540 88790268 48728
9 140 rs1260463 6632061 1 0.00549143052174841 6631611 6635045 3434
9 626 rs7875338 73444238 3 0.00541410523116286 73422925 73476497 53572
9 1364 rs1054874 132681619 4 0.00541301367449583 132681619 132766685 85066
9 197 rs2065514 9412518 2 0.00540960772673409 9388678 9423523 34845
9 804 rs329206 87806205 3 0.0053777539604295 87726012 87806205 80193
9 1004 rs4743564 105347447 1 -0.00536590613002336 105173098 105347447 174349
9 447 rs1537262 25538362 3 0.00532011265982554 25522087 25557615 35528
9 405 rs10118516 22613796 6 -0.00527956566363066 22598741 22641633 42892
9 1073 rs7860653 110512551 1 -0.00525890920465551 110512551 110546468 33917
9 940 rs1413178 98586312 1 0.00523377594801801 98554957 98805260 250303
9 1462 rs10858300 137842500 1 0.00519468326006281 137829465 137856280 26815
9 751 rs6559594 83501287 2 -0.0051633084953429 83462500 83503203 40703
9 671 rs1410569 78306600 2 -0.00505066083102992 78276675 78308605 31930
9 617 rs13284442 72488417 1 0.00503374096203194 72413613 72489640 76027
9 847 rs10123732 90395684 1 0.00503067317800674 90383163 90425335 42172
9 1312 rs829179 128316645 1 0.00500596891704664 128233506 128724683 491177
9 1156 rs818706 116148630 1 -0.00496201192105137 116148630 116148630 0
9 1098 rs7857376 112100958 2 0.00495521288001623 112087325 112165546 78221
9 1283 rs972925 125377087 3 -0.0049440983207366 125365128 125394163 29035
9 300 rs3008725 16009322 3 -0.00492344962173178 16009322 16053710 44388
9 1052 rs10122952 109473787 3 -0.00488106351088525 109417359 109480510 63151
9 110 rs4742027 4629595 3 0.00487598525853862 4598379 4635912 37533
9 1367 rs10988625 132927568 2 0.00487182931519081 132917235 132940007 22772
9 323 rs450114 17024496 1 -0.00485836391339294 16998232 17030146 31914
9 85 rs10973736 3838888 1 -0.00484952345531379 3838888 3855616 16728
9 1034 rs7850052 107797889 1 0.00483511476202241 107767036 107814671 47635
9 1442 rs3780792 136835343 1 0.0047315488740362 136835343 136835343 0
9 1116 rs3739450 113192427 3 -0.00470541873819498 113168501 113252011 83510
9 1375 rs7860909 133331226 2 0.00463750853570471 133331226 133371501 40275
9 720 rs9695134 81190597 1 -0.00460704664157354 81190597 81223723 33126
9 1444 rs2427971 136961808 3 -0.00455398703008729 136943067 136965553 22486
9 696 rs4744812 79442798 1 0.00454035003907491 79371206 79442798 71592
9 711 rs11999145 80740886 4 -0.00453340232032571 80712244 80740886 28642
9 1225 rs4836703 120548934 4 -0.00453183808847654 120539470 120591239 51769
9 1455 rs11103509 137654103 2 0.00445198060483424 137654103 137666414 12311
9 665 rs1081877 77782517 1 0.00443002073783467 77766854 77782517 15663
9 499 rs12005012 28539581 1 -0.00438682579733352 28539581 28571014 31433
9 374 rs2383134 20093557 1 0.00433071105186636 20083046 20093557 10511
9 1127 rs17205494 113890473 3 -0.00432770628393553 113864545 113901309 36764
9 799 rs1838158 87473009 1 -0.00432689631267939 87473009 87473009 0
9 284 rs12683551 14783623 3 0.00426995802560704 14754010 14788886 34876
9 166 rs2208742 7919153 2 -0.00420117186502563 7910934 7953199 42265
9 1000 rs7854132 104991230 2 -0.0041635299553231 104945543 104993672 48129
9 749 rs13284117 83247711 4 0.00413517230839544 83197354 83253373 56019
9 937 rs1335049 98447883 4 0.00412237870619867 98420881 98452966 32085
9 1106 rs7035935 112706482 3 0.00409341344042887 112636653 112735377 98724
9 574 rs16933784 36944882 1 0.00404751729708542 36903692 36944882 41190
9 1144 rs2676622 115454504 3 -0.00402688354615073 115454504 115608188 153684
9 199 rs10977771 9455222 4 0.00400398100496005 9454258 9495226 40968
9 386 rs7867822 20676454 2 -0.00400046397315849 20668315 20714014 45699
9 340 rs7865006 18294429 6 -0.00399312874086055 18267185 18300778 33593
9 1 rs526509 268740 1 0.00397206548871098 268740 274433 5693
9 932 rs7389278 98172085 2 -0.00396306172703727 98171417 98177956 6539
9 1182 rs11788229 117451896 4 -0.00395338330372493 117394595 117453668 59073
9 22 rs4741151 1158199 1 0.00391937210580606 1115998 1158199 42201
9 125 rs11790653 5484418 2 -0.00390991867741878 5484418 5512522 28104
9 203 rs2382056 9785685 2 -0.00381286763487485 9756868 9790222 33354
9 753 rs1332879 83691628 5 0.00380383718577359 83636366 83695647 59281
9 255 rs10491754 13548060 2 0.00374722465373993 13542579 13592808 50229
9 1432 rs2283125 136592342 2 -0.00365906784334056 136570740 136592342 21602
9 383 rs10964583 20508503 2 0.00361278218476068 20484604 20537343 52739
9 1033 rs2437817 107690057 7 -0.00359345465927369 107686405 107740191 53786
9 90 rs895236 4038228 1 0.00355360672792132 4038228 4048636 10408
9 78 rs10814219 3536260 2 0.00354262859534596 3383495 3547259 163764
9 603 rs1411999 71215776 2 0.00349326755653863 71183181 71225132 41951
9 1214 rs11789213 119878770 1 0.00345255857322519 119846424 119880993 34569
9 629 rs1329776 73756531 4 -0.00340452014404297 73742312 73914369 172057
9 444 rs10122848 25368388 1 -0.00336596366458529 25325777 25398069 72292
9 439 rs7039242 24821877 2 0.00331943847273947 24821877 24848892 27015
9 1135 rs1413218 114658407 3 0.00325506642186782 114593311 114703347 110036
9 1142 rs1411680 115229693 1 -0.00324124687334784 115155264 115375153 219889
9 479 rs1161680 27430232 2 0.00323776158978392 27402961 27456928 53967
9 560 rs4879926 35700837 3 0.00323198117397539 35700837 35870001 169164
9 174 rs7876037 8403640 2 -0.00322813497102151 8379313 8416196 36883
9 758 rs10867751 84013508 2 -0.00317485040097961 84013508 84096178 82670
9 975 rs4743322 101835165 3 0.00315976956733652 101810339 101835165 24826
9 34 rs7854400 1490577 1 0.0031124071266816 1489454 1490577 1123
9 503 rs10491628 28854830 5 -0.00307440066076041 28793694 28879500 85806
9 689 rs11144898 79046297 5 0.00305018874447831 78987645 79123201 135556
9 613 rs13290881 71985169 5 0.00304643449710742 71973435 72067942 94507
9 713 rs944514 80920757 1 -0.00303511521839956 80918420 80925858 7438
9 442 rs1381148 25049865 1 0.00301519802851033 25049865 25122214 72349
9 1391 rs10901052 134237148 1 -0.0030114932728623 134233268 134238629 5361
9 1467 rs11790742 138007995 2 0.00299473979979082 138007995 138008243 248
9 423 rs17780889 23624143 3 -0.00298442231663188 23608349 23645189 36840
9 627 rs2992999 73567545 2 -0.0029314806635459 73497518 73575662 78144
9 430 rs4977912 24091818 1 0.0029282979378104 24075368 24125018 49650
9 537 rs4879604 32721882 2 -0.00287316306398889 32717013 32723639 6626
9 1157 rs1805313 116151191 2 -0.0028042321740048 116151191 116151191 0
9 57 rs12684262 2301610 1 0.00279571097067965 2290590 2301610 11020
9 1094 rs562982 111840500 3 -0.00279302757600072 111647581 111857676 210095
9 645 rs11143367 75276092 2 -0.00277697506123142 75138675 75352839 214164
9 494 rs2068928 28209416 4 -0.00276520346608269 28198623 28220635 22012
9 927 rs16910850 97398792 3 0.00275491359307702 97338996 97403720 64724
9 1180 rs2296262 117265406 3 -0.00275217580760073 117249874 117275129 25255
9 558 rs34791102 35612978 2 0.00274298959817391 35514653 35631423 116770
9 1373 rs914978 133277641 1 0.00274207310977826 133277641 133283255 5614
9 1347 rs7873242 131984217 4 0.00272276822120147 131953598 131984706 31108
9 1422 rs626713 136007988 1 0.0026933601926332 135977366 136009191 31825
9 647 rs348460 75534760 3 0.00264137128826982 75519975 75586627 66652
9 53 rs7024071 2227217 1 0.00263966512474156 2212574 2227217 14643
9 929 rs471161 97500580 4 0.00261929885900848 97487704 97651128 163424
9 559 rs72727021 35661943 4 -0.0025891497298746 35648008 35679251 31243
9 864 rs4570242 91587228 1 -0.00258499053285195 91575778 91607869 32091
9 614 rs2777864 72091413 3 0.00255777405301653 72077866 72218613 140747
9 1172 rs13300252 116974295 1 0.00252731840761759 116974295 116974295 0
9 154 rs7871958 7379168 1 -0.00251512770493659 7379168 7379168 0
9 159 rs10117858 7561756 1 -0.00248574208537856 7561756 7604979 43223
9 218 rs988954 10572234 2 0.00245714109079389 10559329 10603845 44516
9 50 rs2376305 2143543 2 0.00245522173669149 2142191 2143543 1352
9 955 rs7040232 100664194 3 0.00244505206597153 100588839 100701446 112607
9 182 rs2570960 8846052 1 -0.00243754537572055 8828693 8846955 18262
9 239 rs791658 12493565 1 0.00242455164955429 12493565 12493565 0
9 1259 rs12685344 123764991 5 0.00240759135877406 123640500 123951917 311417
9 42 rs7020364 1842469 2 -0.00240270225651405 1840933 1842469 1536
9 563 rs10972659 35978321 1 0.00239585270149741 35954375 36002881 48506
9 1325 rs10987356 129325439 2 -0.00238021197586949 129302884 129325439 22555
9 571 rs1176844 36814647 1 -0.00236940823690353 36776224 36814647 38423
9 675 rs7025650 78484125 1 -0.00236279311960022 78473260 78489484 16224
9 410 rs10811813 22985856 1 -0.00235990968714992 22985856 22985856 0
9 993 rs1016429 104402364 1 0.00233274247577923 104350424 104410903 60479
9 1196 rs7469818 118738647 5 0.00232648998213897 118698901 118741214 42313
9 321 rs10962725 16933037 1 0.00229776833448755 16931342 16948706 17364
9 1428 rs9409872 136458311 1 0.00229241128994072 136458311 136466832 8521
9 1079 rs12236795 110761513 3 -0.00220526516505768 110761427 110826546 65119
9 1273 rs1571586 124957525 2 0.00220409004605195 124957525 124957776 251
9 1493 rs10747029 139534703 1 0.00216066601490021 139534703 139544437 9734
9 1162 rs9644931 116443721 1 -0.00215314210992753 116443721 116443721 0
9 860 rs7867153 91377672 1 0.00215120573854325 91368043 91377672 9629
9 99 rs10814908 4272449 3 -0.00214921808415761 4257339 4292083 34744
9 579 rs4878685 37394542 2 0.00213234187261823 37394542 37406391 11849
9 316 rs1888207 16696187 1 0.00211698200978814 16695690 16730653 34963
9 482 rs7847656 27644077 2 -0.00211464151217477 27644077 27688488 44411
9 519 rs10969625 30340919 2 0.00211391838701471 30297393 30448896 151503
9 668 rs7028332 78092361 2 -0.00211271818478725 78080515 78163305 82790
9 832 rs278669 89800215 6 -0.00211242727031579 89771569 89858267 86698
9 54 rs4741657 2239429 1 0.00210939134657042 2239429 2239429 0
9 245 rs6474741 12886899 2 -0.00209150284039015 12839484 12886899 47415
9 1120 rs13287132 113477780 3 -0.00205996808860497 113463218 113490972 27754
9 925 rs10993121 97024028 1 0.0020516461476991 97017858 97261572 243714
9 1151 rs10981640 115897803 4 -0.0020434241272652 115866017 115905850 39833
9 909 rs10821041 95694499 2 -0.0020401681814433 95599825 95746936 147111
9 1423 rs6597604 136049780 1 0.00198316985052482 136042694 136049780 7086
9 1399 rs2031874 134696200 2 -0.00197724499940811 134696200 134710059 13859
9 177 rs10120190 8517545 1 -0.00197721018690579 8512133 8546095 33962
9 240 rs1325129 12512973 2 0.00197523644400425 12510515 12532584 22069
9 595 rs2381871 38426961 4 0.0019683505727682 38404352 38440543 36191
9 1461 rs2989735 137801416 1 -0.00196201647106195 137790916 137811698 20782
9 314 rs6475059 16554405 1 0.00195308533442886 16546099 16656587 110488
9 1299 rs2807602 126888457 2 -0.00192570756291498 126871299 126888457 17158
9 364 rs748530 19639713 4 -0.00188419833133148 19639713 19665239 25526
9 803 rs630426 87704881 1 -0.00187058224110021 87704881 87704881 0
9 1315 rs4838320 128831097 1 0.00186701792139165 128831097 128831097 0
9 542 rs7854765 33180228 1 -0.00186362387885315 33124872 33180228 55356
9 101 rs11789633 4321558 2 0.00183984247507259 4321558 4327960 6402
9 915 rs4744198 95986997 3 -0.00183269640027522 95978265 96144349 166084
9 365 rs12555771 19691013 1 -0.0018269458594205 19691013 19712378 21365
9 83 rs10814596 3777523 1 0.00182062101269844 3765395 3781983 16588
9 521 rs2210441 30883856 2 0.00181931594441568 30825999 30883856 57857
9 1070 rs4978541 110451516 3 0.0018044273072614 110434545 110457258 22713
9 916 rs10122014 96353485 1 0.00178848902612324 96163260 96353485 190225
9 1279 rs45579335 125239501 1 0.00177610633616989 125169930 125246793 76863
9 1080 rs10120248 110857507 2 0.00176867855822409 110843426 110874194 30768
9 23 rs1933041 1196586 1 0.00175831850226871 1196570 1196586 16
9 1306 rs10818964 127190340 1 0.00173181419823198 127190340 127205611 15271
9 514 rs9408148 29896950 1 0.00169368997567329 29823067 29906484 83417
9 1374 rs10901326 133292993 2 0.00169089982231446 133292993 133318751 25758
9 801 rs4361832 87595734 2 -0.00168992842009119 87575500 87595734 20234
9 1319 rs2809443 128947475 1 0.00168677305165286 128928087 128954507 26420
9 834 rs6559979 89940123 3 0.00167722026441352 89922395 89946647 24252
9 849 rs6560041 90495370 4 0.0016762929195083 90487391 90496987 9596
9 759 rs7025692 84135839 3 -0.00167472751253408 84113944 84144714 30770
9 330 rs3808747 17626616 1 -0.00167072495561369 17618048 17626616 8568
9 8 rs4742044 484786 1 -0.00162088973593057 483798 484786 988
9 278 rs10756576 14556659 2 0.00162071634750893 14547556 14573613 26057
9 1298 rs10818918 126860510 1 0.00161724544198269 126859995 126862735 2740
9 241 rs1325154 12582565 1 -0.00159409245937401 12540358 12585186 44828
9 612 rs4744566 71955175 1 -0.0015855323477598 71935577 71962528 26951
9 1228 rs1930713 120733712 4 0.00157586359861282 120733712 120869313 135601
9 1128 rs7871113 113944432 1 0.00157369945178402 113915905 113957534 41629
9 356 rs7875404 19087154 1 -0.00156753689034699 18990027 19098712 108685
9 137 rs7034801 6322415 2 -0.00156723933768655 6240084 6495789 255705
9 172 rs1155271 8312169 3 -0.00156713927727786 8269073 8338690 69617
9 38 rs771889 1639619 3 -0.00155369790922994 1625303 1675111 49808
9 473 rs565586 27170934 2 0.00153464279186003 27166159 27171373 5214
9 119 rs10758669 4981602 1 0.00152121604724864 4946989 4981602 34613
9 1021 rs1450679 107026812 4 0.0015107173252626 107013530 107056847 43317
9 301 rs1887677 16079296 1 0.00150309865880635 16069629 16096547 26918
9 1372 rs7031579 133250275 2 0.00146291763925743 133250275 133250275 0
9 238 rs1929425 12367988 2 0.00145487578492361 12362801 12460256 97455
9 219 rs7034434 10662269 1 -0.00145480686589883 10634079 10673850 39771
9 362 rs7858547 19484869 3 0.00145401976560248 19484869 19526712 41843
9 1468 rs11103712 138037372 2 0.00145109177823844 138037372 138037372 0
9 839 rs3758308 90110124 2 0.00144561531354371 90095024 90128429 33405
9 1310 rs1549314 127910307 6 0.00144531719708703 127616537 128001119 384582
9 737 rs10867429 82441651 3 -0.00142937153260006 82364676 82441651 76975
9 790 rs883431 86867036 1 0.00142187927697277 86857433 86921615 64182
9 889 rs2290889 93639849 1 0.00141871843191098 93618236 93658854 40618
9 1224 rs7027711 120524178 2 0.00141491000929344 120475302 120524178 48876
9 882 rs2771090 93080054 4 -0.00141280661065319 93016875 93100550 83675
9 949 rs2447290 100062414 2 0.00141215647611843 100037880 100161524 123644
9 1009 rs1584415 105825222 1 0.00140667167081267 105767349 105837587 70238
9 538 rs664241 32769523 1 0.00139909379975816 32755028 32809306 54278
9 1342 rs7853999 131146409 1 0.00138089105282082 131039250 131146409 107159
9 1401 rs9411446 135015927 1 0.00136260211305025 135009024 135018146 9122
9 295 rs643531 15296034 1 0.00135740743568066 15283761 15300968 17207
9 1394 rs12115722 134428507 1 -0.00135032736056557 134428507 134430764 2257
9 252 rs1556577 13453984 1 0.0013499495072569 13393739 13453984 60245
9 913 rs4744180 95906804 2 0.00134600624379518 95898531 95907107 8576
9 561 rs12000024 35892051 1 0.00133617964288098 35892051 35905966 13915
9 467 rs1033991 26659562 5 0.00133393294055804 26649956 26699111 49155
9 1175 rs2636860 117030582 2 -0.00131218653529211 117022495 117030582 8087
9 946 rs2476927 99038030 3 0.00131019975065253 99031628 99079114 47486
9 1051 rs10978560 109379687 1 0.00130746252864 109323247 109389147 65900
9 352 rs10811051 18861021 1 -0.0013008999155757 18853327 18903330 50003
9 568 rs3780350 36639442 1 0.00129544108895929 36639442 36639442 0
9 943 rs4743598 98918433 1 -0.00129513914806402 98905141 98918433 13292
9 1379 rs10901226 133483217 1 0.00128923533493962 133415084 133488494 73410
9 337 rs12002358 18054030 1 -0.00127605210218078 18009671 18061458 51787
9 382 rs6475430 20430468 2 -0.00127458287935136 20351075 20430468 79393
9 492 rs7857347 28074530 2 0.0012720125395537 28058180 28087657 29477
9 292 rs527634 15201745 1 0.0012688306867097 15150372 15202417 52045
9 1494 rs9886752 139634495 2 -0.00123862019069614 139633733 139694521 60788
9 158 rs2890755 7539001 1 0.00123797528373043 7521577 7543551 21974
9 1029 rs2230805 107624029 1 0.00123367332664154 107620299 107624029 3730
9 1485 rs3739465 138706844 1 -0.00121739217128929 138672652 138761762 89110
9 979 rs1997368 102713580 9 0.00121176821715427 102400263 102723692 323429
9 455 rs1220081 25792486 1 -0.00120858522130561 25792486 25819089 26603
9 930 rs10993446 97759920 2 -0.00120749238672572 97702500 97831471 128971
9 548 rs307682 33973324 1 -0.00120466575360713 33932702 34085859 153157
9 596 rs4394481 38456840 5 -0.00120064697315762 38445998 38466944 20946
9 674 rs3934253 78416813 1 0.001200102585985 78378795 78458130 79335
9 1351 rs17457362 132098060 1 0.00119992582602999 132098060 132106034 7974
9 259 rs10756505 13780058 1 -0.00119743699403659 13743830 13780196 36366
9 1054 rs9299129 109638167 1 -0.00119741790579994 109557941 109658333 100392
9 359 rs7851902 19298581 6 0.00118383228519672 19234830 19397040 162210
9 1024 rs41277753 107288995 2 0.0011824562536005 107273553 107382410 108857
9 1084 rs1323384 111068483 1 -0.00118117435340838 111005738 111068483 62745
9 1292 rs10986064 126351423 1 -0.00118083305272506 126292586 126400092 107506
9 130 rs6477007 5857998 1 -0.00118069581423868 5850834 5864988 14154
9 1193 rs10118264 118484799 2 0.00117849255478385 118413485 118514444 100959
9 49 rs3829072 2127796 1 -0.00116401371361391 2123435 2127796 4361
9 888 rs17489214 93603138 1 -0.00115801682536107 93570190 93611737 41547
9 1138 rs10981230 114811564 3 -0.00115640967792011 114810102 114811564 1462
9 420 rs274928 23524441 1 -0.00114959981770073 23523491 23529626 6135
9 178 rs7020239 8595338 1 0.0011389430397201 8578261 8603606 25345
9 269 rs10810126 14292207 2 0.00112026807000782 14292207 14292720 513
9 122 rs2057373 5356813 4 -0.00111985091122259 5335470 5364592 29122
9 1293 rs7867502 126470140 4 0.00110807835997034 126415616 126548090 132474
9 1010 rs10990599 105942389 2 0.00110290901023103 105853222 105965683 112461
9 852 rs11142050 90646449 2 -0.00110032128955253 90630239 90669303 39064
9 1077 rs7026539 110707964 2 0.00110015530867293 110707050 110709587 2537
9 501 rs4879261 28705607 4 0.00109900984744444 28626095 28717480 91385
9 1469 rs7047526 138068124 1 -0.00108512927429737 138056027 138068124 12097
9 116 rs531122 4830849 2 0.00107333633665447 4792339 4834394 42055
9 1176 rs1687410 117051020 1 -0.00106189880533074 117051020 117051020 0
9 702 rs17723837 79786475 1 -0.00106093513473189 79747317 79786475 39158
9 903 rs7032274 94420140 1 -0.00104333829906966 94414784 94483198 68414
9 1087 rs7030851 111281164 1 0.0010414699806484 111236780 111281324 44544
9 667 rs7854515 78052850 2 -0.00103320561338548 77988304 78061301 72997
9 653 rs2046913 76669299 3 0.0010307608527552 76480444 76696788 216344
9 438 rs4284108 24770615 1 0.00102419965561284 24770615 24799884 29269
9 708 rs7046214 80162570 2 0.00102184436300919 80159865 80196611 36746
9 1311 rs3122931 128185330 2 0.00101797422214852 128116817 128185330 68513
9 1123 rs474186 113622466 2 0.0010150802504548 113582672 113644930 62258
9 141 rs12003721 6679992 5 -0.00101261402391299 6656630 6695502 38872
9 576 rs4880050 36999024 2 -9.974824762403413e-4 36997417 37011289 13872
9 1314 rs10217721 128810846 2 9.87787109377132e-4 128788342 128816587 28245
9 894 rs7859968 93840753 1 9.840171739577022e-4 93837417 93842021 4604
9 532 rs992710 32310726 2 9.764842708405692e-4 32267867 32328019 60152
9 66 rs10738760 2691186 1 -9.763090102617944e-4 2679427 2691186 11759
9 1346 rs2541161 131884802 1 9.722609691978196e-4 131873222 131909736 36514
9 288 rs1916314 14925706 1 9.698742918489194e-4 14906868 15005594 98726
9 1355 rs1780482 132293940 3 -9.503131867756716e-4 132287630 132302923 15293
9 446 rs1360523 25499528 1 -9.335007274455492e-4 25481979 25503991 22012
9 886 rs10993618 93413258 1 -9.200187198149413e-4 93409161 93418243 9082
9 127 rs7854413 5557708 1 -9.083155448720824e-4 5557708 5557708 0
9 1262 rs2777319 124362502 1 -9.078318736828736e-4 124343306 124364349 21043
9 1038 rs327967 108001107 2 9.045888393261904e-4 107969815 108066854 97039
9 735 rs1538752 82152549 1 -9.039868965150848e-4 82130861 82169035 38174
9 1053 rs4237185 109542204 1 -8.969028154118182e-4 109529338 109542204 12866
9 754 rs4390020 83714890 2 -8.962116395008851e-4 83714890 83763800 48910
9 1134 rs10981018 114461077 4 8.953194441537795e-4 114444565 114577770 133205
9 461 rs1836463 26180249 1 8.909117269648506e-4 26179065 26222987 43922
9 969 rs337589 101496508 1 -8.790656135542203e-4 101496508 101590318 93810
9 1425 rs55876802 136137547 1 -8.749059308774114e-4 136119527 136156067 36540
9 29 rs12345947 1339942 1 8.71718442561429e-4 1336460 1347743 11283
9 79 rs10758319 3579989 1 -8.662588518022227e-4 3579891 3584207 4316
9 646 rs348479 75512300 3 -8.634215192150367e-4 75382598 75515669 133071
9 1437 rs12344583 136723520 2 8.492191228106306e-4 136723520 136723520 0
9 944 rs7857474 98962994 2 -8.480500778593949e-4 98924140 98972430 48290
9 939 rs4743306 98534372 2 -8.27886952596697e-4 98501892 98538041 36149
9 147 rs4742308 7093871 2 8.265098056911997e-4 7091968 7126175 34207
9 681 rs6560507 78779832 1 -8.240678884142971e-4 78757167 78779832 22665
9 1458 rs3128570 137743309 1 -8.157555622672226e-4 137743309 137743309 0
9 35 rs10756623 1499001 3 8.078130592477876e-4 1499001 1528388 29387
9 153 rs1926374 7355129 3 7.948104321199106e-4 7338263 7373868 35605
9 1255 rs917873 123074244 1 -7.90819917280058e-4 123050797 123074244 23447
9 108 rs6476874 4527201 1 7.908173874048215e-4 4506655 4546594 39939
9 1013 rs16922886 106153263 1 -7.847906472379866e-4 106081379 106169268 87889
9 607 rs12378665 71597840 1 7.792084586560877e-4 71595965 71606315 10350
9 960 rs10985825 101072843 2 7.746304196324933e-4 100988477 101072843 84366
9 796 rs1439050 87288193 1 -7.743521736630086e-4 87240130 87308783 68653
9 907 rs10761137 94728959 1 7.741451920876744e-4 94668733 94883070 214337
9 1427 rs17150554 136269143 1 7.712312811693873e-4 136199466 136275188 75722
9 399 rs10757282 22133984 4 7.703045333523331e-4 22133284 22134172 888
9 3 rs7020261 316247 2 7.682682552603426e-4 312134 336186 24052
9 360 rs10811184 19438279 1 7.676615492898884e-4 19406107 19438279 32172
9 816 rs7848944 88859144 6 -7.648565959232721e-4 88839915 88860820 20905
9 296 rs688254 15335853 3 7.621755469488457e-4 15310704 15336653 25949
9 926 rs12342274 97280338 2 -7.547085156933446e-4 97280338 97321172 40834
9 924 rs4744321 96932414 1 7.304688460447189e-4 96913764 97000863 87099
9 1457 rs4842173 137718113 1 7.269823572658554e-4 137718113 137718113 0
9 950 rs11999505 100194825 2 7.241573495363426e-4 100194825 100194825 0
9 1146 rs10759611 115683429 2 7.218181423545642e-4 115678033 115684234 6201
9 670 rs10869620 78267055 1 -7.212584456886284e-4 78230339 78268985 38646
9 384 rs668703 20601177 2 7.119958078160471e-4 20597576 20629553 31977
9 710 rs12555424 80491636 1 -7.112399981878556e-4 80342602 80616526 273924
9 1270 rs4837936 124810592 2 7.077385788635566e-4 124747323 124869062 121739
9 201 rs12380152 9666444 2 -7.061375373515783e-4 9609283 9687487 78204
9 4 rs1410221 354913 1 7.055108428411901e-4 348772 354913 6141
9 583 rs4621903 37587742 2 6.986668390316321e-4 37583429 37635299 51870
9 1405 rs9411449 135206460 3 6.972234307581926e-4 135137364 135206460 69096
9 344 rs6475232 18580905 2 6.967020744847911e-4 18537444 18580905 43461
9 121 rs3758239 5306824 1 6.911026230459387e-4 5306824 5306824 0
9 531 rs10970826 32176938 2 6.770158848818817e-4 32137678 32234067 96389
9 123 rs1535453 5410624 2 -6.669942391385375e-4 5389122 5435709 46587
9 1203 rs1358859 119350228 2 -6.609211261082086e-4 119285144 119482114 196970
9 520 rs7867594 30646764 1 -6.456292447701235e-4 30500252 30797625 297373
9 1353 rs1810914 132178213 1 -6.420853013110441e-4 132174235 132178213 3978
9 266 rs508940 14107096 3 6.414735230435564e-4 14087769 14157468 69699
9 522 rs12555352 30932990 1 -6.403111342788134e-4 30918764 31021219 102455
9 570 rs752357 36744752 1 -6.398244110441823e-4 36744752 36744752 0
9 739 rs11138411 82536522 2 6.38365432841763e-4 82536522 82582993 46471
9 1126 rs2900522 113844435 1 6.327506870425836e-4 113831644 113850877 19233
9 648 rs1342020 75719701 1 -6.306739865190329e-4 75719701 75771935 52234
9 1388 rs45628035 133901752 1 -6.29418515000962e-4 133901752 133901752 0
9 985 rs7868230 103598789 2 -6.091401902355781e-4 103585379 103787416 202037
9 784 rs11140109 86078128 2 -6.072659105229753e-4 86071342 86135188 63846
9 217 rs1555483 10497345 1 -6.067734978994128e-4 10490752 10510683 19931
9 1499 rs10867123 140432318 1 6.053967621110096e-4 140422452 140432318 9866
9 389 rs1424860 21073945 1 -6.00511495497008e-4 21037771 21097135 59364
9 1258 rs10984971 123404508 1 5.91043771341247e-4 123370985 123633948 262963
9 1362 rs11998910 132541344 1 5.886237290598807e-4 132539425 132541344 1919
9 869 rs6559350 92010796 2 5.86778322331209e-4 92010796 92074429 63633
9 611 rs12340404 71911215 2 -5.752662352178394e-4 71886979 71911566 24587
9 209 rs1217003 10030458 1 -5.74074854871599e-4 9977113 10050872 73759
9 734 rs2378383 82039362 1 5.737155081687659e-4 82033019 82099407 66388
9 779 rs10867954 85845746 2 5.662180885454157e-4 85812142 85863174 51032
9 698 rs7031918 79511499 1 5.639147249054446e-4 79511499 79537871 26372
9 214 rs16925740 10293792 1 5.634097506118613e-4 10284628 10341540 56912
9 1202 rs1396042 119198324 4 -5.579432695490569e-4 119142351 119255010 112659
9 1481 rs2297570 138475150 1 5.527254209348739e-4 138463166 138475150 11984
9 1429 rs5320 136507473 1 5.520217194314614e-4 136503819 136509370 5551
9 268 rs10961450 14247488 1 5.437267865852182e-4 14235002 14247488 12486
9 587 rs4878753 38128597 2 -5.364815234305864e-4 38090793 38138880 48087
9 980 rs10123913 103063826 3 5.364458103477353e-4 102777978 103065884 287906
9 458 rs1332339 25956931 1 5.335119378646456e-4 25956931 25956931 0
9 1124 rs12551377 113751324 2 -5.252669257209811e-4 113662681 113769925 107244
9 244 rs6474734 12818455 1 -5.20348069184531e-4 12794833 12818455 23622
9 165 rs2184034 7822486 1 -5.202346230483489e-4 7822486 7891408 68922
9 773 rs7038698 85506296 1 5.202285883010207e-4 85460807 85527035 66228
9 1092 rs10512387 111551724 1 5.179431925197098e-4 111528013 111577140 49127
9 783 rs3860918 86038298 1 5.137003694660389e-4 86022215 86055337 33122
9 641 rs4745167 74745434 2 5.11186904841829e-4 74679126 74797309 118183
9 498 rs7849276 28417572 1 -5.091235379099887e-4 28412375 28501039 88664
9 403 rs7027027 22472289 4 5.079930211099536e-4 22426564 22531190 104626
9 643 rs1322484 74923489 1 -4.997578561281206e-4 74921042 74932819 11777
9 463 rs10812394 26433751 1 4.961356673888981e-4 26324013 26433751 109738
9 938 rs354271 98483660 1 -4.947759006571091e-4 98483660 98483660 0
9 594 rs1555480 38386351 1 4.925149747128526e-4 38384578 38396065 11487
9 1091 rs10759310 111518150 1 -4.912811454132395e-4 111511992 111518150 6158
9 622 rs10868854 73193371 1 -4.8181642723580927e-4 73150873 73193371 42498
9 935 rs10818991 98367717 3 4.788259746369181e-4 98349921 98367717 17796
9 73 rs2376770 3034077 2 4.7835276740574754e-4 3030814 3066302 35488
9 1275 rs10985594 125081147 1 -4.6673072479520665e-4 125075782 125081147 5365
9 967 rs2808541 101357407 1 -4.609469181623972e-4 101355624 101363329 7705
9 906 rs16907887 94607294 3 4.562080062609714e-4 94589135 94651984 62849
9 195 rs11791447 9249795 1 -4.5420481864491937e-4 9235372 9269284 33912
9 413 rs1934115 23103266 1 -4.532140497436032e-4 23103266 23103266 0
9 1082 rs687992 110929030 1 4.51195412842664e-4 110923883 110929030 5147
9 1406 rs11243755 135257703 2 4.48160345228568e-4 135227581 135277341 49760
9 963 rs10986084 101147503 1 4.471644319478596e-4 101147503 101147503 0
9 1234 rs1335254 121400064 1 4.450176000212704e-4 121370958 121409332 38374
9 349 rs7043157 18751638 1 4.443558310265521e-4 18736589 18751638 15049
9 1241 rs10760028 121984673 1 -4.441398294348785e-4 121967597 122032936 65339
9 565 rs10972705 36040713 2 -4.4410628972492774e-4 36036003 36137513 101510
9 966 rs1758799 101339690 1 -4.422254323775395e-4 101339690 101341534 1844
9 1043 rs6477477 108632678 1 4.37136063109451e-4 108632678 108733453 100775
9 642 rs61752956 74840668 2 -4.322646351473116e-4 74818142 74893024 74882
9 48 rs3793487 2086352 1 -4.260644284406324e-4 2086352 2111748 25396
9 1102 rs10816855 112451003 1 4.244261413981843e-4 112418293 112453013 34720
9 342 rs4961644 18395376 1 4.172806659607051e-4 18395376 18395376 0
9 867 rs11137533 91805113 3 4.121697216958567e-4 91680600 91900556 219956
9 1100 rs10979926 112322071 1 4.092871582817528e-4 112302220 112354798 52578
9 632 rs10116204 74052978 1 4.0910883961333e-4 74039166 74072841 33675
9 305 rs9407730 16231985 1 4.0355130691631266e-4 16221771 16233085 11314
9 954 rs1877432 100543880 1 4.0300386216504783e-4 100543880 100557291 13411
9 1115 rs11791314 113141959 1 4.021766328545852e-4 113123871 113162304 38433
9 1186 rs113301777 117826096 1 -4.00371025802448e-4 117768021 117830812 62791
9 1281 rs7037327 125303760 2 -3.999828519177577e-4 125274730 125330859 56129
9 745 rs11138655 83039827 2 -3.9605034764904253e-4 82970253 83039827 69574
9 277 rs7850989 14541236 1 -3.955931274733303e-4 14535343 14541236 5893
9 262 rs10961300 13921272 1 3.911110495239077e-4 13891525 13921272 29747
9 1141 rs7862690 115137476 1 -3.8875027241037273e-4 115120143 115141720 21577
9 706 rs990000 80086534 1 3.8539444478713887e-4 80086534 80124810 38276
9 457 rs1219942 25919851 2 -3.815211445987732e-4 25902763 25919851 17088
9 862 rs9410340 91399821 1 -3.814600626844768e-4 91399821 91423611 23790
9 1489 rs1717455 138985141 2 3.809598492035546e-4 138985141 138985434 293
9 672 rs2990413 78332803 2 3.783569709394452e-4 78314854 78332861 18007
9 350 rs2289005 18795304 1 -3.731037446478283e-4 18776784 18796886 20102
9 194 rs4357351 9223809 1 -3.6985542814880394e-4 9197298 9230674 33376
9 212 rs968953 10212591 1 -3.687213571029884e-4 10192290 10231178 38888
9 618 rs4487842 72568962 2 3.684083094896501e-4 72523453 72648582 125129
9 1099 rs1109478 112281863 3 3.6704273565186434e-4 112199506 112281863 82357
9 701 rs11793898 79706284 1 3.6451048176683754e-4 79689203 79714137 24934
9 369 rs7849437 19857154 2 3.609343258440922e-4 19847234 19857154 9920
9 673 rs10869637 78348570 1 -3.58300189980543e-4 78347251 78371410 24159
9 997 rs1007468 104728905 1 3.410929651019515e-4 104728905 104728905 0
9 21 rs1396634 1094973 1 -3.3419951770891716e-4 1094973 1094973 0
9 80 rs7019616 3669956 1 -3.336609197277212e-4 3650939 3686568 35629
9 539 rs10971169 32866253 1 3.3203979692109905e-4 32850506 32907608 57102
9 589 rs2810723 38244221 1 3.3091640262015504e-4 38232043 38244221 12178
9 505 rs10757817 29192125 2 -3.3043122508663234e-4 29024733 29192125 167392
9 1132 rs7875749 114387135 1 3.2903711388526386e-4 114342378 114387135 44757
9 1369 rs7026795 133013233 1 -3.2795280611702606e-4 133006474 133025949 19475
9 1354 rs4837366 132192986 1 -3.251504690319958e-4 132192986 132192986 0
9 1251 rs7872465 122763797 1 3.245391237114949e-4 122681580 122779915 98335
9 1424 rs4379511 136101557 2 -3.2294083076575867e-4 136086916 136102199 15283
9 1211 rs10817976 119780936 1 3.212581555791985e-4 119771893 119799584 27691
9 545 rs10813978 33436471 1 3.108767457304589e-4 33420008 33439829 19821
9 725 rs7867093 81518152 1 3.106096371744374e-4 81518152 81574729 56577
9 564 rs7871017 36023347 1 3.065248006763248e-4 36013929 36025452 11523
9 974 rs4743309 101779824 1 3.045860590491982e-4 101749498 101779824 30326
9 12 rs7024449 701026 1 -3.013469055260204e-4 693182 712156 18974
9 327 rs2248136 17502205 1 -2.997279640860462e-4 17502205 17511064 8859
9 1448 rs11185717 137182099 1 -2.95640274045977e-4 137182099 137182099 0
9 828 rs11141591 89525066 1 -2.9130107478354345e-4 89501366 89525449 24083
9 782 rs2277176 85964563 1 2.8413594967057447e-4 85959871 86007105 47234
9 619 rs1180117 72897440 2 -2.837013712917793e-4 72679678 72978218 298540
9 1491 rs10122824 139109861 1 -2.8302712242781803e-4 139109861 139121740 11879
9 1110 rs4978888 112963702 1 -2.800114446298685e-4 112945405 112983819 38414
9 609 rs11145465 71766593 2 2.7531907503090943e-4 71712224 71821388 109164
9 768 rs1411664 85106906 2 2.7515004873572644e-4 85018616 85135915 117299
9 466 rs10511787 26582312 1 2.728671750427683e-4 26582312 26629382 47070
9 785 rs2780974 86246984 1 2.698347562579485e-4 86229249 86283423 54174
9 1277 rs10306163 125149970 1 2.6527593657638707e-4 125143973 125149970 5997
9 332 rs2209440 17736342 1 -2.6430409380495375e-4 17657363 17736342 78979
9 760 rs7045345 84182613 1 -2.6170822089700987e-4 84173486 84193897 20411
9 865 rs34075341 91616843 2 -2.614207042742674e-4 91616843 91624397 7554
9 942 rs10760787 98888628 1 2.6030771530897e-4 98879734 98888628 8894
9 242 rs11791497 12687872 2 2.508600704159911e-4 12593124 12716172 123048
9 1357 rs1228439 132352178 1 2.467845904631367e-4 132336394 132352178 15784
9 1096 rs1879069 111991700 1 2.449553653756021e-4 111991700 111991700 0
9 95 rs10974362 4172087 2 2.3890572349234031e-4 4169816 4175324 5508
9 279 rs1343705 14610866 1 2.3650605520477756e-4 14585052 14622952 37900
9 1297 rs3861868 126835484 3 -2.363066702157834e-4 126801596 126848249 46653
9 407 rs2891178 22802375 1 2.3598063463647076e-4 22754513 22813898 59385
9 1055 rs3814540 109689859 1 -2.3503965106979696e-4 109682501 109770755 88254
9 593 rs4878797 38380350 1 -2.3371483003544857e-4 38380350 38380350 0
9 26 rs7037665 1265994 1 -2.3284717303189833e-4 1265994 1265994 0
9 923 rs10761317 96898436 2 2.3277597383406976e-4 96893945 96898436 4491
9 55 rs1535840 2251704 3 -2.3275760746838055e-4 2245401 2270503 25102
9 902 rs1319000 94370675 1 -2.3210790996370696e-4 94339510 94391378 51868
9 315 rs1337395 16669912 1 2.320040151092253e-4 16669912 16669912 0
9 510 rs12380193 29533691 1 2.318571038700936e-4 29531579 29594461 62882
9 454 rs1231353 25748799 2 2.252409100693335e-4 25748799 25772172 23373
9 1001 rs2067538 105012816 1 2.230466578367832e-4 105007884 105037839 29955
9 290 rs4741450 15078040 1 2.2084643188930868e-4 15075185 15083039 7854
9 1397 rs10901091 134644208 1 2.1963601183669877e-4 134644208 134667753 23545
9 1042 rs10739214 108620961 1 2.1692937062797892e-4 108457806 108626502 168696
9 948 rs10980241 99799056 1 2.1605773078396751e-4 99448564 99806169 357605
9 353 rs10811061 18914103 1 -2.155584701331554e-4 18914103 18925343 11240
9 1265 rs7047340 124441404 1 2.1449077705359856e-4 124433975 124457949 23974
9 1047 rs17290816 109175575 1 2.133616383515129e-4 109175575 109205274 29699
9 396 rs4478653 21853221 1 2.0514915780967015e-4 21785660 21856777 71117
9 763 rs3814535 84304985 1 2.040021260439641e-4 84304985 84372741 67756
9 1190 rs10982691 118104142 2 -1.999571132921424e-4 118081458 118121424 39966
9 474 rs1111782 27212966 1 -1.9517795248725117e-4 27179075 27213772 34697
9 656 rs11143958 77010681 2 1.938792766291342e-4 77002414 77149837 147423
9 1337 rs41421145 130612459 1 1.9359737449434975e-4 130612218 130619637 7419
9 47 rs4741641 2072356 1 -1.8505296317552193e-4 2054409 2073839 19430
9 526 rs10970427 31573759 1 1.847856212692637e-4 31454538 31573759 119221
9 715 rs10867186 80968877 1 -1.812434026061843e-4 80968877 81064328 95451
9 11 rs10815466 680714 1 1.7851766958299604e-4 635677 682528 46851
9 1195 rs10759828 118634305 2 1.7843219633729263e-4 118585450 118665465 80015
9 376 rs1889245 20180613 1 1.7754831087782752e-4 20178680 20180613 1933
9 1008 rs12000047 105728627 1 1.7713767156893418e-4 105623734 105730131 106397
9 608 rs3763609 71647410 2 1.7040275453988896e-4 71629914 71701174 71260
9 1007 rs1552766 105585487 3 -1.6772651502838858e-4 105546493 105619674 73181
9 208 rs10739206 9968038 1 -1.6606982409159778e-4 9929916 9968038 38122
9 27 rs10960773 1282293 2 -1.6441279790091728e-4 1282293 1294789 12496
9 391 rs7025006 21415687 2 -1.6260424786196213e-4 21323089 21415687 92598
9 1067 rs4979136 110360883 2 1.6146185359040908e-4 110360883 110365337 4454
9 180 rs7021320 8771874 1 1.554004433675775e-4 8751968 8777779 25811
9 1216 rs6478290 119968145 2 1.548714437367897e-4 119956288 120029861 73573
9 1492 rs75200747 139292762 1 -1.5398888945752833e-4 139270876 139369079 98203
9 507 rs12378755 29318695 1 1.4885258241812189e-4 29297803 29331710 33907
9 1359 rs7866070 132444099 2 1.475474468993867e-4 132436381 132444099 7718
9 470 rs7863476 26915925 3 -1.455813758080611e-4 26843342 27112311 268969
9 368 rs7032894 19840697 1 -1.441064179616912e-4 19792882 19840697 47815
9 871 rs2480490 92158225 1 -1.430263913666459e-4 92148993 92218782 69789
9 445 rs10812252 25462188 1 -1.417178024401579e-4 25430845 25462188 31343
9 516 rs2813941 30057012 2 1.3954257697867928e-4 29962125 30068009 105884
9 128 rs4740820 5610381 1 1.393811134457971e-4 5610381 5610381 0
9 379 rs7021788 20295863 1 1.3620619348727285e-4 20289153 20295863 6710
9 747 rs17256298 83104358 1 -1.3455186752371146e-4 83077768 83115815 38047
9 755 rs7867933 83850716 2 1.323411934974628e-4 83796167 83893170 97003
9 1260 rs306772 124092355 3 1.25848970386509e-4 124060879 124128354 67475
9 1078 rs10979145 110731392 2 -1.237131380871445e-4 110724246 110752106 27860
9 1438 rs2810472 136760639 1 1.217092902819434e-4 136759508 136760639 1131
9 1145 rs4978511 115654246 2 -1.2133936229142186e-4 115633479 115667355 33876
9 229 rs16927457 11374073 1 1.1288004361311516e-4 11305052 11471766 166714
9 441 rs13286283 25029338 1 -1.0654950535130927e-4 25029338 25029338 0
9 727 rs1341086 81673370 2 1.0174346278941996e-4 81657195 81694374 37179
9 1125 rs4576485 113815164 2 -9.9964498921556e-5 113792706 113815164 22458
9 120 rs2230724 5081780 1 -9.803248393824444e-5 5072846 5273180 200334
9 722 rs6559402 81331339 1 9.758563194371748e-5 81331339 81365721 34382
9 551 rs10814123 34561808 1 9.65916793994695e-5 34548009 34564274 16265
9 164 rs4740916 7806697 1 9.533070833501338e-5 7793309 7814465 21156
9 1221 rs10983659 120211956 1 -9.456277918872688e-5 120189474 120240163 50689
9 566 rs117143733 36169894 1 9.38634686902569e-5 36160040 36291214 131174
9 694 rs7862059 79282119 1 -9.243191889320714e-5 79282119 79300111 17992
9 1200 rs13298102 119022802 2 9.206947816863208e-5 119022802 119022802 0
9 1173 rs2060129 116983847 1 9.1157682443512e-5 116983847 117000687 16840
9 39 rs510169 1709013 2 -8.885602036869126e-5 1685649 1711307 25658
9 1191 rs7859920 118148690 1 -8.548823663520165e-5 118124242 118255620 131378
9 854 rs893494 90875879 1 -8.490482640063057e-5 90802721 90875879 73158
9 1266 rs7858071 124572031 1 8.410323141689715e-5 124560853 124572031 11178
9 309 rs10962386 16345371 1 8.154028224803802e-5 16345371 16350474 5103
9 555 rs3088305 34982343 1 -8.070207345400429e-5 34964535 35062972 98437
9 1041 rs10120372 108440542 2 8.042330403781439e-5 108417743 108440542 22799
9 546 rs3860989 33460141 2 7.95645616668986e-5 33460141 33478434 18293
9 724 rs11137879 81476382 1 7.668956339716804e-5 81474084 81497316 23232
9 64 rs11790563 2616042 1 -7.448063347557231e-5 2583439 2618969 35530
9 157 rs1986733 7505902 1 7.011751325760107e-5 7497932 7511166 13234
9 325 rs10963072 17378776 3 -7.006950648190977e-5 17165698 17391531 225833
9 1268 rs2003251 124672178 1 -6.957012633077668e-5 124650611 124675677 25066
9 1350 rs4366175 132049842 2 6.924079584029984e-5 132049842 132073191 23349
9 1049 rs7873699 109274388 1 6.88938006153266e-5 109273253 109291197 17944
9 1089 rs13289732 111387462 1 6.754747341596685e-5 111387353 111387462 109
9 1040 rs11431378 108274510 1 -6.623151925949736e-5 108234207 108380721 146514
9 308 rs12686344 16324236 1 6.568735101077941e-5 16308000 16325026 17026
9 518 rs2774643 30241582 1 -6.482249259597453e-5 30143230 30288080 144850
9 287 rs10961780 14898161 1 -6.374153882470126e-5 14898161 14898161 0
9 992 rs7873986 104338305 1 -6.208438630168198e-5 104253681 104338305 84624
9 87 rs624290 3928115 1 5.3511032821154895e-5 3928115 3943449 15334
9 481 rs536635 27627362 2 5.261671951252696e-5 27621563 27630050 8487
9 652 rs2171659 76343174 1 5.101392640918744e-5 76249152 76385522 136370
9 6 rs4741955 447887 1 -4.335750340198625e-5 421860 447887 26027
9 1215 rs10759904 119913492 1 4.2105557678930193e-5 119913492 119946330 32838
9 1236 rs10984190 121478460 1 -4.135398531921357e-5 121475729 121502691 26962
9 1407 rs7037570 135296341 1 4.058254866907981e-5 135296341 135296341 0
9 1090 rs6477669 111469933 1 -3.90010333739934e-5 111417991 111469933 51942
9 390 rs7855438 21150650 2 -3.8857312567157565e-5 21108817 21150650 41833
9 480 rs903603 27529316 2 -3.641795717567624e-5 27488092 27580674 92582
9 343 rs1538999 18498954 1 -3.518050373401453e-5 18424272 18512570 88298
9 380 rs224015 20323424 1 3.4874705547606604e-5 20308956 20323424 14468
9 1316 rs12552226 128858795 1 3.430429783643113e-5 128847170 128858795 11625
9 1371 rs914977 133226582 2 -3.399357192565035e-5 133226582 133226582 0
9 959 rs7854249 100975694 3 -1.9630696890678492e-5 100963653 100985312 21659
9 703 rs10869907 79810889 8 -1.929666837357895e-5 79810889 80041641 230752
9 688 rs10781357 78958599 1 1.8662026942239345e-5 78958599 78973431 14832
9 692 rs700802 79234712 1 1.7675255644243448e-5 79225259 79236165 10906
9 1463 rs10124926 137883639 1 1.6006551548522453e-5 137883639 137895354 11715
9 1086 rs7041450 111176511 1 -1.5827989063746488e-5 111160310 111219000 58690
9 132 rs1478938 5931216 1 1.5481069196323787e-5 5898829 6027931 129102
9 222 rs10809185 10753219 1 -1.1800114071538526e-5 10723877 10754695 30818
9 372 rs4977370 20016698 1 -1.0858866128694246e-5 20004364 20022916 18552
9 732 rs7021045 81953661 1 -8.050024786345027e-6 81882407 81953998 71591
9 634 rs11142906 74204367 1 5.873544203131525e-6 74175647 74208282 32635
9 1140 rs10739335 114934114 1 2.570494065607202e-6 114931106 114960138 29032
9 802 rs1387924 87632993 1 5.350711895009577e-7 87616257 87651621 35364
9 999 rs10448296 104879699 8 5.297082575350665e-7 104799619 104941304 141685
