CHR Group SNP.lead BP.lead Size W BP.min BP.max BP.width
20 390 rs6074022 44740196 6 0.04895458792659046 44688665 44777295 88630
20 375 rs6073359 42804385 12 0.03544764854417334 42803776 42846694 42918
20 500 rs6127423 53807443 5 0.0339732242156186 53757603 53859706 102103
20 599 rs944893 60902389 4 0.03332713298301669 60890375 60902402 12027
20 373 rs6017247 42657841 1 0.03315638098310329 42657841 42657841 0
20 158 rs8118592 10996304 5 0.02829897883344223 10922146 10996304 74158
20 52 rs6076524 3452447 4 0.02748260026266871 3445445 3643653 198208
20 431 rs543477 48209718 3 0.02499747692889946 48205055 48210099 5044
20 263 rs2424433 22303261 5 -0.02455179642977821 22246450 22403287 156837
20 457 rs3827032 50225206 7 0.02361378615354314 50224206 50366971 142765
20 76 rs1543452 4974106 2 0.02342887298003356 4952923 5024237 71314
20 189 rs6033981 14572059 2 0.02327211345916734 14511168 14688519 177351
20 469 rs2031979 51475632 2 0.02165827655240213 51436401 51535828 99427
20 477 rs6063942 52037947 1 0.02123198514436847 52003413 52037947 34534
20 481 rs6013772 52344919 1 0.02030166693726963 52328338 52344962 16624
20 439 rs6063516 49057248 3 0.01911815191243666 48996594 49063113 66519
20 299 rs6142129 32819871 3 -0.01835240534283996 32485560 32891200 405640
20 465 rs6063841 51214293 6 0.01813473361194668 50823305 51236215 412910
20 271 rs6048661 23251415 5 0.01777250783459674 23245623 23305768 60145
20 277 rs6114429 24023945 4 0.0173281588371463 23979305 24024259 44954
20 109 rs6077153 7179994 3 0.0173062471110014 7106289 7199413 93124
20 432 rs235039 48239644 7 0.01696726269621944 48218161 48323380 105219
20 240 rs7265772 19226084 3 0.0163144672328401 19113918 19227638 113720
20 328 rs4812412 38467674 4 0.01604732248807114 38438771 38589813 151042
20 345 rs7348444 40830224 4 -0.01571658280866284 40751163 40847486 96323
20 80 rs6053422 5449373 1 -0.01566130401788898 5449373 5467063 17690
20 154 rs6040095 10680221 2 0.01549640863866997 10639543 10705007 65464
20 267 rs6082866 22803909 2 0.01541972547594426 22790548 22939045 148497
20 560 rs3934412 58120733 3 0.0153610212772203 58105747 58147605 41858
20 51 rs6051693 3244449 2 0.01526119065686723 3244449 3433158 188709
20 284 rs78661674 24952147 1 -0.01525696755958882 24952147 25011423 59276
20 37 rs6082438 2204811 1 -0.01463650654616515 2179466 2205978 26512
20 120 rs708925 8358004 3 -0.01459302470901624 8308944 8389911 80967
20 406 rs6018359 45873923 2 0.01445347555086656 45867852 45905856 38004
20 144 rs6104550 10068488 1 0.01431986225449976 10055467 10068488 13021
20 527 rs61733436 55758929 4 0.01419139441830711 55758929 55918939 160010
20 434 rs1555317 48643650 2 0.01361497252099828 48454671 48643650 188979
20 410 rs6063143 46365359 2 -0.01357053546444626 46346459 46365359 18900
20 510 rs3827103 54824029 1 -0.01349086571164315 54809462 54829609 20147
20 466 rs6022031 51278134 5 -0.01244647037503506 51247928 51333439 85511
20 342 rs11697381 40490356 1 -0.01230469348963736 40381490 40502403 120913
20 306 rs1146264 35489005 6 0.01186846690642026 35075339 35489005 413666
20 470 rs16997342 51574683 3 0.0115929920193435 51571802 51620301 48499
20 253 rs17307939 20148329 2 0.01146474022620269 20079360 20169641 90281
20 159 rs6033028 11076171 2 -0.0109364896332336 11037154 11092044 54890
20 598 rs6061457 60777232 5 0.01075309474444792 60718420 60778301 59881
20 489 rs2762932 52768391 3 0.01075231803943782 52746669 52776841 30172
20 551 rs6123832 57418071 3 0.01067719213155298 57339126 57429447 90321
20 297 rs6088301 32369354 3 -0.01054438028157445 31937048 32369354 432306
20 327 rs294428 38278997 7 0.01042586511828693 38252159 38338620 86461
20 148 rs2423487 10213095 1 0.01037415428092427 10164632 10231174 66542
20 45 rs6515646 2593863 6 0.00967484088073734 2576272 2656495 80223
20 195 rs6043241 15359412 1 0.00950874188993497 15264901 15365627 100726
20 95 rs2326748 6293824 6 0.00947138228017118 6201249 6404281 203032
20 241 rs6045989 19292926 8 -0.00892539022277461 19254573 19372443 117870
20 616 rs755017 62421622 5 0.00888196753831074 62404416 62473704 69288
20 565 rs6071006 58467157 3 -0.00863997469939948 58452582 58581873 129291
20 563 rs946364 58354838 1 -0.0085458802985234 58323217 58380845 57628
20 581 rs16984735 59707964 3 0.00853530369642758 59707964 59739626 31662
20 190 rs2208083 14771194 4 0.00851854135248388 14759169 14877654 118485
20 272 rs6048822 23454758 9 -0.00837233971723356 23328004 23548401 220397
20 426 rs2426092 47384255 2 0.00790039941841013 47219377 47385467 166090
20 445 rs1062651 49508683 2 0.00789210134366603 49508683 49588788 80105
20 115 rs7260781 7915927 3 0.00781797514482578 7905050 7918912 13862
20 387 rs6032259 44141331 3 0.00779711048968794 44082799 44279034 196235
20 188 rs983378 14430066 7 -0.00777935795712237 14358117 14479272 121155
20 303 rs2590991 34716238 1 -0.00772651135473296 34568092 34722255 154163
20 26 rs6042507 1459060 4 0.00769838873146109 1386395 1483926 97531
20 337 rs1076759 39353684 6 -0.00768053560462742 39339774 39438939 99165
20 388 rs3746500 44511533 2 0.0073363407451119 44336716 44523782 187066
20 485 rs6064024 52546889 2 -0.00723078199960941 52536425 52564250 27825
20 344 rs6065430 40688516 4 -0.00708509559004565 40603369 40740500 137131
20 61 rs2027237 4177104 1 0.0069619506301724 4167234 4177104 9870
20 251 rs6046504 19963862 1 -0.00668142089732801 19961094 19963862 2768
20 553 rs260005 57773121 1 0.00631867122747552 57589516 57773121 183605
20 246 rs6046334 19792316 8 -0.0062799379230413 19751330 19809473 58143
20 376 rs6017299 42866656 6 0.00623008018947215 42854134 42989714 135580
20 486 rs6123338 52618934 9 -0.00619316077313838 52573971 52668126 94155
20 215 rs6044374 16794650 4 0.00618597588096319 16794650 16845525 50875
20 472 rs8117683 51731191 1 0.00608587024025119 51699756 51782686 82930
20 338 rs6102208 39533949 3 0.00601739009759443 39471427 39583952 112525
20 615 rs2315008 62343956 2 -0.00593464187084621 62309839 62399641 89802
20 235 rs6132112 18761714 1 0.00593157975941544 18759921 18794754 34833
20 274 rs7263473 23690467 1 -0.00591743260639833 23677829 23740161 62332
20 165 rs803664 11791094 2 -0.00571955219027283 11791094 11827424 36330
20 252 rs6046570 20029464 2 0.00566516002411134 20006368 20054759 48391
20 292 rs6141353 31471313 3 -0.00558723356690511 31225355 31486051 260696
20 71 rs2422956 4746387 1 -0.00555181438825183 4716479 4778754 62275
20 300 rs3746429 33703607 8 0.00545532027250354 32955423 33793159 837736
20 307 rs34488353 35835826 5 0.00537498758632396 35509130 35882698 373568
20 186 rs7267933 13896499 4 -0.00537131162265085 13699281 13974270 274989
20 145 rs647518 10102530 1 0.00522078096999144 10076860 10108941 32081
20 104 rs10485708 6926675 3 0.00517669863288825 6881898 6931717 49819
20 0 rs75442118 126149 2 0.00517023482094037 100505 169701 69196
20 478 rs7271609 52137810 2 0.00506989077264152 52068141 52152979 84838
20 363 rs11698067 41993294 7 -0.0050697507043162 41896776 42012681 115905
20 476 rs6022394 51949510 2 0.00506673127598007 51932381 51971152 38771
20 471 rs1315869 51686119 5 -0.00502595509190908 51633964 51686119 52155
20 329 rs2145944 38640357 4 0.00498550551909197 38616582 38648634 32052
20 522 rs1276446 55535498 1 0.00490525398263163 55488739 55547696 58957
20 504 rs6024282 54240941 7 0.00487896016535194 54158005 54240941 82936
20 233 rs7262420 18321970 4 0.00480025880519763 18235516 18341196 105680
20 396 rs202377 45181441 2 0.00478319094166507 45131665 45198531 66866
20 314 rs2076387 36767103 2 0.00470165193430496 36760559 36770588 10029
20 135 rs6118611 9414641 2 0.00443687770763808 9414641 9485967 71326
20 438 rs6091139 48979631 4 0.00441400201772796 48959241 48983697 24456
20 258 rs6047132 20869688 2 0.00438820866140106 20817745 20948861 131116
20 204 rs6034316 15857880 3 0.00431068514721185 15851077 15937424 86347
20 113 rs6117882 7589465 8 -0.00430255138389511 7553476 7700272 146796
20 7 rs150207 440443 1 0.00422473258851648 425097 440443 15346
20 226 rs16823 17791064 2 0.00418799341833084 17762373 17815664 53291
20 498 rs6023759 53598881 5 0.00411958802945194 53532627 53598881 66254
20 232 rs6080998 18124807 2 0.00409181693634744 18088624 18201837 113213
20 166 rs6041029 11982632 5 0.00400073450809044 11945421 12004113 58692
20 455 rs2273642 50133089 4 0.00399785991762331 50108980 50155124 46144
20 436 rs6125931 48795413 1 -0.00399760630787702 48779125 48876431 97306
20 382 rs6031872 43566518 2 0.00398905662025664 43454185 43580118 125933
20 56 rs6052274 4039444 7 -0.0039672145374416 3843027 4048021 204994
20 163 rs2423565 11521784 4 0.00390176490961532 11508980 11598946 89966
20 29 rs6043722 1661245 2 -0.00388535794712148 1661245 1727964 66719
20 301 rs619865 33867697 1 -0.00384510946419323 33825378 33867697 42319
20 63 rs6037820 4316337 1 0.00382735251963372 4292429 4348440 56011
20 596 rs6061956 60593396 1 -0.00372593396577531 60499953 60593396 93443
20 389 rs3746513 44594228 7 0.00367130540600011 44534651 44656112 121461
20 220 rs16999051 17361482 9 -0.00362657625199045 17261305 17445449 184144
20 230 rs910901 17933686 1 -0.0035747077913688 17933686 18019274 85588
20 187 rs8120693 14307024 3 -0.00336849789515634 14096380 14338493 242113
20 281 rs1883924 24609645 4 -0.00319462008712081 24556797 24618814 62017
20 357 rs761027 41560394 2 0.00318028399490625 41496896 41560394 63498
20 25 rs747611 1363295 1 -0.00316869073687987 1300456 1384298 83842
20 118 rs6055685 8213786 4 -0.00305474728751352 8121097 8213786 92689
20 54 rs2281479 3762095 2 -0.00303957703680785 3762095 3763349 1254
20 67 rs6139486 4578080 2 -0.00302324990104425 4508090 4578080 69990
20 202 rs4813189 15702037 1 0.00297898264803771 15692683 15716671 23988
20 93 rs2144936 6118980 1 -0.00293362898072 6118980 6118980 0
20 356 rs208254 41414077 1 -0.00289762611052712 41412033 41476399 64366
20 91 rs6038332 6013499 4 0.00283413774932447 5915922 6042852 126930
20 234 rs2424205 18440185 2 0.0027849597659851 18366623 18742928 376305
20 70 rs2245220 4705718 1 0.00277909334132259 4705274 4705718 444
20 339 rs6093462 39908689 2 0.00276391312704602 39614299 39994193 379894
20 199 rs6034225 15579575 1 0.00274733645246471 15572152 15602064 29912
20 440 rs11698821 49184546 3 -0.0027254988741068 49073726 49196284 122558
20 589 rs7263235 60150098 1 -0.00269576959031144 60136084 60180124 44040
20 247 rs4814911 19843894 1 0.00268834005357425 19820785 19843894 23109
20 92 rs55666319 6090969 2 0.00267393200161021 6056356 6096632 40276
20 20 rs6039459 992713 4 -0.00264471237824687 992713 1020318 27605
20 197 rs4814387 15474506 2 -0.00262739706057446 15438731 15531523 92792
20 474 rs45479792 51871502 2 0.00255728190638852 51861958 51881039 19081
20 398 rs1011074 45300096 1 -0.00251426753445883 45262782 45380939 118157
20 131 rs6118469 9055820 2 0.00250502765383096 9044617 9123558 78941
20 200 rs6079926 15654842 2 -0.00247932635649342 15644537 15654842 10305
20 402 rs1150441 45599327 2 0.00244036900484631 45594395 45599327 4932
20 217 rs1016214 16992615 2 0.00235978360595618 16977946 17039959 62013
20 529 rs6128046 56052828 4 0.00229463413127705 56043765 56070505 26740
20 22 rs6040222 1140727 2 0.00217619044052394 1039828 1147775 107947
20 325 rs16987905 37940679 2 0.00217228596426216 37906360 38151081 244721
20 42 rs1109009 2457788 1 -0.00217086899132244 2387738 2457788 70050
20 330 rs6028900 38774289 1 -0.00217038402124085 38757002 38805930 48928
20 262 rs2180700 21796855 3 0.00213727445694739 21770908 22214901 443993
20 243 rs6112470 19562579 12 0.00212907502259728 19456060 19565693 109633
20 530 rs6070157 56137184 3 0.00211415129251085 56118666 56163687 45021
20 223 rs6105783 17599087 1 0.00208657754162494 17566854 17599087 32233
20 415 rs6018880 46671312 4 -0.00206371748714712 46578719 46674680 95961
20 579 rs6093038 59579440 1 -0.0020544805074691 59570371 59618023 47652
20 90 rs742711 5904040 5 -0.00205192559884876 5870347 5905779 35432
20 111 rs17399484 7435615 1 0.00204542328000349 7374248 7458007 83759
20 308 rs6094373 35969074 2 -0.00204485148422782 35954937 35969074 14137
20 540 rs6099886 56594279 2 -0.00204171705121522 56594279 56674049 79770
20 208 rs6105564 16262545 2 -0.0020311258472758 16202670 16325865 123195
20 294 rs2093066 31652596 4 -0.00199199927436431 31651583 31682778 31195
20 279 rs7266805 24364877 4 -0.00197129997354677 24323976 24428285 104309
20 511 rs4810019 54910917 2 0.00192804688539099 54834133 54910917 76784
20 420 rs927150 46863261 2 0.00188882282484444 46855820 46895949 40129
20 133 rs7265290 9368102 3 -0.00188828554418392 9298258 9380556 82298
20 427 rs6095298 47413079 1 0.0018821129395003 47410937 47463731 52794
20 428 rs2075679 47701589 4 -0.00188179333051848 47510093 47993898 483805
20 66 rs6139433 4449910 2 0.0018803891608019 4449910 4449931 21
20 448 rs6020997 49746325 4 0.0018521135939008 49729512 49772819 43307
20 194 rs6135362 15171838 6 0.00183958064624936 15171838 15234479 62641
20 612 rs6062941 62078487 2 0.00182482944798061 62078487 62078487 0
20 266 rs6075948 22746255 3 -0.0018187251581779 22703167 22757960 54793
20 346 rs13040321 40922844 2 -0.00178699296588316 40912206 40922844 10638
20 245 rs6136818 19680865 4 -0.00176271526499537 19617409 19703335 85926
20 548 rs16982131 57162403 1 0.00175944024666747 57154805 57177541 22736
20 15 rs512236 785108 2 0.00175301206541595 785108 806878 21770
20 265 rs6048205 22559601 2 0.00173883529426871 22537865 22653584 115719
20 393 rs6074085 44902426 3 -0.0017062495761362 44860471 44911954 51483
20 228 rs2618553 17866344 1 0.00169733938068904 17866344 17867550 1206
20 361 rs6030698 41834567 4 -0.00169374995563569 41800700 41842826 42126
20 326 rs6028507 38181661 2 0.00160423822760859 38160374 38220719 60345
20 229 rs2618649 17883653 1 -0.00160060672611444 17879866 17900087 20221
20 218 rs1578411 17178434 3 0.00159083438844344 17045941 17194831 148890
20 335 rs6093370 39221983 4 -0.00155340052608391 39146936 39221983 75047
20 94 rs6053977 6187441 3 -0.00148774547167288 6126302 6187441 61139
20 239 rs6075458 19047923 2 -0.00146005019016754 19047923 19079293 31370
20 556 rs16982720 57999598 1 0.00140108666666213 57967906 58002599 34693
20 257 rs6082163 20768491 1 -0.00137935812621039 20484043 20805391 321348
20 209 rs2236144 16360177 2 -0.0013168842013214 16334002 16506382 172380
20 366 rs2070235 42331457 1 0.00126274982238006 42249398 42331457 82059
20 261 rs6137384 21525800 5 -0.00124681422531863 21301991 21657602 355611
20 270 rs844935 23161807 1 0.00119840699093098 23144070 23217817 73747
20 117 rs6039041 8110530 1 0.00118040532989692 8045872 8110530 64658
20 462 rs12481632 50607274 1 -0.00117987642176773 50586336 50637660 51324
20 397 rs439339 45238334 1 -0.00116676853603652 45221935 45238334 16399
20 181 rs6074557 13079630 1 0.00116452005627453 13079630 13192648 113018
20 288 rs6061043 30527065 1 -0.00115102135567913 30527065 30559621 32556
20 549 rs10460623 57205221 1 0.00115097416600295 57195469 57205221 9752
20 509 rs4811661 54760515 3 0.00113338858835034 54756026 54801215 45189
20 352 rs6030381 41256291 1 0.00112664770346558 41202893 41258896 56003
20 27 rs41297640 1551564 2 0.00108430085874421 1494464 1552430 57966
20 413 rs8121494 46494573 1 -0.00108367203212072 46494573 46538294 43721
20 584 rs6065080 59832791 3 -0.00104903619288389 59829847 59886179 56332
20 360 rs3092130 41731202 1 -0.00104246186245437 41729903 41778943 49040
20 268 rs1042579 23028724 2 -0.00103831670466996 22978973 23028724 49751
20 221 rs6044842 17463917 2 -0.00102677993751144 17453135 17479730 26595
20 286 rs6037206 25688001 3 -0.00102635963511775 25606369 26158945 552576
20 174 rs6134639 12679627 1 9.991076260744173e-4 12655810 12713069 57259
20 121 rs227134 8427390 1 -9.828263567047983e-4 8410641 8464286 53645
20 96 rs13036588 6462428 3 9.775122577410113e-4 6416132 6500296 84164
20 169 rs6078503 12269409 2 8.844555293659866e-4 12226754 12280735 53981
20 46 rs1028408 2721474 1 8.808620095024707e-4 2684924 2725678 40754
20 69 rs6052780 4689474 1 8.76840178560735e-4 4689474 4695812 6338
20 408 rs6094752 46256424 1 -8.638140942461637e-4 46139520 46256424 116904
20 53 rs150358287 3687141 3 -8.627504268626347e-4 3675498 3726565 51067
20 255 rs1327911 20267718 3 8.489236497077306e-4 20259855 20305840 45985
20 572 rs348841 59004592 1 -8.441006338931727e-4 58970583 59095407 124824
20 590 rs6142824 60235676 1 8.271109873254003e-4 60204680 60235676 30996
20 552 rs919197 57480933 1 -8.262711180691444e-4 57480933 57490248 9315
20 47 rs215551 2785279 1 8.11070842294738e-4 2746354 2785598 39244
20 44 rs6115073 2570208 1 -8.06523872779018e-4 2501632 2570208 68576
20 418 rs707516 46811799 1 8.036614210139587e-4 46811799 46827141 15342
20 538 rs4561716 56548520 1 7.963739077834925e-4 56515754 56548520 32766
20 425 rs1883888 47171338 1 7.955046454670283e-4 47171338 47171338 0
20 207 rs2760550 16116624 1 7.92307209461366e-4 16091031 16160141 69110
20 528 rs2426736 56025915 1 7.855264338405027e-4 55991695 56031962 40267
20 353 rs970283 41280315 1 7.60164285903364e-4 41280315 41332179 51864
20 561 rs6070854 58163650 1 -7.465594319491947e-4 58163650 58190157 26507
20 83 rs6038219 5610737 2 -7.348228360358063e-4 5610737 5644184 33447
20 585 rs2427082 59897979 1 7.18102952761471e-4 59895287 59928237 32950
20 171 rs6033438 12498992 2 -7.17456572654167e-4 12464327 12498992 34665
20 318 rs2232580 36974945 2 -7.047388401504812e-4 36957837 36993333 35496
20 333 rs6029039 38965667 1 6.941629418247934e-4 38905823 39036537 130714
20 379 rs6094017 43288087 1 6.843101637969693e-4 43288087 43288087 0
20 385 rs6073718 43965276 1 -6.816531513222908e-4 43950816 43970377 19561
20 48 rs2277756 3003027 4 6.695231734884313e-4 2901540 3039115 137575
20 293 rs6059016 31600217 1 -6.665083289246036e-4 31529528 31600217 70689
20 424 rs6012418 47036502 1 -6.468207568350839e-4 47036502 47142287 105785
20 278 rs6036670 24145833 2 -6.364326635387792e-4 24073113 24282230 209117
20 99 rs6085660 6691069 2 -6.330426378800986e-4 6689058 6698673 9615
20 248 rs6046391 19852181 3 -6.30779348070392e-4 19849409 19883823 34414
20 525 rs6092424 55672544 1 6.298453852940783e-4 55672544 55682387 9843
20 607 rs7271712 61598731 3 5.998616341303417e-4 61519042 61605769 86727
20 101 rs235725 6792145 1 -5.983062359010326e-4 6783274 6798495 15221
20 518 rs6069891 55385595 1 5.761748068779801e-4 55364185 55385595 21410
20 479 rs2766667 52172404 2 -5.652688930054823e-4 52169493 52172404 2911
20 494 rs6023482 53292214 1 -5.59325482692701e-4 53285374 53317873 32499
20 321 rs6071119 37322023 2 5.565807375706452e-4 37320416 37352558 32142
20 128 rs6056252 8894975 3 -5.342575798966576e-4 8810198 8899426 89228
20 416 rs911952 46774898 1 -5.311878993333527e-4 46770211 46778604 8393
20 222 rs201928 17524903 1 5.243263368355956e-4 17491874 17524903 33029
20 238 rs6045766 18999826 1 5.225408590346028e-4 18987154 18999826 12672
20 172 rs6074460 12533539 1 -5.204079231801129e-4 12508861 12630553 121692
20 216 rs2424004 16927096 1 5.085112623105057e-4 16906789 16952341 45552
20 450 rs6126195 49869862 2 -5.044369909262304e-4 49848254 49869862 21608
20 264 rs6048141 22485322 1 5.01780078516953e-4 22430527 22485322 54795
20 86 rs1546478 5701481 1 -4.902429041807692e-4 5697947 5728237 30290
20 193 rs377256 15078724 1 -4.897465810966776e-4 15073680 15122743 49063
20 320 rs220501 37297126 1 -4.897026547305894e-4 37245958 37297126 51168
20 31 rs156330 1826095 1 4.866422669848965e-4 1815620 1848203 32583
20 464 rs6123135 50796522 2 -4.829531147843576e-4 50717288 50796522 79234
20 49 rs306755 3099752 2 4.638501671986776e-4 3088010 3099752 11742
20 254 rs6081924 20198740 2 -4.623217700947997e-4 20198740 20246306 47566
20 72 rs2423045 4799322 1 4.57466221578964e-4 4787035 4799322 12287
20 58 rs4815648 4079276 4 -4.5386859629475106e-4 4075290 4101800 26510
20 576 rs2426923 59371882 1 4.535763901208562e-4 59371882 59372363 481
20 454 rs747063 50102203 1 -4.533661056335176e-4 50102203 50104864 2661
20 139 rs6516498 9759414 4 4.442599648379679e-4 9756882 9764263 7381
20 304 rs4239689 34950604 1 4.42976658525893e-4 34891416 34950604 59188
20 282 rs6049925 24713823 1 -4.3643294297273695e-4 24644565 24715544 70979
20 125 rs2223837 8611999 1 -4.0716342573085746e-4 8607426 8650239 42813
20 422 rs911106 46970254 1 4.0654304518879654e-4 46970254 47020122 49868
20 81 rs6053442 5474901 1 3.906187180298721e-4 5474423 5474901 478
20 497 rs2137224 53482244 2 -3.715928084450183e-4 53454024 53514380 60356
20 588 rs6061602 60104659 1 -3.679711549178152e-4 60104659 60116607 11948
20 503 rs6024151 54101054 1 3.5186539757327213e-4 54100955 54103522 2567
20 162 rs967972 11275243 1 3.464273061526581e-4 11262159 11473176 211017
20 114 rs2205824 7849927 1 3.4216566278864066e-4 7737540 7873818 136278
20 224 rs2039076 17702753 7 -3.369584796279611e-4 17611777 17721590 109813
20 324 rs2206749 37807884 1 -3.284895922770949e-4 37799520 37881482 81962
20 28 rs6074927 1613956 4 3.257141055005025e-4 1610551 1648606 38055
20 184 rs4814225 13300820 1 3.170808913326783e-4 13299735 13507057 207322
20 50 rs11087571 3196253 1 -3.1549740118463155e-4 3180283 3196253 15970
20 580 rs6065036 59625880 1 3.141539308144132e-4 59625880 59692266 66386
20 340 rs2235590 40042321 1 -3.105266110832373e-4 40042321 40267070 224749
20 367 rs285198 42364734 1 2.95700329453304e-4 42364734 42375432 10698
20 24 rs4814111 1292989 1 2.956317318126225e-4 1268250 1293141 24891
20 404 rs12480971 45697196 1 2.9292294377604824e-4 45695518 45739406 43888
20 583 rs2426972 59771005 2 -2.902121318734727e-4 59771005 59802749 31744
20 260 rs12624732 21055354 1 -2.8819781289256383e-4 21011236 21218023 206787
20 183 rs6109792 13256786 2 -2.855119775215737e-4 13256786 13276381 19595
20 164 rs6040812 11626200 1 -2.7340021524527937e-4 11626200 11773203 147003
20 156 rs2024683 10843840 2 -2.70830860961174e-4 10793175 10879336 86161
20 285 rs35666277 25456698 2 -2.591179722741444e-4 25054440 25485352 430912
20 419 rs6095016 46845066 1 2.448663378263127e-4 46836972 46846076 9104
20 610 rs1406961 61895920 1 -2.4350384367658232e-4 61826524 61895920 69396
20 568 rs6064897 58716041 4 2.315813189394513e-4 58669008 58748891 79883
20 586 rs11204440 59974132 2 -2.1914915750351853e-4 59971184 59976841 5657
20 614 rs6090471 62236148 2 -2.1727047267954713e-4 62212928 62253821 40893
20 116 rs6133536 8038670 1 -1.9889743654976432e-4 7962707 8038670 75963
20 516 rs6014819 55335907 1 -1.9696892767984863e-4 55304421 55336267 31846
20 43 rs12480575 2478707 1 1.9392675121563129e-4 2478707 2491209 12502
20 137 rs6118687 9649234 3 -1.9377673535069515e-4 9595352 9726640 131288
20 620 rs6512308 62841074 1 -1.928111761625482e-4 62841074 62841074 0
20 383 rs6073629 43706559 2 1.878969911259638e-4 43653713 43768495 114782
20 82 rs16991051 5513629 2 -1.84744012640942e-4 5490828 5548081 57253
20 283 rs11908480 24783483 1 -1.73141517197219e-4 24734936 24783483 48547
20 62 rs6084685 4259775 3 -1.5967791054492006e-4 4210448 4281673 71225
20 545 rs5007291 57031757 1 1.5879644482348645e-4 56955308 57031757 76449
20 430 rs5619 48120843 3 1.5351102289023165e-4 48110188 48129706 19518
20 507 rs731803 54507813 1 -1.5153707440621723e-4 54507813 54540328 32515
20 521 rs6099313 55452732 1 1.4688228214879175e-4 55452732 55484441 31709
20 578 rs237644 59517318 1 1.297915949546939e-4 59463632 59529199 65567
20 315 rs1209245 36866553 2 1.272279520369098e-4 36796412 36869516 73104
20 349 rs16986834 41022015 1 -1.256904453551826e-4 41012264 41022264 10000
20 405 rs7262634 45834279 2 -1.2482860699578058e-4 45761700 45857208 95508
20 452 rs6067742 49961976 1 1.1762926913194397e-4 49961976 49999884 37908
20 617 rs817377 62535594 4 1.1362030225421184e-4 62506947 62553498 46551
20 78 rs6085122 5329782 1 1.0951220732762286e-4 5325798 5359457 33659
20 391 rs6074043 44781380 1 -1.0797514920725444e-4 44781380 44797562 16182
20 371 rs6103513 42555227 1 9.311604738732632e-5 42555227 42575841 20614
20 5 rs6037460 356785 2 8.836984342829306e-5 351944 357050 5106
20 212 rs6044276 16717045 1 -8.68805153692832e-5 16668603 16722925 54322
20 602 rs2185089 61309540 1 -7.447658310148718e-5 61303346 61313506 10160
20 495 rs6023587 53387775 1 -6.879773250367065e-5 53340366 53387775 47409
20 451 rs4811155 49945761 1 -6.789704435055883e-5 49935996 49945761 9765
20 559 rs6100478 58100862 1 6.439347860748092e-5 58100862 58100862 0
20 316 rs4353702 36900290 1 6.378168984415107e-5 36900290 36900290 0
20 515 rs6025088 55276800 1 -5.861843982057714e-5 55270493 55293730 23237
20 311 rs16986837 36256409 1 -5.030903698834693e-5 36225766 36290136 64370
20 179 rs680379 12969400 2 4.9658803588735936e-5 12945963 13011475 65512
20 2 rs6082267 269006 1 -4.02011569006986e-5 251494 269006 17512
20 461 rs6068020 50559652 1 -3.5448510932812284e-5 50559652 50579968 20316
20 575 rs17201325 59337447 5 -3.503308051868944e-5 59271068 59348668 77600
20 372 rs6124611 42620085 1 -3.204399679053605e-5 42583196 42620085 36889
20 502 rs2870629 54056378 1 2.8604065661210822e-5 54056378 54067599 11221
20 591 rs6061740 60262223 2 -2.5511192082116035e-5 60262223 60279179 16956
20 3 rs6082812 286838 1 -2.329327491363516e-5 283877 286838 2961
20 491 rs6023083 52886844 1 1.909072404988583e-5 52827293 52927642 100349
20 582 rs817699 59758921 1 1.863069905601516e-5 59758921 59758921 0
20 313 rs8115683 36596604 1 1.44921998682378e-5 36567067 36711934 144867
20 97 rs13038490 6604972 1 -1.3234929950352946e-5 6578556 6623374 44818
20 605 rs142639450 61451333 1 -1.0839904551444094e-5 61451333 61451333 0
20 569 rs486862 58790766 1 -5.076620785248983e-6 58790003 58821344 31341
