CHR Group SNP.lead BP.lead Size W BP.min BP.max BP.width
8 168 rs2720667 129083584 15 0.09160237056999816 129058356 129568078 509722
8 167 rs993725 128988220 8 0.05297702160914065 128677531 129039139 361608
8 150 rs10505343 119580807 12 0.04542671620230318 119098527 119663714 565187
8 29 rs9644758 11818364 10 0.03448447696309458 11479356 11853596 374240
8 53 rs1010848 23351759 15 0.03407825398275326 23041082 23536098 495016
8 42 rs10110600 18444535 8 0.0322934920145445 18333109 18665523 332414
8 89 rs10957150 61512060 8 0.03222679193789727 60478117 62003453 1525336
8 110 rs1966115 79556891 14 0.02970595039122619 77876363 79743689 1867326
8 177 rs3958181 134638258 11 0.02919524078670812 134579093 134943118 364025
8 40 rs537700 17759924 11 0.02775415614485178 17438439 17942204 503765
8 119 rs10094579 90849305 14 0.02762986148223462 90678123 92354921 1676798
8 156 rs7159 124027628 5 0.02675127119666152 123897867 124473894 576027
8 59 rs3779916 26250906 10 0.02628435906055719 26118439 26678206 559767
8 192 rs878421 142328020 10 0.02508950791702694 142201477 142576687 375210
8 158 rs10107402 125247147 7 -0.02412095131451143 124882439 125394334 511895
8 32 rs7822459 13402465 7 0.0230368032709524 13397806 13923923 526117
8 137 rs2436889 103576658 3 0.02261521382768167 103209964 103695930 485966
8 123 rs730820 96230428 8 0.02193126567006694 95316256 96364688 1048432
8 3 rs997378 1843091 4 0.02085849041382723 1654818 1897657 242839
8 151 rs1032128 119951773 15 0.02058239686249886 119766194 121526747 1760553
8 172 rs4736476 132489214 6 0.02001549854531582 131789849 132521299 731450
8 33 rs17250457 14451068 5 -0.01935996014994645 13950829 14505407 554578
8 23 rs1016512 8881820 9 0.01846546715400812 8536451 9162048 625597
8 111 rs16906530 80046610 8 0.01792820048627907 79762658 81065580 1302922
8 132 rs7832617 101525085 3 0.01737050305143987 101524955 101821743 296788
8 171 rs2889548 131756936 2 -0.01733948980058143 131554761 131774876 220115
8 12 rs7822226 4091132 9 0.01726684776222099 3937191 4131490 194299
8 103 rs6994325 72764061 12 0.01677088419298425 72761190 73229560 468370
8 44 rs10107533 19379421 14 0.01671702808871907 18981713 19489046 507333
8 112 rs10095139 81397268 5 0.01669627125288403 81120044 81873396 753352
8 163 rs6990457 127293085 9 0.01563806422482355 127030253 127656250 625997
8 114 rs988664 83329097 12 0.01543506207510218 82892518 84698627 1806109
8 41 rs4921914 18272438 10 0.01488629678456108 17950757 18283339 332582
8 14 rs1983474 4403586 8 0.01470036431877808 4279582 4476957 197375
8 164 rs6470466 127739184 5 0.01442432537886349 127678326 128067513 389187
8 197 rs10866910 144420930 5 0.01425940896004013 144124512 144446285 321773
8 184 rs10102213 139245031 5 -0.0139011443933416 138813360 139245031 431671
8 153 rs13267240 122330471 9 0.01379131781271864 122148511 123019652 871141
8 186 rs7839333 139752908 4 -0.01340722928518081 139634170 139846822 212652
8 54 rs7845836 23932243 9 0.01291855205438026 23551671 24207438 655767
8 138 rs16870364 104365116 5 -0.01291120852682797 103770205 104446696 676491
8 178 rs1503766 134968501 12 -0.01259623534082471 134966090 135389808 423718
8 147 rs2511653 117621592 5 0.01223615193673347 117236486 117783975 547489
8 81 rs6473849 54460873 12 0.01176401689028357 54399129 55258998 859869
8 196 rs28491316 143992661 4 -0.0107758599063904 143645999 144107977 461978
8 93 rs10808747 66677039 7 -0.01061460786928427 66065387 66940998 875611
8 107 rs17249487 75061350 16 0.01056519199703094 75032879 75764715 731836
8 91 rs4737595 62736289 12 0.01040446741057662 62705616 64211416 1505800
8 47 rs2616231 20569247 7 0.01033065029035231 20192835 20787381 594546
8 92 rs10100890 65940048 11 -0.01025987138585552 64219345 66008289 1788944
8 169 rs7834375 129603185 23 -0.00986666963794334 129603185 130691025 1087840
8 52 rs11781095 22601787 4 -0.00983531107970673 22601787 23007793 406006
8 94 rs16933522 68604866 7 0.00964316811114204 66974252 68664102 1689850
8 19 rs1550697 6266774 8 0.00963878210179191 6024175 6398327 374152
8 191 rs2293939 141551407 5 0.00892927410985279 141506903 142188039 681136
8 2 rs4876086 1483050 9 0.00886400569419718 1319724 1625104 305380
8 51 rs4872524 22489537 4 0.00861049832928736 22192692 22578872 386180
8 170 rs16904143 130702811 19 0.00843983444424409 130702811 131540586 837775
8 27 rs7832722 10965442 3 0.00823280541518806 10861385 11276542 415157
8 37 rs1615196 16843277 6 0.00812141391264095 16645869 16871448 225579
8 39 rs11203855 17292466 3 0.00801392273850788 17243260 17392357 149097
8 79 rs6981742 53287893 6 0.00798429290180613 52538501 53295870 757369
8 67 rs4733242 31148512 5 0.00792911687243783 31140870 32026449 885579
8 60 rs1446684 27073268 16 0.00783018432772389 26695617 27454575 758958
8 113 rs4436084 82038006 4 0.0076550702502182 81904003 82879546 975543
8 185 rs6577902 139263840 3 0.00755718982061086 139260668 139603111 342443
8 6 rs12546807 2763790 6 0.00753134038809925 2576054 2788108 212054
8 190 rs6999707 140963102 7 0.00737411652271448 140869942 141461266 591324
8 46 rs7835387 20150536 1 0.00725439326278666 19995717 20185310 189593
8 13 rs10091031 4190180 2 0.00725283986778536 4162862 4271213 108351
8 87 rs13251750 59261256 9 -0.00701953114094792 58928607 59708309 779702
8 96 rs1434927 69539842 7 0.00692183045471614 69132033 69850612 718579
8 49 rs9918798 21443510 4 -0.00686897611627313 21217677 21568597 350920
8 31 rs1729161 13089647 6 -0.00679280534924463 12996384 13380879 384495
8 26 rs6990589 10702534 8 0.00669453360485807 10516185 10830743 314558
8 83 rs4478549 56181259 7 0.00667126458544383 55937602 56589428 651826
8 179 rs11166894 135948428 11 -0.00653858538852398 135412090 135962651 550561
8 199 rs6599528 145603114 3 0.00621863714574049 144995939 146275966 1280027
8 65 rs12679675 29973396 8 -0.00614609263967815 29682635 30149262 466627
8 25 rs7009513 10284051 2 0.00607202651967805 10071620 10470148 398528
8 180 rs4909872 136063977 2 -0.00583088464689692 135969632 136686466 716834
8 68 rs1714420 32221412 17 0.00580301783199857 32143462 34770257 2626795
8 160 rs3909714 125968659 4 0.00576237633642092 125836386 126303847 467461
8 55 rs1527033 24889912 9 0.00570411436651088 24221015 25061807 840792
8 126 rs935190 97069446 8 0.00560540933259873 96905645 97522543 616898
8 133 rs4734487 101862313 2 0.00557833908509165 101859831 102058350 198519
8 121 rs7818649 94167493 5 0.00557754870862478 93567187 94261533 694346
8 124 rs3133764 96455453 7 -0.00546566468290563 96405931 96699609 293678
8 143 rs611744 109228008 10 -0.00536871864189773 108850819 110982522 2131703
8 125 rs13253287 96771076 3 0.00529358320917442 96738171 96896725 158554
8 78 rs9650160 50882830 15 -0.00525013576341489 49039681 52532601 3492920
8 69 rs7814362 36496796 6 0.00522291872985633 34887877 36965264 2077387
8 122 rs6983017 94407069 12 0.00517034456553278 94323772 95279760 955988
8 80 rs10095724 53739232 8 0.00514180031863726 53328331 54382933 1054602
8 173 rs6415551 133378714 6 0.00494138413470463 132622946 133448569 825623
8 21 rs7834209 6919748 3 0.00486804262634864 6690276 7007415 317139
8 7 rs11984691 2800096 3 -0.00473987479044845 2795835 3030978 235143
8 144 rs2113666 113818646 12 -0.00472013547792636 111056336 114776941 3720605
8 145 rs10086149 115118818 8 -0.00464468628432677 114793032 116095815 1302783
8 88 rs10103231 60413073 13 0.0045931812149064 59776637 60413073 636436
8 165 rs2456449 128192981 2 0.00457718388383307 128072019 128401772 329753
8 45 rs17480846 19508052 9 0.00452570195947799 19495610 19972368 476758
8 97 rs10087206 70077682 5 0.0045093440520866 69873833 70143771 269938
8 102 rs7459644 72718314 6 0.00442727101760028 72316250 72743597 427347
8 129 rs10955157 99227157 7 0.00435456342948987 98876595 99254045 377450
8 58 rs17243310 26001404 1 0.00432820014185767 25816376 26072964 256588
8 131 rs1660351 101275034 3 0.004313571930436 101024505 101474782 450277
8 146 rs1180628 116430861 4 -0.00424064714660359 116188975 117129410 940435
8 35 rs10093681 15527376 11 0.00421998711198725 15378002 15968313 590311
8 140 rs9886642 106022458 10 0.0041131677166642 105989262 106665439 676177
8 90 rs2350620 62497607 6 0.00409586939040252 62024167 62690015 665848
8 66 rs2979481 30262786 7 0.00404186328110954 30174964 31076640 901676
8 183 rs7000472 138626268 5 0.00402106706717825 138231791 138796799 565008
8 38 rs11991741 17111633 8 0.00394962232785067 16905525 17226856 321331
8 77 rs9785104 48129224 6 0.00389675592169071 41794934 48885049 7090115
8 136 rs6980591 103144592 4 -0.00377298823082571 102750391 103198203 447812
8 174 rs2467970 133757877 4 -0.00372434709577723 133458487 133975056 516569
8 149 rs1993980 118608208 6 0.00364270845342953 118418008 119084385 666377
8 50 rs56094005 21769432 2 0.00344841237779933 21662445 22053701 391256
8 64 rs10091038 29360305 5 0.00344818678051966 29331251 29639419 308168
8 8 rs4875719 3328210 9 -0.00339300443258026 3050524 3390607 340083
8 62 rs12056907 28240092 4 0.00334288404802932 27900710 28296171 395461
8 48 rs2204051 20883105 2 -0.00325520415161424 20856234 21199381 343147
8 4 rs4875929 1991352 2 0.0031691541208095 1978115 2164005 185890
8 36 rs7003671 16243135 1 -0.00312843143146413 15997974 16610997 613023
8 22 rs7843504 8439068 3 -0.00312832899946397 8105359 8503446 398087
8 99 rs7822729 70838395 11 0.00300517152702432 70546219 70863894 317675
8 117 rs13248723 88655584 11 0.00295606861461509 88009165 89677161 1667996
8 152 rs7825018 121654755 7 0.00273087782787371 121562418 122117842 555424
8 30 rs2977098 12829038 4 -0.00263135328328989 12610776 12973575 362799
8 85 rs1263156 57541715 9 0.00241776431700454 57450478 58196495 746017
8 141 rs1872283 107810891 9 -0.00238169106227211 106715767 108086983 1371216
8 154 rs17270266 123443180 3 0.00227068046258359 123135434 123543258 407824
8 105 rs2383891 74093532 5 0.00218098941679197 73850203 74283845 433642
8 128 rs7015322 98581957 5 -0.00213997207656128 98325837 98866057 540220
8 18 rs1834201 5864927 7 0.00196456075165146 5579875 6009104 429229
8 9 rs17326146 3547988 4 -0.00193337535448672 3421598 3572855 151257
8 161 rs1979221 126620703 2 0.00190796139018094 126470831 126705306 234475
8 195 rs7827372 143514434 6 -0.00182935782789003 143187128 143514434 327306
8 106 rs12549456 74455870 4 -0.00180639153545212 74300542 74959000 658458
8 76 rs6474334 41252090 6 -0.00180192292325779 41190971 41697078 506107
8 116 rs4557720 87932823 11 0.0017849569823289 85819819 87982674 2162855
8 188 rs1382022 140497775 9 0.0016997620863426 140118795 140587030 468235
8 73 rs2925010 40138358 8 -0.00169346728295544 38854041 40180232 1326191
8 104 rs2981117 73827049 6 -0.00167360575858898 73338613 73834777 496164
8 0 rs13271818 326522 16 0.00166342000891861 190568 1009313 818745
8 127 rs2016529 97578113 9 -0.00160840105967689 97534651 98291647 756996
8 120 rs561608 93508014 4 -0.00157716225279755 92360193 93535437 1175244
8 98 rs12676187 70353579 3 0.00155402895686367 70237924 70537507 299583
8 74 rs7822331 40663789 8 0.00154338770839647 40221754 40698232 476478
8 182 rs305234 137600653 1 0.00153951765784587 137318613 138213978 895365
8 11 rs7004524 3904874 4 0.00151007322640637 3803623 3922696 119073
8 75 rs10108063 41102437 4 0.00149580786134087 40723038 41158004 434966
8 34 rs7012038 14837778 21 -0.00147084758240433 14529851 15356034 826183
8 70 rs1015003 37096059 2 -0.00139492365369579 36994316 37317145 322829
8 63 rs7006959 28461323 6 -0.0013157539866925 28359611 29305308 945697
8 189 rs10100424 140855827 3 0.00126615188577141 140590799 140857481 266682
8 101 rs1481792 72089631 1 0.00116906646331066 72017177 72263956 246779
8 95 rs4437632 68851492 4 0.00111734524955729 68708402 69102348 393946
8 181 rs10086507 136829636 10 -0.00107167582231041 136713137 137301441 588304
8 157 rs4388446 124574279 3 9.928816748762674e-4 124490937 124857300 366363
8 193 rs1496863 142629143 2 9.863453401090555e-4 142604299 142847158 242859
8 175 rs4388441 134110705 1 9.176969606033768e-4 133992758 134332117 339359
8 20 rs13256011 6487331 3 8.528962973057524e-4 6414091 6675876 261785
8 72 rs7835508 38782627 8 8.073929636431493e-4 37977732 38804226 826494
8 162 rs1444003 126774314 2 8.016728247879459e-4 126774314 126984970 210656
8 100 rs1460680 71163768 1 7.602536962045313e-4 70912296 71988962 1076666
8 118 rs1240073 90102800 10 7.28154950061297e-4 89773651 90624692 851041
8 71 rs7463174 37635649 3 -7.019542653680889e-4 37409288 37750289 341001
8 1 rs11991219 1149257 2 -6.973511239767809e-4 1074425 1304128 229703
8 10 rs2623679 3647890 3 -6.676101522614403e-4 3578731 3775815 197084
8 17 rs7005584 5516171 8 -5.954160628947108e-4 5150113 5545554 395441
8 148 rs1695693 118325941 7 5.893952259364808e-4 117838623 118352994 514371
8 57 rs2278145 25633877 2 -5.888802447200322e-4 25478871 25770276 291405
8 5 rs11781947 2352384 1 -5.768523889485651e-4 2289839 2558468 268629
8 43 rs334213 18910834 4 5.585541398947184e-4 18675150 18947138 271988
8 139 rs10955366 105906441 11 -5.387557233447159e-4 104670180 105979256 1309076
8 176 rs7823430 134437026 1 5.250732258201702e-4 134350067 134549109 199042
8 159 rs7015740 125633124 1 4.8017377499748814e-4 125463083 125810701 347618
8 16 rs10104215 4863084 4 -4.634784269773377e-4 4775412 5144783 369371
8 130 rs7000370 99389419 10 -4.2682110271093435e-4 99262445 100916952 1654507
8 82 rs7832057 55489041 3 -4.0192266763359585e-4 55276083 55912151 636068
8 109 rs61729527 77761919 2 3.717978907634857e-4 77456729 77840501 383772
8 24 rs6983566 9931941 10 -3.523075914450705e-4 9177732 10046638 868906
8 142 rs10087176 108788603 8 3.321970599310534e-4 108119964 108789816 669852
8 155 rs7836045 123684295 1 -2.940026431171651e-4 123603473 123870345 266872
8 166 rs12375310 128432206 2 -1.930225174628122e-4 128413305 128628601 215296
8 108 rs6981885 75861772 12 1.7170848570067718e-4 75792274 77331219 1538945
8 86 rs1451142 58461249 2 1.3199349057605158e-4 58224353 58889557 665204
8 198 rs112907282 144672035 6 1.0893158623802476e-4 144520668 144929811 409143
8 115 rs12682602 84751766 3 9.971201471557623e-5 84740129 85716274 976145
8 15 rs7012483 4693023 5 5.17410310361976e-5 4505914 4728668 222754
8 84 rs1397976 56825385 3 3.0302355005940588e-5 56609388 57436577 827189
8 61 rs3103908 27549421 3 2.2802589108634856e-5 27476815 27879595 402780
