CHR Group SNP.lead BP.lead Size W BP.min BP.max BP.width
8 606 rs11997192 129218127 14 0.05022488048020175 129128194 129288749 160555
8 605 rs2720667 129083584 2 0.04326277846841137 129058356 129114007 55651
8 604 rs993725 128988220 8 0.0404245055068411 128929371 129039139 109768
8 642 rs3958181 134638258 3 0.03261774960217332 134626955 134721707 94752
8 379 rs6994325 72764061 9 0.03220593045343327 72761190 72987638 226448
8 544 rs10505343 119580807 3 0.02792432473657385 119499751 119663714 163963
8 696 rs878421 142328020 2 0.02784476619575249 142269874 142367087 97213
8 543 rs4876412 119427392 6 0.02629761625622425 119294282 119492578 198296
8 151 rs537700 17759924 11 0.02603165511956665 17638034 17942204 304170
8 196 rs1010848 23351759 7 0.02258060489790811 23206698 23383743 177045
8 12 rs997378 1843091 4 0.02176643996351425 1807756 1847184 39428
8 330 rs10957150 61512060 7 0.0211968844327082 61122903 61568210 445307
8 496 rs2436889 103576658 2 0.02105968390248203 103560356 103584651 24295
8 144 rs9644663 17073919 6 -0.02057404258541058 17073919 17226856 152937
8 215 rs3779916 26250906 3 0.0201819286514441 26118439 26313736 195297
8 435 rs16892784 90215649 1 -0.01996440904646211 90006314 90350637 344323
8 276 rs7822331 40663789 6 -0.01962293915323017 40519227 40698232 179005
8 116 rs7822459 13402465 3 0.01833647044069259 13397806 13490995 93189
8 154 rs34546534 18241771 4 0.01789178125692981 18194387 18283339 88952
8 43 rs7822226 4091132 3 0.01749320646828432 4080144 4131490 51346
8 482 rs7832617 101525085 2 0.01713137240696734 101524955 101608919 83964
8 473 rs2444871 98980663 2 -0.01680953669811186 98876595 99089452 212857
8 406 rs16906530 80046610 3 0.01654755268356274 79762658 80107372 344714
8 438 rs7815279 91094086 6 0.01606418957372199 90895010 91366482 471472
8 390 rs12549456 74455870 2 0.01515567435380724 74424985 74810030 385045
8 165 rs10107533 19379421 8 0.01507896718935302 19274742 19489046 214304
8 108 rs9644758 11818364 1 0.01486363314011692 11763932 11833262 69330
8 588 rs6990457 127293085 3 0.01469461330469944 127188115 127386194 198079
8 681 rs899073 140417049 2 -0.01457152800303055 140343359 140452253 108894
8 301 rs6473849 54460873 7 0.01454783027628098 54399129 54739072 339943
8 224 rs4515501 27763129 2 -0.01422969861342314 27763129 27829251 66122
8 267 rs7835508 38782627 1 -0.01422713359834395 38656652 38804226 147574
8 122 rs7014940 14119944 6 -0.01417237575784602 14032635 14170563 137928
8 534 rs2511653 117621592 8 -0.01393939862041664 117600602 117783975 183373
8 587 rs1906492 127157289 3 -0.01392506875973549 127030253 127182142 151889
8 715 rs4333645 145569535 2 -0.013775503194108 145569535 145661675 92140
8 289 rs2128001 51461513 4 0.01348587693687725 51182810 51462163 279353
8 437 rs10094579 90849305 7 0.01345493578349044 90678123 90881937 203814
8 505 rs9886642 106022458 4 0.0130657974038953 105989262 106142333 153071
8 29 rs4875111 3065125 4 -0.01298027147580723 3050524 3135739 85215
8 220 rs729609 27396523 7 0.01269273775011732 27073268 27402664 329396
8 250 rs4733166 33571496 6 0.01255977190665403 33286370 33958171 671801
8 556 rs13267240 122330471 2 0.01244015534478864 122330471 122497385 166914
8 105 rs2248334 11514071 2 0.01242248151733481 11479356 11514071 34715
8 456 rs730820 96230428 4 0.01239190633215151 96206803 96230428 23625
8 163 rs1915418 19093006 1 0.012049208438032021 19067320 19093006 25686
8 548 rs13268676 120795607 4 0.01173476038724259 120501956 120875221 373265
8 200 rs17784945 23691273 3 0.01152173661490708 23663101 23757657 94556
8 710 rs10866910 144420930 3 0.01147411538517309 144258705 144446285 187580
8 624 rs7000465 132355894 2 0.01136111244632896 132202889 132355894 153005
8 368 rs7822729 70838395 3 0.01135789144130947 70731059 70863894 132835
8 593 rs6470466 127739184 3 0.01124740056413685 127737855 127891951 154096
8 8 rs740237 1356333 4 -0.01121243015625492 1319724 1359035 39311
8 412 rs10095139 81397268 1 0.01117519551278857 81397268 81470769 73501
8 618 rs2912191 131300036 11 0.01086502710676463 131027338 131512902 485564
8 504 rs3134467 105979256 6 0.01080210647435829 105784723 105979256 194533
8 625 rs4736476 132489214 1 0.01072453622548104 132370660 132521299 150639
8 697 rs11782383 142446923 2 -0.01066139141150487 142446923 142518112 71189
8 86 rs1016512 8881820 1 0.0106041334319921 8837354 9009906 172552
8 188 rs4872524 22489537 3 0.0104411431169174 22439442 22492708 53266
8 291 rs7841317 52382217 3 -0.01018800851911227 52232487 52532601 300114
8 711 rs380904 144565905 6 -0.01017085385839556 144520668 144695499 174831
8 69 rs6994867 6116071 3 -0.01017018822991112 6082233 6128828 46595
8 398 rs1464093 76474058 5 0.01013175120333684 76306257 76695262 389005
8 393 rs17249487 75061350 7 -0.01010714480142871 75061350 75246125 184775
8 694 rs307761 142154291 5 -0.01004791860859519 142131002 142188039 57037
8 420 rs988664 83329097 4 0.00993293342897002 83298113 83725076 426963
8 190 rs11781095 22601787 2 0.00915301815106269 22601787 22713012 111225
8 545 rs1032128 119951773 7 0.00915253391718984 119766194 120052238 286044
8 254 rs7814362 36496796 2 0.00911000295078518 35920869 36496796 575927
8 106 rs17754589 11625808 5 0.00903933556776619 11527910 11650475 122565
8 610 rs16903937 129987132 9 0.00893049892049534 129603185 129988219 385034
8 602 rs7841193 128677531 2 0.00874249424592019 128677531 128718068 40537
8 158 rs12676642 18637208 2 -0.00872920320253229 18637208 18665523 28315
8 521 rs973815 111056336 1 0.00860371595289171 111056336 111421582 365246
8 671 rs6577902 139263840 3 0.0085805747067853 139260668 139390139 129471
8 328 rs10103231 60413073 1 0.0084546406270822 60285226 60413073 127847
8 686 rs6999707 140963102 4 0.00845329102744788 140869942 140984964 115022
8 244 rs4733242 31148512 3 0.00837087737984247 31140870 31434385 293515
8 51 rs1351107 4579906 2 -0.00824586822037287 4505914 4579906 73992
8 49 rs1983474 4403586 2 0.00823871713171418 4403586 4454024 50438
8 141 rs1615196 16843277 4 0.00817913241683185 16812832 16871448 58616
8 448 rs6983017 94407069 4 0.00813412073175446 94323772 94898694 574922
8 476 rs10955157 99227157 2 0.00810701089445332 99208190 99254045 45855
8 567 rs7159 124027628 3 0.00808948139064067 124023374 124076688 53314
8 436 rs7824985 90624692 4 0.008084159522285 90372447 90624692 252245
8 296 rs6981742 53287893 4 0.00806933318235265 53283773 53295870 12097
8 84 rs1876836 8681756 5 0.00796336406071876 8536451 8722378 185927
8 221 rs10503814 27454575 1 0.00781141235429862 27415476 27454575 39099
8 457 rs2514557 96283161 4 0.0077426432134733 96245252 96364688 119436
8 407 rs10504700 80202384 2 0.00769200520345704 80145056 80358313 213257
8 400 rs7842199 77631769 3 -0.00765472621614324 77456729 77695388 238659
8 201 rs7845836 23932243 1 0.0075883628934579 23893742 24207438 313696
8 676 rs2292927 139838912 1 0.00743039649331811 139818903 139846822 27919
8 172 rs7835387 20150536 1 0.00740673093495056 20143440 20185310 41870
8 415 rs4436084 82038006 2 0.00739029818243473 81958305 82038006 79701
8 210 rs1365007 25644016 3 -0.00731675233153188 25598401 25770276 171875
8 248 rs3735781 32624828 4 0.00731048908195254 32453358 32748779 295421
8 261 rs7463174 37635649 1 0.00722599251374554 37635649 37646666 11017
8 480 rs1660351 101275034 3 0.00720611614190751 101024505 101448416 423911
8 197 rs4872145 23397750 7 0.00713359318779623 23396101 23477195 81094
8 336 rs4737595 62736289 4 0.0070279796994246 62705616 63020728 315112
8 691 rs2293939 141551407 1 0.00700890471605238 141506903 141566311 59408
8 405 rs1966115 79556891 7 0.00698659284722718 79420199 79743689 323490
8 45 rs10091031 4190180 1 0.00674860701489344 4169706 4204987 35281
8 551 rs4871109 121752559 9 -0.0066567769149412 121562418 121763046 200628
8 615 rs16904143 130702811 1 0.00661157398469642 130702811 130702811 0
8 513 rs1283651 108366032 6 -0.00660071212711929 108119964 108385748 265784
8 269 rs3808606 39769375 4 -0.00655189821901519 39390219 39816468 426249
8 180 rs17607826 21299827 3 -0.00654291654355646 21217677 21326878 109201
8 404 rs13278582 79185247 2 0.00653048566079016 78644605 79408093 763488
8 218 rs9644121 26758650 4 -0.0063244499454538396 26695617 26884320 188703
8 175 rs13260745 20564192 8 -0.00621868177771227 20486184 20669205 183021
8 174 rs1383246 20394374 2 -0.00618003432076298 20358618 20482878 124260
8 595 rs2456449 128192981 2 0.00611991058936722 128072019 128192981 120962
8 118 rs17117434 13625816 1 0.0060063799875643 13615135 13701631 86496
8 656 rs7460819 136735506 5 0.00595709205574532 136713137 136770912 57775
8 519 rs72687022 110464510 5 -0.00594563500094103 109961231 110749551 788320
8 9 rs4876086 1483050 5 0.00594494875769255 1440839 1625104 184265
8 2 rs1530662 402692 7 -0.00592579343075079 400916 507994 107078
8 308 rs4478549 56181259 7 0.00591019530556547 56123119 56425185 302066
8 477 rs4476980 99374659 1 0.00589783055222825 99262445 99379585 117140
8 428 rs6471314 87400459 8 0.00578947751117156 87277575 87629825 352250
8 5 rs11137110 869170 3 -0.00576013011923629 857459 1009313 151854
8 41 rs3843921 3904671 3 -0.00575326536898669 3896853 3922696 25843
8 313 rs1263156 57541715 3 0.00567034107217369 57450478 57601930 151452
8 298 rs10095724 53739232 8 0.00564730531292345 53727578 54106610 379032
8 338 rs7821895 63984768 1 0.00558899318671934 63773787 64035651 261864
8 238 rs6468011 29786701 3 -0.00549488828282311 29760101 29830855 70754
8 641 rs7004947 134606425 4 0.00548456404407517 134579093 134624572 45479
8 462 rs13253287 96771076 3 0.0053896541088543 96762253 96896725 134472
8 350 rs2290585 68087279 4 0.00534763715869251 67478431 68556828 1078397
8 395 rs2732018 75764715 4 -0.00529780435116616 75462525 75764715 302190
8 320 rs9650192 58841890 3 -0.00523947260947183 58795132 58889557 94425
8 71 rs1550697 6266774 7 0.00522520746661598 6229808 6351252 121444
8 79 rs7834209 6919748 2 0.00521822353835942 6811559 6919748 108189
8 463 rs935190 97069446 5 0.00518715560039362 96905645 97081252 175607
8 611 rs7813493 130208039 4 0.0051389776081032 130004216 130218680 214464
8 484 rs4734487 101862313 1 0.00513476970535441 101859831 101879598 19767
8 222 rs3103908 27549421 2 -0.00503362034271589 27476815 27564087 87272
8 126 rs4596659 14695745 2 0.0049621737022099 14672930 14868808 195878
8 550 rs10101508 121398874 2 -0.00489065400227806 121180667 121526747 346080
8 387 rs2383891 74093532 3 0.00477078184123783 74038994 74138294 99300
8 337 rs896491 63446925 9 -0.0047640031299804 63044535 63737308 692773
8 432 rs13248723 88655584 3 0.00465975827260238 88646849 89083979 437130
8 538 rs1695693 118325941 2 0.00465937791397913 118300497 118352994 52497
8 216 rs328076 26328656 3 0.0046247906690291 26328656 26470222 141566
8 270 rs72632016 39873053 1 -0.00462108112313205 39840234 39942372 102138
8 460 rs11776832 96536023 1 0.00445572449567682 96536023 96699609 163586
8 327 rs6471780 60250245 3 0.00436164967340195 60024449 60250245 225796
8 532 rs799889 117250895 1 -0.0043553835981251 117236486 117415285 178799
8 446 rs7012115 93605944 6 -0.0043493030907556 93605944 94032622 426678
8 160 rs334213 18910834 4 0.00426650545612346 18819473 18928440 108967
8 157 rs7018263 18554698 2 0.00423220479245948 18519032 18590892 71860
8 329 rs1467300 61000576 2 0.00420997062614498 60478117 61101162 623045
8 594 rs1516935 127919914 3 0.0041443642100087 127902003 128067513 165510
8 421 rs16911067 83762709 3 0.00410461266693599 83738448 83992851 254403
8 630 rs6415551 133378714 2 0.00406546364452216 133355244 133448569 93325
8 535 rs2289937 117873811 2 -0.00405564704650263 117838623 117936482 97859
8 459 rs968962 96482283 6 -0.00403028483014584 96446999 96530971 83972
8 378 rs7459644 72718314 5 0.00400701492323896 72707802 72743597 35795
8 213 rs17243310 26001404 2 0.00400149044804057 25974894 26053562 78668
8 321 rs7006812 58928607 3 0.00392334333176217 58928607 59025114 96507
8 540 rs1396353 118761500 1 -0.00379956941999428 118632412 118761500 129088
8 657 rs7004659 136789501 3 -0.00376965144234311 136788138 136941348 153210
8 600 rs7386167 128568712 2 -0.00363323580229676 128558990 128568856 9866
8 541 rs13255959 119012781 5 -0.00362549591854964 118774997 119084385 309388
8 48 rs12547182 4400460 2 0.00357643811885597 4357525 4401124 43599
8 145 rs11203855 17292466 1 0.00350832611220046 17243260 17292466 49206
8 515 rs10087176 108788603 1 0.00349443724498553 108669676 108789816 120140
8 707 rs138377917 143763531 1 -0.00346076727937028 143757037 143903155 146118
8 205 rs1527033 24889912 2 0.00343783724267176 24889912 25061807 171895
8 566 rs7828669 123938787 1 0.00336257601756528 123897867 123988424 90557
8 570 rs4388446 124574279 3 0.00327407214970631 124555235 124604759 49524
8 285 rs9785104 48129224 2 0.00323397576017045 43539041 48885049 5346008
8 132 rs10093681 15527376 4 0.00319056421762427 15503648 15686349 182701
8 246 rs327371 31843735 2 0.00315081275034891 31789101 32026449 237348
8 511 rs17257240 107556907 4 -0.00314318215908293 107424062 107845898 421836
8 705 rs10435683 143413136 4 0.00311409171139969 143265173 143514434 249261
8 166 rs7001715 19507270 8 0.00304851368639354 19495610 19625619 130009
8 92 rs6983566 9931941 3 0.00297670056452464 9742578 10046638 304060
8 31 rs6558780 3332767 4 0.00296772181366912 3255581 3353059 97478
8 419 rs955311 82950636 7 -0.00292507809439361 82892518 83285181 392663
8 341 rs6472116 64498360 4 0.00288671828759446 64498360 65045688 547328
8 94 rs7009513 10284051 2 0.00284466669274516 10236559 10381128 144569
8 89 rs922053 9250346 6 0.0028319554043960502 9177732 9257739 80007
8 22 rs9314465 2635152 4 0.00272680900693425 2576054 2667710 91656
8 526 rs9650053 114849850 3 0.0027259808199409 114793032 114978390 185358
8 559 rs6651164 123004940 1 0.00271872922877425 122982390 123019652 37262
8 621 rs2889548 131756936 1 -0.00271506786840528 131642621 131774876 132255
8 335 rs1015905 62690015 2 0.00268179002021591 62365737 62690015 324278
8 125 rs6987164 14544079 1 -0.00262336614346555 14529851 14670963 141112
8 264 rs16887244 38031345 3 0.0026191535527846 38025175 38362521 337346
8 539 rs17746363 118611634 3 0.00258993183333636 118418008 118617032 199024
8 206 rs7837477 25240100 1 -0.00256965787595687 25101936 25240100 138164
8 15 rs4875929 1991352 2 0.00255619174301746 1978115 2011098 32983
8 494 rs7007251 103054099 5 -0.00249981718674104 103052377 103198203 145826
8 156 rs10110600 18444535 8 -0.00245489083057047 18431478 18498687 67209
8 286 rs894076 49816187 5 -0.00243097953150435 49039681 49824013 784332
8 342 rs1011856 65136858 1 -0.00242162384520814 65075261 65427707 352446
8 50 rs17070836 4476957 1 0.00240927208530846 4468542 4476957 8415
8 576 rs4406374 125343441 4 -0.00236486041283252 125251067 125394334 143267
8 645 rs9694593 135017303 8 -0.00236385345535046 134966090 135162202 196112
8 1 rs13271818 326522 1 0.00232399827307978 280645 340067 59422
8 423 rs6997745 84477913 3 -0.00231861793290587 84442025 84698627 256602
8 351 rs16933522 68604866 2 0.00231761536855846 68583722 68664102 80380
8 290 rs10958249 52102658 2 0.00230551488520553 51480478 52138162 657684
8 660 rs305234 137600653 1 0.00225970597736811 137564311 137938502 374191
8 654 rs10095580 136293806 2 -0.00225578474181406 136203731 136330821 127090
8 648 rs7840306 135442374 4 0.00223523014788146 135412090 135566905 154815
8 557 rs6984293 122550491 2 0.0022140627016272 122504923 122619283 114360
8 497 rs9642980 103695930 2 0.00220688106097069 103620332 103695930 75598
8 353 rs4437632 68851492 3 0.00215265495560393 68799377 68970343 170966
8 129 rs7003979 15171989 2 0.00214952397566919 15094597 15271666 177069
8 403 rs10113207 78088940 5 -0.0021488807809091 78039167 78631154 591987
8 100 rs13248264 10942742 5 -0.0021454360608759 10942742 11045161 102419
8 228 rs12056907 28240092 2 0.00212999699734377 28165985 28296171 130186
8 356 rs61736081 69381053 4 0.00212760537287217 69132033 69381053 249020
8 243 rs10954782 31076640 2 -0.00212079192929169 30829623 31076640 247017
8 33 rs7815959 3460063 6 0.00210775783927935 3421598 3487768 66170
8 622 rs398267 131816901 3 -0.00210472413079363 131789849 131936854 147005
8 663 rs11992583 138617100 5 -0.00210301239679323 138379427 138629984 250557
8 247 rs9297191 32283471 5 0.0020145787987081 32143462 32443374 299912
8 685 rs10100424 140855827 3 0.00199485714860614 140742121 140857481 115360
8 349 rs16932800 67220641 2 0.00199332703280952 67169917 67384122 214205
8 524 rs17524343 112764621 4 0.00198893625423434 112656042 113630865 974823
8 112 rs500501 12953108 2 -0.00195064239853247 12900843 12973575 72732
8 314 rs16920935 57632308 2 -0.00194542969972384 57623242 57709500 86258
8 311 rs4551325 56823191 3 -0.00191517717826488 56814010 57036929 222919
8 447 rs7818649 94167493 2 0.00191415061524522 94039867 94261533 221666
8 97 rs733396 10621981 10 0.00189724036610786 10565219 10730558 165339
8 47 rs7015706 4287134 2 0.00186784019629915 4279582 4341641 62059
8 279 rs17595469 41261423 5 0.00185113653671518 41190971 41368500 177529
8 282 rs11986055 42135178 5 0.0018379048757083 41794934 42281634 486700
8 399 rs13271620 76738118 5 0.00176658716674277 76705405 77331219 625814
8 23 rs12546807 2763790 2 0.00175993933374011 2685370 2774638 89268
8 471 rs6468553 98377549 3 -0.00175217820748064 98325837 98472201 146364
8 639 rs2142307 134492551 5 -0.00175037727684254 134468864 134502322 33458
8 475 rs35368005 99101976 1 0.00174738787772334 99101976 99159594 57618
8 62 rs17356089 5525442 2 -0.00173902295927676 5509374 5545554 36180
8 74 rs13256011 6487331 1 0.00171807565793671 6471526 6539289 67763
8 616 rs2062078 130734461 2 0.00164512441415318 130708114 130809688 101574
8 34 rs17326146 3547988 2 -0.00159200262468387 3490822 3572855 82033
8 411 rs6473219 81245003 4 0.0015900445891552 81120044 81338686 218642
8 362 rs12676187 70353579 4 -0.00157611751841621 70237924 70356990 119066
8 700 rs1496863 142629143 2 0.00157596066362761 142620990 142712678 91688
8 514 rs16876241 108420688 1 -0.00156991961436332 108395025 108638344 243319
8 649 rs1806765 135734604 4 -0.0015523963052518 135570871 135793846 222975
8 667 rs10109789 139089126 1 -0.0015465989637082 138932176 139089126 156950
8 466 rs2589198 97556565 1 0.00154614324494093 97534651 97578672 44021
8 633 rs9297853 133584558 3 0.00151449295382481 133580193 133975056 394863
8 370 rs1460680 71163768 1 0.00150602949618521 71151197 71988962 837765
8 713 rs148555909 144892984 2 -0.00149197585186537 144892984 144929811 36827
8 278 rs10108063 41102437 5 0.00148406689673531 40996160 41158004 161844
8 333 rs1367972 62003453 1 -0.00146928648247431 61946967 62003453 56486
8 64 rs7845744 5643995 7 0.00146492405503675 5643189 5774771 131582
8 527 rs1497194 115351857 4 -0.00145687028395516 115027676 115851352 823676
8 3 rs11781454 565959 2 0.0014448584532056 519919 649190 129271
8 39 rs17068126 3803623 2 0.00144310042594697 3803623 3842999 39376
8 680 rs13270196 140308182 1 0.00142805442384801 140274384 140333323 58939
8 288 rs7829956 50628068 4 -0.00141455917751227 50303943 51067154 763211
8 127 rs13265356 14969057 3 0.00134387035947361 14879087 14996912 117825
8 61 rs2733083 5492579 2 0.00129720094775966 5462398 5492579 30181
8 634 rs4388441 134110705 1 0.00128207358731159 133992758 134132812 140054
8 227 rs13253111 28061974 3 -0.00128176445055655 28055236 28136109 80873
8 357 rs1434927 69539842 5 0.00128011121413022 69406281 69620696 214415
8 57 rs10109571 5112194 2 -0.00127005125141666 5071270 5144783 73513
8 234 rs10503848 29361255 5 -0.00125562424576023 29331251 29395511 64260
8 230 rs7006959 28461323 2 0.00124713825531658 28461258 28585452 124194
8 443 rs1125730 93358204 3 -0.00124636754853738 93184065 93454053 269988
8 626 rs277047 132627248 1 0.00123627895000327 132622946 132725731 102785
8 688 rs7002644 141252750 1 -0.00123599280801937 141160226 141252750 92524
8 369 rs4737293 70940654 1 -0.00122911767513908 70912296 70981311 69015
8 714 rs12550729 145155408 1 -0.00117835803641781 144995939 145286483 290544
8 133 rs4430096 15799511 3 0.00117807634104224 15713330 15813380 100050
8 417 rs9298367 82441040 2 -0.00117147908268474 82274071 82443387 169316
8 468 rs7814447 97826743 1 0.00117061404261497 97682211 98109070 426859
8 302 rs10095164 54882796 2 0.00116730802523368 54822319 55127333 305014
8 56 rs7014013 4951542 3 -0.00116675336953925 4924379 5011233 86854
8 572 rs6995099 124710664 4 -0.00116471144061064 124689847 124717641 27794
8 693 rs11167023 142106228 1 -0.00114845472829039 142038599 142109356 70757
8 217 rs11135955 26638910 3 0.00114442873709806 26514779 26678206 163427
8 14 rs2280823 1897657 2 -0.0011194926591905 1888447 1897657 9210
8 682 rs6578030 140516541 3 0.00111722421531616 140462221 140587030 124809
8 307 rs16921098 55981777 1 0.00111577025059745 55937602 56081879 144277
8 0 rs3752670 221922 1 0.00110811705518275 190568 236656 46088
8 508 rs1037304 106627197 3 0.00110398421767564 106627197 106665439 38242
8 123 rs12676434 14241349 1 -0.00110304356073695 14199014 14374513 175499
8 450 rs6995326 95037331 1 0.00107706293201094 95009020 95171183 162163
8 485 rs2923774 101986864 1 0.00107080242663982 101898707 101986864 88157
8 580 rs11779177 125937760 2 0.00106745989748457 125836386 125951520 115134
8 170 rs1106634 20066049 3 -0.00106334953755711 19995717 20081890 86173
8 509 rs7845449 106715767 1 -0.00105999267602579 106715767 106916907 201140
8 467 rs750343 97643454 2 0.00105046327863045 97596782 97664572 67790
8 59 rs9314570 5390576 1 0.00104396078345283 5228896 5392336 163440
8 241 rs2979481 30262786 5 0.0010369765468231 30174964 30503371 328407
8 146 rs11203867 17359171 3 0.00102955596161975 17303403 17359171 55768
8 66 rs1834201 5864927 1 0.00100992376979181 5857354 5952944 95590
8 237 rs6992654 29702442 3 -0.001002576307607 29682635 29718019 35384
8 560 rs17270266 123443180 3 9.988069354564045e-4 123135434 123446870 311436
8 315 rs1396115 57874064 1 9.920711421813897e-4 57752823 57902388 149565
8 195 rs76824703 23150851 1 -9.8705797296023e-4 23147564 23186007 38443
8 240 rs16876489 29971290 1 9.850965861448648e-4 29918642 30149262 230620
8 37 rs10102119 3670381 2 -9.847258324792076e-4 3647890 3694914 47024
8 268 rs6474129 39199543 3 9.813874083215205e-4 38854041 39206995 352954
8 309 rs4336589 56462853 1 -9.697321277930896e-4 56460052 56589428 129376
8 265 rs4733924 38438589 1 -9.497727054646986e-4 38385914 38440791 54877
8 536 rs4876702 118121734 2 9.294427675178649e-4 117947385 118174941 227556
8 386 rs11992993 74003084 2 -9.215314598620508e-4 73997147 74034680 37533
8 24 rs7840244 2788108 1 9.195926107725936e-4 2788108 2788108 0
8 493 rs4145554 102966148 2 8.706861743562738e-4 102750391 103039917 289526
8 402 rs10087163 77895865 1 8.536424757303894e-4 77876363 77896845 20482
8 365 rs12549880 70537507 2 -8.429119606375249e-4 70484161 70537507 53346
8 465 rs2678332 97376980 3 8.386794878855969e-4 97329366 97522543 193177
8 251 rs2609653 34236992 2 -8.302434431491031e-4 33994638 34770257 775619
8 6 rs12716579 1096519 1 -8.297835336899071e-4 1074425 1153941 79516
8 334 rs11785638 62099814 2 7.980976981006848e-4 62024167 62323556 299389
8 408 rs7814425 80546329 1 -7.855148579123001e-4 80498998 80652442 153444
8 85 rs332017 8752587 1 7.805287755527432e-4 8747894 8814890 66996
8 124 rs1355303 14463388 2 -7.669579449298968e-4 14389640 14505407 115767
8 418 rs1010504 82760263 1 -7.598528824549394e-4 82466788 82879546 412758
8 231 rs10112345 28964670 1 -7.595431585818379e-4 28637027 29231270 594243
8 525 rs1522060 114230296 9 7.55107743189039e-4 113655596 114776941 1121345
8 502 rs2458415 105351998 3 -7.436609157598009e-4 104670180 105367264 697084
8 223 rs11778759 27740237 5 -7.396195890761875e-4 27590027 27753688 163661
8 695 rs3739238 142222445 3 -7.255690368391243e-4 142201477 142253369 51892
8 512 rs6469084 107908032 3 7.158269394450364e-4 107860362 108086983 226621
8 683 rs888345 140646990 1 -6.771403280301937e-4 140590799 140646990 56191
8 30 rs13282938 3196760 1 6.753097242401128e-4 3140036 3233443 93407
8 620 rs10956535 131554761 1 6.688246718682963e-4 131554761 131609951 55190
8 429 rs4557720 87932823 5 6.680691062378439e-4 87652115 87982674 330559
8 454 rs2678841 96088515 2 6.618778577475825e-4 95820969 96102659 281690
8 281 rs6989331 41697078 1 -6.565644024568871e-4 41636071 41697078 61007
8 449 rs7817292 94985722 2 6.520962125749871e-4 94922985 94991734 68749
8 689 rs7010142 141339278 2 -6.503028996645429e-4 141265687 141345638 79951
8 275 rs7016856 40440413 2 6.468380478185933e-4 40427255 40501168 73913
8 19 rs1993480 2354194 1 -6.402886830155488e-4 2289839 2391471 101632
8 564 rs11774246 123696613 1 6.344289689184259e-4 123676863 123775124 98261
8 143 rs2959631 17034509 1 -6.255378846117659e-4 16994927 17034509 39582
8 578 rs10956197 125712420 1 -6.164436962584044e-4 125687498 125713791 26293
8 25 rs11984691 2800096 2 -6.057739671065028e-4 2795835 2837777 41942
8 397 rs7015436 76200829 2 6.041713407137682e-4 76077838 76292539 214701
8 204 rs926104 24739169 3 6.028075916526618e-4 24709967 24819116 109149
8 692 rs7001653 141621038 2 6.016292109366815e-4 141587404 142025644 438240
8 263 rs2517388 37977732 1 -5.928221134236202e-4 37977732 37977732 0
8 698 rs871952 142569536 2 5.922433419905137e-4 142537715 142576687 38972
8 253 rs4481588 35490181 2 -5.877013719615878e-4 35328477 35490181 161704
8 586 rs1602511 126959274 1 5.863875067250411e-4 126927059 126984970 57911
8 581 rs3909714 125968659 4 -5.774003004824038e-4 125957082 126303847 346765
8 537 rs3802177 118185025 2 -5.76596314668744e-4 118182924 118289276 106352
8 583 rs4870946 126603194 6 -5.759504882175267e-4 126576084 126629575 53491
8 394 rs16938888 75265600 3 5.51423527980075e-4 75254086 75432528 178442
8 638 rs7823430 134437026 1 5.439796674970122e-4 134350067 134450481 100414
8 53 rs7012483 4693023 3 5.411945267311373e-4 4659738 4728668 68930
8 252 rs10087728 34900118 3 5.283870138613762e-4 34887877 35305866 417989
8 242 rs17557435 30575838 1 -5.243687970011282e-4 30535727 30802695 266968
8 107 rs4731 11666337 1 -5.053308362032611e-4 11662885 11702542 39657
8 410 rs16907441 80993478 1 -5.004752289659408e-4 80783998 81065580 281582
8 114 rs289553 13246338 1 5.001050390604588e-4 13117733 13260536 142803
8 658 rs2166944 137091947 3 -4.975741921875409e-4 136962086 137301441 339355
8 643 rs6988999 134804170 1 -4.935894801117482e-4 134797424 134832652 35228
8 226 rs6558039 27961879 1 4.888471728078113e-4 27900710 28004531 103821
8 111 rs2466273 12866004 2 4.7649697688314976e-4 12733077 12880105 147028
8 139 rs611863 16691422 2 4.6891962182129973e-4 16645869 16726107 80238
8 52 rs12677376 4611924 1 4.6325538080583953e-4 4589168 4657472 68304
8 117 rs11784733 13556813 2 4.620748419289684e-4 13496786 13594258 97472
8 701 rs9694100 142839492 1 -4.518270412055901e-4 142745374 142847158 101784
8 608 rs11779444 129475576 1 4.2630908464020976e-4 129312741 129488686 175945
8 42 rs11992309 3942847 4 -4.0775331180376104e-4 3937191 4055073 117882
8 325 rs12547374 59938578 1 -4.0093838249864456e-4 59803719 59966167 162448
8 631 rs6471070 133482984 1 4.0086512654637416e-4 133458487 133497127 38640
8 306 rs11996465 55828934 2 3.975934781263837e-4 55537560 55912151 374591
8 13 rs11995882 1861971 1 -3.779221444452902e-4 1857293 1861971 4678
8 444 rs561608 93508014 2 -3.745604856101687e-4 93499817 93535437 35620
8 65 rs2840478 5803581 2 -3.690977428230804e-4 5782377 5853513 71136
8 203 rs10088359 24536448 2 3.657641957852096e-4 24473215 24666099 192884
8 614 rs6985166 130679176 2 -3.650445235930793e-4 130484031 130691025 206994
8 319 rs6471657 58760524 1 -3.612661091444602e-4 58694111 58762889 68778
8 18 rs7828726 2104726 1 3.587838712847615e-4 2063158 2164005 100847
8 384 rs10099670 73748305 3 -3.5694462908907336e-4 73734459 73834777 100318
8 451 rs2607060 95233336 2 -3.56600118222497e-4 95176404 95279760 103356
8 472 rs2331652 98725970 3 3.4697320099378145e-4 98581814 98866057 284243
8 677 rs4736229 139900534 1 -3.420645961759325e-4 139900534 139923605 23071
8 547 rs1364705 120224806 1 -3.3484892342613894e-4 120219129 120459480 240351
8 704 rs10085978 143233677 3 -3.309126491190545e-4 143187128 143234923 47795
8 347 rs7001138 66712108 2 -3.274420724412588e-4 66499226 66940998 441772
8 99 rs10111872 10881408 3 3.145380740930054e-4 10861385 10914233 52848
8 507 rs302961 106517946 1 -3.13812049526045e-4 106515179 106573578 58399
8 434 rs1353739 89773651 3 3.112313533394671e-4 89773651 89982095 208444
8 40 rs7812972 3882868 1 -3.095485177110863e-4 3848025 3883119 35094
8 130 rs1845609 15331514 2 -3.0525581829985896e-4 15280811 15356034 75223
8 474 rs2514335 99094948 1 -2.9410364395921287e-4 99094948 99094948 0
8 652 rs6578047 136009494 1 -2.9062958350165193e-4 135969632 136032287 62655
8 371 rs1481792 72089631 3 2.833810199362433e-4 72017177 72089631 72454
8 672 rs6577927 139499127 1 -2.749273136331817e-4 139413529 139499127 85598
8 91 rs4841239 9692825 1 2.71536289618987e-4 9388022 9713280 325258
8 518 rs3019343 109722443 3 2.6931630197038866e-4 109614094 109921843 307749
8 35 rs1905029 3582148 1 2.552585058459732e-4 3578731 3582535 3804
8 571 rs2385441 124631864 1 -2.5184096298958014e-4 124630352 124664167 33815
8 662 rs7837472 138337729 1 -2.49909678556397e-4 138231791 138372696 140905
8 542 rs2451136 119238894 2 2.409721022303923e-4 119098527 119258208 159681
8 414 rs2289830 81904003 1 -2.346605446967914e-4 81904003 81954377 50374
8 637 rs7005796 134332117 1 -2.3342409951823532e-4 134298919 134332117 33198
8 424 rs2067807 84864845 2 -2.278910313132848e-4 84740129 85032004 291875
8 382 rs10957603 73418260 1 -2.2629505990122065e-4 73338613 73418260 79647
8 208 rs10081452 25488542 1 -2.244546470438126e-4 25478871 25529047 50176
8 598 rs10109622 128458151 1 2.169955028624342e-4 128413305 128466814 53509
8 481 rs1892736 101473019 1 2.1355146772668944e-4 101472510 101474782 2272
8 4 rs17667042 802678 3 -2.0628753566286084e-4 677305 830167 152862
8 152 rs11203939 17957107 1 2.043044147702173e-4 17950757 18071907 121150
8 549 rs4871825 121034642 1 2.0134310629290692e-4 120884499 121104786 220287
8 675 rs10113301 139745263 2 2.0040019415183577e-4 139693681 139764832 71151
8 299 rs2081507 54180981 1 -1.976560723145547e-4 54130678 54277247 146569
8 142 rs11989486 16963329 1 -1.952574409957028e-4 16905525 16985962 80437
8 277 rs4736895 40808054 1 -1.8745751343004244e-4 40723038 40965681 242643
8 159 rs6586786 18785476 3 -1.872235911985028e-4 18675150 18786682 111532
8 655 rs10103759 136558683 1 -1.8567458383492475e-4 136374029 136686466 312437
8 361 rs1903614 70073313 3 1.85063244064994e-4 70025018 70143771 118753
8 343 rs1007219 65576786 3 1.8413054581482852e-4 65438121 65711945 273824
8 674 rs4301456 139642327 2 -1.8380583969620557e-4 139634170 139681125 46955
8 591 rs9297740 127626359 3 1.767434860974426e-4 127603083 127656250 53167
8 401 rs61729527 77761919 1 1.746590598319929e-4 77718819 77840501 121682
8 280 rs11996226 41460187 1 1.722680161893211e-4 41416952 41621903 204951
8 383 rs2247672 73632103 1 1.700319515401647e-4 73443576 73717976 274400
8 613 rs2719194 130417371 1 1.6953374962161023e-4 130385926 130477823 91897
8 181 rs6993164 21431520 1 1.6473360246957905e-4 21336738 21475703 138965
8 322 rs733665 59261531 3 1.6157285387164924e-4 59081949 59532707 450758
8 664 rs4389979 138702381 2 -1.55154657533549e-4 138657388 138777847 120459
8 506 rs7822940 106468396 1 1.5497714966938522e-4 106231172 106482105 250933
8 55 rs7000866 4815661 1 -1.4011872064984362e-4 4807157 4875172 68015
8 235 rs6986919 29416526 1 1.3662225071938127e-4 29404109 29582090 177981
8 483 rs1693551 101675584 2 1.3309976282235728e-4 101637840 101821743 183903
8 219 rs17056786 26962037 1 1.2862811417429715e-4 26901426 27021712 120286
8 274 rs2599675 40411787 1 1.2818095304824529e-4 40285421 40411787 126366
8 212 rs12548228 25939846 1 -1.2171620918609934e-4 25844226 25939846 95620
8 452 rs2515137 95316256 1 1.1858276740943316e-4 95316256 95641629 325373
8 479 rs11995956 100350083 2 1.1704445459508522e-4 99413330 100916952 1503622
8 184 rs56094005 21769432 2 1.1575833979095588e-4 21769432 21896097 126665
8 81 rs2979213 8188544 1 -1.1393677801659112e-4 8105359 8283706 178347
8 162 rs6985201 18986961 3 -1.1057131471711331e-4 18981713 19044862 63149
8 375 rs10101336 72329553 1 -1.0635646619833072e-4 72316250 72527240 210990
8 340 rs1431586 64390729 1 -1.0606375746520797e-4 64219345 64448090 228745
8 304 rs16920174 55311978 1 1.037458819879735e-4 55276083 55394269 118186
8 192 rs17088859 22832115 1 -9.750910036936515e-5 22832115 22875985 43870
8 229 rs164658 28441566 1 -9.73905907267133e-5 28359611 28444787 85176
8 46 rs2043116 4220707 1 9.265995460650336e-5 4214179 4271213 57034
8 7 rs12546588 1286006 1 8.008965074778656e-5 1214057 1304128 90071
8 529 rs16887294 116308464 1 7.285410720384437e-5 116188975 116308464 119489
8 531 rs926135 116938631 2 6.835228344359115e-5 116660365 117129410 469045
8 287 rs7819763 50030513 3 6.121328757075363e-5 49995284 50265730 270446
8 577 rs7015740 125633124 4 5.223335923968265e-5 125463083 125670045 206962
8 284 rs7844566 42489842 2 4.867520237462447e-5 42489842 42864916 375074
8 389 rs114263344 74334889 1 -3.970295257161448e-5 74300542 74413922 113380
8 359 rs10111517 69901440 1 3.3774861552557594e-5 69873833 69944403 70570
8 256 rs7814066 36994316 1 2.741240092535598e-5 36994316 37078820 84504
8 413 rs2028814 81870851 2 2.1993724184899376e-5 81518320 81873396 355076
8 520 rs6469288 110925870 1 -1.5364812877062056e-5 110776556 110982522 205966
8 134 rs10094036 15939182 1 -1.317100712432367e-5 15823912 15968313 144401
8 297 rs2033936 53499198 1 8.58787266462453e-6 53328331 53605442 277111
8 209 rs17054141 25532328 1 -7.715356368563158e-6 25532328 25557962 25634
8 647 rs6471216 135339383 1 5.97289388647063e-6 135328582 135389808 61226
8 469 rs4556066 98153281 1 2.654344470406318e-6 98153281 98237755 84474
8 573 rs6470190 124857300 1 -2.268676091113153e-6 124765702 124857300 91598
