CHR Group SNP.lead BP.lead Size W BP.min BP.max BP.width
8 1466 rs11997192 129218127 5 0.04513815046973949 129153280 129218127 64847
8 1460 rs993725 128988220 10 0.03702673650916059 128978326 129012574 34248
8 1548 rs3958181 134638258 4 0.03314519577818057 134626955 134665039 38084
8 1462 rs13250078 129070428 1 -0.03186703337681892 129058356 129072161 13805
8 962 rs1966115 79556891 3 0.03120558740221556 79556891 79743689 186798
8 375 rs10110600 18444535 3 0.02998087902970073 18431478 18460066 28588
8 1672 rs878421 142328020 1 0.0289634544855055 142328020 142367087 39067
8 467 rs1010848 23351759 2 0.02809427643424922 23349637 23383743 34106
8 1319 rs10505343 119580807 2 0.02776542104034297 119580807 119580973 166
8 1316 rs4876412 119427392 3 0.02666447371470297 119427392 119433803 6411
8 1373 rs7159 124027628 1 0.0265814592673899 124023374 124056914 33540
8 784 rs10957150 61512060 5 0.02627031110554141 61309122 61568210 259088
8 898 rs6994325 72764061 2 0.02542596226383573 72761190 72875478 114288
8 336 rs1357558 16812832 6 -0.0238919163138895 16812832 16845532 32700
8 31 rs997378 1843091 3 0.02366534040679539 1828807 1847184 18377
8 1192 rs2436889 103576658 1 0.02117764584476823 103576658 103584651 7993
8 507 rs3779916 26250906 5 0.01965952783070751 26204089 26269191 65102
8 965 rs16906530 80046610 1 0.01889689742009109 79900591 80107372 206781
8 1463 rs2720667 129083584 2 0.01865499722572694 129082378 129108697 26319
8 1425 rs6990457 127293085 2 0.01851020947476103 127188115 127339929 151814
8 950 rs7842199 77631769 4 -0.01846409983157339 77526501 77695388 168887
8 341 rs2959631 17034509 1 -0.0180528357219686 17028091 17034509 6418
8 101 rs7822226 4091132 2 0.01739827905071044 4080144 4101492 21348
8 359 rs537700 17759924 6 0.01735549454029956 17681402 17761089 79687
8 278 rs7822459 13402465 6 0.01729629061809082 13397806 13463024 65218
8 1159 rs7832617 101525085 2 0.01698848710207172 101524955 101586133 61178
8 909 rs11780116 73795256 2 -0.01681259515471423 73734459 73796190 61731
8 451 rs11781095 22601787 2 0.01656291451010078 22601787 22601787 0
8 259 rs9644758 11818364 1 0.01613241096707413 11818364 11833262 14898
8 68 rs11776403 3187806 1 -0.0153141748958424 3182860 3203171 20311
8 371 rs4921914 18272438 7 0.0148707752184603 18241486 18283339 41853
8 1081 rs2914944 94724043 5 -0.0148272665669737 94711093 94898694 187601
8 1449 rs9643225 128494391 1 -0.01423716218091739 128485038 128518554 33516
8 1695 rs3736008 143816577 1 -0.01401118198487448 143757037 143830359 73322
8 1475 rs6997983 129748718 6 -0.01319444590872649 129714626 129748718 34092
8 396 rs10107533 19379421 4 0.01311474219607931 19341239 19419494 78255
8 1702 rs10866910 144420930 2 0.01309384432687581 144401846 144446285 44439
8 474 rs17784945 23691273 3 0.01305446897134974 23663101 23757657 94556
8 419 rs2597384 20550536 1 -0.0128537584966946 20486184 20562642 76458
8 1212 rs3134467 105979256 3 0.01285339358863363 105890188 105979256 89068
8 200 rs1016512 8881820 1 0.01236661749929867 8837354 8923585 86231
8 860 rs1903614 70073313 4 -0.01225750586474844 70025018 70143771 118753
8 632 rs6983541 39460780 3 -0.01225301631730159 39390219 39553628 163409
8 1556 rs13267601 135021967 5 0.01223202861114925 135005295 135039549 34254
8 877 rs7822729 70838395 3 0.01200331690104163 70837230 70863894 26664
8 171 rs3020259 6472795 2 -0.01180700369559454 6471526 6488921 17395
8 250 rs2248334 11514071 3 0.01177513667897158 11496032 11514071 18039
8 979 rs10095139 81397268 1 0.01163925659775243 81397268 81426196 28928
8 1512 rs4736476 132489214 1 0.01149595510048322 132473863 132521299 47436
8 878 rs4737293 70940654 1 -0.01131117729122797 70912296 70940654 28358
8 448 rs4872524 22489537 3 0.01126228184534426 22439442 22492708 53266
8 1510 rs7000465 132355894 2 0.01121148821236088 132311479 132355894 44415
8 1022 rs11781016 87529297 4 0.01073187566983894 87277575 87540872 263297
8 465 rs954705 23212224 3 -0.01065484750930812 23206698 23265932 59234
8 689 rs117864200 52323908 1 -0.010498328926191 52294955 52331018 36063
8 1140 rs12541737 98972528 2 -0.01024622768935627 98964771 98991719 26948
8 1233 rs1283651 108366032 4 -0.01020295078729055 108299501 108385748 86247
8 1100 rs730820 96230428 4 0.01016722615776649 96211820 96230428 18608
8 944 rs1464093 76474058 1 0.0101415451991242 76441911 76555824 113913
8 385 rs720266 18830828 1 -0.01005344310848865 18819473 18866368 46895
8 966 rs10504700 80202384 2 0.00994089499262921 80145056 80290562 145506
8 1454 rs7841193 128677531 2 0.00985317843673807 128677531 128705161 27630
8 1330 rs13268676 120795607 2 0.00960509519419197 120644433 120875221 230788
8 523 rs729609 27396523 5 0.00940519300809613 27337791 27402664 64873
8 1347 rs13267240 122330471 1 0.00934088241973465 122330471 122330471 0
8 606 rs7814362 36496796 2 0.00933247369364839 36410648 36496796 86148
8 117 rs4875365 4453655 1 -0.00927116902465132 4436656 4454024 17368
8 1039 rs1353739 89773651 2 -0.00906974774752773 89773651 89799516 25865
8 576 rs4733242 31148512 1 0.00896296622591909 31140870 31175862 34992
8 1290 rs2511653 117621592 3 0.00891667530950755 117600602 117631964 31362
8 475 rs7845836 23932243 1 0.00870650177268544 23893742 23932243 38501
8 777 rs10103231 60413073 1 0.00856496165123897 60285226 60413073 127847
8 160 rs6559123 6104273 2 -0.00854460283314691 6082233 6104733 22500
8 525 rs10503814 27454575 1 0.0085160379306935 27425117 27454575 29458
8 381 rs12676642 18637208 3 -0.00844875476688874 18637208 18665523 28315
8 589 rs6992642 32624387 4 0.00842026572964929 32584857 32695333 110476
8 1487 rs16904143 130702811 1 0.00840497085384709 130702811 130702811 0
8 684 rs2128001 51461513 6 0.00821156563395982 51348531 51462163 113632
8 690 rs7841317 52382217 3 -0.00820957555978256 52338934 52437547 98613
8 941 rs7015436 76200829 3 -0.00816525850066544 76077838 76262855 185017
8 1146 rs10955157 99227157 3 0.00814311562207139 99208190 99254045 45855
8 1582 rs7460819 136735506 3 0.00807712545330716 136713137 136746031 32894
8 1631 rs2292927 139838912 1 0.00803342320402273 139818903 139846822 27919
8 924 rs12549456 74455870 3 0.00803083282391511 74424985 74487451 62466
8 413 rs7835387 20150536 1 0.00800918264076912 20143440 20150536 7096
8 63 rs4875111 3065125 1 -0.00799012043491807 3050524 3072722 22198
8 1099 rs16917410 96206803 2 -0.00789143720776031 96206803 96206803 0
8 879 rs4738067 70969097 2 -0.00784341432281421 70945599 70981311 35712
8 702 rs6981742 53287893 4 0.00768431610125005 53283773 53295870 12097
8 1101 rs2514557 96283161 5 0.00765285391435755 96245252 96285290 40038
8 617 rs7463174 37635649 1 0.00745153486354874 37635649 37646666 11017
8 22 rs4876086 1483050 4 0.00741476134957046 1463750 1484887 21137
8 800 rs4737595 62736289 4 0.00738727754398371 62723254 62803036 79782
8 116 rs1983474 4403586 1 0.00735957122752335 4403586 4434168 30582
8 999 rs988664 83329097 6 0.00734396783125213 83298113 83427463 129350
8 470 rs11135759 23469088 2 -0.00729989894379831 23441319 23477195 35876
8 746 rs4738532 57520600 4 0.007230131882917 57512904 57601930 89026
8 231 rs9657541 10643164 5 -0.00719572088398225 10621061 10661734 40673
8 732 rs4478549 56181259 4 0.00718075136745081 56123119 56253581 130462
8 767 rs2680899 59522034 3 -0.00709688734147687 59403576 59532707 129131
8 714 rs6473849 54460873 3 0.00707156626887121 54453130 54548081 94951
8 794 rs10090149 62294573 2 -0.0070302356979421 62230513 62323556 93043
8 1626 rs4301456 139642327 1 -0.00699522456765043 139634170 139642327 8157
8 1045 rs7824985 90624692 2 0.00698953729804055 90615793 90624692 8899
8 282 rs17117434 13625816 1 0.00698364257069677 13615135 13631108 15973
8 1165 rs4734487 101862313 1 0.00689384237646705 101859831 101879598 19767
8 1018 rs13439066 86886950 2 -0.00686867156799016 86426545 86928990 502445
8 747 rs16920935 57632308 1 -0.00684058626966424 57623242 57653028 29786
8 1619 rs6577902 139263840 3 0.00683605778925402 139260668 139286075 25407
8 1441 rs2456449 128192981 1 0.00683597032812656 128178647 128192981 14334
8 1713 rs6599528 145603114 1 0.00680626730618562 145574468 145661675 87207
8 776 rs6471780 60250245 4 0.00680556396543829 60195008 60250245 55237
8 1324 rs17758258 120007948 5 -0.00679568315561794 120007948 120052238 44290
8 897 rs7459644 72718314 5 0.00666670690090372 72707802 72743597 35795
8 527 rs3103908 27549421 1 0.00658332848735984 27534727 27564087 29360
8 423 rs1402649 20856234 1 -0.00657061976017938 20856234 20856234 0
8 468 rs4872145 23397750 4 0.00650445415374213 23396101 23411798 15697
8 709 rs7844660 54106284 2 -0.00646760217513409 54105576 54106610 1034
8 936 rs7843322 75677971 1 -0.00641982288424656 75565803 75682535 116732
8 1688 rs10085978 143233677 2 -0.00639888188274108 143233571 143234923 1352
8 530 rs4515501 27763129 2 -0.00638649582491127 27763129 27767171 4042
8 196 rs1876836 8681756 1 0.00638421535743349 8607764 8681756 73992
8 1213 rs1402820 106032537 4 -0.00635801517622976 105989262 106108593 119331
8 1587 rs1448697 137112282 1 -0.00628263880212264 137039690 137112282 72592
8 1678 rs7835431 142649191 2 -0.00626909600205215 142620990 142665525 44535
8 1477 rs16903937 129987132 1 0.0062491438761477 129964834 129988219 23385
8 503 rs17243310 26001404 1 0.0061270742022327 25974894 26023906 49012
8 645 rs1367104 40359895 3 -0.00608401556702206 40285421 40374491 89070
8 959 rs13278582 79185247 1 0.00608007817467753 79008608 79270433 261825
8 300 rs4596659 14695745 4 0.00607136091829794 14672930 14697235 24305
8 610 rs537583 37058174 3 -0.00603810500526268 37044187 37078820 34633
8 808 rs7821895 63984768 1 0.00603445160313464 63883593 64035651 152058
8 1494 rs2912191 131300036 3 0.00599661109606277 131226752 131421581 194829
8 946 rs13271620 76738118 5 0.00598930843382157 76705405 77005300 299895
8 1148 rs4476980 99374659 2 0.00597853412253854 99314591 99379585 64994
8 361 rs2299603 17882483 2 -0.0059623500998346 17880243 17913970 33727
8 1296 rs10282940 118187826 1 -0.00592613931698104 118182924 118219383 36459
8 209 rs922053 9250346 2 -0.00589314562682498 9250346 9257739 7393
8 1218 rs1037304 106627197 2 -0.00587906694259796 106627197 106665439 38242
8 1670 rs3739238 142222445 3 -0.00579440784151297 142201477 142253369 51892
8 1409 rs2272682 126049443 1 -0.00573442608520196 125989460 126094499 105039
8 976 rs6473219 81245003 1 0.00555288343624954 81120044 81245003 124959
8 1434 rs6470466 127739184 3 0.00549966513129304 127737855 127798574 60719
8 932 rs13263313 75225381 2 0.00543382344628821 75187511 75246125 58614
8 186 rs7834209 6919748 1 0.00542233998413446 6919748 6919748 0
8 900 rs13268757 72987638 6 0.00524744973652113 72928115 72987638 59523
8 568 rs10435524 30261558 3 0.00523188539954332 30261558 30262786 1228
8 1605 rs7000472 138626268 2 0.00514045153055722 138617100 138629984 12884
8 1667 rs10089264 142097004 2 -0.005072185963603 142097004 142109356 12352
8 584 rs1714420 32221412 2 -0.00506675849610506 32190881 32257673 66792
8 232 rs6990589 10702534 3 -0.00503917857050491 10671272 10730558 59286
8 1382 rs4388446 124574279 2 0.0050343380111712 124565311 124604759 39448
8 1522 rs6415551 133378714 2 0.0050073372153988 133355244 133409932 54688
8 1155 rs1660351 101275034 1 0.00491425624588363 101117734 101388553 270819
8 649 rs4535727 40582822 5 -0.00489300486679263 40573190 40676775 103585
8 1661 rs2293939 141551407 2 -0.0048888895429348 141551407 141566311 14904
8 1437 rs1516935 127919914 1 0.00487655003418025 127902003 127952980 50977
8 1116 rs935190 97069446 3 0.00486708586189315 97067179 97081252 14073
8 346 rs11203855 17292466 1 0.00485482704789358 17284564 17292466 7902
8 1049 rs1805812 90965053 1 -0.00485472562357553 90895010 91044281 149271
8 1479 rs7813493 130208039 3 0.00480245885424111 130115644 130218680 103036
8 1107 rs11776832 96536023 1 0.00473343799255423 96536023 96549915 13892
8 835 rs16933415 68497939 3 0.00465830820027888 68441599 68525283 83684
8 1172 rs474304 102281301 2 -0.00465384147368321 102271186 102295395 24209
8 485 rs1527033 24889912 1 0.0046044955489969 24889912 24925058 35146
8 1266 rs9650053 114849850 2 0.00458712438366292 114793032 114851774 58742
8 125 rs4875398 4705811 1 -0.00456123939639209 4693023 4705811 12788
8 763 rs7006812 58928607 2 0.00447635879769831 58928607 59025114 96507
8 930 rs17249487 75061350 1 0.00446593602951956 75061350 75092581 31231
8 1044 rs9297680 90597465 2 0.00444212316272198 90372447 90597465 225018
8 1712 rs4333645 145569535 2 -0.00443074803984823 145569535 145569535 0
8 1259 rs17524343 112764621 1 0.00443056577635525 112656042 112764621 108579
8 581 rs327371 31843735 4 0.00440998469937878 31789101 31935302 146201
8 987 rs4436084 82038006 2 0.00440559900944377 82032183 82038006 5823
8 386 rs334213 18910834 1 0.00440306723991344 18896703 18914420 17717
8 358 rs4406440 17666107 1 0.00438990462865058 17638034 17673299 35265
8 1650 rs6999707 140963102 4 0.00436240502612777 140943503 140970457 26954
8 1032 rs13248723 88655584 3 0.00435248837717438 88646849 88856948 210099
8 379 rs7018263 18554698 3 -0.00432966937177967 18539039 18559665 20626
8 837 rs16933522 68604866 1 0.00428681140104029 68583722 68664102 80380
8 1238 rs10087176 108788603 4 0.00423851471279662 108757215 108789816 32601
8 342 rs11991741 17111633 3 0.00423751433481166 17073919 17159398 85479
8 780 rs1467300 61000576 1 0.00412398816823926 60961821 61045361 83540
8 20 rs740238 1356420 3 0.00411401830714035 1329505 1359035 29530
8 1252 rs973815 111056336 2 0.00403343602944872 111056336 111181468 125132
8 118 rs17070836 4476957 1 0.00401216465248136 4468542 4476957 8415
8 1705 rs2123758 144663661 3 0.00398717729990021 144657600 144695499 37899
8 238 rs2409713 11009797 3 -0.00394285826881124 10965442 11045161 79719
8 1633 rs1876201 139982997 1 -0.00393075792269978 139982997 140006609 23612
8 899 rs958898 72907897 1 0.00392307058629135 72891667 72907897 16230
8 713 rs16919235 54417248 4 0.00392138567399586 54399129 54431866 32737
8 852 rs1434927 69539842 3 0.00391763675938283 69509456 69620696 111240
8 294 rs7841037 14331869 2 -0.00390620192632759 14307817 14374513 66696
8 1118 rs16894509 97365321 4 -0.00383933926255736 97329366 97376980 47614
8 954 rs10504648 78096597 2 -0.00381933580406961 78039167 78178485 139318
8 673 rs16927307 48436044 4 -0.00381517282034982 47716335 48885049 1168714
8 55 rs12546807 2763790 2 0.00380295643082786 2745751 2774638 28887
8 399 rs1492644 19545349 5 0.00377951902036816 19529575 19575066 45491
8 431 rs17607868 21306658 2 -0.00377438191921294 21273637 21326878 53241
8 1415 rs1979221 126620703 3 0.0037253497721893 126594738 126621911 27173
8 706 rs10095724 53739232 2 0.00369631813071819 53727578 53851670 124092
8 115 rs12547182 4400460 2 0.00368486631924096 4391377 4401124 9747
8 443 rs113027572 21929924 2 -0.00366167216086116 21924633 21956108 31475
8 1328 rs4871352 120567358 1 0.00364219564662771 120501956 120569877 67921
8 237 rs2409691 10943276 3 -0.00359146766373675 10942742 10943276 534
8 305 rs1454598 14912769 2 -0.00358100206268194 14881568 14921494 39926
8 224 rs7009513 10284051 1 0.00357744590671742 10236559 10284051 47492
8 6 rs11781454 565959 2 -0.00352755989027454 557126 576209 19083
8 139 rs9314570 5390576 1 0.00346849946020696 5344026 5392336 48310
8 813 rs6472116 64498360 1 0.00345907671047501 64498360 64692412 194052
8 42 rs717920 2149448 1 -0.00342622196224118 2149448 2164005 14557
8 1408 rs3909714 125968659 1 0.00340245505447786 125957082 125968659 11577
8 715 rs7828363 54599835 3 0.00339779851457711 54574395 54739072 164677
8 510 rs328076 26328656 2 0.0033956794204141 26328656 26405508 76852
8 1701 rs7829800 144258705 1 0.00338479590277624 144258705 144258705 0
8 50 rs6558685 2597331 3 0.00338123817842445 2590103 2597331 7228
8 667 rs11986055 42135178 3 0.00336509640228618 42100552 42281634 181082
8 805 rs6993486 63434639 1 -0.00334209136687894 63428793 63517575 88782
8 441 rs56094005 21769432 2 0.00333149153250086 21769432 21896097 126665
8 254 rs2740444 11648789 7 0.00329412568810277 11623212 11650475 27263
8 77 rs7815959 3460063 2 0.00327412664429212 3452887 3474590 21703
8 17 rs6558447 1274056 2 -0.00325339999216655 1267212 1286006 18794
8 593 rs2676407 33322505 3 0.003251906127109 33286370 33428277 141907
8 34 rs4875929 1991352 1 0.00319741733777034 1978115 1992937 14822
8 637 rs72632016 39873053 1 -0.00319310066275211 39869633 39900239 30606
8 166 rs1550697 6266774 7 -0.00316956838179221 6266774 6351252 84478
8 916 rs2383891 74093532 3 0.00315644873667082 74038994 74102646 63652
8 1493 rs117858659 131129121 4 0.00315616926322147 131027338 131207979 180641
8 1291 rs10808484 117679204 3 0.00313026696090172 117635577 117783975 148398
8 420 rs1450285 20563796 3 0.0030852229376087 20563796 20594766 30970
8 1173 rs10094328 102335498 4 -0.00306607894731939 102323874 102335896 12022
8 1692 rs10435683 143413136 3 0.00305825179942672 143389521 143514434 124913
8 1376 rs16898086 124190445 3 -0.00304888003150526 124170826 124193523 22697
8 143 rs2733083 5492579 1 0.00296744770732969 5478843 5492579 13736
8 601 rs10087728 34900118 3 -0.00296527345397726 34887877 34978269 90392
8 1120 rs2582814 97516984 2 -0.00296439237608614 97504741 97522543 17802
8 862 rs12676187 70353579 2 0.00294095111819827 70344345 70356990 12645
8 765 rs4602872 59193836 2 -0.00293667680641954 59156411 59307338 150927
8 796 rs2350620 62497607 4 0.00293504419182221 62493835 62517963 24128
8 1194 rs9642980 103695930 1 0.00288451851534672 103695930 103695930 0
8 553 rs17060256 29355530 4 -0.002874233431641 29353675 29395511 41836
8 107 rs10091031 4190180 3 0.00283925461916278 4185116 4204987 19871
8 1593 rs305234 137600653 1 0.0028271254461116 137564311 137663320 99009
8 71 rs17066197 3319331 1 -0.00276343485681336 3292247 3319748 27501
8 571 rs10105118 30627027 1 -0.00275850390788979 30627027 30802695 175668
8 1359 rs17270266 123443180 2 0.00273363184412763 123321180 123446870 125690
8 1047 rs10094579 90849305 6 0.00272430946094945 90741114 90863793 122679
8 217 rs6983566 9931941 2 0.00271655163997614 9862430 9937217 74787
8 398 rs7001715 19507270 3 0.00270347901819017 19495610 19510286 14676
8 148 rs7845744 5643995 5 0.00270048307301108 5643189 5668821 25632
8 970 rs1879561 80610888 2 -0.00268470610893265 80609095 80652442 43347
8 1063 rs1443564 92942911 1 -0.0026742092870296 92880676 92965409 84733
8 2 rs13271818 326522 2 0.00267262272196299 323502 340067 16565
8 594 rs4733166 33571496 4 0.00267238164567548 33462084 33673011 210927
8 318 rs6981193 15682639 3 0.00264373290249547 15665612 15686349 20737
8 622 rs2843744 38025175 4 -0.00263162976254721 38025175 38302965 277790
8 511 rs12678418 26446923 2 -0.00262824183600047 26438546 26470222 31676
8 831 rs4737782 67218257 2 0.00262325696706987 67194171 67226315 32144
8 585 rs9297191 32283471 1 0.00257706568876307 32282597 32370520 87923
8 1143 rs35368005 99101976 1 0.00256537215320067 99101976 99115359 13383
8 1320 rs2460968 119628230 1 0.00255735205409715 119628230 119663714 35484
8 1072 rs7009343 93831343 3 0.00253794778107236 93640520 93871997 231477
8 316 rs10093681 15527376 2 0.00252555062842763 15503648 15599843 96195
8 1356 rs6651164 123004940 1 0.00251827918668075 122982390 123019652 37262
8 840 rs4437632 68851492 2 0.00251151759402014 68799377 68853470 54093
8 730 rs1480774 56037030 2 -0.00249394214816321 55937602 56054696 117094
8 1323 rs3134063 119959657 5 -0.00243089789604957 119886101 119987431 101330
8 687 rs10958249 52102658 2 0.00242095563744658 51964292 52138162 173870
8 761 rs752573 58814505 3 -0.00238759248441453 58795132 58841890 46758
8 275 rs289553 13246338 2 0.002358103273455 13216803 13260536 43733
8 1303 rs1993980 118608208 3 0.00233050266927722 118608208 118617032 8824
8 1026 rs4557720 87932823 2 0.00231436212300639 87869676 87982674 112998
8 1111 rs13253287 96771076 3 0.0023013406411221 96762253 96790061 27808
8 321 rs2410344 15799641 3 -0.00229850953156114 15798908 15813380 14472
8 552 rs2341797 29331251 1 0.00229533786833227 29331251 29339824 8573
8 483 rs196814 24716594 3 -0.00229319378224937 24709967 24774683 64716
8 1348 rs6469999 122415207 2 0.00228703791802284 122358919 122458999 100080
8 208 rs4361767 9217449 1 0.00226421055319846 9177732 9226991 49259
8 1106 rs6471541 96528845 1 0.00226326155509652 96528845 96530971 2126
8 711 rs7465458 54277247 1 -0.00220975831100129 54267021 54277247 10226
8 1265 rs4242557 114612543 3 -0.00220347206637835 114440178 114776941 336763
8 1632 rs4736229 139900534 2 -0.00218283195470685 139900534 139923605 23071
8 647 rs10088250 40431991 3 -0.00215099605440674 40427255 40501168 73913
8 1274 rs4515577 115934365 1 -0.00210935770941273 115884048 116009906 125858
8 1697 rs7816010 143912840 2 -0.00206090104483419 143912840 144077253 164413
8 310 rs7003979 15171989 2 0.0020455568946117 15094597 15197376 102779
8 102 rs1504761 4119374 1 0.00202465405174106 4104656 4125100 20444
8 1276 rs11987973 116236244 1 -0.00201637518223732 116188975 116246667 57692
8 1435 rs16901732 127839267 1 0.00198417598593157 127836529 127866125 29596
8 1564 rs7840306 135442374 1 0.00194786854900091 135432541 135485331 52790
8 820 rs7004914 65918785 2 -0.00194327353672775 65898764 65962086 63322
8 1489 rs4733741 130788548 2 -0.00193282854318937 130768004 130809688 41684
8 884 rs1481792 72089631 1 0.00192884198559226 72065480 72089631 24151
8 521 rs3735759 27203039 1 0.00192392960311529 27134100 27257787 123687
8 108 rs2043116 4220707 1 0.0019192542786767 4214179 4232963 18784
8 1407 rs11779177 125937760 2 -0.00189253105271822 125908447 125951520 43073
8 347 rs11203867 17359171 3 0.00186722228192237 17303403 17359171 55768
8 1524 rs6471070 133482984 2 0.00184836145624455 133458487 133497127 38640
8 1649 rs11986292 140921339 1 0.00183799021893871 140898666 140928764 30098
8 1071 rs7012115 93605944 5 -0.00181622722960946 93605944 93613214 7270
8 197 rs6601265 8695574 2 0.00180487220543514 8692591 8722378 29787
8 51 rs9314465 2635152 1 0.00179224397224893 2623635 2636623 12988
8 656 rs7823929 41108648 3 -0.00177089281529737 41102437 41158004 55567
8 629 rs6474513 38804226 2 0.00176239685816018 38782627 38804226 21599
8 935 rs4440611 75462525 2 -0.00175209612290614 75462525 75513831 51306
8 1551 rs6988999 134804170 2 -0.001733282755364 134797424 134832652 35228
8 833 rs2290585 68087279 1 0.00172762303869543 67478431 68319668 841237
8 1491 rs1670745 130963259 1 -0.00170418684166035 130868363 130963259 94896
8 1495 rs10110185 131479381 2 0.00168516968637937 131465722 131498180 32458
8 1086 rs1051624 95143172 2 -0.00167513340293544 95127612 95171183 43571
8 1583 rs10102336 136756119 2 -0.00167361354146526 136752206 136770912 18706
8 1474 rs6981075 129611061 5 0.0016692161372505 129603185 129675798 72613
8 733 rs2939691 56318630 4 0.00166567819810491 56294048 56344186 50138
8 255 rs4731 11666337 1 -0.00165830340289972 11662885 11671041 8156
8 543 rs7006959 28461323 2 0.0016494943411541 28461258 28461323 65
8 516 rs17426222 26717817 2 0.00164039178744566 26714874 26776330 61456
8 1234 rs16876241 108420688 3 -0.00162432132876494 108395025 108518274 123249
8 759 rs1561081 58694111 2 -0.00161311852652061 58694111 58743888 49777
8 1300 rs1695693 118325941 2 -0.00160947178404915 118309831 118352994 43163
8 1264 rs1522060 114230296 9 -0.00157422366431001 113961958 114384533 422575
8 154 rs1834201 5864927 2 0.00156507947888466 5857354 5925196 67842
8 72 rs6558780 3332767 1 0.00156274495447134 3324801 3344361 19560
8 281 rs10092409 13594258 2 0.00155427803974531 13547956 13594258 46302
8 639 rs4737047 39984467 1 -0.00154617749210176 39984467 40013811 29344
8 1566 rs11989849 135537174 2 0.00153987485222803 135508883 135566905 58022
8 1304 rs3134388 118716319 3 -0.00151311397527205 118632412 118731317 98905
8 1003 rs16911067 83762709 2 0.0014862853150855 83738448 83762709 24261
8 466 rs11787224 23301340 2 0.00148261863748294 23280443 23340546 60103
8 4 rs2242 455360 7 -0.00148252297700346 445601 507994 62393
8 1620 rs9324486 139359499 1 0.00147419827888127 139323883 139390139 66256
8 1586 rs748843 136999297 1 -0.00146856939471108 136962086 137013447 51361
8 631 rs6474129 39199543 3 0.00145981173530675 39142264 39206995 64731
8 113 rs4875349 4328106 1 0.00145796149886979 4328106 4341641 13535
8 1669 rs3816063 142161064 1 -0.00145335773810315 142154291 142188039 33748
8 1647 rs10100424 140855827 3 0.00142848241829448 140848850 140857481 8631
8 595 rs10954947 33903459 1 0.00142658743159278 33696302 33958171 261869
8 815 rs1011856 65136858 2 -0.00140448640289738 65075261 65191812 116551
8 121 rs12677376 4611924 1 0.00140236229545755 4589168 4627197 38029
8 1337 rs7825018 121654755 2 0.00136966677636581 121634749 121670744 35995
8 70 rs1161536 3261022 4 -0.00136909756377886 3255581 3289450 33869
8 953 rs4496943 77881800 2 -0.00134713928196169 77876363 77896845 20482
8 1484 rs2395900 130484031 1 -0.00133755606285977 130484031 130499223 15192
8 185 rs9774483 6883291 1 0.00133587155258285 6883291 6887956 4665
8 1121 rs2589198 97556565 1 0.00133243303294515 97534651 97556565 21914
8 10 rs10503153 873110 1 -0.00133230984153658 857459 931580 74121
8 326 rs958697 16124298 1 -0.00133017124449545 16078712 16143744 65032
8 479 rs9650409 24240704 1 0.00131686822985507 24221015 24382840 161825
8 1476 rs4733532 129881299 2 -0.00131576608562276 129805238 129947882 142644
8 1571 rs4909820 135894058 2 -0.00131368201345888 135879159 135895391 16232
8 389 rs13271407 18985111 2 0.00131179808419527 18981713 19018974 37261
8 0 rs3752670 221922 1 0.00130627402306608 190568 236656 46088
8 531 rs882832 27812625 1 -0.00129738371855708 27779093 27829251 50158
8 92 rs2554509 3811284 2 0.00129626952040305 3811284 3842999 31715
8 1501 rs4307362 131660064 4 -0.00129564615374861 131654547 131756936 102389
8 1641 rs1382022 140497775 2 0.00128136465546424 140462221 140503539 41318
8 849 rs61736081 69381053 2 0.00128012737151225 69366270 69381053 14783
8 560 rs13278786 29694470 4 -0.00127947739463345 29682635 29718019 35384
8 462 rs4242396 23100907 1 -0.00127615382580892 23100907 23121059 20152
8 1314 rs721816 119296422 3 0.00127048254024164 119294282 119348323 54041
8 344 rs4921542 17205577 3 -0.00126964895346062 17199033 17226856 27823
8 142 rs13272285 5462398 1 -0.00126843376559921 5462398 5462398 0
8 1333 rs1993392 121240646 1 -0.0012668544139509 121180667 121244089 63422
8 1423 rs1488024 127103441 2 0.0012476317649633 127103441 127174013 70572
8 21 rs2286216 1449183 2 0.0012449274060848 1440839 1453450 12611
8 193 rs12544932 8429600 1 -0.00124398551473551 8390067 8429600 39533
8 1090 rs2515137 95316256 1 0.00123593822685215 95316256 95316256 0
8 476 rs17051717 24071487 1 -0.00122937019216538 24031875 24071487 39612
8 1681 rs12682375 142841497 2 -0.00122171386367833 142745374 142847158 101784
8 111 rs7015706 4287134 1 0.00121854982382531 4279582 4288640 9058
8 1077 rs278538 94261533 2 0.00121748071310344 94256127 94261533 5406
8 1205 rs2340768 105153786 2 -0.0012097370951134 105043211 105185621 142410
8 298 rs6987164 14544079 1 0.00120841023865341 14529851 14605751 75900
8 1023 rs1044728 87572663 2 0.00120773581388257 87567031 87629825 62794
8 536 rs6558039 27961879 2 0.00120558044380594 27950670 28004531 53861
8 1642 rs2447406 140511526 2 0.00120381776980103 140508079 140587030 78951
8 1374 rs6992733 124076688 1 -0.00119353439008004 124076688 124076688 0
8 86 rs2623683 3650583 1 -0.00116824069278325 3647890 3672437 24547
8 945 rs6983696 76695262 2 -0.00116568007101898 76569842 76695262 125420
8 490 rs7837477 25240100 1 -0.00116075784543015 25217938 25240100 22162
8 1157 rs4075553 101430680 2 0.00115301326812032 101430680 101448416 17736
8 1271 rs12676786 115571779 1 -0.00114314240571921 115475287 115578307 103020
8 803 rs7832144 63062581 2 0.00113707351035023 63044535 63198386 153851
8 1613 rs10109789 139089126 1 -0.00113536956937861 139075196 139089126 13930
8 659 rs7014054 41368500 2 -0.00112865468861082 41252090 41368500 116410
8 494 rs17054141 25532328 1 -0.00109161636354716 25532328 25532328 0
8 1309 rs11562721 119081993 2 -0.00107907250277806 119028915 119084385 55470
8 956 rs16939542 78629747 3 -0.00106682620885306 78510649 78631154 120505
8 540 rs12056907 28240092 2 0.00106669767869392 28191306 28240092 48786
8 1127 rs4556066 98153281 1 0.0010619254154413 98153281 98166913 13632
8 817 rs2612595 65362019 2 -0.00105221296308889 65303114 65427707 124593
8 798 rs1015905 62690015 1 0.00104233719089734 62669364 62690015 20651
8 804 rs4738973 63359627 2 -0.00103043730686513 63278209 63416856 138647
8 1401 rs7015740 125633124 1 0.00102053837927284 125610780 125633124 22344
8 1671 rs6999890 142305792 1 0.00102014507847168 142269874 142305792 35918
8 826 rs4288416 66456541 1 0.00101970948636619 66365374 66459015 93641
8 1166 rs2923774 101986864 1 0.00101321728590107 101898707 101986864 88157
8 1485 rs6470739 130570669 4 0.00101262932259694 130525809 130606476 80667
8 660 rs11996226 41460187 2 -0.0010121683247348 41416952 41531478 114526
8 513 rs11135955 26638910 1 0.00101176239638795 26588975 26638910 49935
8 69 rs13253492 3221569 1 -0.00100570570854137 3212595 3233443 20848
8 1009 rs4379441 84616700 1 -0.00100264887864163 84590052 84698627 108575
8 1350 rs16895544 122513793 3 -9.94472185356011e-4 122504923 122550491 45568
8 1503 rs11986118 131816296 2 -9.803381594372322e-4 131789849 131826621 36772
8 1674 rs7015884 142509050 3 -9.694234083535986e-4 142461694 142518112 56418
8 847 rs1880535 69271567 1 9.69176131330991e-4 69186276 69295584 109308
8 554 rs6986919 29416526 1 9.671502747587928e-4 29404109 29416684 12575
8 1114 rs10108308 96929239 2 -9.574227337316684e-4 96905645 96930815 25170
8 1471 rs11779444 129475576 1 9.56214378889236e-4 129461831 129488686 26855
8 432 rs7002607 21336738 1 -9.4804734358008e-4 21336738 21381296 44558
8 806 rs1480190 63581067 4 9.208060758872076e-4 63531664 63737308 205644
8 286 rs28888719 13810526 2 -9.11357456434198e-4 13799078 13828275 29197
8 40 rs17752600 2112013 1 -9.06825214388486e-4 2097007 2124151 27144
8 757 rs1451142 58461249 1 -9.068167665549164e-4 58457374 58579003 121629
8 1161 rs6468728 101638424 1 -8.992366550401529e-4 101637840 101648271 10431
8 1467 rs10492294 129246415 5 -8.989318997204539e-4 129226886 129268232 41346
8 1125 rs7814447 97826743 1 8.971095053393793e-4 97682211 97847863 165652
8 580 rs884530 31769583 1 -8.909922669554362e-4 31555139 31769583 214444
8 1513 rs1362534 132700563 2 8.784116874457986e-4 132622946 132725731 102785
8 1703 rs13267988 144520668 1 8.709562531230231e-4 144520668 144520668 0
8 517 rs1996396 26862373 1 8.676658218861247e-4 26785371 26884320 98949
8 1242 rs3019343 109722443 1 8.601299182286156e-4 109614094 109725794 111700
8 793 rs11785638 62099814 1 8.511923997782195e-4 62065249 62214626 149377
8 1124 rs750343 97643454 1 8.511756134286274e-4 97625450 97664572 39122
8 764 rs2939976 59081949 1 -8.449324226395582e-4 59081949 59135137 53188
8 635 rs7846217 39793318 1 8.396478563850134e-4 39793318 39816468 23150
8 1676 rs871952 142569536 2 8.385058036722976e-4 142544240 142576687 32447
8 293 rs898831 14287272 3 -8.282028816361537e-4 14199014 14287272 88258
8 1306 rs6981439 118784316 1 -8.27115489269823e-4 118774997 118819578 44581
8 1579 rs6984612 136280698 2 -8.26438664700641e-4 136270473 136330821 60348
8 894 rs10283242 72619613 1 8.255875393098045e-4 72606051 72624600 18549
8 556 rs7016719 29542521 1 -8.163469601839514e-4 29542521 29582090 39569
8 963 rs6987092 79802070 1 -8.105984589037937e-4 79762658 79831262 68604
8 870 rs4279601 70558315 1 8.083432252700906e-4 70558315 70582510 24195
8 691 rs7003517 52442708 2 -8.003446115848771e-4 52442708 52493581 50873
8 960 rs16905701 79402089 1 -7.996358073732033e-4 79287852 79408093 120241
8 638 rs2981192 39941299 1 -7.977975969927561e-4 39911650 39942372 30722
8 861 rs1026832 70254430 3 7.975370030316121e-4 70237924 70337897 99973
8 1315 rs6983935 119376778 1 -7.949166146831622e-4 119351791 119421020 69229
8 198 rs332017 8752587 1 7.918940062665294e-4 8747894 8771154 23260
8 429 rs10096091 21243216 1 -7.91604365509994e-4 21217677 21243216 25539
8 1191 rs150771034 103573026 1 -7.910448392047522e-4 103560356 103573026 12670
8 195 rs17154584 8539241 2 -7.890635928882942e-4 8536451 8596562 60111
8 307 rs13265356 14969057 1 7.766473936979998e-4 14968834 14996912 28078
8 1241 rs6994837 109348150 1 -7.764766613721348e-4 109145537 109567733 422196
8 1153 rs13277184 100916952 4 7.739990263114477e-4 100850412 100916952 66540
8 95 rs7004524 3904874 1 7.724585100436523e-4 3896853 3918118 21265
8 875 rs7015359 70794547 1 7.690232912332285e-4 70794547 70794547 0
8 1542 rs7823430 134437026 1 7.687109391124082e-4 134386337 134450481 64144
8 1083 rs6995326 95037331 3 7.586243004144368e-4 95009020 95050753 41733
8 1040 rs7005417 89917982 1 7.513887229510571e-4 89864220 89982095 117875
8 1097 rs2678841 96088515 2 7.501345650585284e-4 96088515 96102659 14144
8 1082 rs3133978 94945655 2 7.455547984206604e-4 94922985 94991734 68749
8 1105 rs3133764 96455453 4 7.406809915341756e-4 96446999 96518204 71205
8 149 rs9314583 5698942 1 -7.228764126139193e-4 5674575 5700021 25446
8 626 rs7845862 38471714 1 7.197109868507807e-4 38465928 38480529 14601
8 355 rs10503603 17563062 2 -7.153725194291363e-4 17550623 17566902 16279
8 609 rs16886043 37006731 1 7.121299753087754e-4 36994316 37006731 12415
8 1050 rs6470668 91089850 7 7.071556596271959e-4 91089850 91182886 93036
8 873 rs10110141 70661354 1 6.92495858662551e-4 70642018 70703141 61123
8 1378 rs9297669 124448689 1 6.91047891596063e-4 124426096 124473894 47798
8 1370 rs7828669 123938787 2 -6.87850058506718e-4 123897867 123938787 40920
8 83 rs1905029 3582148 1 6.855591019488231e-4 3578731 3582535 3804
8 1704 rs3889129 144613680 2 -6.834589587994143e-4 144557739 144623574 65835
8 1461 rs11783127 129039139 1 -6.81874438014127e-4 129020784 129039139 18355
8 214 rs4841239 9692825 1 6.807633075342544e-4 9647796 9713280 65484
8 1076 rs7818649 94167493 2 6.794397486675674e-4 94167493 94250295 82802
8 802 rs4400381 63020728 1 -6.791798098074477e-4 62901894 63020728 118834
8 291 rs13278543 14078154 1 -6.564412160136122e-4 14078154 14107396 29242
8 1420 rs1388372 126936152 1 6.554294786235028e-4 126927059 126959274 32215
8 948 rs10093934 77331219 1 -6.517011427077757e-4 77309103 77331219 22116
8 735 rs4336589 56462853 1 6.514861004919131e-4 56460052 56506919 46867
8 681 rs7838995 50506522 2 6.492971261502701e-4 50505231 50683876 178645
8 978 rs367273 81338686 1 6.388985236258336e-4 81338686 81338686 0
8 1059 rs13274956 92360617 1 6.387449288778323e-4 92360193 92374753 14560
8 814 rs10504370 64987982 2 6.37212339348004e-4 64705372 65045688 340316
8 338 rs7812918 16943789 2 -6.250308278357562e-4 16905525 16985962 80437
8 100 rs7841311 4055073 1 6.248893053374241e-4 4028497 4055073 26576
8 1227 rs10109609 107637500 1 6.24103704830831e-4 107562507 107790203 227696
8 235 rs10111872 10881408 1 6.208776328371271e-4 10861385 10881408 20023
8 882 rs16937223 71685145 2 -6.184136120160143e-4 71513130 71988962 475832
8 363 rs11203939 17957107 1 6.152680490334435e-4 17950757 17982155 31398
8 995 rs6981830 82925973 3 -6.097927351822555e-4 82892518 82942569 50051
8 1211 rs1020826 105864131 4 -6.086466355357937e-4 105784723 105878832 94109
8 1534 rs4388441 134110705 2 6.056924005983599e-4 134064375 134132812 68437
8 1576 rs1904863 136068443 1 6.056331672429461e-4 136063977 136132998 69021
8 1180 rs9297306 102601618 1 -6.049214942190625e-4 102601618 102614986 13368
8 1419 rs1444003 126774314 1 6.042438408351586e-4 126774314 126830010 55696
8 1528 rs9297853 133584558 2 -6.040343678913158e-4 133580193 133649465 69272
8 1488 rs2062078 130734461 2 6.034758357754398e-4 130708114 130763783 55669
8 397 rs2975416 19489046 1 5.99990703109327e-4 19445170 19489046 43876
8 392 rs1915418 19093006 2 -5.981118369995618e-4 19085172 19093006 7834
8 797 rs6986031 62613075 1 5.911856669609456e-4 62532696 62651000 118304
8 717 rs10095164 54882796 1 5.784265359415747e-4 54882796 55074884 192088
8 996 rs998249 82961957 2 5.783342591489098e-4 82947950 82966648 18698
8 1506 rs7460718 131970365 1 -5.737423156508849e-4 131968469 131992819 24350
8 1036 rs1879199 89202184 2 -5.730730047542622e-4 89202184 89327738 125554
8 1186 rs620643 103112417 2 -5.691992898807232e-4 103073179 103124212 51033
8 1302 rs10505295 118542735 2 -5.689138102288906e-4 118489228 118567694 78466
8 333 rs611863 16691422 1 5.66751413243747e-4 16691422 16691422 0
8 269 rs532841 12957475 2 -5.649198725742419e-4 12952293 12973575 21282
8 1431 rs2385694 127603549 2 -5.591455406528499e-4 127603083 127626390 23307
8 519 rs4621816 26969601 1 -5.584967146269007e-4 26968532 27021712 53180
8 529 rs7817722 27753688 1 -5.563925826093587e-4 27711673 27753688 42015
8 132 rs6990234 4996812 1 5.562082115695275e-4 4961439 5011233 49794
8 1361 rs7820388 123505014 2 5.545210915615516e-4 123505014 123525406 20392
8 1112 rs3134498 96823305 4 5.504410667549514e-4 96794835 96859623 64788
8 1518 rs2469495 133112960 1 5.49905342139727e-4 133092138 133118753 26615
8 1025 rs13438948 87858778 1 -5.496524340390064e-4 87787661 87858778 71117
8 306 rs1378032 14944692 1 5.454698239217443e-4 14938404 14956717 18313
8 1530 rs756201 133858009 2 5.433592329317575e-4 133757877 133883671 125794
8 931 rs16938822 75114021 3 5.385662309156864e-4 75111953 75135813 23860
8 417 rs1383246 20394374 2 -5.366897472282987e-4 20358618 20412168 53550
8 252 rs11785555 11572284 1 -5.350324899183971e-4 11572284 11595969 23685
8 1139 rs2513834 98933711 1 -5.30366713492727e-4 98933711 98943598 9887
8 384 rs6586786 18785476 1 5.282854512641021e-4 18785476 18786682 1206
8 481 rs17052263 24476252 3 5.241886358573736e-4 24473215 24612421 139206
8 1184 rs517811 102944863 2 5.228480089772777e-4 102944863 103039917 95054
8 1543 rs4736675 134468864 1 5.220375235858916e-4 134468864 134487803 18939
8 537 rs12675992 28064417 1 -5.210950976735193e-4 28055236 28064546 9310
8 1193 rs2511718 103658945 1 -5.127529397368506e-4 103620332 103658945 38613
8 184 rs2741658 6811559 1 -5.085625530040291e-4 6811559 6828241 16682
8 1256 rs13278392 112060308 1 -5.081120746507013e-4 112060308 112174819 114511
8 1655 rs11774304 141160226 1 -5.04677998371933e-4 141160226 141210214 49988
8 387 rs7843518 18925159 2 -5.008428474241467e-4 18924056 18928440 4384
8 1151 rs4734407 99507313 2 -5.007175153552942e-4 99507313 99554231 46918
8 140 rs17074059 5423742 1 4.999141292925702e-4 5423292 5425042 1750
8 712 rs16919143 54330686 1 4.979097630154119e-4 54320473 54382933 62460
8 854 rs9298137 69755661 1 -4.945174974161656e-4 69736234 69767131 30897
8 1272 rs10505226 115698493 2 -4.888631460405382e-4 115623858 115720329 96471
8 128 rs4295679 4814896 1 4.8805897926017944e-4 4807157 4815661 8504
8 1239 rs17309585 108866822 3 -4.875778010691541e-4 108850819 108992341 141522
8 1216 rs7822940 106468396 1 4.8534293158738134e-4 106364851 106482105 117254
8 1268 rs1511720 114926254 2 -4.8437728491288585e-4 114915810 114978390 62580
8 1599 rs17669995 138309956 1 -4.840220991379809e-4 138273650 138315997 42347
8 1589 rs2067818 137284977 2 4.828268076886284e-4 137164996 137301441 136445
8 1150 rs6987962 99413330 1 -4.768860838353011e-4 99413330 99429791 16461
8 1313 rs2451136 119238894 1 4.7539466902727506e-4 119217328 119258208 40880
8 33 rs3824141 1888447 1 4.7484344468517304e-4 1888447 1897657 9210
8 1243 rs11995185 109800541 2 4.739720349737902e-4 109735830 109857400 121570
8 364 rs17593996 18028739 1 -4.71160437161768e-4 17987012 18028739 41727
8 977 rs7018262 81308078 4 4.669015016341118e-4 81256542 81320595 64053
8 623 rs7830964 38350315 1 4.637012789609386e-4 38322346 38362521 40175
8 1536 rs6992383 134223764 1 -4.631595493430653e-4 134223764 134233024 9260
8 778 rs6981960 60600281 2 4.587618477355149e-4 60478117 60746997 268880
8 1404 rs10956203 125749707 2 -4.577813850588079e-4 125732484 125763884 31400
8 880 rs1460680 71163768 1 4.554032207359137e-4 71151197 71351158 199961
8 742 rs10958476 57095808 1 -4.470857345417926e-4 57095808 57209655 113847
8 634 rs7835497 39622750 2 -4.46279357221515e-4 39611992 39777529 165537
8 1699 rs11136299 144124512 1 -4.460048930964129e-4 144124512 144201854 77342
8 1558 rs895598 135162202 2 -4.441786690690048e-4 135162202 135162202 0
8 832 rs2555576 67345621 1 4.434370376149303e-4 67254723 67384122 129399
8 1235 rs10103715 108544206 1 -4.419357649581224e-4 108542254 108638344 96090
8 1496 rs9297810 131512902 1 4.3831445586062294e-4 131509646 131512902 3256
8 722 rs16920174 55311978 2 4.331260925440177e-4 55301189 55356471 55282
8 1033 rs16875583 88962865 2 4.32251047714482e-4 88896639 88975898 79259
8 1627 rs4410946 139676082 1 -4.2942026359694485e-4 139651182 139681125 29943
8 1219 rs7845449 106715767 1 -4.2857416198028377e-4 106715767 106720656 4889
8 1163 rs2978092 101770248 1 4.284392219665733e-4 101709538 101770762 61224
8 751 rs1396115 57874064 1 -4.268355329004253e-4 57841969 57902388 60419
8 938 rs2436654 75840531 4 4.262142473758512e-4 75792274 75845091 52817
8 822 rs4582599 66079805 1 -4.228789188549586e-4 66065387 66102770 37383
8 400 rs17091198 19587117 2 4.222216370508286e-4 19582804 19625619 42815
8 365 rs7845127 18067395 1 -4.216683068084362e-4 18032110 18071907 39797
8 1037 rs1604921 89462984 1 4.212173306272389e-4 89342944 89517922 174978
8 1089 rs977274 95279760 1 -4.087922342958765e-4 95254478 95279760 25282
8 1062 rs4435678 92845510 1 -3.99642162052351e-4 92793786 92845510 51724
8 1638 rs13270196 140308182 2 -3.990664760245956e-4 140293780 140333323 39543
8 1024 rs3735966 87679463 1 3.989349474365421e-4 87652115 87775582 123467
8 395 rs6586829 19282019 3 3.9625763691671296e-4 19274742 19297051 22309
8 841 rs10504412 68885634 1 3.939890206968743e-4 68876488 68911168 34680
8 81 rs2624087 3520871 2 -3.918790283042485e-4 3520763 3548551 27788
8 678 rs1397797 50044748 1 -3.9186211282624263e-4 49995284 50060960 65676
8 705 rs12679115 53418983 3 -3.883250391936821e-4 53418983 53605442 186459
8 28 rs6558533 1709918 1 -3.879005002397728e-4 1700398 1748941 48543
8 334 rs6983107 16702550 1 3.872510790130412e-4 16698609 16726107 27498
8 1427 rs16901372 127420218 2 -3.817548543884477e-4 127420218 127425147 4929
8 768 rs16923737 59650994 2 -3.7643304179118446e-4 59611708 59677977 66269
8 782 rs6984526 61149731 2 3.7504521786578705e-4 61122903 61149731 26828
8 1517 rs2280851 133089975 1 3.748405045997639e-4 133050900 133089975 39075
8 78 rs11781825 3483933 1 3.724241827339747e-4 3478498 3487768 9270
8 1141 rs7830701 99023731 1 -3.668772165997265e-4 99002078 99089452 87374
8 1594 rs2649130 137814585 2 -3.665802514730624e-4 137743543 137833388 89845
8 1288 rs11774963 117468999 1 3.659367393678896e-4 117457413 117469352 11939
8 453 rs34057411 22675196 1 -3.646290414839527e-4 22648756 22687572 38816
8 311 rs10503543 15260357 2 3.618861351230467e-4 15214144 15271666 57522
8 178 rs10091468 6675876 1 -3.5024236893989346e-4 6675458 6675876 418
8 992 rs79849182 82607027 1 -3.49852883313018e-4 82466788 82649245 182457
8 422 rs11779820 20742407 1 -3.497555708181646e-4 20683523 20787381 103858
8 302 rs11781498 14797292 1 -3.4721160871838076e-4 14783620 14815835 32215
8 1010 rs12682602 84751766 1 3.44584380983017e-4 84740129 84826056 85927
8 1398 rs7835851 125389873 3 -3.41452781010715e-4 125312660 125394334 81674
8 1658 rs10091104 141327474 1 3.395610152954905e-4 141327474 141345638 18164
8 1424 rs7838729 127177084 1 3.378612175323587e-4 127176405 127182142 5737
8 126 rs1031611 4728668 1 3.3680430111493085e-4 4728668 4728668 0
8 1708 rs4875060 144894496 1 -3.3515072879827866e-4 144892984 144894496 1512
8 708 rs1469322 53930798 3 -3.262575853239329e-4 53926047 54032307 106260
8 1397 rs7827309 125251067 1 3.2075589794172416e-4 125251067 125293242 42175
8 412 rs4921697 20116621 1 -3.203230686781075e-4 20109187 20132391 23204
8 770 rs7838499 59781086 1 3.1967711686709134e-4 59776637 59788913 12276
8 818 rs3779870 65519166 4 3.1867757327748523e-4 65438121 65711945 273824
8 522 rs2565061 27324844 2 3.1624668433538513e-4 27275794 27328511 52717
8 1229 rs7836820 107928113 1 3.155139547527867e-4 107860362 107944965 84603
8 1615 rs13280444 139165273 1 -3.1265089406281557e-4 139140561 139165289 24728
8 496 rs7845807 25615466 1 -3.1061156948696656e-4 25598401 25660392 61991
8 951 rs61729527 77761919 2 3.0939472113401275e-4 77718819 77819954 101135
8 1254 rs11784003 111472473 2 -3.083756754040328e-4 111468172 111673039 204867
8 120 rs10093574 4571209 2 -3.0794951779373634e-4 4557773 4579906 22133
8 583 rs901561 32143462 1 3.063382850540453e-4 32143462 32170767 27305
8 787 rs12549487 61829264 1 3.0057069004291875e-4 61827676 61855118 27442
8 1123 rs2704271 97608394 1 2.9772700817928095e-4 97596782 97615235 18453
8 693 rs7007741 52585139 1 -2.941197787291377e-4 52538501 52615191 76690
8 1091 rs2119461 95574634 1 2.9324358543870294e-4 95339316 95574634 235318
8 323 rs2628272 15906532 2 -2.8804915847705046e-4 15899688 15929038 29350
8 1444 rs6984900 128304269 1 -2.854305516139527e-4 128288920 128310155 21235
8 1183 rs6468801 102840673 1 2.853066249591922e-4 102750391 102920114 169723
8 461 rs4871854 23041082 1 2.845072682001381e-4 23041082 23055729 14647
8 151 rs2816522 5782377 1 -2.8160274881832315e-4 5782377 5818128 35751
8 167 rs17077419 6390530 2 -2.805013378720119e-4 6359024 6391302 32278
8 484 rs11994760 24802235 2 2.8040491897419627e-4 24790573 24819116 28543
8 1668 rs6988905 142137704 2 -2.795951538868049e-4 142131002 142137704 6702
8 1292 rs2289937 117873811 1 2.7832620065664155e-4 117838623 117936482 97859
8 1332 rs4871825 121034642 2 2.716748658273559e-4 120977489 121104786 127297
8 1523 rs2673593 133444342 1 -2.714511638869776e-4 133442492 133448569 6077
8 1377 rs16898247 124357253 1 -2.710603469383468e-4 124206324 124357253 150929
8 1263 rs1380134 113942738 1 -2.6993702318231126e-4 113655596 113955195 299599
8 846 rs10504423 69147931 1 2.6932522164175047e-4 69132033 69147931 15898
8 486 rs1554766 25006687 1 -2.669508906071342e-4 24959475 25013751 54276
8 129 rs7823766 4826467 1 2.6566317201847755e-4 4826467 4835344 8877
8 1651 rs2614730 140975775 3 2.60893970593684e-4 140974904 140984964 10060
8 1335 rs10101508 121398874 1 -2.601491434419302e-4 121343774 121526747 182973
8 1262 rs12676958 113587644 1 -2.525591229381651e-4 113405543 113630865 225322
8 360 rs11988414 17777707 1 -2.523682845521163e-4 17774258 17874604 100346
8 933 rs16938888 75265600 2 2.510022998439391e-4 75254086 75335908 81822
8 98 rs12155988 3975865 1 2.499918117825202e-4 3964022 3981264 17242
8 1565 rs11538239 135490539 1 -2.4867672660985635e-4 135490539 135506073 15534
8 498 rs4570167 25769324 1 -2.4518360882590836e-4 25752918 25770276 17358
8 1662 rs7001653 141621038 2 2.4377159896554437e-4 141587404 141634540 47136
8 1162 rs1693551 101675584 1 2.434320042024851e-4 101675584 101677774 2190
8 739 rs4551325 56823191 2 -2.4247691493754368e-4 56814010 56854172 40162
8 478 rs10503762 24135778 1 -2.3487604181734767e-4 24111330 24207438 96108
8 886 rs13265957 72139309 1 2.3344260086736627e-4 72139309 72139309 0
8 99 rs17427521 3987036 2 2.326080627150585e-4 3987036 4017692 30656
8 1396 rs768711 125240331 1 2.305231566507897e-4 125238368 125247147 8779
8 35 rs2033909 2003295 1 -2.2482251518773515e-4 2000587 2011098 10511
8 986 rs7018273 82004857 1 2.2410051095131224e-4 82004857 82011187 6330
8 1230 rs16875446 107993651 1 2.2264895932597525e-4 107954511 108086983 132472
8 1247 rs16879659 110504218 1 2.224547572105764e-4 110358672 110539186 180514
8 549 rs4732934 29230135 1 -2.1987040391197656e-4 29206126 29231270 25144
8 947 rs16939243 77041819 1 -2.154348181637304e-4 77041819 77258716 216897
8 1547 rs7830798 134609410 6 -2.1439387151550495e-4 134596858 134624572 27714
8 1285 rs799889 117250895 1 -2.098178326533137e-4 117236486 117265106 28620
8 1514 rs4736513 132819511 1 -2.0886762435851257e-4 132746158 132862920 116762
8 515 rs13274679 26701818 2 -2.0681089102604424e-4 26695617 26711214 15597
8 319 rs17675975 15754033 1 2.0456506626145463e-4 15713330 15754033 40703
8 518 rs17056786 26962037 1 2.012302116377612e-4 26901426 26962037 60611
8 917 rs2605867 74115879 1 -2.004604310415769e-4 74109865 74115879 6014
8 991 rs9298367 82441040 1 2.0016381221403605e-4 82419512 82443387 23875
8 430 rs1863452 21267866 1 1.9762444365205469e-4 21260780 21267866 7086
8 1295 rs4876702 118121734 2 1.890286970141832e-4 118076115 118174941 98826
8 1568 rs4909609 135712067 2 1.882921069137918e-4 135654340 135744460 90120
8 91 rs17068126 3803623 1 1.870012990023473e-4 3803623 3803623 0
8 850 rs10096415 69406281 2 -1.8541025811582743e-4 69406281 69411716 5435
8 39 rs7002629 2063261 1 1.808620105726235e-4 2063158 2095441 32283
8 1215 rs2957435 106298549 1 -1.807467755321524e-4 106231172 106319151 87979
8 968 rs7814425 80546329 1 -1.780527306848152e-4 80498998 80553916 54918
8 771 rs61753688 59851907 1 -1.775040502323383e-4 59803719 59938578 134859
8 1308 rs10955845 118997131 1 1.7610418016586772e-4 118919779 119012781 93002
8 1504 rs976268 131883578 1 -1.7605533005589895e-4 131835318 131887274 51956
8 177 rs890230 6660502 2 -1.7593194752462608e-4 6659754 6660502 748
8 1154 rs1380994 101085778 1 1.7057545161058014e-4 101024505 101111637 87132
8 1171 rs11998374 102257415 1 1.6995071642190052e-4 102155413 102258242 102829
8 1349 rs16895496 122496474 1 -1.66756536804878e-4 122462289 122497385 35096
8 829 rs7006209 66992737 1 1.6525639517711406e-4 66974252 67068662 94410
8 1570 rs2205362 135864228 1 -1.6283823065977687e-4 135864228 135870334 6106
8 625 rs7817828 38430234 1 1.613265438827205e-4 38430234 38440791 10557
8 1525 rs2721876 133528075 1 -1.6080649908090786e-4 133507756 133528075 20319
8 1130 rs6468543 98280132 1 1.5991203260699364e-4 98248330 98291647 43317
8 1152 rs11995956 100350083 1 1.5949164143586706e-4 99846642 100791156 944514
8 179 rs11774240 6714902 3 1.575470225320327e-4 6690276 6714902 24626
8 512 rs4073055 26574853 1 1.573729541817666e-4 26514779 26578017 63238
8 821 rs2956305 66008289 1 -1.5681164296469996e-4 65991911 66008289 16378
8 704 rs2613266 53387502 1 -1.5612480109260216e-4 53335677 53398111 62434
8 1074 rs279453 94088647 1 1.509693983495441e-4 94039867 94089299 49432
8 569 rs11988241 30288258 3 -1.5079825939303597e-4 30286174 30503371 217197
8 887 rs10092844 72213290 1 -1.5042089608877484e-4 72184898 72226399 41501
8 370 rs1495754 18217658 1 1.48085015228202e-4 18215738 18233582 17844
8 1079 rs6983017 94407069 3 1.4748484482902382e-4 94385560 94547806 162246
8 1283 rs926135 116938631 2 1.4607637805438728e-4 116874954 116948169 73215
8 1640 rs899073 140417049 1 1.427600653384794e-4 140392651 140452253 59602
8 408 rs4424271 19950655 1 1.4253992292946653e-4 19950655 19972368 21713
8 1178 rs3735709 102555474 1 -1.382801760208277e-4 102555474 102555474 0
8 984 rs6989890 81954377 1 -1.315163077166034e-4 81920610 81954377 33767
8 345 rs12548066 17266143 1 -1.287586415903512e-4 17243260 17266143 22883
8 1346 rs10505399 122314537 1 1.286066158100024e-4 122314537 122322450 7913
8 1185 rs16868941 103052377 1 1.2740910855118994e-4 103052377 103060237 7860
8 1338 rs6989022 121718666 6 1.264941597138977e-4 121690802 121763046 72244
8 1331 rs4871744 120884669 1 -1.2465903718048894e-4 120884499 120955012 70513
8 194 rs7843504 8439068 2 1.2312552654374637e-4 8437123 8503446 66323
8 1440 rs7825340 128109129 1 1.226884281018615e-4 128093277 128124916 31639
8 1596 rs7845945 137991169 1 1.202019727344706e-4 137977335 138056469 79134
8 1277 rs16887294 116308464 1 1.195586780039206e-4 116262065 116308464 46399
8 1298 rs7831051 118248838 1 -1.1788641772408738e-4 118248838 118289276 40438
8 1135 rs1031868 98640062 2 -1.1531965235494292e-4 98581814 98725970 144156
8 26 rs2972174 1654818 1 1.1525782225127156e-4 1654818 1654818 0
8 421 rs11204131 20630963 1 -1.1471567262712372e-4 20629602 20669205 39603
8 1286 rs1881129 117334573 1 1.1328184526934305e-4 117301701 117351973 50272
8 1664 rs11167021 142025644 1 1.0656881716972284e-4 142025150 142025644 494
8 662 rs521184 41601685 2 -1.063580646074498e-4 41576746 41621903 45157
8 1645 rs199212 140712201 1 1.0380638345047126e-4 140673111 140712201 39090
8 1326 rs12677274 120222541 1 -9.964504965139484e-5 120219129 120342423 123294
8 1457 rs6990534 128814091 1 9.78760760649752e-5 128779001 128815029 36028
8 1659 rs7823724 141404329 1 -9.740952591627514e-5 141372344 141461266 88922
8 127 rs13248460 4775412 1 9.46594844368037e-5 4775412 4782658 7246
8 165 rs10104726 6260430 1 -9.421163977048789e-5 6229808 6260430 30622
8 1327 rs2326244 120376789 1 -9.366869864402016e-5 120356892 120459480 102588
8 588 rs7835765 32549845 2 -9.220186756159204e-5 32511006 32579109 68103
8 943 rs6995394 76404776 1 9.091747860316144e-5 76306257 76440918 134661
8 266 rs2954179 12850442 1 9.054269943221904e-5 12829038 12859660 30622
8 547 rs7000444 28935457 1 8.949828560033295e-5 28929739 29070988 141249
8 1275 rs7013769 116095815 1 -8.924618107683313e-5 116054292 116095815 41523
8 267 rs2466273 12866004 2 8.849402390943362e-5 12860528 12880105 19577
8 124 rs4875388 4675393 1 -8.82534567182534e-5 4659738 4684203 24465
8 769 rs960089 59708309 1 -8.599928067360666e-5 59684180 59708309 24129
8 1507 rs1157822 131994668 1 -8.493864188035096e-5 131994393 132051970 57577
8 994 rs10112819 82691708 1 -8.210123986588977e-5 82680267 82879546 199279
8 1060 rs10504908 92484872 1 -8.1897202141097e-5 92409070 92484872 75802
8 1685 rs7844494 143123669 1 -7.910531797495462e-5 143087187 143123669 36482
8 325 rs6530946 16054928 1 -7.824322007376168e-5 15997974 16071018 73044
8 123 rs6558918 4649052 1 -7.622779870631829e-5 4647032 4657472 10440
8 1068 rs561608 93508014 1 7.521421890111394e-5 93499817 93518426 18609
8 1584 rs7004659 136789501 1 -7.31617958981882e-5 136788138 136839229 51091
8 1639 rs11781232 140343359 1 7.162781492124525e-5 140343359 140353842 10483
8 1505 rs10098645 131893562 2 -6.867995936548111e-5 131890170 131936854 46684
8 317 rs352806 15618407 1 -6.563147796729723e-5 15618407 15647198 28791
8 1128 rs11783877 98193889 1 -6.293041015970234e-5 98187086 98193889 6803
8 16 rs7463743 1241224 1 -5.978787105635538e-5 1240368 1251756 11388
8 1562 rs6471216 135339383 1 5.790230129917874e-5 135339383 135389808 50425
8 164 rs4840830 6209425 1 -5.708662578997681e-5 6209425 6210460 1035
8 226 rs11782819 10334781 2 -5.6525207061977785e-5 10334781 10381128 46347
8 383 rs6998100 18721215 2 5.6362251373217706e-5 18720624 18742049 21425
8 982 rs2028814 81870851 2 5.559280710601297e-5 81811905 81873396 61491
8 1164 rs7003310 101821033 1 5.313421845462319e-5 101806147 101821743 15596
8 652 rs963520 40801951 2 5.300713288257093e-5 40793533 40844800 51267
8 297 rs1355304 14471820 1 4.9844810581553016e-5 14462715 14505407 42692
8 1624 rs16909239 139532280 1 4.965059591813451e-5 139513971 139571978 58007
8 1549 rs2958786 134678735 1 -4.8214362239325906e-5 134678735 134708017 29282
8 655 rs4736943 41064077 2 -4.784720452445868e-5 41007120 41064077 56957
8 1340 rs13282943 121830295 2 4.6076708936933434e-5 121827840 121855464 27624
8 1532 rs4074676 133992758 1 4.291655453116922e-5 133992758 134016518 23760
8 97 rs10107611 3950542 2 4.089464382730845e-5 3937191 3959597 22406
8 572 rs1125841 30858054 1 3.8658079216476947e-5 30829623 30858054 28431
8 1251 rs6469288 110925870 1 3.814662466518339e-5 110925870 110982522 56652
8 738 rs13274924 56678876 3 -3.327054096873461e-5 56651746 56797440 145694
8 1383 rs2385441 124631864 1 3.202102041943149e-5 124630352 124645512 15160
8 1115 rs16894219 97052453 1 -3.1953147563399024e-5 97026378 97052453 26075
8 1066 rs9297909 93424621 1 3.0138388504585004e-5 93287501 93438176 150675
8 1367 rs6980880 123787061 1 2.9724957018538343e-5 123787061 123787061 0
8 1618 rs9969442 139244132 1 -2.959074207203331e-5 139236845 139245031 8186
8 676 rs13255660 49339492 3 -2.655003160190357e-5 49309167 49576282 267115
8 564 rs16876489 29971290 2 2.5094100385515463e-5 29918642 30012514 93872
8 998 rs10092418 83265571 2 -2.406707869188413e-5 83151456 83285181 133725
8 212 rs11249930 9472445 1 -1.9865324625325756e-5 9388022 9533399 145377
8 1088 rs2607060 95233336 1 -1.9518814094909047e-05 95203394 95238312 34918
8 9 rs6995315 737782 1 1.940442769971379e-5 737782 830167 92385
8 404 rs6586876 19738260 1 1.8704064827386307e-5 19731375 19805708 74333
8 1555 rs1350337 134974025 1 -1.7251147882743602e-5 134966090 134974025 7935
8 1051 rs12549660 91283363 1 -1.698195043073128e-5 91196889 91294640 97751
8 1133 rs2853288 98389164 2 -1.6852283047058482e-5 98388568 98454136 65568
8 756 rs2325744 58364888 1 1.6140176604838932e-5 58364585 58449229 84644
8 1610 rs2705302 138915718 1 -1.3421114393952436e-5 138865207 138930921 65714
8 636 rs16888530 39858078 1 1.3210888093989649e-5 39840234 39868078 27844
8 1307 rs10103003 118853829 1 -1.3105455878497525e-5 118830036 118903024 72988
8 191 rs2921016 8351677 1 -1.1349259914811762e-5 8313010 8359387 46377
8 471 rs1512268 23526463 1 9.687437516749112e-6 23520429 23536098 15669
8 219 rs1385256 10018850 1 7.874495394961084e-6 10018850 10046638 27788
8 1008 rs10091606 84528270 4 -5.840419455503329e-6 84442025 84573177 131152
8 1208 rs2669425 105395583 1 5.466387914789855e-6 105395583 105440462 44879
8 320 rs10503560 15767978 3 -3.627519642242943e-6 15763818 15791633 27815
8 1016 rs1014915 85716274 1 -2.5031808519854154e-6 85474803 85716274 241471
8 774 rs392450 60024449 1 2.081729269702105e-6 60024449 60117621 93172
8 1490 rs2894493 130821049 1 -1.6501116478434395e-6 130821049 130839132 18083
