CHR Group SNP.lead BP.lead Size W BP.min BP.max BP.width
4 1053 rs7665090 103551603 4 0.1130810091961558 103448582 103607635 159053
4 1716 rs11733331 175076940 1 0.04326416083225149 175076940 175076940 0
4 1071 rs7679673 106061534 14 0.02839139870355148 106048291 106264681 216390
4 833 rs147332320 79176444 2 0.02809198834315449 79168612 79245028 76416
4 5 rs3755963 894255 10 0.02724908753870565 843508 941290 97782
4 580 rs11931912 48134118 6 0.02641750008617985 48132891 48192185 59294
4 764 rs4600889 72337490 1 0.02612319445461323 72278430 72391896 113466
4 1032 rs6849832 101120472 4 0.02451905782158547 101100658 101131209 30551
4 1503 rs2404903 155071496 1 0.02341484305416269 155062069 155083506 21437
4 371 rs13110484 27757391 3 0.02301719201262944 27715503 27814738 99235
4 1248 rs1355164 126262415 2 -0.02238589081457235 126239986 126262415 22429
4 1495 rs7674639 154540743 3 -0.02215325191603929 154540056 154540743 687
4 1226 rs6836610 123601697 2 0.02201013548729944 123578850 123752017 173167
4 208 rs10155296 15175539 4 0.02176704605387716 15154795 15223639 68844
4 740 rs920482 68241081 4 -0.02159141710815355 68222094 68453189 231095
4 1187 rs10025675 118796265 1 -0.02138071836607628 118758795 118803489 44694
4 1625 rs4147034 166453722 2 0.02102827504659304 166453722 166478477 24755
4 358 rs6855865 27011357 4 0.02028232065801242 26852438 27045049 192611
4 1200 rs1587734 120809455 6 0.01984519565601538 120794385 120858803 64418
4 1551 rs6849580 159950990 2 0.0183568018663334 159881479 159952353 70874
4 1428 rs11728407 146987013 3 -0.0183283773181504 146883385 146999111 115726
4 809 rs17236661 77196476 5 -0.01749188080981062 77153420 77208412 54992
4 1339 rs17239822 137716037 3 0.01709196463105465 137713140 137775757 62617
4 146 rs4697909 9896760 1 0.01708666845839922 9896760 9912101 15341
4 176 rs2903351 12707180 1 0.01671022285709068 12615127 12725738 110611
4 88 rs16838780 6417785 1 0.0166910677883866 6416028 6433905 17877
4 805 rs10008757 76903036 7 0.01634011953496845 76857309 76963187 105878
4 576 rs4695248 47555196 2 0.01586268472714254 47548254 47669751 121497
4 124 rs6824093 7959029 3 -0.01565168620568809 7931635 7967683 36048
4 1262 rs1511138 127516859 1 -0.01532962661098591 127438435 127525235 86800
4 1220 rs3217753 122746325 3 -0.01515302009944786 122692023 122857568 165545
4 1674 rs10213032 171009360 5 0.01509014441021276 171009360 171161845 152485
4 1902 rs6812958 185325242 2 0.01507363095816326 185325242 185325242 0
4 1728 rs13130150 175876473 5 0.01479359319258778 175875390 175954859 79469
4 476 rs630428 38121363 1 0.01468191081231337 38109847 38123916 14069
4 1911 rs12650715 185776850 1 0.01448186553168443 185767176 185776850 9674
4 1031 rs3737484 100784980 4 0.01426202308969956 100740709 101086420 345711
4 879 rs953534 83617849 4 0.01424730304640418 83527733 83628973 101240
4 1196 rs4834752 120055799 4 -0.01405496904741904 120055799 120167111 111312
4 1427 rs6537382 146867376 1 0.0138822048023806 146853165 146870683 17518
4 1345 rs5020420 138333658 6 -0.0138116863873125 138238306 138350049 111743
4 1717 rs12651020 175121923 1 0.0138052568020113 175103590 175121923 18333
4 720 rs4364313 66289167 5 0.01374379196627349 66254728 66300425 45697
4 640 rs12642622 57902276 4 0.01364743665350529 57773330 57906335 133005
4 1211 rs13104875 122137121 1 -0.01362635112399249 122063735 122143664 79929
4 1237 rs2390685 125336932 2 -0.01343559870580529 125265324 125336932 71608
4 739 rs1371863 68192816 3 0.01335289904116975 68173959 68215003 41044
4 1259 rs11938961 127255447 2 0.01259963288411133 127247924 127265065 17141
4 1203 rs10022765 121078848 3 -0.0124076351168394 121063683 121263497 199814
4 102 rs9991298 7170562 3 0.01227766995861576 7170562 7183984 13422
4 956 rs11097264 91711665 4 -0.0119871654144062 91633300 91775468 142168
4 1845 rs6823165 182784916 1 -0.01189383795918924 182775986 182784916 8930
4 992 rs10516957 95949206 1 -0.01167871015242015 95948640 96108829 160189
4 579 rs10938519 48038584 3 0.01164157877367404 48018529 48096781 78252
4 249 rs740672 17782264 5 0.01160931722235473 17781209 18017730 236521
4 916 rs11935592 88177037 6 0.01138062387256788 88159940 88264614 104674
4 894 rs2091745 84961080 2 0.01136841041334101 84957198 85056551 99353
4 1667 rs6553418 170019039 1 0.01127585526749164 170008947 170077789 68842
4 1457 rs10019047 150459436 1 0.01114983335249584 150250143 150576943 326800
4 1224 rs13151961 123115502 7 0.01107032081030113 123096486 123549699 453213
4 1579 rs17638339 162577430 6 -0.0109718125701773 162514902 162607930 93028
4 1765 rs17749802 178520166 4 0.01074731192848617 178514984 178598308 83324
4 600 rs17747127 55241063 2 0.01071563809527727 55225121 55291724 66603
4 856 rs4385052 81712772 3 -0.0106629431647238 81543568 81794590 251022
4 1047 rs10031210 102714886 2 0.01062755931934853 102714886 102753408 38522
4 1054 rs4699052 104137790 4 -0.01039892314294117 103999220 104137790 138570
4 652 rs11725660 58328884 3 -0.01038799107340561 58296826 58332294 35468
4 230 rs283029 16698184 4 0.01027686746844279 16698184 16747687 49503
4 217 rs4698433 15964863 3 0.01024618797145595 15949551 15964863 15312
4 161 rs9683691 11201074 2 -0.01020713673476216 11201074 11267586 66512
4 578 rs76537883 47954624 5 -0.0101906309593231 47731360 47986088 254728
4 1810 rs13113937 181266001 1 -0.01015941980180107 181221342 181266001 44659
4 603 rs17230634 55480024 2 0.01010370696620549 55434828 55480024 45196
4 89 rs11938118 6480469 2 0.0100145797463572 6447607 6507841 60234
4 322 rs12507254 24673420 1 -0.00954506914729209 24673420 24673420 0
4 1720 rs7685956 175422196 2 0.00952963586133722 175372799 175422289 49490
4 1070 rs17429675 106028073 2 -0.00952634735470385 105933951 106036545 102594
4 1482 rs7664303 153829996 1 0.00941702049881471 153695501 153829996 134495
4 1662 rs7679564 169693353 2 0.00940768176751192 169689516 169745078 55562
4 1286 rs6836368 130751286 5 0.00940352176340821 130751286 130913879 162593
4 274 rs10013103 20827366 3 -0.0093148478966903 20827366 20866469 39103
4 1467 rs6839352 151887280 4 0.00908482946220794 151809625 152147441 337816
4 101 rs6836687 7151812 1 0.00900318017424771 7151812 7151812 0
4 680 rs2340736 61405872 4 -0.00881294729896434 61395456 61443447 47991
4 349 rs9884830 26027797 3 -0.00874160199415917 26016156 26027797 11641
4 450 rs9995922 36317970 5 0.00861895178831982 36310049 36341903 31854
4 514 rs1552138 40651632 1 -0.00848077991033537 40598634 40652510 53876
4 615 rs11729403 56267182 3 0.00836661087161999 56195626 56413803 218177
4 1605 rs13114741 165029276 2 -0.00830344472336484 164982057 165131350 149293
4 1473 rs165579 152861685 3 -0.00813583198620619 152801922 152912247 110325
4 1851 rs9312290 183067139 1 0.0079449571488823 183047776 183067139 19363
4 0 rs6817633 181832 2 0.00789219180596912 85422 181832 96410
4 219 rs2286455 16020162 1 0.00781214642694425 16018282 16034634 16352
4 1051 rs17032400 103190229 6 0.00770457474144547 103125285 103218446 93161
4 1351 rs12511738 138801711 1 -0.00760681313310577 138788060 138801711 13651
4 921 rs11097166 88611344 2 0.00754688285930002 88601464 88710784 109320
4 243 rs2597793 17443458 2 -0.00746746002818126 17427573 17451760 24187
4 1139 rs78336146 113468564 3 -0.00735434499890696 113454932 113622050 167118
4 308 rs2932965 23805486 2 0.00726729788426307 23805486 23829314 23828
4 112 rs6849590 7432577 1 -0.00725100888220403 7432577 7441746 9169
4 1568 rs1992108 161548582 2 -0.00724755960286511 161436341 161575686 139345
4 1065 rs972583 105442302 4 0.00721077653828022 105428417 105457180 28763
4 1635 rs904246 167044948 3 0.00718084730521508 167020644 167083575 62931
4 765 rs3733362 72412029 1 0.00717186603791352 72396727 72412029 15302
4 57 rs12233750 5212292 3 -0.00713809492459143 5182102 5216320 34218
4 180 rs4834860 13030876 4 0.00712519257311598 13023307 13056521 33214
4 1332 rs2897153 137105336 3 0.00711400684533512 136993300 137206602 213302
4 1518 rs1155097 156414715 2 0.00709408216097235 156393197 156443877 50680
4 1253 rs4834060 126572145 3 0.00707060029623544 126540305 126696308 156003
4 465 rs17604934 37542764 1 0.0070557959107665 37542764 37542764 0
4 1251 rs6534487 126451974 2 -0.00700792849013234 126426695 126462071 35376
4 1903 rs890193 185343635 3 0.00696666260580997 185331977 185343635 11658
4 306 rs13118539 23631863 2 0.00694524589887043 23631863 23714895 83032
4 1058 rs3796962 104574265 1 -0.00690433050424847 104574265 104657070 82805
4 911 rs1599313 87135124 5 0.0068332831298223 87062363 87151468 89105
4 648 rs10018606 58138412 1 -0.00680762025654513 58136668 58138412 1744
4 445 rs1368621 35929368 3 -0.0067759537439922 35921123 36005501 84378
4 1441 rs17612742 148414651 1 0.00674024208488284 148377960 148434688 56728
4 708 rs11131464 64360700 5 -0.00663721184569964 64348036 64473271 125235
4 595 rs728587 54574680 4 0.00660986012755598 54574680 54638662 63982
4 455 rs1870504 36847609 2 -0.00655622214894304 36814622 36916955 102333
4 1528 rs2340252 157129218 1 -0.00655558872657596 157129218 157152021 22803
4 654 rs13111380 58570044 4 -0.0065224793431039 58568732 58572081 3349
4 970 rs7682842 93489287 3 0.00636106630476645 93467486 93596167 128681
4 769 rs1352844 72647749 3 0.00630399504565752 72647749 72792667 144918
4 451 rs16992175 36366711 1 -0.00620616396016682 36350375 36369934 19559
4 1362 rs10020229 139687856 2 0.00620208510662436 139636653 139698611 61958
4 37 rs2980164 4297389 4 0.00617837355686849 4279395 4327912 48517
4 1533 rs1521703 157449624 2 0.00616687231628586 157449624 157449624 0
4 1696 rs2661805 173231379 5 -0.00613960560525111 173225040 173356104 131064
4 1609 rs12513081 165490671 2 0.00606493248536158 165490671 165492082 1411
4 625 rs11732236 57132047 3 0.00605345682850762 57116323 57132047 15724
4 1719 rs17060468 175249433 3 0.0060502349000447 175246203 175340298 94095
4 1174 rs10024264 117468423 2 0.00595353165182664 117374128 117475813 101685
4 499 rs16995300 39478264 2 0.00594990002402714 39452290 39478264 25974
4 1939 rs6852642 186917039 1 0.00594347592053952 186915297 186917269 1972
4 1654 rs1387329 169301208 1 -0.0059298580631091 169301208 169338127 36919
4 1108 rs61745483 110773048 1 0.0058941627057754 110745938 110803816 57878
4 867 rs6819863 82667620 1 0.00586185388649699 82659400 82680686 21286
4 1264 rs17011836 127827145 7 0.00581920502503278 127656069 127978786 322717
4 964 rs4455379 92673841 1 0.00577576341601154 92651110 92691639 40529
4 4 rs4690309 756377 2 0.00574290984068934 753944 809787 55843
4 405 rs13115999 30641018 1 0.00569252968329155 30641018 30689598 48580
4 1578 rs12512822 162461996 2 0.00567794503395584 162426149 162482595 56446
4 1914 rs10001154 185849906 1 -0.0056718527301927 185835029 185877443 42414
4 393 rs7694142 29998853 1 -0.00567063702009375 29909867 29998853 88986
4 475 rs16994148 38016822 3 0.00562562187080842 37973722 38092096 118374
4 1447 rs12650033 148987187 5 0.00559557296625913 148984321 149025406 41085
4 1523 rs17033572 156727377 1 -0.00555481362756885 156713031 156727377 14346
4 1412 rs1808991 144792959 2 0.00549059279155909 144617842 144894260 276418
4 1532 rs1123714 157409735 3 0.00545491848177291 157380782 157441641 60859
4 15 rs2236998 2256716 3 0.0054523238244195 2176454 2256716 80262
4 1598 rs4234960 164389550 5 -0.00544866395031351 164287042 164402006 114964
4 831 rs6845871 79048490 4 0.00541363247276166 78989939 79048490 58551
4 1540 rs4234914 158468178 2 0.00531115976905462 158462362 158468178 5816
4 759 rs1109501 71329490 6 -0.00528579488996795 71260539 71426541 166002
4 244 rs1031326 17488064 4 0.00528089239789326 17467715 17506042 38327
4 1392 rs6820265 141903402 2 -0.00522898395300107 141890683 141942359 51676
4 915 rs447990 88033352 3 0.00521335657748544 87996745 88148812 152067
4 1989 rs2377458 189756940 3 0.00514588386212662 189673094 189759697 86603
4 435 rs1912842 34872926 2 -0.00506569630808831 34869949 34965108 95159
4 1022 rs28730649 99992652 1 -0.00504887208375534 99992652 100062819 70167
4 1604 rs6536780 164972256 3 -0.00503383689629662 164922631 164972450 49819
4 1686 rs12505546 172228547 1 0.0050245790423522 172228547 172275212 46665
4 1376 rs1350038 140744599 1 0.0050062204569449 140724600 140744599 19999
4 483 rs6531631 38396739 3 0.00496417460647297 38395949 38475721 79772
4 738 rs4860238 68093400 4 0.00495142207873155 68088235 68132298 44063
4 1386 rs3104107 141449275 2 0.00493315600555739 141379314 141489068 109754
4 493 rs7655305 38912621 1 -0.00492446098557825 38912621 38917830 5209
4 990 rs11733843 95703047 2 -0.00491446197342059 95703047 95775101 72054
4 20 rs12502642 2714023 3 0.00490782531371413 2687521 2748663 61142
4 1464 rs4696084 151217933 3 -0.00489053066006521 151184163 151284982 100819
4 1465 rs6817572 151303318 1 0.00488692554413519 151303318 151470988 167670
4 539 rs923309 42376356 2 0.00484255025998067 42368901 42386838 17937
4 1682 rs6858234 171681448 2 -0.00474040196517372 171680223 171762217 81994
4 1862 rs6552568 183449806 4 0.00472919451806852 183412719 183450690 37971
4 884 rs2868729 84147407 7 0.00472382941483694 84140400 84179480 39080
4 677 rs1378566 61264831 2 0.004678085194431 61230612 61287459 56847
4 1435 rs10008795 147970022 5 -0.0046511201473708 147941013 147998958 57945
4 1685 rs7681428 172200213 1 -0.00463291218536535 172083089 172203928 120839
4 1013 rs10002767 99298166 4 -0.00453831692179366 99125659 99337881 212222
4 1783 rs6816550 179790822 2 0.00451682846204358 179770149 179802170 32021
4 869 rs2045772 82824944 7 0.00444708244380011 82786911 82932359 145448
4 564 rs957858 45737256 1 0.00444016814944341 45737256 45737256 0
4 726 rs6847427 66786055 4 0.00441546951544551 66645823 66803361 157538
4 345 rs878552 25913155 3 -0.00440612216316576 25874058 25931325 57267
4 662 rs10004285 59559715 2 -0.0043639613745875 59541966 59605202 63236
4 61 rs7678335 5452895 1 0.00433304675704677 5413525 5463535 50010
4 281 rs11730849 21438786 1 0.00431553138951446 21425057 21438786 13729
4 1263 rs1552665 127609379 3 0.00426824571778492 127541632 127646765 105133
4 1585 rs6852854 163237790 1 -0.00423607212620275 163190862 163237809 46947
4 559 rs4326040 44870506 3 0.00423407119785817 44868270 44935266 66996
4 1981 rs952719 189271272 1 0.00423311585902878 189271272 189293076 21804
4 966 rs321717 92855968 3 -0.00421693858256849 92837584 93009187 171603
4 1297 rs4133013 132242896 2 0.00421164691858849 132192738 132413729 220991
4 1026 rs729147 100333267 1 0.00419259053336555 100333267 100335586 2319
4 183 rs10008923 13213672 2 0.00413740420466424 13213672 13276652 62980
4 1092 rs1003169 109176161 3 0.00411899505301494 109163035 109236454 73419
4 1627 rs1459506 166547603 1 -0.00410325273419374 166547603 166592304 44701
4 1596 rs11945307 164196370 1 -0.00409481454321224 164188601 164230540 41939
4 1306 rs12501689 133786573 2 -0.00408549801448084 133772334 133786573 14239
4 1793 rs1546680 180411508 4 0.00408426657512876 180356846 180472174 115328
4 1714 rs2332758 175039764 1 -0.00406618647208802 175025442 175039764 14322
4 1891 rs2871385 184875120 1 -0.00406309265046883 184875120 184875120 0
4 490 rs6824105 38754189 1 0.00406295934367254 38741849 38754189 12340
4 1652 rs590272 169181074 3 0.00406000637906228 169096954 169208334 111380
4 838 rs1834519 79616556 3 0.00401051422983456 79579045 79846570 267525
4 1146 rs10022885 114038963 1 0.00397415089750363 114038963 114067145 28182
4 1984 rs4863330 189430792 1 -0.00392588181401794 189394485 189430792 36307
4 1005 rs1506302 97263153 6 0.00392237062017918 97075010 97430897 355887
4 222 rs10489066 16292409 4 0.00391759455096456 16257677 16363818 106141
4 157 rs10516217 10973261 4 0.00385218796798722 10970811 11016733 45922
4 1327 rs4146972 136503631 4 -0.00379493201500819 136453566 136549624 96058
4 1119 rs10004516 111398208 4 -0.00378352283967241 111364167 111463277 99110
4 1155 rs6827138 114594271 1 -0.00376938938983463 114561733 114594271 32538
4 382 rs1402492 28923633 1 0.0037261478012754 28901589 28926321 24732
4 1218 rs11732306 122653300 1 0.00371599582493227 122644567 122653300 8733
4 173 rs6448887 12361202 1 0.00371126913461474 12361202 12421862 60660
4 461 rs3910363 37264831 2 0.00369197269736266 37264831 37335699 70868
4 1349 rs6839772 138578594 1 -0.00367591396584458 138577151 138578594 1443
4 177 rs7692324 12757442 1 0.00366246949465259 12733389 12776391 43002
4 1191 rs7676892 119768598 2 -0.00363881546509443 119552849 119790013 237164
4 797 rs1391010 76081553 1 0.00362562221576962 76081553 76081553 0
4 973 rs11097358 94064059 1 -0.00362033366760375 94019672 94159658 139986
4 1402 rs17015594 143075715 1 0.00361387753038675 143055538 143224296 168758
4 123 rs12641498 7917574 4 0.00361321564106771 7822186 7917574 95388
4 912 rs2869433 87279096 3 0.00359910704543393 87231768 87326724 94956
4 1067 rs574966 105534056 4 0.00356610729267 105528877 105634488 105611
4 587 rs4865408 53619367 1 -0.00351613948211409 53453179 53619367 166188
4 570 rs17539445 47231416 4 0.00351512150772044 47101223 47243813 142590
4 531 rs1061597 41691601 2 -0.00348859538502508 41659486 41691601 32115
4 983 rs17311887 95313228 2 0.00348405697032259 95035175 95313228 278053
4 1947 rs11931790 187340688 4 0.00344236787590307 187271047 187347697 76650
4 1038 rs2645373 101904475 2 0.0034339109103416 101904205 101931826 27621
4 768 rs4694105 72592214 2 -0.00341918570617932 72578724 72618334 39610
4 790 rs4552542 75598990 3 -0.00340277093673277 75575898 75619533 43635
4 1048 rs6849308 102776083 5 0.00339965631832699 102769677 102899504 129827
4 473 rs2995919 37906032 1 -0.00338551424042659 37903382 37909841 6459
4 1472 rs361191 152761633 2 0.00336237617686988 152761633 152779838 18205
4 1446 rs6815554 148938598 2 0.00334753360529617 148936414 148952982 16568
4 1715 rs17060286 175065347 2 -0.00334685693171682 175059268 175072660 13392
4 463 rs6816980 37417596 3 0.00333831855917395 37417390 37469174 51784
4 1086 rs2672470 108464074 5 0.00333520641661228 108189246 108464074 274828
4 1526 rs13143174 157022492 2 0.00333319294398 156991316 157034642 43326
4 484 rs4832778 38492765 1 0.00329078044817734 38492765 38492765 0
4 1534 rs10005961 157558509 5 0.00328787956866196 157492586 157574035 81449
4 158 rs1039682 11050420 1 0.00328681475504294 11041930 11050420 8490
4 1681 rs10030592 171590438 4 -0.00328525124129006 171590438 171666694 76256
4 1493 rs6810447 154461884 1 0.00326618151076998 154448872 154469214 20342
4 918 rs17012774 88443470 4 0.00322164980721035 88404126 88468852 64726
4 948 rs2583978 90750326 3 -0.00321460310533169 90630901 90816294 185393
4 1173 rs1489001 117245430 2 -0.00319380822719369 117245430 117266519 21089
4 1255 rs11730519 126873883 2 -0.00317481405350467 126763987 126880304 116317
4 1265 rs1471556 128096615 1 0.00316884422068092 127991638 128167093 175455
4 334 rs316807 25310351 4 0.00315850149663495 25310351 25444762 134411
4 1741 rs1106568 176861301 1 0.00310181016686058 176850196 176902231 52035
4 1377 rs2667370 140778960 1 0.00308300670811216 140761277 140795327 34050
4 189 rs7690022 13872720 3 0.00306006960596098 13824647 13882785 58138
4 12 rs17680881 1732978 3 0.00301171285291605 1701317 1737262 35945
4 40 rs12512085 4372439 2 -0.00294460399492739 4372439 4372439 0
4 1957 rs1583219 187751154 1 -0.00293064011556855 187751154 187786316 35162
4 636 rs12642085 57549528 2 0.00292036821420165 57549528 57597210 47682
4 360 rs2041627 27102429 1 0.00283159449483514 27097098 27122947 25849
4 1501 rs6835823 154972357 1 0.00282680283465045 154951914 154974203 22289
4 1000 rs1579627 96636651 3 0.0028230361253811 96508701 96647588 138887
4 557 rs6815111 44531148 4 0.00281894782805782 44526544 44612959 86415
4 1019 rs11097632 99687168 6 0.00276052198432509 99674593 99703142 28549
4 193 rs12499480 14167488 1 0.00275075869779291 14127483 14167488 40005
4 985 rs2510795 95430064 1 -0.00272421944150824 95370805 95444255 73450
4 1084 rs17549820 108118301 2 0.00269553231066355 108118301 108120955 2654
4 1222 rs6840372 122978844 2 -0.0026541689120254 122947939 122978844 30905
4 621 rs998064 56997350 1 -0.00264687280462865 56968671 56997350 28679
4 1217 rs6534309 122609929 3 0.00263814467878853 122572851 122624065 51214
4 1245 rs6819896 126116915 4 -0.00262723382866652 126006971 126136137 129166
4 1438 rs2357604 148077418 2 0.00262298948616036 148075340 148207413 132073
4 1422 rs11100883 146450970 4 0.0026066759492623 146350184 146488327 138143
4 1644 rs2952482 168338506 2 0.00257547291079518 168338506 168390470 51964
4 291 rs11730020 22246276 2 -0.0025170382950048 22235796 22266680 30884
4 1587 rs2597498 163335540 2 -0.00250802945351545 163332375 163392037 59662
4 1170 rs10017879 116658800 3 -0.00249767922312397 116527361 116667561 140200
4 779 rs1247574 74521045 2 -0.00246546897459326 74504614 74528627 24013
4 896 rs1442164 85274948 6 0.00245617748621815 85159891 85274948 115057
4 634 rs7667406 57503077 1 0.00239756782366697 57477794 57503077 25283
4 223 rs16893404 16365531 2 0.00238278642283845 16365531 16419601 54070
4 199 rs905043 14539140 1 0.0023814327050749 14509986 14572063 62077
4 1057 rs7657942 104540960 1 -0.00237465570277181 104428500 104553287 124787
4 1856 rs2063905 183198752 1 -0.00232520508092938 183198752 183213736 14984
4 1214 rs6842940 122401640 5 0.00231988843960724 122369141 122413032 43891
4 1143 rs1354681 113954926 1 -0.00230777435472699 113927365 113954926 27561
4 1270 rs7441245 129436625 3 0.00229576392514585 129382634 129465489 82855
4 649 rs2177642 58197731 3 0.00228449814278962 58146234 58198454 52220
4 687 rs6854914 62076443 1 0.00226230729427017 61984568 62083565 98997
4 1749 rs2167095 177373302 1 0.00225466889377307 177350693 177440967 90274
4 211 rs13116304 15569146 2 0.00225337043789081 15493755 15672200 178445
4 433 rs10023150 34595824 2 0.00224292843594893 34541266 34720856 179590
4 1437 rs4485803 148051452 2 -0.00223013788007952 148039230 148051452 12222
4 1216 rs3811745 122531359 3 0.00222943809741258 122473563 122559883 86320
4 307 rs1565537 23739796 1 -0.00221048615079491 23724215 23759757 35542
4 791 rs11734944 75681217 2 -0.00219495130775265 75659256 75683161 23905
4 1403 rs11930321 143305002 2 -0.00215662400584997 143234593 143349518 114925
4 802 rs924937 76769442 1 0.00215098960717951 76769442 76780943 11501
4 1043 rs13434873 102451022 2 -0.00214734469582072 102451022 102508948 57926
4 561 rs7659184 45133240 2 0.00213755790607326 45057997 45182527 124530
4 384 rs16881220 28954136 3 -0.00212750910876428 28954136 29095909 141773
4 593 rs1077966 54517341 2 0.00211610913808092 54453676 54517341 63665
4 1036 rs1396286 101642607 1 0.00211592305395403 101490650 101642607 151957
4 1277 rs186444 129825629 2 0.00211456206274105 129737089 129873147 136058
4 582 rs309875 48335265 1 -0.00208937919256277 48229886 48335265 105379
4 1975 rs11734306 188973194 2 -0.00208714843341048 188971489 188985493 14004
4 1948 rs9999651 187366649 4 -0.00208210866320008 187358040 187388958 30918
4 556 rs13144404 44435685 1 0.0020803799590139 44401672 44435685 34013
4 841 rs1484140 80234648 1 -0.00204302650499847 80135060 80234648 99588
4 617 rs12641893 56628525 2 0.00203917174580596 56551185 56629191 78006
4 707 rs549815 64275466 2 -0.00201334716041129 64174876 64299915 125039
4 713 rs9918005 65423635 3 0.00200556689439085 65346967 65437395 90428
4 1894 rs4862298 184988203 2 -0.00199172126436878 184952645 184990090 37445
4 283 rs1817324 21546537 2 0.00197804441203145 21506851 21571755 64904
4 68 rs3755849 5836702 4 -0.00197550183773289 5830296 5843328 13032
4 1140 rs10433899 113724108 1 -0.00194902265131717 113658372 113765546 107174
4 1124 rs536099 111812462 1 -0.00193769895983611 111812462 111869115 56653
4 1779 rs17716609 179481553 4 0.00192084408012287 179470439 179493721 23282
4 1334 rs10519392 137485929 1 0.00191103725489929 137413277 137493839 80562
4 48 rs4348042 4815336 2 -0.00191037393460587 4794814 4822309 27495
4 526 rs1377345 41322070 2 -0.00190834103010943 41309544 41346808 37264
4 1522 rs10517620 156676558 1 0.00189443884240954 156622727 156677592 54865
4 1492 rs13119846 154415184 2 0.00189408079130609 154389653 154427319 37666
4 1396 rs3098028 142204757 6 -0.00187331112124138 142197917 142205515 7598
4 1385 rs6536958 141357957 1 0.00185115488980156 141262836 141372158 109322
4 130 rs7660199 8157710 1 -0.00184869632895293 8157710 8157710 0
4 719 rs1451180 66219433 2 -0.00184663412267726 66150055 66244369 94314
4 134 rs754740 8331956 2 0.00184000132884523 8320126 8342853 22727
4 149 rs1001216 10168849 1 0.00182889761184817 10155041 10263245 108204
4 1215 rs17382098 122426239 1 0.00181991508229472 122426239 122450475 24236
4 446 rs1510653 36015133 1 -0.00180246201304803 36013141 36015133 1992
4 1563 rs13145112 161206712 2 -0.00179894427541344 161116677 161206712 90035
4 684 rs1486492 61830190 1 0.00179175824420371 61825087 61836190 11103
4 151 rs6835433 10484987 5 0.0017774812124738 10419465 10528226 108761
4 1877 rs11723316 184415338 3 0.00177590628240356 184345714 184415338 69624
4 1702 rs7658148 174235624 1 0.00176159901518853 174199490 174251422 51932
4 1357 rs10434201 139395536 2 -0.00175973056754459 139395536 139396007 471
4 1938 rs7676342 186901587 1 0.00175869250004609 186893350 186901587 8237
4 1212 rs7654307 122187618 3 -0.00175721883649888 122156142 122203163 47021
4 1562 rs17329555 161105967 1 0.00175063230196674 161094977 161109431 14454
4 1434 rs1347655 147905897 2 0.00174301006940053 147701619 147935557 233938
4 447 rs13152028 36060318 3 0.00174204257837938 36046629 36085412 38783
4 1848 rs6816160 182942414 2 -0.0017392143386395 182918564 182942414 23850
4 46 rs1000578 4721078 1 -0.00173582972260014 4687339 4727507 40168
4 1470 rs1596291 152410631 2 -0.00172852869946771 152355268 152590337 235069
4 518 rs2437346 40831652 3 0.00171290362100397 40804537 40843288 38751
4 754 rs7437229 70774400 1 -0.00170862299249145 70734059 70846936 112877
4 1133 rs7654718 112905223 3 -0.00170190964712926 112874121 113099045 224924
4 872 rs13116695 83094251 2 0.00169149062007664 83094251 83118318 24067
4 1643 rs11132983 168256989 1 0.00168248607527398 168256989 168316748 59759
4 443 rs5011112 35751033 3 0.00167833024154989 35673557 35765765 92208
4 1145 rs626267 114016978 2 -0.00167178273289674 114010341 114019871 9530
4 167 rs6845061 11624085 3 -0.00167030338080061 11571164 11624085 52921
4 426 rs10025667 32695806 3 -0.00166592852821814 32695806 32813842 118036
4 1873 rs11941467 184190233 3 0.00165290359451288 184190233 184249490 59257
4 1340 rs1589127 137885582 4 -0.00162586292541236 137874783 137964269 89486
4 209 rs4303974 15375984 2 0.00162159959104651 15369280 15380910 11630
4 1409 rs11947756 144398793 1 0.00162031576195132 144357737 144406061 48324
4 1040 rs1405688 102074134 1 -0.00161010502423882 102037719 102074134 36415
4 1350 rs12374402 138678024 3 0.00160772682010402 138601710 138692250 90540
4 753 rs9685617 70588741 2 -0.00160290005778869 70588741 70725821 137080
4 1009 rs7659471 97915370 2 0.00159642824915302 97915370 98045861 130491
4 491 rs12233670 38787216 3 -0.00156338941072597 38774785 38806019 31234
4 361 rs1013532 27157313 1 0.00155080449868667 27139247 27175502 36255
4 253 rs2048963 18696177 2 -0.00154904217084903 18668957 18722405 53448
4 488 rs16994718 38688362 2 0.0015471829553315 38611802 38689042 77240
4 901 rs7685784 86074453 1 0.00154471674754704 85993738 86100764 107026
4 1638 rs6826162 167450233 2 0.00153744237242547 167412572 167540460 127888
4 1985 rs6826087 189475684 4 -0.0015224533971538 189447377 189499865 52488
4 1713 rs2332756 175002057 1 -0.00150594168146493 174991468 175009881 18413
4 1188 rs4560487 118828807 1 0.00149895476885511 118820791 118870933 50142
4 197 rs4698737 14368628 1 0.00146738185099971 14350981 14370747 19766
4 260 rs3912647 19667641 2 -0.00145819370661362 19598710 19795105 196395
4 939 rs13353765 90116432 1 -0.00145024745480802 90091547 90116432 24885
4 310 rs2946403 23921453 2 -0.00144417411433559 23893369 23921453 28084
4 1431 rs2679141 147325925 4 -0.00144184647391871 147180527 147326974 146447
4 19 rs13128459 2471236 1 0.00143052201339675 2460546 2519924 59378
4 604 rs2237034 55528653 1 0.00142715796680679 55492212 55531875 39663
4 1204 rs1685593 121371794 1 -0.00141758374386859 121347367 121371794 24427
4 907 rs9307010 86706193 2 -0.00141291280227568 86615391 86709899 94508
4 1780 rs5012200 179539753 1 -0.00140595468807106 179514388 179541387 26999
4 1442 rs17613180 148486299 1 -0.00137764703353054 148461073 148491480 30407
4 313 rs2215488 24072063 1 -0.00137619541099357 24063297 24118165 54868
4 1867 rs12648546 183661673 1 -0.00137513295318107 183655548 183664522 8974
4 1842 rs7659598 182699379 1 -0.00136873566990197 182699379 182704551 5172
4 1185 rs17867524 118562309 2 -0.00136846289450664 118551128 118652449 101321
4 503 rs17585937 40045687 4 0.00136611135002713 40035491 40139719 104228
4 311 rs1316861 23977778 4 0.0013630222029006199 23957254 23996375 39121
4 118 rs2079169 7685529 1 0.0013605571474644 7683417 7689152 5735
4 106 rs4689677 7280033 2 -0.0013476221167835 7280033 7288703 8670
4 1107 rs4698788 110719534 2 -0.00134604071457093 110681505 110734498 52993
4 995 rs4130507 96259062 1 0.00134043442389204 96255088 96266023 10935
4 914 rs6839933 87964363 7 0.00133973212943899 87754419 87976178 221759
4 1823 rs1357353 181935405 1 0.00133952462342335 181935405 181942406 7001
4 416 rs16885723 31715825 1 0.0013273968414959 31660739 31720459 59720
4 1001 rs17024592 96730586 1 -0.00132693769895953 96688897 96730586 41689
4 1459 rs12504006 150746787 1 0.00131871251410087 150688687 150852782 164095
4 1356 rs2976481 139339576 1 0.00131510089380379 139326271 139367276 41005
4 277 rs17448392 21189870 2 0.00130476856607371 21033853 21189870 156017
4 288 rs1913330 21929301 2 0.00130041598105876 21913523 21986877 73354
4 886 rs7670729 84246090 1 -0.0012985967531909 84230619 84246090 15471
4 822 rs17643945 78194110 1 0.0012970780267639 78168932 78216136 47204
4 1766 rs11131820 178683325 1 0.00128911042451623 178646542 178692400 45858
4 1933 rs6858186 186734480 2 -0.00125512405435197 186721885 186735780 13895
4 1370 rs17050847 140578500 2 -0.0012547819680559 140552399 140585089 32690
4 282 rs16871093 21469139 1 -0.00125197819835162 21469139 21494981 25842
4 453 rs12507648 36546041 2 0.00124050114406691 36543025 36656080 113055
4 811 rs4859673 77364799 3 -0.0012384083530452 77357778 77424167 66389
4 1626 rs1320225 166508518 1 0.00123376977154866 166497317 166532454 35137
4 1178 rs12649613 117946646 1 0.00123270562340118 117897658 117993779 96121
4 1754 rs1545089 177854130 2 0.00122865530047489 177814863 177854130 39267
4 1866 rs6841510 183628586 1 -0.00122825786960631 183605088 183651765 46677
4 296 rs12507337 22661136 1 0.00121778635675171 22631389 22686317 54928
4 1414 rs4303930 145135525 2 0.0012175710441078699 145130096 145141405 11309
4 743 rs6552123 68686507 1 -0.00121334308308227 68672416 68689874 17458
4 203 rs4698295 14812935 1 0.00120309126751903 14811962 14813651 1689
4 1157 rs7662446 114702819 1 0.00120035901012743 114690439 114702819 12380
4 395 rs2613180 30132119 1 0.00119243365170131 30132119 30132119 0
4 1520 rs7680331 156540258 1 -0.00119174633341779 156540258 156540258 0
4 814 rs76656494 77661017 2 -0.00118968795113165 77626887 77701909 75022
4 982 rs12641765 94962497 5 0.00118921618640489 94862267 94968451 106184
4 525 rs10938677 41222917 1 -0.001186359295704 41222917 41283279 60362
4 1152 rs916874 114392393 2 0.00117632786968052 114332705 114437456 104751
4 668 rs7681982 60257454 1 -0.00117453377277826 60209085 60283466 74381
4 1488 rs10001638 154055176 1 0.00116906122322722 154055176 154087520 32344
4 1875 rs6821104 184292528 2 0.00115882722921761 184292528 184305340 12812
4 487 rs7654396 38570708 1 0.00115726714758252 38570708 38596365 25657
4 190 rs10005317 13887264 1 -0.00115498054099329 13887264 13922335 35071
4 467 rs115231391 37633026 1 0.00114252717172419 37597591 37648845 51254
4 1849 rs17072678 182964412 1 -0.0011361539999872 182964412 182975220 10808
4 1531 rs17034575 157349944 1 -0.0011329078400769 157349944 157373247 23303
4 1688 rs6857184 172451166 1 0.00112435330914382 172416533 172473735 57202
4 1773 rs1458717 179114110 1 0.00112413460607776 179032994 179125887 92893
4 1818 rs2545266 181676506 1 -0.00111762959640108 181647206 181699644 52438
4 2 rs1127410 533001 3 -0.00111651105702357 514629 658089 143460
4 1481 rs13124365 153629791 2 -0.00109772225068421 153629791 153641782 11991
4 1207 rs17051273 121792785 2 0.00109059070353415 121645012 121795956 150944
4 478 rs6854035 38181054 5 0.00108707804482215 38170057 38193772 23715
4 936 rs2869967 89869332 2 -0.00108667311287553 89751858 89886297 134439
4 1028 rs3792683 100510903 1 -0.00108530816345771 100457841 100642113 184272
4 1055 rs7662107 104258396 2 -0.00108484524560189 104235380 104340317 104937
4 986 rs2452600 95496882 1 -0.00108119523801791 95470815 95525186 54371
4 353 rs13115567 26163108 1 -0.00108096733160367 26163108 26175955 12847
4 748 rs6818594 69850452 1 0.00107214650959988 69646009 69850452 204443
4 601 rs218237 55394172 1 0.00106357607788097 55354275 55394323 40048
4 854 rs6837827 81225455 1 0.00104018471262986 81225455 81233244 7789
4 340 rs6448388 25654566 1 0.0010341932759751701 25638736 25674194 35458
4 1063 rs960345 105230647 1 0.00103289428235524 105061061 105231848 170787
4 988 rs6812065 95626444 1 0.00102077305208411 95618987 95631307 12320
4 1451 rs2248038 149364999 1 -0.00101341167518063 149357475 149385504 28029
4 1430 rs11722991 147037235 1 -0.00100672279750941 147028405 147137951 109546
4 946 rs1495556 90458283 1 0.00100491501705995 90441444 90492766 51322
4 590 rs2001881 53993103 2 -0.00100296980731342 53993103 54203701 210598
4 1466 rs6854740 151666257 1 -0.00100108077053483 151515966 151794207 278241
4 1870 rs17271644 183809272 1 9.931384469584017e-4 183809272 183812287 3015
4 655 rs343549 58614509 1 9.89141992107305e-4 58614509 58670994 56485
4 1016 rs12509170 99546928 1 -9.867014337580158e-4 99541283 99546928 5645
4 221 rs10516298 16164230 4 9.848496452488666e-4 16113889 16189136 75247
4 348 rs11728123 25983887 1 -9.77354305692255e-4 25983887 25983887 0
4 1049 rs2631267 102948472 1 9.741874109203026e-4 102948472 103016878 68406
4 66 rs12331393 5759347 4 9.6597397997143e-4 5746620 5761366 14746
4 1111 rs7662161 110975433 2 9.560372558573916e-4 110975433 111030787 55354
4 1461 rs7655571 150955500 1 -9.547512852953934e-4 150955500 150955500 0
4 1247 rs4834025 126216963 1 -9.520195006001568e-4 126216963 126216963 0
4 1474 rs17028543 152991825 1 -9.476536359645504e-4 152943626 152991825 48199
4 554 rs10938322 44021975 2 -9.470595008193084e-4 44016954 44093499 76545
4 1641 rs10517920 167932509 1 9.374997253025163e-4 167866712 168054033 187321
4 801 rs2089253 76697211 6 9.373442403497212e-4 76519096 76730195 211099
4 1692 rs332995 172864640 2 -9.21453119804975e-4 172816200 172896473 80273
4 1549 rs6832186 159481490 3 9.200124503384012e-4 159481490 159642576 161086
4 752 rs4148301 70462042 1 -9.147866414317562e-4 70455478 70516520 61042
4 449 rs35822395 36230843 1 9.14541090782926e-4 36230843 36293143 62300
4 1149 rs29305 114216924 2 9.089168525212745e-4 114192493 114224764 32271
4 502 rs922749 39894988 4 -9.049404685622016e-4 39818522 39999094 180572
4 1816 rs3113765 181535808 1 9.039644095822772e-4 181535808 181563007 27199
4 135 rs1678272 8353829 1 9.027831769670158e-4 8353829 8377058 23229
4 1041 rs13142024 102089849 1 8.981938643941914e-4 102084331 102197855 113524
4 1087 rs2726655 108572567 2 8.851887325494075e-4 108506584 108587771 81187
4 1104 rs10005272 110250481 2 8.841529460396798e-4 110228717 110466758 238041
4 1061 rs6533126 104882439 1 8.835252416848025e-4 104882439 104882439 0
4 489 rs1000096 38692835 2 8.802285702486515e-4 38692835 38722709 29874
4 513 rs6841429 40565469 1 -8.733369609242004e-4 40565469 40565469 0
4 1388 rs6843792 141682299 1 -8.731582361448444e-4 141578155 141682299 104144
4 1309 rs976259 134153787 2 -8.635911691032249e-4 134123827 134153787 29960
4 164 rs11725667 11513562 1 8.540063438393691e-4 11455518 11515688 60170
4 1326 rs17579742 136381862 1 -8.440249792203992e-4 136339396 136381862 42466
4 462 rs6826632 37406820 1 8.366694716687171e-4 37390658 37406820 16162
4 703 rs11131413 63667799 2 -8.148490074336522e-4 63667799 63704039 36240
4 612 rs17709898 55957723 1 -8.141193841596196e-4 55957723 55957723 0
4 1709 rs11941310 174705265 1 8.115700396753243e-4 174705265 174731952 26687
4 43 rs12504020 4524826 1 8.010294411916277e-4 4524826 4562916 38090
4 1657 rs17707379 169509103 1 7.890305374933703e-4 169500402 169509103 8701
4 343 rs959903 25810096 1 7.796829027019147e-4 25803830 25810096 6266
4 417 rs13136356 31758426 1 7.792148105749555e-4 31751775 31758426 6651
4 1109 rs2237051 110901198 2 -7.700441593211e-4 110825634 110904502 78868
4 1760 rs13112358 178274750 2 7.684683924961515e-4 178269670 178274750 5080
4 1432 rs4835037 147374606 1 7.682035088028727e-4 147370156 147469133 98977
4 321 rs1395221 24626903 2 -7.668196603413903e-4 24528048 24626903 98855
4 522 rs7665863 41080894 4 7.640312336660874e-4 41074389 41140233 65844
4 226 rs10805350 16531401 1 7.603539320824806e-4 16531401 16537510 6109
4 1559 rs4690958 160766276 1 7.596258700660732e-4 160747055 160766276 19221
4 1767 rs17752004 178718914 1 -7.436922584503986e-4 178711450 178754587 43137
4 413 rs933954 31357836 1 -7.413013811856317e-4 31354090 31397618 43528
4 922 rs1054628 88732911 1 -7.270385641986275e-4 88724600 88755967 31367
4 1795 rs17831521 180528017 1 -7.246695934133006e-4 180521957 180542333 20376
4 1729 rs6820739 176028487 2 7.206240381519653e-4 176028487 176110924 82437
4 1354 rs3096659 139260411 1 7.06159000957068e-4 139243656 139262538 18882
4 1148 rs11933707 114109593 1 7.002377540431083e-4 114105776 114144661 38885
4 1062 rs12651382 104955958 1 6.915205532844733e-4 104944893 105053161 108268
4 689 rs1350246 62276356 2 6.911474715021837e-4 62258836 62276356 17520
4 1289 rs7675104 131340368 1 6.905940155725323e-4 131301036 131438739 137703
4 1195 rs10857064 120009168 1 -6.904437477081007e-4 120008569 120013590 5021
4 114 rs4689773 7522239 1 6.858081253553959e-4 7492414 7522239 29825
4 1448 rs7670069 149063523 1 6.850703595574493e-4 149040160 149131264 91104
4 1648 rs10002325 168705038 1 6.844031879970922e-4 168671673 168705038 33365
4 1449 rs17620822 149190257 1 -6.828160412804422e-4 149170058 149229338 59280
4 846 rs9991949 80634958 4 6.792120262029038e-4 80608250 80688396 80146
4 1194 rs6828669 119947135 3 -6.759804466201231e-4 119947135 119963646 16511
4 712 rs12501821 65309971 1 6.73639895974954e-4 65309971 65309971 0
4 1439 rs2714886 148229316 1 6.736350065169172e-4 148229316 148289389 60073
4 162 rs917684 11352031 1 -6.713480199591953e-4 11289125 11401087 111962
4 1137 rs7681983 113328669 1 -6.618732532531447e-4 113311741 113328669 16928
4 1965 rs6831858 188166889 1 -6.610874187995119e-4 188166889 188191306 24417
4 619 rs3214045 56874517 2 6.551516269851854e-4 56780461 56874517 94056
4 1186 rs11562835 118667520 1 -6.480745182722608e-4 118663111 118727351 64240
4 1353 rs4131888 139123748 1 -6.47895347660007e-4 139123748 139183123 59375
4 1581 rs2163492 162797025 1 6.440871197873255e-4 162737097 162797025 59928
4 742 rs2630489 68591252 1 6.439089218631518e-4 68483472 68629070 145598
4 1899 rs12503492 185179394 1 6.437373568296062e-4 185172565 185205186 32621
4 1564 rs1532391 161240911 1 6.426908809125764e-4 161211232 161240911 29679
4 1813 rs2546614 181426359 2 6.404540202629331e-4 181382631 181441904 59273
4 1567 rs1946869 161386383 1 -6.396390727883247e-4 161343388 161413994 70606
4 1290 rs1968821 131499397 6 6.388982307001275e-4 131451365 131502194 50829
4 1225 rs1512970 123561067 1 6.375807358018642e-4 123561067 123563078 2011
4 469 rs2995977 37752668 1 -6.303246654415549e-4 37711228 37754104 42876
4 1500 rs7663313 154908572 1 -6.269729437238032e-4 154883493 154938328 54835
4 1498 rs1105491 154726634 1 6.25582900270142e-4 154664697 154726634 61937
4 1228 rs149240 124136378 1 -6.250590461324148e-4 124136378 124242996 106618
4 913 rs10516783 87710252 1 -6.203362810471783e-4 87351740 87743984 392244
4 1836 rs13107304 182432295 2 -6.200600488245969e-4 182431113 182463971 32858
4 1142 rs12503954 113916575 1 -6.12995512770845e-4 113916575 113917110 535
4 381 rs6833159 28832788 1 6.104746708933117e-4 28831239 28863159 31920
4 546 rs6850625 43082956 2 6.103786694028584e-4 43019669 43140284 120615
4 942 rs2005104 90211779 1 -6.100989284912702e-4 90193727 90211918 18191
4 1250 rs72675395 126412154 1 -6.043794908071443e-4 126371814 126422859 51045
4 1100 rs7679355 109999116 2 -6.00532003708944e-4 109999116 110017206 18090
4 847 rs11735728 80793114 2 5.981123741292297e-4 80732878 80812960 80082
4 1455 rs10003214 149794284 2 -5.920381724853539e-4 149742690 149949967 207277
4 44 rs4689174 4579042 1 -5.897299569833218e-4 4579042 4593893 14851
4 1645 rs10517948 168524969 1 -5.805434979520922e-4 168515495 168545610 30115
4 410 rs6448754 31196514 1 5.801679445245477e-4 31187185 31196514 9329
4 1953 rs455219 187622064 1 -5.741992227709277e-4 187591526 187630590 39064
4 1973 rs7439650 188904235 2 -5.693318483869496e-4 188904235 188904235 0
4 1790 rs17067488 180280410 2 -5.692883826028087e-4 180250564 180298293 47729
4 1018 rs13134776 99657397 1 -5.633883847536347e-4 99608363 99657397 49034
4 1786 rs11724611 180002879 1 -5.604116286690743e-4 179992133 180014954 22821
4 252 rs11728685 18465884 3 -5.546634463011955e-4 18315750 18502436 186686
4 1213 rs2302309 122257950 1 5.50567924421265e-4 122249743 122348834 99091
4 927 rs2725264 89026109 2 5.483207674396417e-4 88973006 89026109 53103
4 630 rs12644498 57372630 1 -5.47807377028819e-4 57187197 57372630 185433
4 1628 rs1870478 166605363 2 -5.45190632978878e-4 166602585 166605363 2778
4 1246 rs9998852 126170152 1 -5.43589548127715e-4 126169900 126172904 3004
4 866 rs4401444 82620131 2 5.423003501413815e-4 82587050 82624148 37098
4 1630 rs7694605 166705990 1 -5.408378583807787e-4 166705990 166785679 79689
4 109 rs7681365 7352477 1 -5.400244401062668e-4 7347203 7352477 5274
4 1275 rs1364968 129654127 1 -5.358743887096835e-4 129646870 129676063 29193
4 919 rs6822632 88502642 1 5.344915952738323e-4 88502642 88509940 7298
4 1509 rs6056 155488821 1 -5.329514757006056e-4 155448553 155542248 93695
4 602 rs218280 55424289 1 5.3192166752522e-4 55411087 55424655 13568
4 241 rs16894953 17361114 1 5.284263082571453e-4 17330760 17361114 30354
4 616 rs12506506 56526433 1 5.260786795333396e-4 56467214 56527767 60553
4 1305 rs11930973 133694117 2 -5.24711328786723e-4 133572572 133707298 134726
4 989 rs4348103 95678443 1 -5.210935867389213e-4 95644727 95678443 33716
4 1128 rs9307366 112233572 4 -5.17674071403555e-4 112217944 112277270 59326
4 1126 rs17042997 112145870 1 5.170128636053777e-4 112061855 112157798 95943
4 1452 rs12644824 149525713 1 5.169899518858084e-4 149461969 149525713 63744
4 1064 rs9307295 105405240 1 5.163587081535012e-4 105333354 105405240 71886
4 280 rs6448050 21407759 3 -5.097525888653653e-4 21341637 21407759 66122
4 1868 rs2309777 183722743 1 5.094394843384771e-4 183709536 183722743 13207
4 14 rs1923775 2103096 1 5.073758052679904e-4 2103096 2103096 0
4 826 rs920666 78511203 1 5.07007857172011e-4 78511203 78511203 0
4 338 rs10013819 25577184 1 5.035548200182033e-4 25576330 25578269 1939
4 1576 rs10007971 162327567 1 4.995105618309827e-4 162290225 162350385 60160
4 1672 rs4588426 170895510 1 4.945111682783201e-4 170801265 170904165 102900
4 758 rs10007509 71171720 1 4.90257691060931e-4 71150652 71237421 86769
4 984 rs4359908 95340174 1 -4.892489800873943e-4 95329157 95340174 11017
4 1199 rs17006835 120775160 1 -4.890193999651778e-4 120704766 120788956 84190
4 1352 rs4640713 138853076 1 -4.880118294467918e-4 138853076 139064115 211039
4 414 rs1966546 31427408 1 4.866587526831242e-4 31413759 31427408 13649
4 412 rs6820923 31334007 2 4.849528606024731e-4 31319406 31335613 16207
4 49 rs6819546 4851979 1 -4.825210630512994e-4 4849402 4852354 2952
4 706 rs2346648 63895857 2 -4.746227303927303e-4 63883185 64103715 220530
4 147 rs10012779 10038112 1 4.7060663006166955e-4 9920347 10062326 141979
4 207 rs1455207 15128633 1 4.663204994944887e-4 15038411 15145180 106769
4 1343 rs10519412 138129929 4 -4.643800042035006e-4 138087831 138164950 77119
4 1163 rs10024217 115458115 2 4.636750251452829e-4 115368816 115462264 93448
4 331 rs13124493 25048536 1 -4.626807345921032e-4 25040676 25066802 26126
4 1671 rs7666155 170757025 2 -4.601721720175395e-4 170754412 170757025 2613
4 218 rs2058147 15992486 2 4.574890932718042e-4 15982480 16011211 28731
4 534 rs6839810 41850006 1 -4.557506844434329e-4 41841334 41889667 48333
4 1192 rs1565475 119860592 1 -4.550907989416689e-4 119817622 119860977 43355
4 315 rs4697052 24223553 1 4.521452086058622e-4 24223553 24264901 41348
4 1015 rs7695093 99443585 1 -4.513929108000424e-4 99428163 99510279 82116
4 688 rs12505990 62140177 1 4.389449556866867e-4 62106989 62140177 33188
4 786 rs1350666 75224590 1 4.361007903767265e-4 75199609 75243119 43510
4 1468 rs36097019 152201053 4 4.337348982227675e-4 152172980 152213113 40133
4 362 rs7356206 27254091 1 4.326152643458993e-4 27202594 27254091 51497
4 1572 rs4128879 161878992 1 4.296599680404546e-4 161863893 162001907 138014
4 1954 rs6553020 187668886 1 4.2711218938942406e-4 187668795 187678866 10071
4 98 rs7675524 6951583 1 4.243437231878035e-4 6918679 7069804 151125
4 1101 rs7692025 110168834 2 -4.239590470033765e-4 110136612 110189698 53086
4 216 rs2532098 15934723 1 4.218954638724361e-4 15930961 15937731 6770
4 59 rs9985541 5265305 1 -4.2173003766920927e-4 5265305 5265305 0
4 543 rs1562839 42813800 1 4.182831469414875e-4 42796127 42823790 27663
4 1726 rs2029570 175675480 1 4.1546809552591503e-4 175667606 175675480 7874
4 803 rs13120456 76809074 3 4.058507924340576e-4 76809074 76818367 9293
4 1731 rs9994051 176344294 1 -4.024560293132814e-4 176289800 176349829 60029
4 1751 rs13131892 177529663 1 -3.98778844864856e-4 177481511 177531472 49961
4 1183 rs6852211 118445531 2 3.982495073746084e-4 118396886 118473924 77038
4 70 rs6840908 5931208 1 3.9551838119241507e-4 5924289 5931208 6919
4 999 rs7699716 96428992 1 3.8570168473859505e-4 96390834 96434992 44158
4 653 rs11726599 58478525 1 -3.832871776282879e-4 58408330 58491683 83353
4 80 rs7376535 6236514 1 -3.826660130525195e-4 6236514 6236514 0
4 1238 rs17008220 125391283 1 -3.8197912793427473e-4 125391283 125465163 73880
4 1926 rs13123635 186504441 1 3.786682739978653e-4 186467147 186504441 37294
4 1166 rs7675371 115829919 1 3.775706009008176e-4 115813013 115829919 16906
4 855 rs7666589 81488421 4 3.7740884363996705e-4 81254610 81535393 280783
4 438 rs6531347 35218959 1 -3.7316555643759897e-4 35195922 35248847 52925
4 344 rs6831024 25863375 1 3.716704833646484e-4 25818473 25863375 44902
4 1808 rs10520443 181158380 1 3.675728517635425e-4 181153885 181161490 7605
4 171 rs6448852 12017993 1 -3.670531139817894e-4 12017993 12182361 164368
4 716 rs1595974 65798746 2 -3.652691225571451e-4 65677447 65817978 140531
4 1078 rs1522207 107420809 3 -3.637054569052304e-4 107318580 107499928 181348
4 330 rs4235326 25009491 1 3.6333004371072225e-4 24996698 25009491 12793
4 1835 rs4861478 182411624 2 3.626891997189843e-4 182410954 182416097 5143
4 550 rs1582714 43756450 1 -3.624672609808484e-4 43478594 43775063 296469
4 481 rs991331 38308761 2 3.613180843971384e-4 38308761 38309613 852
4 1693 rs17057887 172943891 1 -3.6000346937173344e-4 172929844 172953080 23236
4 1258 rs10213170 127224641 1 3.5845259833670667e-4 127201582 127235715 34133
4 76 rs16838138 6058701 1 3.571277523637587e-4 6058701 6058701 0
4 1088 rs2522426 108621483 2 3.5394431499387763e-4 108611941 108732508 120567
4 1557 rs1502724 160495534 3 -3.499742944137381e-4 160477041 160574450 97409
4 174 rs13109502 12541613 2 -3.467733564095926e-4 12440385 12585408 145023
4 1333 rs13106779 137359917 2 -3.4558798542894e-4 137323344 137359917 36573
4 698 rs778554 63322306 1 -3.4532262364691266e-4 63258627 63323188 64561
4 45 rs6840368 4645158 1 3.421578822794429e-4 4629166 4678511 49345
4 1943 rs9991339 187088248 1 -3.405552431904661e-4 187086562 187100384 13822
4 261 rs12499928 19879958 1 3.370924803832468e-4 19821565 19879958 58393
4 1021 rs1238741 99983312 1 -3.3629035275469334e-4 99883163 99983312 100149
4 1424 rs4835011 146560236 1 -3.3556738410736055e-4 146539630 146644389 104759
4 1167 rs505277 116028808 1 3.343014412879318e-4 115897055 116029548 132493
4 1687 rs4692883 172367540 1 -3.2960067153830976e-4 172367126 172367775 649
4 1934 rs13111004 186751133 1 -3.284390528170758e-4 186746956 186758065 11109
4 1443 rs4835446 148631527 3 -3.268814647823749e-4 148554421 148696917 142496
4 747 rs11727878 69213885 1 -3.23876810567467e-4 69138643 69597175 458532
4 796 rs1365162 75993726 2 3.226898670101186e-4 75992533 76072424 79891
4 1582 rs1549828 162840766 1 3.198952359531385e-4 162822306 162912081 89775
4 1131 rs4833869 112576171 1 3.1964914700721795e-4 112568464 112764190 195726
4 1733 rs2333233 176538654 1 3.196479394701673e-4 176538654 176568582 29928
4 950 rs34001515 91025850 1 3.1852791960067337e-4 90916437 91069888 153451
4 419 rs12513173 32001509 1 3.160627857617392e-4 31909356 32129961 220605
4 862 rs1452373 82284055 1 3.153025730686307e-4 82134787 82315470 180683
4 834 rs1454890 79266563 1 3.1399442427961394e-4 79254058 79295322 41264
4 383 rs4326073 28935317 1 -3.136139894562433e-4 28935317 28935317 0
4 1317 rs4241952 135439906 1 -3.1268169436251804e-4 135428455 135440831 12376
4 1416 rs2657799 145282779 2 3.10310661830369e-4 145254685 145513053 258368
4 672 rs17089834 60680656 1 3.102953870427021e-4 60674843 60681208 6365
4 1655 rs2634951 169372709 1 -3.0562268714560785e-4 169348404 169401199 52795
4 1401 rs336304 143019415 1 3.051677319534618e-4 142969773 143049980 80207
4 1328 rs958632 136572585 1 3.034003458013699e-4 136570132 136572585 2453
4 1542 rs1032334 158637156 2 -2.9897624910410215e-4 158540375 158669702 129327
4 676 rs10517498 61210768 1 -2.9445567346890326e-4 61080364 61210768 130404
4 402 rs7700123 30455876 1 -2.9135907395690845e-4 30455150 30460011 4861
4 1112 rs6533495 111055435 2 -2.898745013696439e-4 111055435 111055435 0
4 643 rs4579186 58015899 1 2.8388147767578113e-4 58015899 58015899 0
4 97 rs13115900 6876569 1 2.8292100149539604e-4 6854060 6890937 36877
4 67 rs4689304 5784934 2 -2.7670298635094296e-4 5784934 5816938 32004
4 1368 rs6853235 140253202 1 2.732558284954356e-4 140188094 140370149 182055
4 1898 rs11724229 185128641 2 2.7233423948972563e-4 185127748 185128641 893
4 51 rs4689967 4984192 1 2.708342222060156e-4 4942150 4984192 42042
4 795 rs9090 75972413 3 -2.671167086311717e-4 75929358 75980925 51567
4 1718 rs12651414 175126378 1 2.6241584439850305e-4 175126378 175126378 0
4 1197 rs4833624 120585497 1 -2.619735662506152e-4 120502461 120587803 85342
4 17 rs11731588 2351350 1 -2.552720351435866e-4 2332705 2351350 18645
4 941 rs11733183 90170094 1 2.5059656908644595e-4 90170094 90180437 10343
4 404 rs12374222 30612026 1 -2.4193906676017537e-4 30556489 30633835 77346
4 1918 rs4415003 185977226 1 -2.4068191010455e-4 185957817 185977226 19409
4 425 rs755773 32628884 2 -2.4058507939328836e-4 32609134 32642222 33088
4 155 rs7698615 10877223 1 2.3959486424531543e-4 10871655 10909225 37570
4 1922 rs6848938 186302038 1 -2.3838077957282367e-4 186281755 186302406 20651
4 1011 rs11097560 98286926 1 -2.3693456700750416e-4 98286926 98432390 145464
4 1372 rs1453132 140642444 4 -2.319841415714404e-4 140606425 140651229 44804
4 717 rs1440931 65902264 1 2.311520055671023e-4 65840580 65908016 67436
4 923 rs4693894 88797798 5 2.3057021419613764e-4 88765516 88805208 39692
4 1998 rs1551137 190438606 1 2.286766350925035e-4 190438606 190467123 28517
4 1236 rs13145092 125209067 1 2.28601261144604e-4 125073255 125225107 151852
4 263 rs6845174 20054356 2 -2.283066643948467e-4 20054356 20064263 9907
4 194 rs4698245 14242032 1 2.2516372199751677e-4 14182464 14269174 86710
4 1209 rs17051284 121972302 1 2.2390605316771492e-4 121938296 121974645 36349
4 545 rs2118030 42975329 1 -2.159278742082323e-4 42919640 42975329 55689
4 1600 rs10001689 164492395 2 -2.1560102311609871e-4 164492395 164564775 72380
4 228 rs16893678 16604857 1 -2.1107631652055375e-4 16594879 16610295 15416
4 148 rs3756227 10087995 1 2.1027007728775267e-4 10073785 10149595 75810
4 1653 rs2634932 169282903 1 -2.0884983505144785e-4 169227787 169298765 70978
4 609 rs2067951 55805555 1 -2.080288174468817e-4 55760897 55805555 44658
4 591 rs11725230 54312072 1 -2.0668759019079136e-4 54254146 54377540 123394
4 1027 rs13143848 100443720 1 2.0454407563207127e-4 100341861 100444684 102823
4 1471 rs7669761 152609304 1 -2.0147299264305636e-4 152609304 152746079 136775
4 1519 rs1466516 156517289 1 1.9876261324874e-4 156484198 156517289 33091
4 1276 rs11098986 129700043 1 -1.920240786032162e-4 129694008 129700043 6035
4 666 rs357833 59988095 2 1.918585447309797e-4 59988095 60082188 94093
4 284 rs1394135 21598315 1 -1.9037072132436315e-4 21576754 21634922 58168
4 394 rs12499826 30063389 2 -1.846216465402946e-4 30022650 30068213 45563
4 1704 rs6820651 174461343 1 -1.8373046471962807e-4 174454083 174471671 17588
4 1296 rs11938816 132179341 1 -1.8158106125224784e-4 132051076 132179341 128265
4 770 rs4296652 72938462 1 1.8118185051118287e-4 72927226 73117353 190127
4 843 rs3924829 80352632 2 1.8065531896753977e-4 80352632 80365765 13133
4 1091 rs10516550 109035828 1 -1.7949952212734606e-4 108931039 109111726 180687
4 553 rs1460634 43968054 1 1.794110010782074e-4 43968054 43986534 18480
4 1410 rs7692376 144466050 1 -1.7849780987477158e-4 144451912 144480013 28101
4 1798 rs17090640 180667647 1 1.7774590416770795e-4 180655625 180667647 12022
4 1976 rs4862860 189022420 2 -1.763046590134894e-4 188998692 189022420 23728
4 1338 rs17674050 137679664 1 1.7487906381906322e-4 137650213 137679664 29451
4 1983 rs13114765 189390949 1 1.7434412711206216e-4 189365509 189390949 25440
4 892 rs7656326 84853269 1 -1.7406910493854196e-4 84831724 84853269 21545
4 517 rs11727143 40739635 2 1.7230547462427915e-4 40739635 40778162 38527
4 399 rs10049908 30328822 1 -1.7199748558750623e-4 30243958 30349081 105123
4 422 rs733046 32432985 1 1.714882595945461e-4 32368307 32481587 113280
4 1684 rs13137432 172033347 1 1.6995703339695085e-4 172033347 172033347 0
4 1010 rs1462769 98257459 4 -1.6968569352476533e-4 98098473 98270800 172327
4 290 rs9291436 22165174 1 1.6963707979843562e-4 22165174 22202451 37277
4 641 rs12644747 57913112 1 -1.670596153687108e-4 57910214 57923774 13560
4 792 rs4076318 75701081 1 -1.6502910445694195e-4 75701081 75745515 44434
4 50 rs2968686 4895897 1 -1.625890102619361e-4 4888990 4923296 34306
4 1059 rs2106987 104789707 1 -1.6066164115066672e-4 104721398 104789707 68309
4 824 rs7677281 78341660 1 1.5981260680976176e-4 78335569 78419683 84114
4 934 rs11736472 89458051 1 1.5893615139595302e-4 89456219 89607905 151686
4 812 rs10016049 77456937 1 -1.586674742746575e-4 77454497 77464016 9519
4 1990 rs12507360 189885883 2 -1.580198527212451e-4 189818663 189885883 67220
4 813 rs7695340 77551310 5 -1.5711782176646937e-4 77487977 77597732 109755
4 1083 rs1807847 108083471 1 1.563309011836712e-4 108051500 108115222 63722
4 1072 rs2189228 106472577 2 1.5459620065366242e-4 106366687 106472577 105890
4 1267 rs58225850 128949799 3 1.5336899742452115e-4 128528617 129024273 495656
4 888 rs7672472 84529408 1 -1.498174667384612e-4 84374480 84550759 176279
4 332 rs1548820 25088253 1 -1.4786248656682336e-4 25072651 25107115 34464
4 871 rs6827036 83027442 2 1.451090761470672e-4 83019396 83045736 26340
4 38 rs4689316 4347505 5 1.4459364425202514e-4 4333418 4355774 22356
4 24 rs7664480 3084269 1 1.4317487550108513e-4 3084269 3196029 111760
4 254 rs4697637 18754324 1 -1.4290890796435268e-4 18754324 18754324 0
4 385 rs2019100 29224491 2 -1.40697516428108e-4 29135608 29303808 168200
4 245 rs2597791 17528463 1 -1.3856433530344073e-4 17519867 17537159 17292
4 1344 rs10519419 138225124 1 1.368567299939059e-4 138206940 138227898 20958
4 1158 rs13126791 114754302 5 -1.3481102169915263e-4 114709273 114855972 146699
4 1050 rs190223 103105685 1 1.3434246813852897e-4 103105685 103117289 11604
4 851 rs2168813 81126083 1 -1.339606976198665e-4 81069624 81135131 65507
4 1614 rs13126014 165726126 1 1.3379817372149912e-4 165721118 165746041 24923
4 354 rs10517097 26430147 1 1.317195335474393e-4 26308792 26460991 152199
4 145 rs10805342 9887086 3 -1.2933845252308205e-4 9804556 9889448 84892
4 767 rs2177921 72531761 2 1.2705097688750153e-4 72447421 72545947 98526
4 492 rs6851685 38893843 1 -1.2446832956715804e-4 38829815 38893843 64028
4 1799 rs13125519 180678226 1 -1.1902542189546312e-4 180678226 180687498 9272
4 1664 rs4396955 169845720 1 1.1846021947581312e-4 169772342 169928842 156500
4 1946 rs7349633 187247089 1 1.1700981698273578e-4 187247089 187251860 4771
4 1584 rs17042032 163057553 1 1.1687115097680552e-4 163015034 163149785 134751
4 837 rs2867461 79513215 1 1.1335481238459194e-4 79507418 79513215 5797
4 521 rs10024411 40991885 1 1.103855455059855e-4 40989048 41066388 77340
4 1269 rs6850541 129373016 1 1.0443191877860808e-4 129336928 129375881 38953
4 711 rs10025479 65231389 2 1.010490047388202e-4 65134786 65274937 140151
4 774 rs4694519 73618256 1 9.976731094193364e-5 73575548 73645351 69803
4 47 rs6854227 4762672 1 -9.935049984913949e-5 4761862 4763850 1988
4 509 rs278981 40428010 1 9.934947256088536e-5 40420437 40428010 7573
4 1881 rs67505753 184560790 1 -9.750763148417158e-5 184546565 184560790 14225
4 1637 rs7653953 167284116 1 9.600785135669096e-5 167284116 167368812 84696
4 586 rs346923 53412129 1 9.569721728220003e-5 53136123 53412129 276006
4 1080 rs7695009 107654943 1 9.41655480028548e-5 107625430 107769255 143825
4 661 rs11133570 59388759 2 -9.366957226409044e-5 59362260 59481416 119156
4 1961 rs7662795 188004538 1 -9.293894030605678e-5 188004538 188041074 36536
4 269 rs6447967 20516341 1 9.251148860954828e-5 20495135 20518603 23468
4 1029 rs7666347 100666364 1 -9.049414491246426e-5 100666364 100672110 5746
4 1516 rs983146 156213709 2 9.025740322099224e-5 156153446 156285170 131724
4 618 rs7679852 56683846 1 -8.749317795507454e-5 56668431 56761548 93117
4 1612 rs7677517 165642091 1 -8.706718152063817e-5 165628814 165684707 55893
4 1679 rs4692612 171537901 1 8.699741780022826e-5 171471531 171537901 66370
4 1656 rs10518002 169431126 1 8.46294610105225e-5 169422705 169475517 52812
4 664 rs1463171 59725460 1 8.405417570188252e-5 59713317 59835266 121949
4 1462 rs4240358 151070611 1 -8.292235466564866e-5 150990695 151080475 89780
4 733 rs7655881 67607007 1 -8.27618058314503e-5 67607007 67610038 3031
4 657 rs12644730 58758826 1 -8.195711533115716e-5 58723848 58768454 44606
4 1069 rs4698929 105872720 1 8.121046724871799e-5 105872720 105872720 0
4 1826 rs6844876 182092437 1 -8.011082049081862e-5 182089409 182092437 3028
4 938 rs1398946 90055899 1 -8.002227980192733e-5 89942863 90063670 120807
4 962 rs10516896 92356118 3 -7.85477895014191e-5 92309543 92356118 46575
4 519 rs6817509 40885144 3 -7.62927236736018e-5 40881353 40928378 47025
4 1035 rs357652 101353122 2 7.554871585630005e-5 101260798 101443803 183005
4 656 rs1480319 58707016 3 7.512584044665025e-5 58706462 58708318 1856
4 1117 rs10011752 111252829 1 -7.330057031191692e-5 111252829 111252829 0
4 775 rs7676987 73707973 2 7.099936184787602e-5 73681946 73762643 80697
4 1499 rs13135284 154864750 1 7.011257487220993e-5 154787090 154865878 78788
4 1426 rs1979974 146800815 3 6.498477961139966e-5 146750966 146821410 70444
4 555 rs6853456 44144150 1 -6.293428522014579e-5 44144150 44329589 185439
4 1189 rs6820367 119092610 1 -6.211741834251581e-5 118941387 119228883 287496
4 289 rs17528275 22124060 1 -5.851097786882117e-5 22018923 22135324 116401
4 930 rs17789621 89227121 5 5.740085504625286e-5 89191346 89228455 37109
4 1661 rs4425335 169618128 1 -5.452923146670244e-5 169618128 169669891 51763
4 1138 rs13148353 113352628 4 -5.4192129545508325e-5 113337560 113425609 88049
4 806 rs9307076 77027120 2 5.228830825159314e-5 76991897 77053834 61937
4 1797 rs12500438 180613345 3 5.210979230035233e-5 180608655 180652005 43350
4 731 rs11731608 67345098 1 -5.0217297842005966e-5 67345098 67451328 106230
4 325 rs8192290 24802412 1 4.8601004613788055e-5 24802412 24802412 0
4 335 rs3851436 25464878 1 4.583151797452335e-5 25464878 25465970 1092
4 1490 rs6833828 154196082 1 4.387097532612453e-5 154191710 154244315 52605
4 524 rs10003861 41212997 1 4.324138813525403e-5 41197202 41212997 15795
4 1757 rs2246360 178100729 1 4.27235340320108e-5 178001276 178100729 99453
4 380 rs2131466 28817206 1 -4.087928308484647e-5 28745882 28821006 75124
4 333 rs12505006 25281948 1 -4.014807127395073e-5 25168417 25296348 127931
4 799 rs12503073 76245738 1 3.517603055743466e-5 76245738 76281282 35544
4 599 rs6832597 55076237 1 -3.3250155224571466e-5 55049751 55161813 112062
4 184 rs10516268 13478859 1 3.266331861347623e-5 13297604 13526386 228782
4 614 rs11932784 56144669 2 3.238823083685242e-5 56131739 56160158 28419
4 1283 rs7671764 130394804 1 2.7135474552034804e-5 130373727 130450256 76529
4 1156 rs10018022 114678786 1 2.621023839759118e-5 114626620 114678786 52166
4 972 rs17262792 93918873 1 2.4252885926207372e-5 93875521 93987251 111730
4 1391 rs7658326 141853440 1 -2.34848820862991e-5 141833025 141875683 42658
4 1202 rs2892890 120992642 1 2.206450522131193e-5 120988552 121041286 52734
4 1440 rs1429107 148322387 1 1.9540019121848977e-5 148306058 148349756 43698
4 971 rs10516913 93652923 1 -1.8723025477936977e-5 93621420 93723466 102046
4 125 rs7677869 7986860 1 1.8119143069909463e-5 7986860 7992749 5889
4 1325 rs6844518 136242130 1 -1.8046466517029207e-5 136068696 136263687 194991
4 1546 rs1410789 159179862 1 -1.7216036495677593e-5 159179862 159189417 9555
4 965 rs1485989 92758836 1 -1.673036401277659e-5 92706551 92762197 55646
4 1593 rs6536694 163934608 1 -1.6090490174642965e-5 163896310 163955254 58944
4 1683 rs1432089 171790788 3 -1.4396924498950772e-5 171788150 171914470 126320
4 374 rs1125825 28016367 1 -1.4008531010181542e-5 27975847 28024351 48504
4 1931 rs10027307 186674804 1 1.3938134082210937e-5 186663425 186674804 11379
4 1850 rs17226385 183034755 1 1.206062695176715e-5 183008639 183034755 26116
4 1527 rs10517630 157089919 1 -1.1886596126257111e-5 157065076 157100740 35664
4 441 rs16991102 35429711 1 9.950808462465108e-6 35410631 35437344 26713
4 485 rs11723479 38506777 1 -6.955170515152616e-6 38506777 38519943 13166
4 800 rs1389443 76354770 1 6.566054926539102e-6 76296421 76489582 193161
4 924 rs2169611 88817431 1 -4.882302558447937e-6 88807556 88856733 49177
4 642 rs3806744 57945439 1 3.50945459357698e-6 57934091 57948187 14096
4 1135 rs1544383 113244470 1 2.451623602155288e-6 113243456 113244470 1014
4 398 rs2871431 30214893 1 -1.0962022974313013e-6 30193761 30231510 37749
