CHR Group SNP.lead BP.lead Size W BP.min BP.max BP.width
20 389 rs6074022 44740196 6 0.04903455095370958 44688665 44777295 88630
20 374 rs6073359 42804385 10 0.03483463783545352 42803776 42846694 42918
20 499 rs6127423 53807443 5 0.034203718064065 53757603 53859706 102103
20 598 rs944893 60902389 4 0.03347578091449937 60890375 60902402 12027
20 372 rs6017247 42657841 1 0.03323972557367979 42657841 42657841 0
20 158 rs8118592 10996304 5 0.02844354166090582 10922146 10996304 74158
20 52 rs6076524 3452447 4 0.02757139425690125 3445445 3643653 198208
20 430 rs543477 48209718 3 0.02508945918740802 48205055 48210099 5044
20 263 rs2424433 22303261 5 -0.02463749197471825 22246450 22403287 156837
20 456 rs3827032 50225206 7 0.02379833989500749 50224206 50366971 142765
20 76 rs1543452 4974106 2 0.02356666924555064 4952923 5024237 71314
20 189 rs6033981 14572059 2 0.02342664109395039 14511168 14688519 177351
20 468 rs2031979 51475632 2 0.02178198760119626 51436401 51535828 99427
20 476 rs6063942 52037947 1 0.02135957579977893 52003413 52037947 34534
20 480 rs6013772 52344919 1 0.02045122869161852 52328338 52344962 16624
20 438 rs6063516 49057248 3 0.01928487657906958 48996594 49063113 66519
20 299 rs6142129 32819871 3 -0.01835256605880927 32485560 32891200 405640
20 464 rs6063841 51214293 6 0.01805986301092861 50823305 51236215 412910
20 271 rs6048661 23251415 5 0.01790140483252419 23245623 23305768 60145
20 277 rs6114429 24023945 4 0.01756979475770342 23979305 24024259 44954
20 109 rs6077153 7179994 3 0.01738826879970816 7106289 7199413 93124
20 431 rs235039 48239644 7 0.01699225770304333 48218161 48323380 105219
20 240 rs7265772 19226084 3 0.01637648541547796 19113918 19227638 113720
20 328 rs4812412 38467674 4 0.01623708447737493 38438771 38589813 151042
20 345 rs7348444 40830224 4 -0.01584210001447554 40751163 40847486 96323
20 80 rs6053422 5449373 1 -0.01578167336404769 5449373 5467063 17690
20 154 rs6040095 10680221 2 0.01562125536459572 10639543 10705007 65464
20 267 rs6082866 22803909 2 0.01557751009931123 22790548 22939045 148497
20 559 rs3934412 58120733 3 0.01547097562729174 58105747 58147605 41858
20 51 rs6051693 3244449 2 0.01537971052370487 3244449 3433158 188709
20 284 rs78661674 24952147 1 -0.01537716921920255 24952147 25011423 59276
20 120 rs708925 8358004 3 -0.01477971734268635 8308944 8389911 80967
20 37 rs6082438 2204811 1 -0.0147777423316268 2179466 2205978 26512
20 405 rs6018359 45873923 2 0.01452943451697973 45867852 45905856 38004
20 144 rs6104550 10068488 1 0.0144051483508604 10055467 10068488 13021
20 526 rs61733436 55758929 4 0.01433788133492656 55758929 55918939 160010
20 433 rs1555317 48643650 2 0.01376755523619731 48454671 48643650 188979
20 409 rs6063143 46365359 2 -0.01372175320451848 46346459 46365359 18900
20 509 rs3827103 54824029 1 -0.01364066744223429 54809462 54829609 20147
20 465 rs6022031 51278134 5 -0.01257780354407243 51247928 51333439 85511
20 342 rs11697381 40490356 1 -0.01243330509390812 40381490 40502403 120913
20 306 rs1146264 35489005 6 0.01185733071762354 35075339 35489005 413666
20 253 rs17307939 20148329 2 0.01156999885974316 20079360 20169641 90281
20 469 rs16997342 51574683 3 0.01156929063420577 51571802 51620301 48499
20 159 rs6033028 11076171 2 -0.01107563472118949 11037154 11092044 54890
20 488 rs2762932 52768391 3 0.01086103145781888 52746669 52776841 30172
20 597 rs6061457 60777232 5 0.01084983791800298 60718420 60778301 59881
20 550 rs6123832 57418071 3 0.0107687181812483 57339126 57429447 90321
20 297 rs6088301 32369354 3 -0.01061925062080857 31937048 32369354 432306
20 148 rs2423487 10213095 1 0.01057071720990437 10164632 10231174 66542
20 327 rs294428 38278997 7 0.01054905601742556 38252159 38338620 86461
20 45 rs6515646 2593863 6 0.00975788745599737 2576272 2656495 80223
20 195 rs6043241 15359412 1 0.00963087007910904 15264901 15365627 100726
20 95 rs2326748 6293824 6 0.0093163519954946 6201249 6404281 203032
20 241 rs6045989 19292926 8 -0.00906377540673778 19254573 19372443 117870
20 615 rs755017 62421622 5 0.00884445422457459 62404416 62473704 69288
20 580 rs16984735 59707964 3 0.00864388399034443 59707964 59739626 31662
20 190 rs2208083 14771194 4 0.00863190239973168 14759169 14877654 118485
20 564 rs6071006 58467157 3 -0.00857788704731087 58452582 58581873 129291
20 272 rs6048822 23454758 9 -0.00854438863560658 23328004 23548401 220397
20 562 rs946364 58354838 1 -0.00853497816227747 58323217 58380845 57628
20 444 rs1062651 49508683 2 0.00826407816113928 49508683 49588788 80105
20 425 rs2426092 47384255 2 0.00803547087719415 47219377 47385467 166090
20 115 rs7260781 7915927 3 0.00792340027137941 7905050 7918912 13862
20 188 rs983378 14430066 7 -0.00789484544759713 14358117 14479272 121155
20 386 rs6032259 44141331 3 0.00788541938778421 44082799 44279034 196235
20 26 rs6042507 1459060 4 0.00781823513545592 1386395 1483926 97531
20 337 rs1076759 39353684 6 -0.00781531279482808 39339774 39438939 99165
20 303 rs2590991 34716238 1 -0.00773418625866107 34568092 34722255 154163
20 387 rs3746500 44511533 2 0.00742580052472321 44336716 44523782 187066
20 484 rs6064024 52546889 2 -0.00733336404158614 52536425 52564250 27825
20 344 rs6065430 40688516 4 -0.00722486180662745 40603369 40740500 137131
20 61 rs2027237 4177104 1 0.00703700216403369 4167234 4177104 9870
20 251 rs6046504 19963862 1 -0.00680029515679739 19961094 19963862 2768
20 246 rs6046334 19792316 8 -0.00636440304685026 19751330 19809473 58143
20 552 rs260005 57773121 1 0.00632774981393052 57589516 57773121 183605
20 471 rs8117683 51731191 1 0.00619964182598291 51699756 51782686 82930
20 215 rs6044374 16794650 4 0.00618368555511422 16794650 16845525 50875
20 485 rs6123338 52618934 9 -0.00607905403268334 52573971 52668126 94155
20 338 rs6102208 39533949 3 0.00607683549911876 39471427 39583952 112525
20 274 rs7263473 23690467 1 -0.00604942398297867 23677829 23740161 62332
20 235 rs6132112 18761714 1 0.00603640430744049 18759921 18794754 34833
20 614 rs2315008 62343956 2 -0.00601424879702435 62309839 62399641 89802
20 165 rs803664 11791094 2 -0.00584939631019379 11791094 11827424 36330
20 252 rs6046570 20029464 2 0.00580403795009862 20006368 20054759 48391
20 300 rs3746429 33703607 9 0.00567845859359502 32955423 33793159 837736
20 71 rs2422956 4746387 1 -0.00566324939464413 4716479 4778754 62275
20 292 rs6141353 31471313 3 -0.00561538504757655 31225355 31486051 260696
20 307 rs34488353 35835826 5 0.005538030235894 35509130 35882698 373568
20 186 rs7267933 13896499 4 -0.00537616588827143 13699281 13974270 274989
20 145 rs647518 10102530 1 0.00536318637539143 10076860 10108941 32081
20 104 rs10485708 6926675 3 0.00529341034138296 6881898 6931717 49819
20 477 rs7271609 52137810 2 0.0052855972936692 52068141 52152979 84838
20 363 rs11698067 41993294 7 -0.00517632522472456 41896776 42012681 115905
20 0 rs75442118 126149 2 0.0051717273531011 100505 169701 69196
20 329 rs2145944 38640357 4 0.00513215455466472 38616582 38648634 32052
20 475 rs6022394 51949510 2 0.00506242719601356 51932381 51971152 38771
20 521 rs1276446 55535498 1 0.00503986693587288 55488739 55547696 58957
20 375 rs6017299 42866656 6 0.00500812034636711 42854134 42989714 135580
20 470 rs1315869 51686119 5 -0.00500571551629151 51633964 51686119 52155
20 314 rs2076387 36767103 2 0.00489141704453299 36760559 36770588 10029
20 395 rs202377 45181441 2 0.00482288071693793 45131665 45198531 66866
20 233 rs7262420 18321970 4 0.00480296115767492 18235516 18341196 105680
20 503 rs6024282 54240941 7 0.00471482024174302 54158005 54240941 82936
20 204 rs6034316 15857880 3 0.0044610851631724 15851077 15937424 86347
20 135 rs6118611 9414641 2 0.00443397036958873 9414641 9485967 71326
20 437 rs6091139 48979631 4 0.00441314178077304 48959241 48983697 24456
20 258 rs6047132 20869688 2 0.00438966254058907 20817745 20948861 131116
20 226 rs16823 17791064 2 0.00438355221966647 17762373 17815664 53291
20 7 rs150207 440443 1 0.00432133811958139 425097 440443 15346
20 113 rs6117882 7589465 8 -0.0043000163795887 7553476 7700272 146796
20 454 rs2273642 50133089 4 0.00419475726475685 50108980 50155124 46144
20 435 rs6125931 48795413 1 -0.00414412625631882 48779125 48876431 97306
20 232 rs6080998 18124807 2 0.0040921631873408 18088624 18201837 113213
20 497 rs6023759 53598881 5 0.0040770020634463 53532627 53598881 66254
20 29 rs6043722 1661245 2 -0.00406804073407594 1661245 1727964 66719
20 56 rs6052274 4039444 7 -0.00405927370009522 3843027 4048021 204994
20 166 rs6041029 11982632 5 0.00401334342244661 11945421 12004113 58692
20 381 rs6031872 43566518 2 0.00398243333523725 43454185 43580118 125933
20 63 rs6037820 4316337 1 0.00395425907078063 4292429 4348440 56011
20 301 rs619865 33867697 1 -0.0039017965776053 33825378 33867697 42319
20 595 rs6061956 60593396 1 -0.00384609181555305 60499953 60593396 93443
20 163 rs2423565 11521784 4 0.00380115485358854 11508980 11598946 89966
20 220 rs16999051 17361482 9 -0.00375678925150601 17261305 17445449 184144
20 230 rs910901 17933686 1 -0.0037383520082092 17933686 18019274 85588
20 388 rs3746513 44594228 7 0.0036858509805539 44534651 44656112 121461
20 187 rs8120693 14307024 3 -0.00335725761834358 14096380 14338493 242113
20 281 rs1883924 24609645 4 -0.00327108855169651 24556797 24618814 62017
20 25 rs747611 1363295 1 -0.00323679939097532 1300456 1384298 83842
20 118 rs6055685 8213786 4 -0.00319798070730415 8121097 8213786 92689
20 357 rs761027 41560394 2 0.00318403043419281 41496896 41560394 63498
20 67 rs6139486 4578080 2 -0.00316052092187878 4508090 4578080 69990
20 54 rs2281479 3762095 2 -0.00303800880119685 3762095 3763349 1254
20 356 rs208254 41414077 1 -0.00303675610386994 41412033 41476399 64366
20 202 rs4813189 15702037 1 0.00297592929132297 15692683 15716671 23988
20 93 rs2144936 6118980 1 -0.00293865406936223 6118980 6118980 0
20 91 rs6038332 6013499 4 0.00291756594948442 5915922 6042852 126930
20 199 rs6034225 15579575 1 0.00285805208259228 15572152 15602064 29912
20 339 rs6093462 39908689 3 0.0028477712031478 39614299 39994193 379894
20 588 rs7263235 60150098 1 -0.00284014133717853 60136084 60180124 44040
20 92 rs55666319 6090969 2 0.00280994184827314 6056356 6096632 40276
20 234 rs2424205 18440185 2 0.00279423593120206 18366623 18742928 376305
20 70 rs2245220 4705718 1 0.0027783756839313 4705274 4705718 444
20 20 rs6039459 992713 4 -0.00277247837013871 992713 1020318 27605
20 197 rs4814387 15474506 2 -0.0027552580725744 15438731 15531523 92792
20 439 rs11698821 49184546 3 -0.00272550931701975 49073726 49196284 122558
20 247 rs4814911 19843894 1 0.00268703038471069 19820785 19843894 23109
20 131 rs6118469 9055820 2 0.00264476428890618 9044617 9123558 78941
20 473 rs45479792 51871502 2 0.00256078319090976 51861958 51881039 19081
20 397 rs1011074 45300096 1 -0.00251682352229389 45262782 45380939 118157
20 200 rs6079926 15654842 2 -0.00248217515461183 15644537 15654842 10305
20 217 rs1016214 16992615 2 0.00246699369086815 16977946 17039959 62013
20 401 rs1150441 45599327 2 0.00244257037209489 45594395 45599327 4932
20 42 rs1109009 2457788 1 -0.00233527685576887 2387738 2457788 70050
20 414 rs6018880 46671312 4 -0.00232614149748502 46578719 46674680 95961
20 528 rs6128046 56052828 4 0.00228619345752623 56043765 56070505 26740
20 243 rs6112470 19562579 12 0.00218899670326098 19456060 19565693 109633
20 22 rs6040222 1140727 2 0.00218131231383171 1039828 1147775 107947
20 529 rs6070157 56137184 3 0.00217714970178566 56118666 56163687 45021
20 330 rs6028900 38774289 1 -0.00217037857056188 38757002 38805930 48928
20 325 rs16987905 37940679 2 0.00216250098065174 37906360 38151081 244721
20 111 rs17399484 7435615 1 0.00212646393897237 7374248 7458007 83759
20 90 rs742711 5904040 5 -0.00208581214909744 5870347 5905779 35432
20 294 rs2093066 31652596 4 -0.0020836676854479 31651583 31682778 31195
20 223 rs6105783 17599087 1 0.00208088489563122 17566854 17599087 32233
20 578 rs6093038 59579440 1 -0.0020544719016574 59570371 59618023 47652
20 539 rs6099886 56594279 2 -0.00205130312168454 56594279 56674049 79770
20 262 rs2180700 21796855 3 0.00204753421813788 21770908 22214901 443993
20 308 rs6094373 35969074 2 -0.00204210213017423 35954937 35969074 14137
20 208 rs6105564 16262545 2 -0.00202421046277457 16202670 16325865 123195
20 279 rs7266805 24364877 4 -0.00194833267129684 24323976 24428285 104309
20 611 rs6062941 62078487 2 0.00194565608738063 62078487 62078487 0
20 510 rs4810019 54910917 2 0.00192767321987543 54834133 54910917 76784
20 419 rs927150 46863261 2 0.00190301618230146 46855820 46895949 40129
20 133 rs7265290 9368102 3 -0.00189277329607758 9298258 9380556 82298
20 426 rs6095298 47413079 1 0.00188504425076745 47410937 47463731 52794
20 66 rs6139433 4449910 2 0.00187638623913995 4449910 4449931 21
20 427 rs2075679 47701589 4 -0.0018735500063932 47510093 47993898 483805
20 447 rs6020997 49746325 4 0.00185781705631803 49729512 49772819 43307
20 266 rs6075948 22746255 3 -0.00182250189546994 22703167 22757960 54793
20 361 rs6030698 41834567 4 -0.00181474923349999 41800700 41842826 42126
20 245 rs6136818 19680865 4 -0.00176540191356915 19617409 19703335 85926
20 547 rs16982131 57162403 1 0.00175586342770395 57154805 57177541 22736
20 15 rs512236 785108 2 0.00174851105217126 785108 806878 21770
20 265 rs6048205 22559601 2 0.0017483983346869 22537865 22653584 115719
20 346 rs13040321 40922844 2 -0.00173246302358512 40912206 40922844 10638
20 392 rs6074085 44902426 3 -0.00170655510056679 44860471 44911954 51483
20 228 rs2618553 17866344 1 0.00170048776936677 17866344 17867550 1206
20 326 rs6028507 38181661 2 0.00160771428207836 38160374 38220719 60345
20 229 rs2618649 17883653 1 -0.00160724184495948 17879866 17900087 20221
20 218 rs1578411 17178434 3 0.00159192408647093 17045941 17194831 148890
20 194 rs6135362 15171838 6 0.00156331700901642 15171838 15234479 62641
20 335 rs6093370 39221983 4 -0.00155822582583498 39146936 39221983 75047
20 209 rs2236144 16360177 2 -0.00148413353773001 16334002 16506382 172380
20 94 rs6053977 6187441 3 -0.00148151852237836 6126302 6187441 61139
20 239 rs6075458 19047923 2 -0.00146007952436419 19047923 19079293 31370
20 555 rs16982720 57999598 1 0.00140536548180022 57967906 58002599 34693
20 257 rs6082163 20768491 1 -0.00138011900308742 20484043 20805391 321348
20 366 rs2070235 42331457 1 0.00137310166991804 42249398 42331457 82059
20 352 rs6030381 41256291 1 0.00127492324013318 41202893 41258896 56003
20 261 rs6137384 21525800 5 -0.00125341726152525 21301991 21657602 355611
20 270 rs844935 23161807 1 0.00120051496544003 23144070 23217817 73747
20 461 rs12481632 50607274 1 -0.00117918397842411 50586336 50637660 51324
20 117 rs6039041 8110530 1 0.00117692323209983 8045872 8110530 64658
20 396 rs439339 45238334 1 -0.0011713173229943 45221935 45238334 16399
20 181 rs6074557 13079630 1 0.00116192481658305 13079630 13192648 113018
20 548 rs10460623 57205221 1 0.00115307450051925 57195469 57205221 9752
20 288 rs6061043 30527065 1 -0.00115159549259718 30527065 30559621 32556
20 286 rs6037206 25688001 3 -0.00115149048100141 25606369 26158945 552576
20 508 rs4811661 54760515 3 0.00112788579171246 54756026 54801215 45189
20 221 rs6044842 17463917 3 -0.00109585933663484 17453135 17479730 26595
20 268 rs1042579 23028724 2 -0.00109443689865624 22978973 23028724 49751
20 27 rs41297640 1551564 2 0.00108955971120323 1494464 1552430 57966
20 412 rs8121494 46494573 1 -0.0010781330039144 46494573 46538294 43721
20 583 rs6065080 59832791 3 -0.0010576215638164 59829847 59886179 56332
20 360 rs3092130 41731202 1 -0.00105722304189292 41729903 41778943 49040
20 174 rs6134639 12679627 1 9.985629173482502e-4 12655810 12713069 57259
20 96 rs13036588 6462428 3 9.776769258219226e-4 6416132 6500296 84164
20 121 rs227134 8427390 1 -9.773829748727645e-4 8410641 8464286 53645
20 353 rs970283 41280315 1 9.177720809138846e-4 41280315 41332179 51864
20 46 rs1028408 2721474 1 8.812636909946813e-4 2684924 2725678 40754
20 169 rs6078503 12269409 3 8.775642514610636e-4 12226754 12280735 53981
20 69 rs6052780 4689474 1 8.746792209535864e-4 4689474 4695812 6338
20 407 rs6094752 46256424 1 -8.671540626547554e-4 46139520 46256424 116904
20 53 rs150358287 3687141 3 -8.65070242770653e-4 3675498 3726565 51067
20 44 rs6115073 2570208 1 -8.634998991462921e-4 2501632 2570208 68576
20 551 rs919197 57480933 1 -8.569309971358967e-4 57480933 57490248 9315
20 255 rs1327911 20267718 3 8.513415658405126e-4 20259855 20305840 45985
20 333 rs6029039 38965667 1 8.454440598546678e-4 38905823 39036537 130714
20 571 rs348841 59004592 1 -8.442761540618111e-4 58970583 59095407 124824
20 589 rs6142824 60235676 1 8.280953244520321e-4 60204680 60235676 30996
20 47 rs215551 2785279 1 8.107110025068543e-4 2746354 2785598 39244
20 417 rs707516 46811799 1 8.039691688546119e-4 46811799 46827141 15342
20 524 rs6092424 55672544 1 8.031705601518089e-4 55672544 55682387 9843
20 424 rs1883888 47171338 1 8.029675125964513e-4 47171338 47171338 0
20 537 rs4561716 56548520 1 8.019855901444465e-4 56515754 56548520 32766
20 207 rs2760550 16116624 1 7.918676434754496e-4 16091031 16160141 69110
20 423 rs6012418 47036502 1 -7.875635066632695e-4 47036502 47142287 105785
20 527 rs2426736 56025915 1 7.86900880888696e-4 55991695 56031962 40267
20 99 rs6085660 6691069 2 -7.539367333164011e-4 6689058 6698673 9615
20 560 rs6070854 58163650 1 -7.488290110421878e-4 58163650 58190157 26507
20 83 rs6038219 5610737 2 -7.382472733068876e-4 5610737 5644184 33447
20 171 rs6033438 12498992 2 -7.178755864185462e-4 12464327 12498992 34665
20 584 rs2427082 59897979 1 7.14747232322309e-4 59895287 59928237 32950
20 384 rs6073718 43965276 1 -7.139303503791819e-4 43950816 43970377 19561
20 318 rs2232580 36974945 2 -7.043375270860098e-4 36957837 36993333 35496
20 378 rs6094017 43288087 1 6.790200404588544e-4 43288087 43288087 0
20 293 rs6059016 31600217 1 -6.652127308791618e-4 31529528 31600217 70689
20 278 rs6036670 24145833 2 -6.37115406467855e-4 24073113 24282230 209117
20 248 rs6046391 19852181 3 -6.221040022185606e-4 19849409 19883823 34414
20 48 rs2277756 3003027 4 6.103584379234168e-4 2901540 3039115 137575
20 101 rs235725 6792145 1 -5.971044187891597e-4 6783274 6798495 15221
20 606 rs7271712 61598731 3 5.934025315748133e-4 61519042 61605769 86727
20 517 rs6069891 55385595 1 5.739909637705414e-4 55364185 55385595 21410
20 58 rs4815648 4079276 4 -5.702190660365264e-4 4075290 4101800 26510
20 321 rs6071119 37322023 2 5.604900393447036e-4 37320416 37352558 32142
20 493 rs6023482 53292214 1 -5.594273393458853e-4 53285374 53317873 32499
20 139 rs6516498 9759414 4 5.584051290756845e-4 9756882 9764263 7381
20 415 rs911952 46774898 1 -5.347409157093971e-4 46770211 46778604 8393
20 449 rs6126195 49869862 2 -5.317324100842548e-4 49848254 49869862 21608
20 222 rs201928 17524903 1 5.276716011406529e-4 17491874 17524903 33029
20 238 rs6045766 18999826 1 5.234850521540471e-4 18987154 18999826 12672
20 172 rs6074460 12533539 1 -5.162441090533222e-4 12508861 12630553 121692
20 371 rs6124611 42620085 1 -5.142646836478804e-4 42583196 42620085 36889
20 216 rs2424004 16927096 1 5.091972330698554e-4 16906789 16952341 45552
20 478 rs2766667 52172404 2 -4.996173166459017e-4 52169493 52172404 2911
20 264 rs6048141 22485322 1 4.990267896003494e-4 22430527 22485322 54795
20 86 rs1546478 5701481 1 -4.916981000804438e-4 5697947 5728237 30290
20 193 rs377256 15078724 1 -4.897059054431334e-4 15073680 15122743 49063
20 320 rs220501 37297126 1 -4.877303099936763e-4 37245958 37297126 51168
20 31 rs156330 1826095 1 4.84208237809723e-4 1815620 1848203 32583
20 463 rs6123135 50796522 2 -4.812275546600971e-4 50717288 50796522 79234
20 254 rs6081924 20198740 2 -4.674535939570553e-4 20198740 20246306 47566
20 49 rs306755 3099752 2 4.6368579268419305e-4 3088010 3099752 11742
20 72 rs2423045 4799322 1 4.5646913335339905e-4 4787035 4799322 12287
20 575 rs2426923 59371882 1 4.53575925144087e-4 59371882 59372363 481
20 453 rs747063 50102203 1 -4.5279651564447286e-4 50102203 50104864 2661
20 304 rs4239689 34950604 1 4.4064065254689554e-4 34891416 34950604 59188
20 282 rs6049925 24713823 1 -4.363093004607651e-4 24644565 24715544 70979
20 28 rs6074927 1613956 4 4.168024317853494e-4 1610551 1648606 38055
20 125 rs2223837 8611999 1 -4.0807200407894735e-4 8607426 8650239 42813
20 421 rs911106 46970254 1 4.071385764099021e-4 46970254 47020122 49868
20 128 rs6056252 8894975 3 -3.99557693180584e-4 8810198 8899426 89228
20 81 rs6053442 5474901 1 3.8850963238109426e-4 5474423 5474901 478
20 496 rs2137224 53482244 2 -3.690371697314775e-4 53454024 53514380 60356
20 587 rs6061602 60104659 1 -3.664813492504198e-4 60104659 60116607 11948
20 224 rs2039076 17702753 7 -3.6042258792272136e-4 17611777 17721590 109813
20 502 rs6024151 54101054 1 3.5034549213029296e-4 54100955 54103522 2567
20 162 rs967972 11275243 1 3.4445059098467965e-4 11262159 11473176 211017
20 114 rs2205824 7849927 1 3.4188092188147613e-4 7737540 7873818 136278
20 324 rs2206749 37807884 1 -3.2906130975834166e-4 37799520 37881482 81962
20 50 rs11087571 3196253 1 -3.2056594378902727e-4 3180283 3196253 15970
20 184 rs4814225 13300820 1 3.1950754121177154e-4 13299735 13507057 207322
20 579 rs6065036 59625880 1 3.161259445129956e-4 59625880 59692266 66386
20 340 rs2235590 40042321 1 -3.0990966355655327e-4 40042321 40267070 224749
20 367 rs285198 42364734 1 3.034768897974375e-4 42364734 42375432 10698
20 24 rs4814111 1292989 1 2.946450629664099e-4 1268250 1293141 24891
20 260 rs12624732 21055354 1 -2.9396437354658187e-4 21011236 21218023 206787
20 403 rs12480971 45697196 1 2.9300783751090586e-4 45695518 45739406 43888
20 183 rs6109792 13256786 2 -2.871381465587734e-4 13256786 13276381 19595
20 382 rs6073629 43706559 2 2.856196689529299e-4 43653713 43768495 114782
20 164 rs6040812 11626200 1 -2.7451753775856744e-4 11626200 11773203 147003
20 156 rs2024683 10843840 2 -2.6708523300101347e-4 10793175 10879336 86161
20 285 rs35666277 25456698 2 -2.629644596488964e-4 25054440 25485352 430912
20 609 rs1406961 61895920 1 -2.4411755382420277e-4 61826524 61895920 69396
20 418 rs6095016 46845066 1 2.3826736341921225e-4 46836972 46846076 9104
20 567 rs6064897 58716041 4 2.3544574053561653e-4 58669008 58748891 79883
20 613 rs6090471 62236148 2 -2.1474710815481653e-4 62212928 62253821 40893
20 137 rs6118687 9649234 3 -2.0209632852882136e-4 9595352 9726640 131288
20 116 rs6133536 8038670 1 -1.978695055446341e-4 7962707 8038670 75963
20 515 rs6014819 55335907 1 -1.9489169586505908e-4 55304421 55336267 31846
20 574 rs17201325 59337447 5 -1.939354486897981e-4 59271068 59348668 77600
20 520 rs6099313 55452732 1 1.9231362588503849e-4 55452732 55484441 31709
20 82 rs16991051 5513629 2 -1.905354122943886e-4 5490828 5548081 57253
20 619 rs6512308 62841074 1 -1.8995265654905345e-4 62841074 62841074 0
20 43 rs12480575 2478707 1 1.877011411750158e-4 2478707 2491209 12502
20 590 rs6061740 60262223 2 -1.757489723518066e-4 60262223 60279179 16956
20 283 rs11908480 24783483 1 -1.737850174528318e-4 24734936 24783483 48547
20 544 rs5007291 57031757 1 1.5999200471388564e-4 56955308 57031757 76449
20 370 rs6103513 42555227 1 1.5935170909641392e-4 42555227 42575841 20614
20 506 rs731803 54507813 1 -1.5126234721564398e-4 54507813 54540328 32515
20 582 rs2426972 59771005 2 -1.5005573475199445e-4 59771005 59802749 31744
20 315 rs1209245 36866553 2 1.3087097267732318e-4 36796412 36869516 73104
20 616 rs817377 62535594 4 1.247470621142658e-4 62506947 62553498 46551
20 349 rs16986834 41022015 1 -1.2406687422479622e-4 41012264 41022264 10000
20 577 rs237644 59517318 1 1.2328168324572366e-4 59463632 59529199 65567
20 404 rs7262634 45834279 2 -1.2013847263719608e-4 45761700 45857208 95508
20 451 rs6067742 49961976 1 1.190400195916988e-4 49961976 49999884 37908
20 390 rs6074043 44781380 1 -1.1569764466367708e-4 44781380 44797562 16182
20 78 rs6085122 5329782 1 1.1283920933375456e-4 5325798 5359457 33659
20 5 rs6037460 356785 1 8.884489000406039e-5 351944 357050 5106
20 576 rs16984422 59449464 1 8.812140927372631e-5 59430309 59451516 21207
20 212 rs6044276 16717045 1 -8.676987119427202e-5 16668603 16722925 54322
20 585 rs11204440 59974132 2 -8.155814456385581e-5 59971184 59976841 5657
20 601 rs2185089 61309540 1 -7.715970659719721e-5 61303346 61313506 10160
20 494 rs6023587 53387775 1 -6.883459407662884e-5 53340366 53387775 47409
20 450 rs4811155 49945761 1 -6.762180944813778e-5 49935996 49945761 9765
20 558 rs6100478 58100862 1 6.20933073442483e-5 58100862 58100862 0
20 483 rs6068699 52492074 1 6.0914803446590434e-5 52492074 52497837 5763
20 514 rs6025088 55276800 1 -5.921789407892478e-5 55270493 55293730 23237
20 316 rs4353702 36900290 1 5.917085080782519e-5 36900290 36900290 0
20 179 rs680379 12969400 2 4.985203111838395e-5 12945963 13011475 65512
20 311 rs16986837 36256409 1 -4.907753177636533e-5 36225766 36290136 64370
20 2 rs6082267 269006 1 -4.363536262013686e-5 251494 269006 17512
20 62 rs6084685 4259775 3 -3.540688147636757e-5 4210448 4281673 71225
20 460 rs6068020 50559652 1 -3.423332815583019e-5 50559652 50579968 20316
20 3 rs6082812 286838 1 -2.816867591821976e-5 283877 286838 2961
20 501 rs2870629 54056378 1 2.6522595031992904e-5 54056378 54067599 11221
20 490 rs6023083 52886844 1 1.8834006254634637e-5 52827293 52927642 100349
20 581 rs817699 59758921 1 1.8109059481037573e-5 59758921 59758921 0
20 313 rs8115683 36596604 1 1.4618590428275329e-5 36567067 36711934 144867
20 97 rs13038490 6604972 1 -1.2141956487680246e-5 6578556 6623374 44818
20 604 rs142639450 61451333 1 -9.241040808253192e-6 61451333 61451333 0
20 429 rs5619 48120843 3 -8.54601227779717e-6 48110188 48129706 19518
20 568 rs486862 58790766 1 -3.8544748692878424e-6 58790003 58821344 31341
