CHR Group SNP.lead BP.lead Size W BP.min BP.max BP.width
1 370 rs3790566 67814440 7 0.24668012224344268 67811356 67982128 170772
1 819 rs2488401 197702401 10 0.10831976763676962 197313189 197919693 606504
1 641 rs3761959 157669278 6 0.07376136838952141 157485504 157804260 318756
1 831 rs3767498 201020727 5 0.06713323614305175 200877562 201052199 174637
1 6 rs3748816 2526746 6 0.05595374053937267 2513216 2713327 200111
1 951 rs11118895 222093006 19 0.04363714961958579 221915967 222211329 295362
1 868 rs708727 205767885 11 0.04162764467848651 205648707 205857654 208947
1 976 rs2036775 229377038 1 0.04158665141529987 229377014 229462625 85611
1 873 rs3024505 206939904 2 0.04095886381504994 206939904 207035647 95743
1 588 rs10924106 117053745 4 0.03890898343258941 117053745 117127417 73672
1 172 rs11247963 26855401 4 0.03714608467855918 26741106 26877708 136602
1 59 rs7524046 9307033 4 0.03630713756982871 9292282 9341038 48756
1 910 rs340839 214161820 4 0.03568490200802058 213965429 214161820 196391
1 891 rs2272866 209929453 4 0.03499017022456407 209844517 210020971 176454
1 773 rs1689797 182150978 4 0.03284839034918428 182053214 182269701 216487
1 357 rs12409333 65417839 8 0.03108762767691656 65190713 65439566 248853
1 739 rs10489267 173170152 8 0.03079516731575145 173103273 173284199 180926
1 166 rs12403541 25382556 5 0.03013091056510029 25322574 25421990 99416
1 624 rs4240872 154436195 3 0.02827445582543235 154410955 154681950 270995
1 159 rs12401982 24372971 2 0.02644881578076536 24372971 24421474 48503
1 636 rs822431 156902281 7 0.02622371127863167 156862126 157041302 179176
1 515 rs1948368 101938477 7 -0.02545578291924321 101851347 101995341 143994
1 512 rs1543421 101315934 2 0.02535036105322231 101222807 101638999 416192
1 805 rs1323292 192541021 4 0.02436422974483442 192502783 192544795 42012
1 662 rs528095 160738146 3 0.02356581428083407 160696304 160921230 224926
1 126 rs2743208 19017855 3 0.02292884568553647 18914423 19017855 103432
1 758 rs6680476 178676965 7 0.02243090159397808 178476554 178854330 377776
1 918 rs4465171 215886975 6 0.02235016309980572 215851464 215955937 104473
1 178 rs7349137 29569212 5 0.0221739253275761 29203907 29621460 417553
1 287 rs4927084 54760066 3 0.02112259277429483 54760066 54769520 9454
1 617 rs3753451 152485227 6 -0.02108845888932854 152144260 152530510 386250
1 1100 rs12404604 244829280 5 0.02081530964403402 244689029 244877955 188926
1 613 rs267738 150940625 13 0.0207213978746523 150551327 151316324 764997
1 217 rs727005 36281336 6 0.02026019746798889 36156432 36581978 425546
1 173 rs3010110 27278521 5 -0.0201911139523848 27079931 27377401 297470
1 353 rs4266926 64658597 6 -0.01995620116110167 64624403 64918776 294373
1 136 rs1416819 20193622 4 0.01978918021022687 20171860 20301964 130104
1 369 rs12568764 67740835 6 0.01966266680954795 67599657 67760140 160483
1 367 rs2991356 67305306 2 0.01956616254610611 67262748 67327894 65146
1 297 rs4927247 55985148 7 -0.01938325160785989 55798691 55989704 191013
1 541 rs12039852 109075236 3 0.01921556913953891 108698658 109150720 452062
1 327 rs10889198 61229925 11 -0.01882898770577853 61157162 61355010 197848
1 1088 rs9943068 242946169 3 0.01876203266281455 242919558 243034750 115192
1 574 rs2476601 114377568 6 0.01873995961669524 113844824 114541955 697131
1 509 rs2640911 100331265 5 0.01866381767497712 100203648 100740485 536837
1 65 rs2480777 10597551 2 0.01848432244242587 10029913 10642793 612880
1 655 rs115466046 160012270 4 -0.01804710388372291 159922959 160012270 89311
1 238 rs11580989 39583686 8 -0.0177913879390328 39583686 40145297 561611
1 400 rs5745343 76273805 6 0.01728768831054791 75998695 76474354 475659
1 777 rs10911269 183134719 5 0.01726398509929896 182784022 183176000 391978
1 194 rs4949294 31235936 1 0.01717294509162404 31231680 31313417 81737
1 892 rs587203 210463786 10 0.01712067800840749 210043483 210463786 420303
1 1021 rs10797557 234754829 2 0.01699374625406496 234680657 234754829 74172
1 623 rs139838869 154072601 7 -0.01692153546113884 153622220 154368928 746708
1 554 rs4839417 111018598 3 0.01640136015469719 110788825 111018874 230049
1 942 rs4240926 219983926 9 0.01609449374994836 219822453 220006085 183632
1 668 rs10494362 161957719 3 -0.01608892407279239 161957719 161967681 9962
1 829 rs12058730 200437506 1 -0.01604111038069797 200286231 200450197 163966
1 960 rs6698799 224806555 9 0.01589531085306742 224752508 224916593 164085
1 962 rs3949347 225582816 2 0.01571323259487473 225555602 225744337 188735
1 255 rs513009 43663376 6 -0.01559441405937512 43542190 43748763 206573
1 822 rs6686725 198618707 4 0.01539933311286193 198574902 198807862 232960
1 277 rs11205983 53102133 1 0.01537776879009593 52630296 53114736 484440
1 659 rs6427528 160516308 3 0.01532184268575268 160507016 160602248 95232
1 1118 rs4654096 246391677 6 -0.01519281595422956 246374741 246606143 231402
1 519 rs2889234 102742475 9 0.01512314019741458 102435130 102869841 434711
1 932 rs6604563 217975830 3 -0.01505249114942388 217783810 218108164 324354
1 300 rs2096086 56744527 5 0.01486854909846337 56420527 56794965 374438
1 607 rs1390510 147031323 1 0.01479079882677605 146901677 147048600 146923
1 1 rs2649588 1314015 1 0.01478860327661127 1211292 1314015 102723
1 939 rs601175 219141960 8 0.01465626676401937 219068248 219222948 154700
1 311 rs1408146 58256479 3 -0.01462575893824487 58208267 58376778 168511
1 558 rs1418426 111498111 11 0.01457839462304231 111393436 111684276 290840
1 810 rs1570442 193923694 3 -0.01441879496035024 193592394 193929977 337583
1 813 rs339567 194842734 9 0.01410332243159658 194530914 195145923 615009
1 123 rs869080 18751864 4 -0.01408432937189147 18672774 18751864 79090
1 726 rs10800498 170103732 4 -0.01407819074039697 169749154 170168182 419028
1 522 rs7552098 104576954 6 0.01391931064025755 104113158 104766179 653021
1 1053 rs7513289 239093239 3 -0.01387905526186499 238930859 239184630 253771
1 363 rs17451451 66388153 5 0.01377859785695769 66371682 66766222 394540
1 1121 rs1691255 247065472 3 0.01354651199994724 247065472 247173682 108210
1 1117 rs12031436 246289111 5 -0.01335411176382798 246122871 246349328 226457
1 446 rs17124345 85726103 2 0.01329628784695829 85712287 85939476 227189
1 183 rs199613 30133502 1 -0.01322460416448831 30067017 30157559 90542
1 107 rs7538216 16509671 8 -0.01319265247568789 16486793 16782995 296202
1 494 rs321270 96457002 3 0.01318305966656415 96154744 96564857 410113
1 482 rs2893248 94160787 2 0.01314109270988975 94044597 94160787 116190
1 875 rs11120211 207276379 1 0.0130984311903559 207276379 207293496 17117
1 563 rs11102347 112391809 4 -0.01307409936905317 112349568 112415201 65633
1 298 rs6684790 56068326 5 0.01287671269837302 56015915 56243360 227445
1 391 rs1475064 73882478 8 0.01269818637784568 73114150 74175290 1061140
1 944 rs6541127 220401009 6 0.01258250862339086 220156704 220507580 350876
1 526 rs2034525 105574256 3 0.01251895066973832 105484805 105674536 189731
1 1071 rs2502426 241254147 3 -0.01250041448556031 241186056 241259007 72951
1 39 rs1890191 5887140 1 0.01245306453939118 5880466 5887140 6674
1 849 rs2494295 203218176 2 0.01239731518925157 203207520 203328740 121220
1 140 rs10916761 20637374 7 0.0121653644616216 20617419 20745485 128066
1 506 rs2148154 99783891 5 -0.01188151435519239 99697631 99789950 92319
1 1070 rs10802917 241148960 7 0.01182741085059402 241042131 241161648 119517
1 450 rs12070992 86621256 5 -0.01169244320531133 86577829 86736880 159051
1 902 rs3123537 212811947 4 0.01164777381152445 212656471 212811947 155476
1 923 rs12089054 216800699 2 0.01163049536454211 216707012 216800699 93687
1 160 rs7524076 24508710 2 0.011626977898105951 24454688 24519920 65232
1 12 rs2493291 3329384 1 0.01140930603909055 3280253 3329384 49131
1 872 rs17014035 206841857 1 -0.01138787033879601 206813737 206890449 76712
1 133 rs3748748 20018195 1 0.01117758379122493 19992513 20056631 64118
1 727 rs12044570 170443579 10 0.01115924474216497 170174046 170528547 354501
1 788 rs10798035 186050417 2 0.01108513529795347 185958737 186143052 184315
1 1006 rs6687497 233279256 1 0.01098649148331143 233200867 233282323 81456
1 193 rs7555715 31183812 3 0.01098003893346042 31151500 31184368 32868
1 55 rs4418632 8994112 3 0.0109535433639099 8991141 9030964 39823
1 570 rs6658555 113098534 3 0.01081139340266228 113089006 113268225 179219
1 339 rs17379608 62673365 2 0.01065298756452343 62657530 62765049 107519
1 766 rs881964 181109478 2 -0.01058207611362998 180934047 181109478 175431
1 559 rs10494129 111787072 4 0.01051316390406222 111773600 111823173 49573
1 478 rs10493860 92212703 5 0.01049703593307731 92211020 92393939 182919
1 473 rs164898 91569689 1 0.01039679197856119 91530305 91658368 128063
1 359 rs12566696 65608909 2 -0.01023813838394695 65608909 65678454 69545
1 479 rs7551956 92441120 1 -0.01020608838588279 92416821 92865160 448339
1 818 rs12065463 196464754 7 0.01018642135646922 196186750 197306099 1119349
1 914 rs3748697 214820099 4 0.01015897567766855 214677026 214863137 186111
1 856 rs4338423 204231164 1 -0.01008170414129264 204136628 204242056 105428
1 213 rs2093880 35093593 4 -0.01001925004024667 35065969 35170887 104918
1 776 rs1144566 182569626 5 -0.00990423077574077 182554557 182746231 191674
1 3 rs2459994 2024064 2 0.00986726239790553 2024064 2189580 165516
1 886 rs12404464 208929732 4 -0.00973659720628083 208928098 209083609 155511
1 628 rs6699043 154913021 2 0.00972455677654775 154810030 155019710 209680
1 924 rs2211118 216864218 2 0.00963796962845396 216836576 216938541 101965
1 784 rs78444298 184672098 8 -0.00950054215180617 184622136 184943837 321701
1 728 rs12040328 170755811 2 0.00945534859944515 170582464 170914071 331607
1 530 rs17016826 106687949 2 0.00938495041617845 106649808 106752234 102426
1 452 rs1882753 86965419 2 0.00936623815024141 86959173 87554612 595439
1 53 rs11589993 8284497 3 0.00921109324288079 8210935 8313894 102959
1 876 rs6690215 207656050 4 -0.00919438945580124 207300070 207670928 370858
1 260 rs6666806 45466927 6 0.0091282819498296 45133561 45763753 630192
1 485 rs550060 94524784 5 0.00907950012200935 94512565 94560938 48373
1 674 rs10917640 162881307 9 0.0090318489198207 162793865 162887988 94123
1 100 rs6667220 15347640 3 0.00903089998134074 15339960 15368553 28593
1 228 rs11210870 38449910 2 0.0090161152646507 38201371 38452059 250688
1 52 rs35675666 8021973 4 -0.00887683962567555 7961206 8195226 234020
1 547 rs6537837 110119732 5 0.00886205044762566 110048436 110173775 125339
1 457 rs11162058 88095387 4 -0.00886040465687301 88083782 88231861 148079
1 900 rs2970582 212080831 2 0.00877453545510883 211914587 212332294 417707
1 595 rs1289859 117892669 7 -0.00870568423241774 117818054 118087384 269330
1 959 rs6426110 224511533 2 0.0087024421378655 224454099 224707177 253078
1 723 rs12731646 169090660 4 0.00863879267261617 169087665 169513583 425918
1 579 rs3738706 115592820 3 -0.00830212768818334 114948281 115648756 700475
1 231 rs883220 38616871 6 0.00822326831788128 38616871 38721663 104792
1 961 rs115366080 225268106 9 -0.00819156579495773 224966644 225541372 574728
1 1084 rs10926744 242619825 1 0.0081652774426301 242546333 242619825 73492
1 417 rs17103753 80270404 5 0.00815450564429126 80116138 80338715 222577
1 935 rs7553207 218370200 3 -0.0080500540703637 218353211 218542059 188848
1 637 rs7521824 157102939 2 0.008005160325444 157069261 157130719 61458
1 682 rs2210960 164153205 8 0.0079395938899059 163957638 164226252 268614
1 202 rs10914746 34039844 2 -0.00789155665985525 33936347 34046066 109719
1 804 rs2887558 192417416 4 -0.00788441318169435 192370110 192461456 91346
1 484 rs486879 94478425 3 0.00784399730405229 94461717 94492773 31056
1 975 rs342834 229351259 7 0.00774117903040379 229181697 229367115 185418
1 196 rs10914251 31510263 2 0.00773204951656869 31413972 31606783 192811
1 244 rs7511983 40966167 4 0.0076152600843752 40960619 41204569 243950
1 706 rs16859085 167453334 1 0.00761370251355658 167453334 167455145 1811
1 360 rs12086738 65807412 4 0.00758816809097128 65703484 65874037 170553
1 364 rs11208834 66789263 1 -0.00756821540617226 66785930 66852981 67051
1 963 rs2615060 225873612 6 0.00754883130771591 225863133 226015116 151983
1 190 rs4949256 30810150 7 -0.00753555163814687 30799299 30887894 88595
1 430 rs10493702 82245143 5 -0.00745361099918247 82241874 82561559 319685
1 197 rs12132682 31955089 3 0.00737620694796732 31697284 32019153 321869
1 1082 rs425246 242404260 3 0.007363362004199 242243178 242404260 161082
1 789 rs76602544 186368092 3 -0.00727054274215296 186225257 186745922 520665
1 493 rs585463 96143185 2 -0.00722911204845999 96051831 96145968 94137
1 510 rs11583008 101085094 6 0.00721735958855907 100766320 101183825 417505
1 970 rs2236358 227935762 5 -0.00720577513590699 227696594 228088271 391677
1 516 rs17426819 102194625 5 -0.00718660094487886 102080843 102243101 162258
1 1005 rs41304133 233121884 2 0.007180468956815 233119951 233193800 73849
1 890 rs2272880 209786078 4 -0.00715675956754093 209728590 209811595 83005
1 808 rs6694727 193369701 6 0.00709037203200585 192818018 193470234 652216
1 149 rs7552560 22547290 10 0.00707620312816966 22373624 22588355 214731
1 794 rs6686651 187607223 6 -0.00706254188208065 187607223 187757027 149804
1 743 rs723640 175325205 3 -0.00703663125228116 175183939 175378694 194755
1 1029 rs35714220 236176845 1 0.00700410220999903 236105308 236195181 89873
1 565 rs3008538 112506564 5 0.00699981437765771 112488820 112555423 66603
1 1064 rs6673167 240448434 3 0.0069747522475682704 240442817 240561727 118910
1 405 rs315014 77033959 1 0.0069492709287173 76976522 77072458 95936
1 800 rs815330 190164775 5 0.00694734490805366 189912146 190514183 602037
1 527 rs4325188 105700935 2 0.00666512788663861 105700935 106063610 362675
1 408 rs1004878 77324640 1 0.0066014643246959 77266676 77531780 265104
1 433 rs318419 83022595 1 -0.00651154083708154 82960385 83120822 160437
1 567 rs6537731 112773948 3 -0.00646018409416496 112707172 112829454 122282
1 555 rs1769207 111093653 4 0.00643742474198496 111035174 111105514 70340
1 1120 rs6683786 246840223 5 -0.00638971919355364 246840223 246973283 133060
1 488 rs2996284 95107254 3 -0.00637674479675801 95085927 95177368 91441
1 1024 rs908319 235062181 3 0.00635589785057072 235017637 235062181 44544
1 1057 rs17645304 239606858 3 -0.00635434699761111 239581298 239760713 179415
1 154 rs10465543 23134218 3 -0.00629585759763573 23106213 23171706 65493
1 419 rs7529438 80735096 3 0.0062529260351758 80683370 80858466 175096
1 247 rs2154319 41745770 9 -0.00620709160695365 41425864 41755652 329788
1 60 rs9442562 9367908 1 0.00618730468235332 9367908 9408959 41051
1 290 rs1755588 55044940 5 0.00617651345829617 55033869 55138294 104425
1 142 rs12404655 20943195 7 0.00613024142383612 20890149 21002613 112464
1 507 rs12409296 99853467 4 0.0061201904361165 99853467 100051580 198113
1 693 rs10918196 165448157 2 0.00611484615409277 165375835 165448157 72322
1 870 rs7549189 206635295 3 0.00609445926951901 206595069 206709535 114466
1 163 rs185511 24857086 3 0.00605747528825338 24813155 24932733 119578
1 11 rs6670328 3219950 5 -0.00603095714399514 3177480 3248098 70618
1 882 rs6704329 208461343 5 -0.00599919280928877 208419288 208529031 109743
1 270 rs2073293 48570133 3 0.00599506780346382 48564267 48973519 409252
1 1103 rs10927330 244997953 1 0.00597970561041805 244997953 245005828 7875
1 964 rs41441645 226034909 2 0.0059629319418478 226026406 226095048 68642
1 448 rs10493772 86035513 1 -0.00592069940287298 86035513 86451381 415868
1 272 rs320025 49080074 3 0.00591927725409697 49070646 49135204 64558
1 874 rs291096 207110936 2 0.0058971931122556 207074905 207163372 88467
1 824 rs6684332 199150453 4 -0.0058965345930446 199136768 199250270 113502
1 988 rs10864790 231053063 3 -0.00589140714801956 230981823 231134867 153044
1 61 rs2095904 9447371 2 0.0058671048452443 9441040 9447371 6331
1 965 rs4369199 226280915 9 0.00586580057400983 226183594 226523560 339966
1 221 rs484017 37303737 1 0.00584127313078006 37115263 37303737 188474
1 250 rs12141084 42117737 5 0.00583662689957295 42027561 42117737 90176
1 599 rs1766787 119452758 2 0.00580738937656117 119452758 119858685 405927
1 1099 rs3102460 244576717 4 0.00580461938710961 244576717 244638528 61811
1 725 rs5361 169701060 1 -0.00580160328060361 169580885 169701108 120223
1 428 rs17106647 81998027 1 -0.0057774782220127 81994844 82083740 88896
1 252 rs12743729 42565366 7 -0.00571276928110897 42390317 42880516 490199
1 968 rs12033364 226965174 4 0.0056667129171923 226910340 227118912 208572
1 701 rs558843 166634216 6 0.00563111524954153 166544158 166791061 246903
1 763 rs6697992 180186713 4 -0.0055552609324344 180138800 180201184 62384
1 520 rs10493982 103171983 6 -0.00555158063315191 102922025 103409558 487533
1 273 rs1484406 49190234 3 0.00554156631913205 49174405 49210570 36165
1 792 rs10494593 187158671 1 0.00552399601989277 187013915 187229039 215124
1 618 rs10888510 152681835 1 0.00547339061417568 152550018 152749891 199873
1 472 rs1210008 91330027 4 -0.00545386687626162 91243376 91517927 274551
1 283 rs4575030 54024808 4 0.00539230726508846 54024808 54190695 165887
1 54 rs301806 8482078 5 0.00534986351408864 8395560 8978514 582954
1 1049 rs17528326 238494665 4 -0.00530467359026826 238471915 238560794 88879
1 192 rs544789 31083478 2 0.00527981592289951 31010302 31101134 90832
1 955 rs11261280 223632045 2 -0.00527091881481894 223449017 223632045 183028
1 980 rs6663181 230187526 1 0.00524921586186269 229927798 230207433 279635
1 475 rs483532 91980447 4 0.00515449282325211 91919058 92011467 92409
1 9 rs7518255 3086464 3 0.00514946931646462 3047252 3086464 39212
1 568 rs6537736 112911324 2 -0.00508695600619186 112886545 112911324 24779
1 91 rs9803674 14490497 6 0.00508626323464763 14418186 14507739 89553
1 434 rs389112 83172684 1 0.00508585601676688 83136135 83267708 131573
1 604 rs11249433 121280613 1 0.00504892608695877 121164607 121280613 116006
1 308 rs10489468 57684025 2 -0.00504886291317663 57629549 57771899 142350
1 1073 rs4359023 241403497 3 -0.00503414693255337 241331883 241455756 123873
1 390 rs2821248 72575560 5 0.00502471724563794 72517928 73012228 494300
1 1069 rs12744536 240977964 2 0.00500156737966291 240933445 241034693 101248
1 644 rs11264900 158045749 6 -0.00499686730812236 158029021 158073254 44233
1 698 rs2568105 166265535 9 -0.00497217906694074 166065145 166364063 298918
1 553 rs615204 110759796 2 0.0049689466075042 110686356 110759796 73440
1 842 rs6701064 202093735 3 -0.00493297455990459 202032235 202095590 63355
1 768 rs3827706 181160271 9 0.00492331973206568 181160271 181309400 149129
1 1000 rs3795366 232650750 3 0.00487899615728751 232512873 232658615 145742
1 1093 rs10927118 244229199 2 0.00486149939437772 244229199 244249487 20288
1 585 rs10923633 116391331 4 0.00483730911800621 116347890 116675909 328019
1 383 rs12028771 70272063 2 -0.00479336735179814 70207079 70459886 252807
1 209 rs9425986 34541724 2 0.00476788212180969 34541724 34620770 79046
1 548 rs11102001 110299691 2 0.0047664700770696 110253241 110300441 47200
1 648 rs139161219 158943483 2 0.00476049700213112 158922287 158978596 56309
1 983 rs11806158 230521031 4 0.00470608111478111 230438592 230523609 85017
1 389 rs6661979 72458685 2 -0.00462624781008998 72289671 72500375 210704
1 1003 rs10910594 232831301 2 0.00462057024301141 232831301 232941215 109914
1 531 rs4503378 106787317 4 -0.00461323965000423 106781612 106972853 191241
1 802 rs591536 191491491 3 -0.00460567969197125 191446589 191866249 419660
1 908 rs1588374 213873500 1 0.0045626875092773 213854151 213925444 71293
1 645 rs980937 158140205 6 0.00455266299489444 158140205 158377882 237677
1 179 rs1886651 29707412 1 -0.00451072285371894 29678774 29707412 28638
1 576 rs901137 114679068 1 -0.00448221934482412 114659327 114720018 60691
1 919 rs12118814 216051157 4 -0.00446286531289737 215974257 216198015 223758
1 903 rs17019556 212846165 3 0.0044606564918434 212844187 213094557 250370
1 695 rs12065621 165639264 3 0.00441115279650192 165625023 165815939 190916
1 811 rs16836062 193969210 2 -0.00439893733871592 193956727 194089817 133090
1 371 rs1340592 68021103 1 -0.00439332860209151 67998133 68046354 48221
1 718 rs1015001 168626707 1 -0.00438386337078989 168568911 168633890 64979
1 90 rs7414562 14359780 5 0.00438247632717648 14252372 14372163 119791
1 697 rs4074017 166036621 3 0.00436673357582636 165917032 166044090 127058
1 857 rs6656057 204312363 1 -0.00434890052472806 204263809 204353050 89241
1 807 rs16834698 192696582 2 -0.00430367422435655 192567674 192768324 200650
1 384 rs10493471 70543349 2 -0.00411397293272932 70541127 70930788 389661
1 664 rs4073054 161200487 5 0.00410920463994457 161068836 161272441 203605
1 394 rs17094900 74648408 2 -0.00408750323434207 74506942 74794119 287177
1 266 rs1108866 48060089 4 -0.00407604210663581 48015566 48085268 69702
1 491 rs10493881 95428051 5 0.00407414816761094 95351915 95586773 234858
1 111 rs1748041 17655407 2 -0.00406167924372249 17559196 17674537 115341
1 73 rs11582732 11556418 4 -0.00406143127567484 11518397 11703843 185446
1 132 rs1320978 19947973 2 0.00402591059560874 19827780 19963047 135267
1 667 rs35284289 161736209 3 0.0040139746379301 161676394 161943634 267240
1 456 rs12402858 87845112 3 0.00400358959771574 87834794 88001013 166219
1 762 rs539181 179900199 4 -0.00400240909038202 179768464 180119544 351080
1 314 rs12145683 58817583 4 0.00398896355270127 58802060 58859197 57137
1 974 rs595950 229145883 2 -0.00398412939940279 229128091 229145883 17792
1 848 rs946261 203157873 2 0.00393085825865291 203102728 203195877 93149
1 62 rs6695925 9526956 1 -0.00390046459005092 9490339 9526956 36617
1 528 rs7512214 106144662 1 -0.00389972532720301 106091316 106373548 282232
1 106 rs904910 16200163 5 0.00388759412080764 16087164 16375510 288346
1 365 rs17128891 66903583 4 -0.0038435391285301 66866041 66972478 106437
1 543 rs338466 109486196 4 -0.00382814325349481 109386174 109515735 129561
1 1115 rs9660719 246003671 3 0.00380984462374401 245979357 246047468 68111
1 341 rs2104448 62854808 1 -0.00379055264918076 62836976 62898142 61166
1 1101 rs2365958 244921530 2 0.00377198563536901 244885285 244921530 36245
1 497 rs7513333 97663530 4 -0.00374489909682563 97469804 97721392 251588
1 174 rs6668823 27786813 6 0.00370226880394452 27537101 27800482 263381
1 84 rs2999878 13786622 1 0.00368862587397941 13783354 13816121 32767
1 754 rs1358842 177434326 5 -0.00368472696603538 177434326 177742007 307681
1 694 rs6681 165619079 4 0.0036557751621768 165465281 165619079 153798
1 525 rs4272631 105254921 3 -0.0036381296307914 105199870 105341180 141310
1 916 rs476557 215140251 1 -0.00361777900880054 215140251 215331257 191006
1 1035 rs10925193 236829348 5 0.00359628684210929 236706278 236900018 193740
1 411 rs11811709 78714834 3 0.00359277136744429 77992695 78714834 722139
1 437 rs10782813 84116142 1 -0.00358487151555486 83958040 84116142 158102
1 424 rs1536570 81705577 7 -0.00355425415648166 81530739 81766935 236196
1 216 rs4411101 35571417 1 0.00355332279286365 35403677 35687815 284138
1 253 rs4660646 43029788 7 -0.00354021994974669 42898843 43353134 454291
1 207 rs911216 34375199 1 0.00345455688525892 34375199 34382423 7224
1 8 rs12022429 2919942 1 0.00344843737906156 2891713 2944527 52814
1 778 rs602182 183279029 2 -0.0034171748676267 183184616 183548992 364376
1 867 rs12035825 205499495 5 0.00341070133369856 205499495 205615442 115947
1 651 rs2808630 159680868 6 0.00340923888902158 159563483 159723619 160136
1 310 rs12125360 58110052 1 -0.00339563349311854 57996397 58121100 124703
1 632 rs2296373 156386787 4 0.00336997194754737 156341494 156386787 45293
1 608 rs999095 147210227 2 -0.00334208110892304 147119273 147236233 116960
1 820 rs12561995 197976444 1 -0.00332941285213406 197960889 198095880 134991
1 779 rs3754515 183562782 2 0.00332030308131773 183562782 183793323 230541
1 609 rs1908627 147260765 1 -0.00331392706822879 147254569 147375981 121412
1 397 rs10493547 75151932 2 -0.00330396824698888 75151932 75252764 100832
1 991 rs480902 231531627 2 0.00330216542373091 231340433 231711489 371056
1 321 rs1470407 59714992 3 0.00329020584853295 59653630 59841785 188155
1 999 rs9424522 232453032 1 -0.00324604802943456 232429661 232491315 61654
1 925 rs10218498 216965834 3 0.00324517091000507 216962893 217082385 119492
1 1090 rs2490393 243522906 1 -0.00322833984281108 243454014 243618317 164303
1 329 rs1419336 61477603 1 0.00320379943732658 61442276 61659786 217510
1 1017 rs642487 234438235 3 -0.00319451417280998 234435865 234475832 39967
1 772 rs4523491 181999723 1 0.00319123443918254 181841744 182027022 185278
1 130 rs2024727 19274525 2 0.00315579462785976 19255671 19627876 372205
1 470 rs10922869 90993868 9 0.00313744367522786 90659565 91062107 402542
1 690 rs10494434 165117237 3 0.00312611502149055 165111242 165158705 47463
1 538 rs17020055 108336533 4 -0.00307118086076419 108247048 108408983 161935
1 606 rs647596 146535394 3 0.00306996577998859 146508934 146858964 350030
1 858 rs2942133 204369875 1 0.00304635698243253 204369875 204426373 56498
1 67 rs7514751 10762432 1 0.00303886132110007 10762432 10796866 34434
1 561 rs3393 112042149 1 0.00302554639639179 112042131 112086030 43899
1 164 rs3131513 25193155 5 0.00298748013882707 25029488 25243767 214279
1 296 rs1807871 55780821 3 0.00298432674704159 55523984 55781281 257297
1 186 rs267720 30497242 2 0.00297590015084751 30414182 30524419 110237
1 158 rs12744386 24168019 5 -0.00292039058125104 23937261 24168019 230758
1 564 rs4838924 112435318 1 -0.00291653965708001 112428953 112468814 39861
1 887 rs4554722 209182220 8 -0.00288116077234667 209113459 209234358 120899
1 72 rs2922240 11493832 1 -0.00287851272892322 11395283 11493832 98549
1 764 rs4651067 180494062 3 0.0028699059367207 180235728 180560692 324964
1 278 rs1288404 53557484 3 0.00285231628592614 53143271 53570659 427388
1 681 rs10436885 163894487 3 -0.00283894643702087 163836720 163916669 79949
1 69 rs672270 10907842 1 -0.00281618160815612 10890026 10907842 17816
1 168 rs742391 25525711 2 0.00281603539366308 25525711 25768937 243226
1 1127 rs61730474 247875313 8 0.00281242959813155 247874551 248018426 143875
1 241 rs6600323 40743727 8 0.00280662486440338 40499302 40759231 259929
1 598 rs1324727 119029958 4 -0.00279261062613188 119029958 119431014 401056
1 612 rs41317513 150525425 1 -0.00278397061212592 150188606 150525425 336819
1 206 rs10799006 34362665 2 -0.00277451577319721 34270187 34369245 99058
1 521 rs11164740 103691332 3 -0.00275875618700931 103420053 103764640 344587
1 416 rs7555545 79741744 1 0.00275798659454994 79729175 80077766 348591
1 854 rs16852826 204068110 1 0.00275353417021509 204011313 204069838 58525
1 162 rs501748 24720003 8 -0.00275004617964363 24669457 24780356 110899
1 366 rs2133173 67243024 2 0.00271161931283013 66986557 67245275 258718
1 242 rs10889285 40800486 3 0.00270108421913687 40768344 40800486 32142
1 838 rs679352 201603081 1 -0.00269797109970002 201603081 201616835 13754
1 30 rs10915310 5068210 1 -0.00268359152710719 5061217 5124859 63642
1 650 rs12072644 159215287 3 0.0026714135524713 159135353 159517860 382507
1 949 rs9725646 221685360 1 0.00266963492954073 221579628 221843191 263563
1 342 rs12130333 63191777 3 0.00266772970884368 62931632 63361221 429589
1 102 rs4644485 15566803 4 0.00264520525046121 15438990 15566803 127813
1 1041 rs11587851 237401055 3 0.00262661986394159 237299708 237401055 101347
1 378 rs1738013 69133160 5 -0.0026227730896821 68842068 69162800 320732
1 349 rs4915644 64159344 3 -0.00262173865190162 64102114 64166213 64099
1 542 rs1149155 109349019 1 0.00260711121221411 109242392 109356362 113970
1 1011 rs1693210 233800613 2 0.00259839539578348 233766695 233813072 46377
1 380 rs4650137 69685100 3 0.00259540978475859 69500815 69685100 184285
1 736 rs2859228 172613241 3 0.00259346789098674 172469707 172654377 184670
1 833 rs2799686 201347315 11 -0.00257943282715563 201176651 201359697 183046
1 1025 rs6586361 235119382 2 0.00256767197108943 235095183 235119382 24199
1 642 rs1925035 157909525 2 -0.00256475626187248 157840353 157975608 135255
1 524 rs17021671 105083405 2 0.00256132081645407 104989780 105184759 194979
1 751 rs11587239 176551626 4 -0.00255136275596918 176547669 176992553 444884
1 13 rs947345 3424388 3 -0.00254979203447581 3362256 3424388 62132
1 157 rs2811946 23902416 2 0.00251581610032341 23839769 23902416 62647
1 629 rs605025 155887772 3 -0.00250172714581037 155031376 156011444 980068
1 386 rs915219 71097893 1 -0.00248303366312536 71014024 71365983 351959
1 930 rs265120 217592945 1 0.00248066921082837 217592945 217604654 11709
1 705 rs953809 167403625 2 0.00247331571115415 167248664 167433056 184392
1 896 rs1934621 210898549 4 -0.00245916962720807 210893635 211079618 185983
1 986 rs699 230845794 6 0.00241928549979774 230780571 230878561 97990
1 324 rs11207523 60302414 2 -0.00241813054855424 60275095 60586471 311376
1 1110 rs819876 245555664 3 0.00241261061893038 245530282 245586529 56247
1 319 rs2764933 59435778 4 -0.0024063003449956 59355900 59482626 126726
1 760 rs10913817 179529150 7 -0.0024033023976082 178989464 179631242 641778
1 1012 rs6679063 233988285 5 -0.00239182370760671 233859026 234068161 209135
1 330 rs7544358 61733856 1 0.00234881722320457 61671468 61733856 62388
1 181 rs927727 29793205 5 0.00234473013068235 29743408 29793205 49797
1 282 rs11206170 54010926 2 0.00233526892611058 53976188 54010926 34738
1 602 rs3790694 120309441 6 -0.002315177623063 120229117 120324995 95878
1 274 rs11583200 50559820 3 -0.00229198988592192 49219384 50722989 1503605
1 387 rs726764 71443399 2 -0.00224619759582792 71373738 71777548 403810
1 36 rs971816 5707091 5 -0.00222348498024408 5671786 5707091 35305
1 185 rs10914549 30332121 1 -0.00222342356380147 30284674 30382007 97333
1 780 rs2296713 183909717 1 0.0022220009806589 183798877 183929771 130894
1 673 rs10494373 162619362 2 -0.00220751913707719 162458412 162740121 281709
1 631 rs41265043 156314497 1 0.00220223766927987 156184268 156335111 150843
1 220 rs4653210 37074351 1 0.00220211313292825 37033128 37074351 41223
1 406 rs1498365 77149849 3 0.00219815269679084 77093530 77187595 94065
1 264 rs3766198 47281780 1 0.00219483980308073 47265677 47637999 372322
1 869 rs12095392 205916017 2 -0.00219022686405166 205887981 205916699 28718
1 653 rs61823162 159785413 1 0.00217992512831748 159782181 159785425 3244
1 219 rs3918003 36931373 2 0.00216152009379199 36861854 37007987 146133
1 660 rs11265461 160630143 1 0.00216040775419579 160616703 160630143 13440
1 468 rs1329644 90575147 1 0.00215673286427208 90534048 90597198 63150
1 138 rs12139100 20501582 1 0.00215504188887685 20487743 20551745 64002
1 146 rs829391 21921058 9 0.0021503653891669 21864206 21983611 119405
1 409 rs4949802 77876353 5 0.00214831991385527 77550431 77886499 336068
1 646 rs34973695 158612756 5 -0.00214173002654424 158381815 158725080 343265
1 248 rs2801962 41878988 3 0.00214039604320691 41830257 41883722 53465
1 421 rs6688321 81140382 4 -0.00212143207821428 81070850 81196872 126022
1 232 rs12740005 38858540 5 0.00211997030912788 38733788 38861996 128208
1 29 rs12754637 5023321 2 -0.00211400968476981 5003504 5023321 19817
1 737 rs12066143 172814855 1 0.00211035967992901 172711000 172898402 187402
1 28 rs10915683 4996185 2 -0.00210540458989954 4861160 4996185 135025
1 431 rs17489092 82755843 3 0.00209998306819321 82575142 82800233 225091
1 971 rs61730829 228565329 4 0.00209399088254472 228126470 228916634 790164
1 845 rs4950949 202810562 2 0.00209318268659128 202638140 202810562 172422
1 669 rs1572495 162099301 3 0.00208041736067886 161984197 162118984 134787
1 545 rs34863121 109823458 1 -0.00206927655165807 109723188 109823458 100270
1 1079 rs6690359 241891040 4 -0.00206923786648969 241882665 242000788 118123
1 672 rs1047802 162356487 2 -0.00205798565234968 162356487 162440134 83647
1 429 rs571361 82126526 6 0.00204169753144669 82126526 82199372 72846
1 347 rs2133354 63630864 4 -0.00201434284221591 63630864 63775056 144192
1 912 rs6682783 214418139 6 0.00200854922096182 214418139 214576241 158102
1 476 rs10874794 92045585 2 0.00200450604853069 92030967 92112890 81923
1 415 rs11162631 79572535 2 0.00199228073741583 79501129 79659418 158289
1 1122 rs61730460 247267269 1 -0.00198691638135656 247196539 247340784 144245
1 377 rs12039098 68765106 3 0.00196500363547592 68686391 68821539 135148
1 864 rs17346622 205384781 1 -0.00196081911520919 205272926 205404878 131952
1 1038 rs11583513 237199183 1 0.00194450298726212 237194523 237227916 33393
1 911 rs4655320 214403709 8 -0.00193484767062479 214318748 214408966 90218
1 1080 rs12568965 242070731 1 0.0019116238602084 242035382 242070731 35349
1 866 rs16855698 205483124 2 -0.00191139215804878 205468289 205483124 14835
1 148 rs2254358 22216574 5 -0.00190914115384997 22150118 22345093 194975
1 1061 rs17606620 240102885 1 0.00190507130137957 240065878 240102885 37007
1 621 rs821427 153275977 3 0.00189877985204808 153200987 153321584 120597
1 134 rs35760408 20072082 2 -0.00189865400374136 20066490 20140036 73546
1 1009 rs10797465 233633819 2 0.00189572000364888 233633819 233696745 62926
1 953 rs17461806 222584505 1 0.00188903386247021 222584505 222595058 10553
1 294 rs6682884 55474325 1 0.00187486069111255 55457815 55474325 16510
1 1016 rs628407 234432465 1 0.00187144179049545 234413359 234432465 19106
1 396 rs730645 75118172 3 0.00186625217518065 75055419 75130289 74870
1 692 rs10489743 165353548 3 0.00186318295557133 165286141 165353548 67407
1 461 rs12041762 88641601 1 -0.00186268964861558 88617883 88645313 27430
1 94 rs6429661 14780811 2 -0.00185807437521226 14744591 14876032 131441
1 301 rs12133338 56871540 1 0.00185467156915715 56826300 56891414 65114
1 834 rs1819291 201385061 1 -0.00185460773693248 201385061 201385061 0
1 143 rs10493004 21442736 2 0.00185391965363005 21012609 21442736 430127
1 816 rs1597732 195954813 1 0.00185146353062079 195859022 195956629 97607
1 80 rs7546794 12336147 2 0.00184539386519717 12316584 12600396 283812
1 1030 rs16833337 236284300 2 0.00182633907253521 236203911 236296079 92168
1 584 rs4074536 116310967 1 0.00181603068134784 116214846 116333773 118927
1 265 rs6695969 47927545 6 0.00181417182705983 47676233 47986452 310219
1 279 rs12731127 53625626 1 -0.00180946114509178 53590423 53630531 40108
1 1010 rs1693224 233739918 1 0.00180038401685902 233723638 233743103 19465
1 1018 rs750813 234557918 3 0.00178930719265669 234492059 234557918 65859
1 732 rs182907 171616822 3 -0.00176150805223132 171415856 171647475 231619
1 79 rs630542 12206866 1 0.00175544412114095 12206866 12253062 46196
1 844 rs10465591 202308344 2 -0.00174325614809703 202228042 202570776 342734
1 1026 rs10489690 235359879 4 0.00174030610107459 235359879 235766162 406283
1 200 rs359955 33134774 1 -0.00172996442055561 32975903 33215380 239477
1 815 rs12073625 195730565 4 0.00172874294522414 195606741 195853219 246478
1 105 rs6692555 16012657 4 0.00172522159644305 15808767 16056364 247597
1 326 rs10889175 60901523 3 0.00170523605556757 60876146 61098227 222081
1 969 rs16847833 227626662 3 -0.00170271866666837 227280641 227673227 392586
1 791 rs2144000 186967242 4 -0.00167656494228378 186862419 186967702 105283
1 665 rs11585941 161312656 1 0.00167650229779246 161312656 161398568 85912
1 498 rs4264037 97764073 4 0.00167127664847882 97748929 97878068 129139
1 557 rs343789 111300993 5 0.00166684943292548 111257724 111371644 113920
1 985 rs853459 230725824 3 0.00166537616917179 230687711 230771642 83931
1 775 rs266511 182497021 4 0.00165146451293097 182433987 182543331 109344
1 801 rs7516085 190963860 4 -0.00163410386421522 190533700 191391663 857963
1 950 rs17010629 221895393 2 -0.00159209353195408 221864710 221895393 30683
1 783 rs7531736 184409965 5 -0.00158928908548755 184314411 184580250 265839
1 235 rs7548027 39092056 2 -0.00158120404920844 39054557 39204184 149627
1 477 rs1555890 92160886 2 0.00156994743024263 92154088 92203190 49102
1 78 rs501525 12180805 1 -0.00156476880810347 12180805 12189561 8756
1 508 rs835004 100085388 1 -0.00155974141674649 100079760 100195477 115717
1 480 rs11164854 93443043 7 0.00155576373073283 92975938 93530980 555042
1 345 rs883398 63489340 2 -0.00153821787620517 63470519 63532307 61788
1 680 rs13374982 163772455 1 0.00149933285362924 163674732 163805912 131180
1 1054 rs10495437 239297423 2 0.00148557280744141 239249308 239321213 71905
1 1045 rs3766871 237778084 2 -0.00147843361080889 237778084 237815546 37462
1 1128 rs6657427 248032168 1 -0.00147707007491477 248023966 248090251 66285
1 926 rs7551571 217108951 1 -0.00146027053502502 217088584 217108951 20367
1 982 rs12757317 230419308 4 0.00145901525271949 230341905 230435991 94086
1 562 rs3738298 112329551 3 -0.00145555189380098 112106247 112329551 223304
1 375 rs17130529 68614320 1 -0.00144988858184649 68571220 68631502 60282
1 439 rs2389651 84309418 4 0.00144796055534792 84254551 84722166 467615
1 1032 rs6695464 236548122 1 0.0014455692320699 236546386 236557928 11542
1 225 rs1888696 37769037 2 -0.00144234730570472 37704048 37888656 184608
1 445 rs817427 85633952 3 -0.00144067981319873 85568972 85709133 140161
1 614 rs12038198 151497202 2 -0.00143376438432155 151344150 151524275 180125
1 1007 rs7516050 233356416 2 -0.00142429038934449 233303958 233412485 108527
1 571 rs11102555 113400990 1 -0.00142019851548376 113284079 113400990 116911
1 1020 rs3951276 234633308 2 0.00141792887604278 234633308 234653716 20408
1 1108 rs6671796 245358619 2 0.00140039717261997 245358619 245474078 115459
1 534 rs1762506 107656356 2 0.00139479728296121 107506014 107697660 191646
1 786 rs12063048 185484309 3 -0.00139436015645569 185453884 185500084 46200
1 803 rs4077238 192120953 3 -0.00139125210636263 191923076 192324175 401099
1 863 rs4951161 205020566 2 0.00138251546546861 205019226 205237137 217911
1 605 rs4636400 145444556 1 0.00137941302497108 145394955 145723645 328690
1 1028 rs4660126 236077778 1 0.00136828116841161 235849939 236077778 227839
1 921 rs1544299 216264388 2 0.00136346937188178 216258213 216630596 372383
1 888 rs2250701 209397138 5 0.00135508388939691 209239811 209581483 341672
1 23 rs351619 4368819 1 0.00135039206062307 4368819 4379687 10868
1 946 rs12408337 220622474 5 0.00134251725623542 220599845 220964537 364692
1 893 rs1076708 210567430 2 -0.0013375694808502 210499394 210652685 153291
1 987 rs12724252 230914229 11 -0.00133324747973356 230883073 230959250 76177
1 422 rs11576605 81336822 1 0.00132985958738869 81227145 81352249 125104
1 418 rs159665 80403167 5 0.0013266907595404 80386090 80662898 276808
1 144 rs16825276 21685445 1 -0.00132136652829791 21544601 21723308 178707
1 465 rs35837853 89844035 2 0.00131719842950922 89776233 90025519 249286
1 275 rs1110220 50815397 4 -0.00129742375627181 50815397 51475488 660091
1 303 rs7539051 57042954 4 0.00129064977810822 57036017 57143986 107969
1 1067 rs10926303 240740757 1 -0.00128797976565922 240712898 240740757 27859
1 797 rs4551597 188764543 1 0.00128659620109193 188761359 188764543 3184
1 793 rs12033946 187348438 3 0.00128020328408635 187236958 187501925 264967
1 487 rs12742802 94629643 4 0.00126575290899745 94607848 95070041 462193
1 894 rs12759944 210674600 1 0.00126511377500349 210660195 210736508 76313
1 392 rs4147207 74251125 2 -0.00124634100700279 74245076 74321238 76162
1 43 rs61740145 6531124 2 0.00124315850398453 6352084 6531124 179040
1 937 rs2047163 218708603 1 -0.00123657840680505 218708603 218786549 77946
1 1001 rs1931597 232720466 1 -0.00122899655642908 232684827 232751245 66418
1 957 rs71644745 223816383 1 -0.00122770810274411 223816383 224216822 400439
1 640 rs3845580 157386936 5 0.00122734036456936 157348712 157463366 114654
1 25 rs12080165 4596700 4 0.00121997411493497 4548088 4668670 120582
1 104 rs7554324 15644729 2 -0.00119691181549075 15644729 15733394 88665
1 505 rs302802 99636921 3 0.00117896237431691 99449969 99647421 197452
1 1066 rs16840284 240680957 1 0.00116973145690644 240674472 240699814 25342
1 211 rs705197 34844836 1 0.00115256348872118 34809587 34936992 127405
1 580 rs4367784 115685684 4 0.00111821182952933 115664311 115800949 136638
1 313 rs639241 58725716 5 0.00111554924493284 58544805 58794017 249212
1 117 rs4920428 18425601 3 0.00110147376128669 18335916 18427031 91115
1 399 rs10874305 75937429 5 -0.00109577276620852 75779404 75982426 203022
1 199 rs7518553 32315147 4 -0.00109248658123141 32277199 32842319 565120
1 204 rs474474 34238283 2 -0.00108396467744764 34189429 34238852 49423
1 379 rs7541833 69184038 1 0.00108353149526687 69184038 69422680 238642
1 170 rs35019869 26131638 4 0.00107909413763485 26131638 26450009 318371
1 537 rs11185141 108132879 2 -0.0010710323139095 108077102 108239958 162856
1 715 rs7512951 168309388 1 0.00106340464238669 168309388 168359043 49655
1 47 rs11120887 7318534 3 0.00106329116953437 7269283 7361338 92055
1 847 rs4950914 203041457 2 0.00105961055419336 203017087 203041457 24370
1 182 rs9426464 29800081 1 -0.00105382370033621 29800081 29867677 67596
1 840 rs1390398 201891254 2 0.001052501010041 201763912 201918527 154615
1 153 rs12734877 22977883 4 0.00104633574260838 22899011 23062908 163897
1 227 rs11264082 38122012 3 -0.00103525729849113 38117142 38196841 79699
1 116 rs620547 18231349 1 0.00100894479557876 18190225 18312084 121859
1 1085 rs10926748 242633878 1 0.00100744357135602 242628042 242690984 62942
1 201 rs10914632 33361287 2 9.925578973208908e-4 33256884 33873511 616627
1 438 rs4636482 84190263 2 -9.918271787464094e-4 84149799 84223416 73617
1 237 rs3768324 39492462 1 9.79498366739705e-4 39395883 39518006 122123
1 907 rs11120179 213825023 1 9.745809521617266e-4 213781198 213825023 43825
1 137 rs525380 20409374 3 9.71220754224744e-4 20373391 20434402 61011
1 261 rs1494813 45957290 2 -9.653256962146664e-4 45800156 46885940 1085784
1 89 rs7537478 14192950 2 9.561012334617768e-4 14190669 14240350 49681
1 21 rs4233264 4240178 2 -9.519695803255466e-4 4158955 4282786 123831
1 658 rs7521304 160342015 2 9.504550386944304e-4 160342015 160463406 121391
1 147 rs61749350 22030884 2 9.434322915321945e-4 21997282 22141983 144701
1 1132 rs6683472 249075377 1 -9.365814901621212e-4 248844959 249170711 325752
1 734 rs2757489 172264193 1 -9.350296369452212e-4 171977284 172279021 301737
1 795 rs1548796 187831735 2 9.241191830443412e-4 187812024 187888914 76890
1 615 rs2495396 151744928 10 9.203280851654456e-4 151542176 151773167 230991
1 837 rs11583215 201545999 2 -9.09868271021134e-4 201530119 201561620 31501
1 696 rs4656467 165871705 1 9.039479720175256e-4 165831128 165896757 65629
1 240 rs17570439 40324210 2 8.901927035346858e-4 40258993 40439598 180605
1 262 rs2025384 46967890 3 8.825578367357313e-4 46905802 47080741 174939
1 45 rs7543753 7078364 6 8.791501225636852e-4 6698390 7156082 457692
1 972 rs1341715 229018916 1 8.767280177300151e-4 228937821 229038351 100530
1 1008 rs7539016 233489499 2 -8.765426990245118e-4 233440166 233619908 179742
1 782 rs4650656 184148645 1 8.760953149968534e-4 184001499 184300717 299218
1 594 rs10923228 117750686 2 8.727664618905721e-4 117749809 117789283 39474
1 336 rs4915778 62263416 2 -8.630893381324427e-4 62212822 62263416 50594
1 755 rs10913425 177770655 1 -8.534672341499562e-4 177751488 177913519 162031
1 596 rs11581122 118168826 3 -8.534078510093314e-4 118131205 118796804 665599
1 17 rs6662706 3732596 3 8.485449685390269e-4 3732596 3823395 90799
1 841 rs4131469 201970748 1 8.476702374745496e-4 201936324 202013757 77433
1 5 rs2494428 2339074 2 8.437124246426929e-4 2327075 2339074 11999
1 756 rs11803039 178021124 3 -8.30334635208798e-4 177938437 178021124 82687
1 24 rs10915535 4491460 9 -8.301149117685589e-4 4384056 4535148 151092
1 1065 rs12064827 240612857 4 -8.257053310647229e-4 240586392 240639611 53219
1 832 rs10753891 201100482 1 8.228114108516378e-4 201081943 201166383 84440
1 771 rs199922 181735033 2 8.204051050797938e-4 181541159 181816509 275350
1 51 rs2071987 7834026 2 8.095648576771576e-4 7713021 7936272 223251
1 830 rs12564878 200852820 2 -7.984988855859454e-4 200481934 200852820 370886
1 103 rs572953 15609117 2 -7.957613311590991e-4 15583819 15610004 26185
1 382 rs17325299 70154480 1 7.921280827214289e-4 69920333 70176245 255912
1 502 rs7548836 98856577 2 -7.855558678610348e-4 98755006 98904871 149865
1 691 rs10753668 165218792 1 7.853707657304653e-4 165199023 165272872 73849
1 381 rs2249487 69715220 2 7.754283130131908e-4 69711165 69909512 198347
1 318 rs9436174 59321745 1 7.648969132672333e-4 59321745 59330763 9018
1 523 rs11185408 104792257 3 7.620796461335378e-4 104770475 104981506 211031
1 899 rs6670986 211809647 4 7.538083346294244e-4 211774350 211893655 119305
1 191 rs6673363 30933736 3 7.473933566269578e-4 30919030 30989639 70609
1 281 rs12135186 53824428 1 -7.465564347749977e-4 53786149 53952141 165992
1 945 rs12754802 220539533 2 7.417692575516005e-4 220539533 220568157 28624
1 948 rs2484696 221171310 1 -7.405380955980386e-4 221171310 221547600 376290
1 741 rs10912735 174128140 1 -7.38650261158708e-4 173615965 175087729 1471764
1 343 rs6683386 63452363 1 -7.343538815558319e-4 63396290 63453129 56839
1 1130 rs11804999 248322479 3 7.331658543103373e-4 248145644 248322906 177262
1 328 rs1414277 61409064 1 -7.308283283795698e-4 61383717 61412131 28414
1 41 rs571655 5965455 1 -7.277121241556679e-4 5921042 6117171 196129
1 414 rs1571991 79471959 2 7.204929491324591e-4 79282661 79490302 207641
1 334 rs6699079 62082189 1 -7.173198142136721e-4 62034999 62082800 47801
1 309 rs11207039 57923439 3 7.102711993869447e-4 57784144 57975111 190967
1 368 rs17129664 67583298 1 7.098602559159749e-4 67412261 67584335 172074
1 76 rs2236057 12062205 2 -7.073189686526281e-4 12000670 12105332 104662
1 889 rs7526722 209632204 1 -6.926502790991077e-4 209588509 209706685 118176
1 1044 rs72549415 237730059 1 -6.775216686276342e-4 237658484 237760083 101599
1 649 rs2814779 159098713 10 -6.738926879998296e-4 158996895 159117690 120795
1 828 rs3861927 200199414 1 6.689272236791185e-4 200154474 200263697 109223
1 897 rs1338348 211265284 2 -6.674110749418902e-4 211085683 211363628 277945
1 26 rs763238 4743704 4 6.634646279020722e-4 4675555 4743704 68149
1 532 rs4440890 107110129 1 6.617664326983481e-4 106984123 107431974 447851
1 666 rs4657039 161462728 2 -6.578222297367679e-4 161462728 161662484 199756
1 403 rs4949624 76732617 1 6.50606483780498e-4 76732617 76777065 44448
1 671 rs2282397 162344102 1 6.470058284600087e-4 162324445 162344102 19657
1 1019 rs3736838 234601529 2 -6.46407470239368e-4 234565176 234616522 51346
1 441 rs7524576 84959734 1 -6.446116191425471e-4 84944989 85143652 198663
1 958 rs7517868 224251666 1 6.423414773049478e-4 224237716 224411596 173880
1 850 rs10920623 203352061 1 -6.404390476652859e-4 203351887 203374751 22864
1 1119 rs7536768 246718977 2 -6.348970358442917e-4 246661236 246805265 144029
1 603 rs3009186 120380990 2 -6.314322746437037e-4 120380990 120505532 124542
1 268 rs1603530 48411729 3 -6.298189897886328e-4 48236425 48480638 244213
1 372 rs11585171 68055347 1 6.219893665438106e-4 68055347 68106197 50850
1 131 rs6661421 19755204 3 6.139498286535187e-4 19644218 19809758 165540
1 504 rs4908084 99310398 8 6.121979827398718e-4 98983135 99416102 432967
1 592 rs3767780 117574023 1 -6.009701990557305e-4 117573173 117582373 9200
1 905 rs12036568 213636801 3 5.981149923421248e-4 213617738 213677091 59353
1 920 rs6419476 216236311 1 5.925905909608621e-4 216219781 216236311 16530
1 1051 rs624912 238741253 1 -5.86882676338858e-4 238712017 238741253 29236
1 410 rs3104467 77971047 1 5.770680620851685e-4 77897713 77980235 82522
1 85 rs10927904 13914909 2 -5.768988649165099e-4 13852683 13914909 62226
1 44 rs3935435 6572175 1 -5.73051187310218e-4 6572175 6637056 64881
1 679 rs6674167 163511425 1 -5.709154759874271e-4 163511425 163558749 47324
1 940 rs11118275 219497096 2 5.685780746472874e-4 219298539 219586415 287876
1 404 rs12075814 76945339 1 -5.6472665780286e-4 76820435 76945339 124904
1 1075 rs947307 241633007 2 5.522301657777725e-4 241586834 241690554 103720
1 551 rs333966 110441792 1 -5.461787814769171e-4 110426778 110450177 23399
1 1063 rs12037713 240394879 1 5.460220675413287e-4 240253320 240418702 165382
1 995 rs11584798 232066277 2 -5.452106102586037e-4 232054078 232078614 24536
1 581 rs910330 115835500 2 5.369394992663443e-4 115829313 115871635 42322
1 713 rs10489202 167903079 2 5.28347215867538e-4 167845787 168159890 314103
1 638 rs11264631 157176781 1 5.278310212083834e-4 157176781 157259757 82976
1 556 rs2797537 111193595 8 5.261765825068914e-4 111137811 111219344 81533
1 742 rs10489328 175113118 3 5.224808533968393e-4 175090414 175162805 72391
1 71 rs12142107 11097867 2 -5.215507840655176e-4 11032827 11318236 285409
1 4 rs884940 2223866 1 -5.131028184827376e-4 2223866 2223866 0
1 402 rs547342 76687275 1 -5.099555926020088e-4 76610397 76697968 87571
1 735 rs9425329 172435851 1 -5.09739503218403e-4 172324930 172452087 127157
1 753 rs12031932 177162809 4 -5.094064744490271e-4 177088703 177403769 315066
1 670 rs7528328 162247779 2 5.050060462089747e-4 162133117 162312753 179636
1 492 rs12061105 95881126 5 4.978717488670955e-4 95611717 96013073 401356
1 943 rs11118454 220077320 3 -4.933755516634402e-4 220075257 220098329 23072
1 967 rs6696348 226817467 3 -4.857196616316786e-4 226772889 226865254 92365
1 350 rs2819130 64231541 1 4.820503878505555e-4 64173484 64313696 140212
1 812 rs4291483 194407083 2 4.8101444704207777e-4 194158003 194416810 258807
1 1124 rs2386551 247554949 2 4.753009988710958e-4 247552084 247614407 62323
1 927 rs10863288 217193687 1 4.682359803496517e-4 217124015 217240584 116569
1 566 rs12566649 112606027 5 4.590312858004367e-4 112590049 112671286 81237
1 1059 rs2841037 239934541 1 4.551257681233522e-4 239934541 239934541 0
1 1091 rs10927046 243801190 2 4.463721204255519e-4 243664857 244102151 437294
1 1112 rs1771492 245728083 3 -4.440959022550989e-4 245728083 245745337 17254
1 1004 rs4649410 232972001 3 4.366743493114995e-4 232972001 233046677 74676
1 1125 rs10802515 247647970 1 4.309116717855518e-4 247622940 247710867 87927
1 454 rs7544647 87732429 1 -4.2901712495591656e-4 87702635 87775058 72423
1 717 rs6662401 168553057 2 4.26481765703281e-4 168487659 168563895 76236
1 1013 rs9435500 234198222 1 -4.264109507364302e-4 234098452 234202145 103693
1 785 rs10911713 185347488 1 4.176915231304007e-4 184986725 185422604 435879
1 593 rs1289675 117615935 1 -4.1573957131300806e-4 117597901 117675943 78042
1 135 rs3806308 20142866 1 4.143073835765581e-4 20142681 20158241 15560
1 550 rs12039964 110348040 1 -4.0993206236689074e-4 110348040 110372198 24158
1 208 rs3131529 34514486 2 4.069912639028466e-4 34432484 34525105 92621
1 246 rs7554973 41387003 1 -4.069242281566029e-4 41323882 41404596 80714
1 676 rs2841993 163111066 1 4.0397032845860853e-4 163018934 163126417 107483
1 463 rs1760206 89069023 3 4.034777652598186e-4 89045338 89427252 381914
1 877 rs6691117 207782931 1 4.014094115471504e-4 207748793 207875175 126382
1 239 rs481423 40183922 1 3.977319777215439e-4 40183922 40194903 10981
1 184 rs920600 30222525 1 3.966802536687639e-4 30172044 30265652 93608
1 425 rs4512695 81828029 1 -3.957498636040945e-4 81770597 81831533 60936
1 733 rs12091786 171768793 1 3.831217200417265e-4 171652583 171927696 275113
1 362 rs17448446 66217402 1 3.799750000705208e-4 66185403 66321193 135790
1 825 rs945877 199519005 2 3.778682681706051e-4 199266874 199557306 290432
1 263 rs686053 47214785 2 3.777233290391969e-4 47105000 47219823 114823
1 440 rs642774 84843465 2 -3.726467523716572e-4 84795283 84922553 127270
1 979 rs670054 229888337 1 -3.701058432897896e-4 229772932 229910737 137805
1 675 rs2343508 162896697 1 3.5532711107300323e-4 162890325 162961718 71393
1 257 rs6682866 44578764 6 3.551334142172886e-4 44509551 44844958 335407
1 124 rs7528206 18807117 1 3.538104644961474e-4 18768011 18851113 83102
1 1068 rs6696418 240856523 1 -3.520226824611489e-4 240856523 240901508 44985
1 901 rs4951446 212620938 1 3.5081181116067273e-4 212350975 212620938 269963
1 1023 rs4626924 234909298 1 3.477031868332338e-4 234909298 234909298 0
1 688 rs11588114 165005945 1 -3.410477210620198e-4 164956966 165016712 59746
1 1077 rs41269377 241798443 1 -3.4079827831880107e-4 241720543 241811131 90588
1 569 rs11102472 112948319 2 -3.3165475364600066e-4 112931256 113023980 92724
1 156 rs627304 23537555 2 -3.289550817855148e-4 23312025 23794914 482889
1 280 rs11578832 53674542 1 -3.2472367167395773e-4 53646557 53765434 118877
1 826 rs4465241 199963622 4 -3.240012732450802e-4 199598783 200007432 408649
1 449 rs17128768 86507592 1 3.1897951615533977e-4 86457334 86547798 90464
1 188 rs2064648 30638016 1 -3.187062470059216e-4 30635302 30742979 107677
1 276 rs17394584 52034812 4 -3.164607737326042e-4 51541808 52348349 806541
1 1031 rs10924694 236358092 3 3.1383298496954993e-4 236310024 236521008 210984
1 152 rs10493014 22787711 1 -2.999032377770322e-4 22742985 22835677 92692
1 331 rs2243874 61757024 1 -2.9792150238629157e-4 61757024 61831890 74866
1 1060 rs10495447 240051340 1 -2.976066735997893e-4 239970097 240051340 81243
1 740 rs1342038 173301516 6 2.928053873023895e-4 173301516 173475612 174096
1 1113 rs12401628 245767834 2 -2.919995055768823e-4 245766651 245840409 73758
1 859 rs898388 204500257 1 -2.917202321253653e-4 204500257 204646295 146038
1 514 rs6577244 101848719 2 -2.895622023176079e-4 101768868 101848719 79851
1 57 rs12145292 9118596 1 2.894784764175567e-4 9073801 9210262 136461
1 1092 rs692981 244165607 1 2.883195528782742e-4 244155946 244179191 23245
1 915 rs1856050 215005621 1 -2.882458938339188e-4 214920883 215112145 191262
1 373 rs6686101 68304640 2 2.808919213888733e-4 68128130 68447267 319137
1 1043 rs17631862 237578208 1 -2.7933636179541577e-4 237578208 237602666 24458
1 35 rs9660967 5581798 1 2.7662971766015165e-4 5547562 5623965 76403
1 687 rs1890535 164829035 2 2.746491552533142e-4 164733504 164951930 218426
1 1062 rs1124375 240127293 1 2.7387472523753584e-4 240121828 240228189 106361
1 285 rs637590 54461703 4 2.7281238943944504e-4 54375348 54661262 285914
1 1126 rs1144815 247781569 1 2.7081417659827813e-4 247745227 247840784 95557
1 1123 rs17720872 247364063 1 2.6071653008262485e-4 247346189 247513049 166860
1 966 rs7524430 226693542 1 -2.590634796398104e-4 226542049 226729492 187443
1 716 rs858099 168426153 1 2.570814126611464e-4 168413221 168426153 12932
1 256 rs3762423 44445667 9 -2.5653405321565117e-4 43772190 44487280 715090
1 990 rs9431660 231311867 1 2.5638141964932687e-4 231301889 231316174 14285
1 702 rs2075982 166929527 2 2.5304306120714823e-4 166826655 167038219 211564
1 906 rs320424 213703223 1 2.5199359236843935e-4 213703223 213746770 43547
1 1097 rs4658627 244511176 2 -2.3275710472403456e-4 244464197 244511176 46979
1 997 rs9308491 232310039 1 2.3198378984484744e-4 232168867 232311020 142153
1 269 rs6679531 48524180 1 2.3028665249700116e-4 48509053 48532672 23619
1 699 rs1494428 166454802 3 2.2838864223849223e-4 166389338 166458160 68822
1 898 rs17695731 211710139 1 -2.2829694943808597e-4 211405423 211712690 307267
1 307 rs34341631 57489239 2 2.279652829228105e-4 57413768 57568923 155155
1 444 rs541897 85438243 2 2.2608406226305857e-4 85396158 85556791 160633
1 63 rs7518793 9711487 1 -2.2548380064813352e-4 9627103 9713500 86397
1 929 rs11117853 217487940 5 -2.243372519835948e-4 217352068 217560463 208395
1 243 rs11208057 40885832 8 -2.1959906905821665e-4 40823379 40930624 107245
1 169 rs2742942 26067461 1 2.1363676595637467e-4 25889422 26081051 191629
1 647 rs11810781 158729713 3 -2.0731661771724384e-4 158729346 158891391 162045
1 453 rs1886632 87610246 1 2.0666582610499848e-4 87608534 87649865 41331
1 941 rs17041734 219639896 1 -2.0539954430923388e-4 219596070 219762581 166511
1 798 rs12071479 189512884 1 -2.0211476795960835e-4 188961641 189639180 677539
1 304 rs9803799 57180072 1 2.0186944084245637e-4 57180072 57192848 12776
1 501 rs355375 98588692 1 -2.0070465962371053e-4 98284940 98689392 404452
1 254 rs9326132 43471182 1 -1.9870580496296665e-4 43401499 43471182 69683
1 355 rs12044266 65146290 1 -1.9690161688425828e-4 65074489 65147002 72513
1 704 rs9803659 167156500 1 -1.957839346834005e-4 167103023 167156500 53477
1 258 rs1890948 44929865 1 1.932136423501421e-4 44925508 44957986 32478
1 443 rs4907110 85371265 1 1.895964859337564e-4 85366164 85371391 5227
1 748 rs732292 175832217 1 1.871214281282141e-4 175735380 175889627 154247
1 774 rs6659412 182398201 3 1.8539359752605257e-4 182301508 182406654 105146
1 589 rs797999 117293763 1 1.839342494034344e-4 117263790 117293763 29973
1 229 rs6600436 38469500 1 1.8122980306587368e-4 38469500 38522092 52592
1 93 rs2789746 14673025 1 -1.7036491874851406e-4 14635852 14718957 83105
1 442 rs9724696 85246297 3 1.6985824811504213e-4 85212582 85340005 127423
1 251 rs2993120 42350837 2 1.663680978166864e-4 42202714 42350837 148123
1 48 rs11120919 7482205 1 -1.6412558925603228e-4 7375258 7482205 106947
1 95 rs732469 15093562 1 -1.640974108138729e-4 14915147 15093562 178415
1 871 rs4845116 206772753 1 -1.633964725055219e-4 206727260 206776097 48837
1 1037 rs1252139 237151125 1 -1.613152621602689e-4 237137760 237151125 13365
1 20 rs10915659 4092949 1 1.60000814194851e-4 4091650 4131726 40076
1 989 rs10864662 231191803 2 1.560840255125708e-4 231173379 231277763 104384
1 395 rs1022915 74907002 1 -1.5592706288926396e-4 74907002 75014195 107193
1 683 rs12043375 164365846 1 1.5445757182513964e-4 164274152 164422044 147892
1 42 rs6703057 6187086 2 -1.5443534527843304e-4 6187086 6190215 3129
1 118 rs1858589 18447551 3 1.5351933094566998e-4 18438239 18478269 40030
1 1034 rs653740 236644617 1 1.5250727757804675e-4 236634875 236677586 42711
1 458 rs10489944 88392864 2 -1.512690551267194e-4 88257998 88392864 134866
1 171 rs4659431 26658391 1 1.4883952929778922e-4 26491355 26714205 222850
1 770 rs2225875 181506539 2 -1.3468580600221853e-4 181476430 181526369 49939
1 356 rs10789165 65186794 1 -1.307755077878704e-4 65161230 65186794 25564
1 582 rs17556126 115998480 1 1.2984095052548129e-4 115882541 116011901 129360
1 1050 rs1021356 238573691 3 -1.2875398944461625e-4 238573691 238696036 122345
1 70 rs10157927 10974329 1 -1.2395261065533083e-4 10974329 11009703 35374
1 709 rs2143305 167572161 3 -1.090145439816562e-4 167536744 167615368 78624
1 112 rs4920374 17872028 2 1.0727832353496372e-4 17683526 17872028 188502
1 489 rs1146267 95220161 1 1.0512012826279228e-4 95207524 95312659 105135
1 678 rs4657284 163440717 1 9.6966698999166335e-05 163351311 163502326 151015
1 552 rs756134 110640235 2 -9.681864117269006e-5 110478803 110658171 179368
1 752 rs7519595 177074669 1 9.409486822337164e-5 177021726 177074669 52943
1 821 rs72731918 198225478 7 -9.055624794613616e-5 198104472 198520125 415653
1 413 rs7524036 79158657 1 8.999080891644462e-5 79079566 79217345 137779
1 730 rs10798271 171187987 6 -7.843581378948238e-5 171050589 171220236 169647
1 689 rs1343316 165018803 2 -7.803982128941849e-5 165018803 165083809 65006
1 338 rs11207909 62607786 2 7.49533807614014e-5 62420303 62638306 218003
1 348 rs12407262 63820276 3 -7.396162226972966e-5 63818393 64089432 271039
1 721 rs1575330 168913482 2 -6.983028488721763e-5 168907072 168996958 89886
1 393 rs717830 74376663 3 6.476989689216324e-5 74338530 74454701 116171
1 1047 rs6700222 238003342 1 -6.186304191614495e-5 238003342 238103501 100159
1 533 rs4244120 107480854 2 6.17665692290286e-5 107440872 107481837 40965
1 284 rs1181145 54272330 1 -5.837664917552603e-5 54264996 54355840 90844
1 74 rs148957324 11733846 1 -5.7161138402228355e-5 11733846 11774956 41110
1 127 rs9439731 19059471 1 5.654238816677178e-5 19059471 19059471 0
1 435 rs988424 83339078 2 5.5145827074681327e-5 83297330 83465396 168066
1 933 rs7546902 218147297 3 -4.691284605971868e-5 218111556 218275002 163446
1 474 rs10801851 91747006 1 -4.6720007045792545e-5 91730806 91784088 53282
1 483 rs17881908 94353668 1 -3.649106406268149e-5 94185344 94441950 256606
1 420 rs3737936 81006304 1 3.417632515330027e-5 80892408 81059253 166845
1 317 rs2811893 59162148 1 3.4049356163898245e-5 59063746 59261835 198089
1 212 rs3845483 34962846 1 -3.0406816359407828e-5 34962846 35058148 95302
1 992 rs1765777 231731742 1 2.754616570230404e-5 231727447 231844347 116900
1 677 rs4657252 163157126 1 2.3678509808796577e-5 163149325 163330805 181480
1 634 rs3935541 156662372 1 -2.0426388232866225e-5 156622252 156662372 40120
1 128 rs7549129 19119606 1 2.0313650582882387e-5 19087765 19170078 82313
1 151 rs6426752 22718991 1 -1.7897183330613333e-5 22653884 22735906 82022
1 361 rs3790426 66043019 1 -1.5341860968899227e-5 65894160 66170362 276202
1 302 rs1930760 57007539 1 -1.528146503788393e-5 56914341 57016862 102521
1 883 rs1499588 208557123 1 1.2836061768398265e-5 208551773 208622869 71096
1 895 rs3935665 210807437 1 1.0065652121110602e-5 210800547 210862656 62109
1 724 rs6678795 169533266 1 9.399233203662564e-6 169530837 169572645 41808
1 352 rs12025819 64612395 1 5.296440493187461e-6 64579157 64614011 34854
1 99 rs4661310 15320449 1 4.83102312174652e-6 15317488 15331802 14314
1 451 rs1323029 86769951 1 -2.492261755013881e-6 86769951 86932265 162314
