CHR Group SNP.lead BP.lead Size W BP.min BP.max BP.width
11 541 rs4938573 118741842 10 0.14775602196392568 118341921 118741842 399921
11 4 rs11246262 680647 5 0.06392696711591245 436461 709567 273106
11 299 rs647152 64109118 15 0.05505153987601291 63849330 64210652 361322
11 369 rs11232169 80207247 8 0.04733863969173298 80147284 80282364 135080
11 398 rs7949449 87808350 9 0.04540260751023838 87678532 87911282 232750
11 209 rs693163 35074665 4 0.04349619427098365 35052489 35192279 139790
11 613 rs10893900 128502222 5 0.04192931067507661 128420926 128540106 119180
11 274 rs2218868 57925977 11 0.04181211817797052 57252328 57987034 734706
11 2 rs10398 308180 1 0.03713591480326998 308180 331326 23146
11 460 rs1711399 102460777 5 0.03713352206175632 102460777 102655487 194710
11 312 rs3829241 68855363 3 0.03219290028428778 68847156 68960391 113235
11 427 rs1255522 95376448 3 0.03217162683463309 95376448 95411600 35152
11 439 rs7939072 98130056 10 0.03191785859209434 97804083 98130056 325973
11 22 rs10466385 3170174 1 0.03089024248315847 3141109 3181085 39976
11 494 rs7128353 111538875 9 0.03054602140543662 111340452 111916647 576195
11 105 rs1993116 14910234 4 0.03014578291202341 14159137 14915310 756173
11 21 rs10766497 2987303 1 0.02766317772366856 2987303 3131418 144115
11 612 rs7932088 128317168 8 0.02725609193987277 128281184 128398309 117125
11 453 rs7126324 100633303 11 -0.02712565805673424 100553728 100864744 311016
11 542 rs523604 118755738 3 0.0243029001236617 118754353 118895962 141609
11 205 rs12294809 34431506 8 0.02395889367257259 34370840 34516250 145410
11 119 rs7950705 18073039 3 0.02354628630402384 17872749 18159254 286505
11 311 rs2846196 68782223 4 0.02288686743556394 68597104 68793206 196102
11 81 rs7101677 11427040 2 0.02246216798182533 11399283 11446045 46762
11 208 rs497582 34991727 6 0.02234614088977398 34672889 34991727 318838
11 280 rs117801657 60183189 5 0.02228868961206216 60130796 60517887 387091
11 388 rs10501600 85609559 6 0.02193438546843338 85012704 85642444 629740
11 269 rs10838681 47275064 13 0.02188464162053279 46297631 47873883 1576252
11 452 rs11224313 100472288 5 0.02114055263171439 100424060 100534422 110362
11 175 rs79461805 26885197 2 -0.02090741602122887 26722523 27015690 293167
11 481 rs425538 108219339 9 0.01989011794286149 107857145 108357137 499992
11 340 rs658573 75075866 4 -0.01968322265150007 75044640 75147661 103021
11 400 rs16913876 88102739 7 0.01955368191179917 88022988 88266080 243092
11 306 rs2509712 67408090 6 0.01932397216273102 66910826 67408241 497415
11 391 rs10898501 86285825 10 0.01909903235528145 86264881 86416932 152051
11 272 rs1792509 56670810 5 0.01845092725442651 56627064 57137424 510360
11 610 rs1793327 128088935 3 0.01839263460902671 128071256 128159029 87773
11 493 rs4938534 111275133 9 0.01826880942465111 111181120 111306908 125788
11 335 rs653263 73670645 8 0.01787506761925201 73317931 73670645 352714
11 314 rs11263641 69207590 7 -0.01745100561064512 69143284 69277975 134691
11 327 rs7944926 71165625 7 0.01695176889792602 71115446 71217959 102513
11 86 rs11604515 11761553 8 0.0168862333192117 11750180 11996757 246577
11 557 rs4936578 120999258 6 -0.01655366841426504 120907482 121161106 253624
11 114 rs11024102 17008605 10 0.01650997112676509 17008605 17422955 414350
11 206 rs836141 34537316 3 -0.01614779605731213 34537316 34579376 42060
11 409 rs7951876 91560288 7 0.015914789831585 91342130 91674642 332512
11 160 rs11820608 23776103 1 0.01531192706075526 23706440 23867685 161245
11 171 rs11029058 26009705 7 0.01520138974594394 25712300 26018893 306593
11 243 rs10501281 41966359 5 0.01506615289190264 41867654 42211231 343577
11 51 rs1354803 6768561 8 -0.01465416188614988 6737979 6915315 177336
11 354 rs949220 78400319 1 0.01461034850566415 78356498 78509582 153084
11 584 rs11219769 124620147 1 -0.0145114949764825 124570014 124657183 87169
11 11 rs34134444 1972143 1 0.01446470296221888 1888614 2021075 132461
11 507 rs454802 114089104 2 0.01421093363741245 114017753 114105627 87874
11 502 rs4590907 113263370 5 0.01418340752070184 113146033 113309869 163836
11 25 rs7931660 3400334 3 0.01413832947038274 3371853 3402477 30624
11 307 rs10736660 67419855 1 0.01375241180029187 67419855 67462549 42694
11 648 rs1620329 132577443 6 -0.01363959407481199 132388319 132582971 194652
11 583 rs12417780 124426284 1 -0.01335706006512082 124408415 124489274 80859
11 256 rs10838304 44573235 3 -0.01312387200795796 44559898 44636839 76941
11 666 rs1048761 134124124 7 0.01291762641288717 133929556 134194937 265381
11 182 rs2793476 29370702 3 0.01280007891281436 29370702 29527661 156959
11 374 rs2085557 80992153 6 0.01276721319597447 80930458 81193297 262839
11 437 rs1039951 97624373 7 0.01247794729720841 97315831 97659276 343445
11 338 rs11236236 74442931 3 -0.01230220447385791 74413955 74883577 469622
11 617 rs10488729 128962670 12 0.01217551856660087 128823766 129251227 427461
11 529 rs11216129 116620256 4 0.01187262914013929 116518960 116662579 143619
11 456 rs11224983 101585195 3 0.01180838311871654 101354968 101591191 236223
11 345 rs1941603 76359722 2 -0.01176334532648588 76347032 76371418 24386
11 218 rs3740962 36103381 3 -0.01162059430339046 36093636 36103381 9745
11 414 rs3847554 92668826 4 0.0115437775583252 92646254 92714595 68341
11 308 rs75090510 67959806 5 -0.01153637316019257 67536948 67959806 422858
11 419 rs12270338 94147464 9 0.01151829369848518 94037967 94381707 343740
11 207 rs286920 34643780 3 -0.01130748008799562 34588886 34659807 70921
11 234 rs7952564 40013964 1 0.01130443093898439 39709068 40082790 373722
11 107 rs4597047 15191412 2 0.01112072668975835 15168799 15310981 142182
11 392 rs1939108 86573310 4 0.01103682135100562 86452908 86604406 151498
11 462 rs10502009 102821404 2 -0.01088326807233968 102810078 102887764 77686
11 379 rs551450 82508987 3 0.01080296410286572 82358182 82829768 471586
11 60 rs1600970 7754959 8 0.01078190835185659 7721870 7904380 182510
11 232 rs426388 39130227 3 -0.01071524985177859 38620095 39327959 707864
11 31 rs3750992 4621323 1 0.01048813053324344 4593411 4694308 100897
11 263 rs11038286 45075826 2 -0.01042147125056975 45030050 45077911 47861
11 389 rs4944558 85829867 6 -0.01037257604329224 85665172 85883303 218131
11 540 rs656308 118031206 4 0.01036191801853496 118030186 118297391 267205
11 418 rs1138800 93862493 6 0.01028170213934021 93630491 94032198 401707
11 143 rs10833428 21012786 4 -0.01027666449581923 20959004 21012786 53782
11 150 rs3958160 21641954 4 -0.00966919386846539 21539055 21686312 147257
11 20 rs3987740 2895800 1 0.00940667418173032 2895800 2920666 24866
11 394 rs589193 86891077 5 0.00939984426402959 86724222 87110152 385930
11 417 rs1939560 93311765 2 0.00927458838501672 93281716 93575238 293522
11 446 rs10790789 99411774 2 0.00921840944913225 99321743 99480175 158432
11 488 rs2051466 110241999 11 0.00905059709910936 110222791 110697604 474813
11 265 rs896331 45415035 3 0.00896776827203596 45337343 45554951 217608
11 258 rs4755884 44763401 1 0.00891696274473326 44698662 44784540 85878
11 605 rs1569165 127334464 3 -0.00869782562926363 127328188 127446890 118702
11 383 rs10898185 83658053 6 -0.00866973642369471 83655564 84027768 372204
11 70 rs12223505 9691765 2 0.00855712920449893 9372626 9710354 337728
11 5 rs6597981 803017 5 0.00849340032884316 723311 1044938 321627
11 646 rs7934599 132156872 1 0.00819551642170363 132058818 132177320 118502
11 636 rs11606643 131213874 1 0.00815115385163146 131137503 131213874 76371
11 139 rs1036923 20488453 3 0.0080707562384308 20310244 20522290 212046
11 213 rs649640 35508918 3 0.00799131251950711 35507700 35546732 39032
11 435 rs7112003 96899834 1 0.00794122732902055 96850814 97044431 193617
11 158 rs7929370 23420932 4 -0.00768628513657832 23318440 23532943 214503
11 609 rs7933438 128041582 6 0.00765500301917145 127940816 128044966 104150
11 627 rs2640215 130426387 1 0.00748681966205197 130347190 130426387 79197
11 319 rs10897924 69921329 3 -0.00744830735257842 69919522 69941786 22264
11 471 rs11226774 105441422 3 -0.0073827174604368 105111394 105719522 608128
11 436 rs979406 97297218 3 0.00732388958589798 97110269 97297218 186949
11 28 rs7951076 3890853 9 -0.00712429140290015 3851383 4234786 383403
11 580 rs12576449 123971044 4 0.00702712328578375 123925974 123971044 45070
11 300 rs17300741 64331462 6 0.00699756335308896 64251221 64546391 295170
11 445 rs12789966 99041999 7 0.00692554120510668 99035893 99276691 240798
11 75 rs7946997 11069843 5 0.00688974198516831 10960394 11096770 136376
11 463 rs12419850 103342939 2 -0.00679197216818166 102991197 103350975 359778
11 204 rs11824839 34332320 2 0.0067049951575898804 34318749 34333973 15224
11 292 rs544978 62685230 3 0.00669672458356998 62453952 62765869 311917
11 503 rs4938021 113364803 3 -0.00656401190908189 113318408 113440331 121923
11 92 rs4471395 12194228 4 -0.00646298798764025 12176273 12248766 72493
11 357 rs11237714 78800073 1 -0.0064439208014162 78772558 78804058 31500
11 44 rs11040316 6043277 3 0.00641503989252694 6013529 6051317 37788
11 68 rs931756 8735662 11 -0.00640614106869675 8735662 9074535 338873
11 46 rs325609 6221249 3 0.00635197348023722 6190850 6301177 110327
11 318 rs7947135 69875759 7 0.00625270834952041 69834983 69883969 48986
11 268 rs11038834 46270846 7 -0.00612029202453755 45929961 46274143 344182
11 180 rs502249 28753841 14 -0.00610409541470121 28602221 29086045 483824
11 361 rs471435 79077745 6 0.00608320029720509 79058250 79198096 139846
11 499 rs7129926 112862901 7 0.00607401258460718 112762909 113056323 293414
11 304 rs12419173 66766754 7 0.00603520851314712 66083129 66766754 683625
11 109 rs7108738 15710084 7 0.00597664400812581 15471048 15735653 264605
11 587 rs4078355 124931334 9 0.00596682614994511 124734728 124931334 196606
11 275 rs55810057 58125774 5 -0.0059473949914143 57990372 58457495 467123
11 59 rs11041489 7653867 6 0.00593844910907657 7646734 7712661 65927
11 264 rs6485591 45155411 6 -0.0059301324380048 45136509 45335053 198544
11 660 rs6590705 133334522 2 0.00592498862672349 133296790 133398260 101470
11 473 rs9285795 106264835 4 -0.00592069797872241 106255343 106399482 144139
11 111 rs1356647 16219341 3 0.00589096779403128 16004562 16329009 324447
11 650 rs1395504 132729167 1 0.00588255422244042 132729167 132755278 26111
11 279 rs574700 59855483 2 0.00574618559728984 59815640 60107105 291465
11 104 rs7925707 13940895 5 0.0057397164607507 13895577 14114318 218741
11 412 rs689349 92201077 1 0.00569419017361854 92005611 92201077 195466
11 657 rs11223397 133083333 1 -0.00563008134908595 133083333 133088580 5247
11 634 rs1894188 131030927 1 0.00557312704322824 131019691 131052399 32708
11 166 rs10834484 24803895 3 -0.0055403968730661 24774037 24838908 64871
11 121 rs4353250 18323517 5 0.00546947331410662 18278098 18696407 418309
11 364 rs563836 79665932 4 -0.00546064914018373 79490072 79717254 227182
11 594 rs11220462 126243952 2 0.00533513010306391 126241979 126303742 61763
11 270 rs2930195 47993504 3 0.00517227882486868 47907641 50280123 2372482
11 224 rs1022367 36760325 4 -0.00513574223664535 36579290 36834398 255108
11 71 rs4909917 9981165 4 -0.00513189664977569 9788673 10287810 499137
11 344 rs6592632 76116366 6 0.00509165169592874 76004202 76322550 318348
11 247 rs7934456 43238542 4 -0.00498151968482011 43138659 43266834 128175
11 259 rs835784 44863818 5 0.0049509042605418 44788115 44873832 85717
11 526 rs4936353 116397649 1 0.00494855690141186 116379889 116397649 17760
11 479 rs7950899 107552110 2 0.00493167267474232 107535758 107640811 105053
11 619 rs7933972 129438975 1 0.00493134283483231 129415217 129438975 23758
11 198 rs831630 33743019 2 0.00489817119489253 33724992 33903882 178890
11 332 rs1783585 72889018 3 0.00487889409155582 72289291 72890304 601013
11 487 rs10891063 110008339 4 -0.00487156861065752 109906198 110211494 305296
11 410 rs11019822 91854828 6 0.00486343408516383 91682680 91868956 186276
11 43 rs116908319 5989282 2 0.00486071335861035 5775730 6007613 231883
11 87 rs4757595 12005270 3 0.00484349239232984 12005270 12013813 8543
11 310 rs7123564 68362164 4 0.00482280102048668 68182028 68550068 368040
11 227 rs1563951 37182945 1 0.00479823529637241 37138197 37182945 44748
11 257 rs12420889 44657500 1 0.00478843990865406 44650927 44675888 24961
11 647 rs61746413 132204951 2 0.00467231135189329 132184339 132365096 180757
11 428 rs948075 95437738 4 0.00464215565257347 95437738 95718000 280262
11 652 rs7114643 132859912 3 -0.00458216877406898 132829862 132892876 63014
11 284 rs754382 60899767 1 -0.00453018359645723 60848143 60943778 95635
11 425 rs10831357 95221480 5 0.00440036047991662 95189206 95237923 48717
11 386 rs11234221 84574040 3 0.0043639632334415 84391899 84610102 218203
11 152 rs324172 21952288 3 0.0043384259617422 21936812 22123113 186301
11 157 rs717086 23131126 2 -0.00433833326922264 23115362 23304889 189527
11 544 rs2195525 119235404 1 -0.00433370487115034 119219124 119235404 16280
11 352 rs1144764 77870486 4 -0.00430249973771702 77731416 77893865 162449
11 15 rs2011750 2534483 4 0.00429668393059131 2482092 2550730 68638
11 36 rs10837582 5228708 2 0.00426992040607844 5221132 5279355 58223
11 123 rs6483543 18882221 6 -0.00424367193499483 18796480 18941110 144630
11 519 rs11824574 115953897 2 -0.00422206548255553 115905730 115968432 62702
11 413 rs3847535 92558024 8 0.00420388554436513 92234533 92618875 384342
11 297 rs10897449 63592621 2 -0.00404936398999884 63592621 63718663 126042
11 504 rs2459969 113638374 1 0.00399770921355504 113469219 113818271 349052
11 289 rs7925016 62043929 4 0.0039447808123538 61827748 62043929 216181
11 94 rs7937533 12336668 2 -0.00391434853316992 12301823 12385309 83486
11 83 rs7943717 11509984 1 -0.00387205089204925 11498983 11558740 59757
11 440 rs6589444 98254968 4 0.0038715945680665 98156507 98406723 250216
11 56 rs12786812 7441554 3 -0.00385727298506617 7441401 7482226 40825
11 174 rs35317037 26587018 4 0.00385609949771408 26382402 26701172 318770
11 396 rs10501651 87527561 4 0.00380124186935308 87435016 87620018 185002
11 223 rs11600757 36473784 2 0.00377781884818008 36419929 36491389 71460
11 415 rs621310 92783339 3 0.00364721729274921 92742186 92992874 250688
11 620 rs2087888 129540690 8 0.00361918665181959 129459840 129551393 91553
11 390 rs11603604 86070817 8 0.00360543087921103 85922070 86250544 328474
11 451 rs7484006 100175369 3 -0.00347936538359105 100171925 100414181 242256
11 635 rs1113928 131097709 2 0.0034735382897719 131081460 131103087 21627
11 572 rs11218979 122965906 2 -0.00346237845010692 122926664 123031834 105170
11 313 rs10896451 69016893 2 0.0034468324233872 68973970 69074201 100231
11 50 rs117368891 6661600 5 0.00343762739281791 6637504 6719118 81614
11 246 rs11037133 42929738 4 0.00343542447167031 42864284 43137851 273567
11 498 rs7938281 112676385 4 0.00341748966080644 112654974 112705402 50428
11 523 rs490592 116298367 1 0.00339431793044525 116298367 116298367 0
11 343 rs94111 75915139 3 0.00336208562636173 75885321 75979986 94665
11 645 rs11222955 132021146 2 0.00330030443654286 132015077 132043292 28215
11 598 rs484820 126467667 4 0.00329349711399966 126452032 126513773 61741
11 188 rs224597 31979424 5 -0.00328224187822087 31871538 32017076 145538
11 408 rs2138996 91273962 2 -0.00326693467892829 91152876 91329571 176695
11 202 rs1883959 34234145 1 -0.00325976999175393 34234145 34240676 6531
11 378 rs1939640 82251050 4 0.0032556469687205 82081904 82352407 270503
11 248 rs4755714 43534268 3 -0.00306237024128962 43285881 43575766 289885
11 122 rs1867877 18727448 3 -0.0030387820321448 18714623 18782916 68293
11 183 rs10160238 29757305 3 -0.00303849424186164 29552091 29822057 269966
11 661 rs4937802 133484254 4 -0.002960780902372 133433026 133505509 72483
11 185 rs7123626 30325865 5 -0.00295714629760165 30255185 30558056 302871
11 615 rs611307 128669820 2 -0.00295381646348255 128644407 128672581 28174
11 422 rs658272 94833262 2 0.00294678205984593 94807261 94882279 75018
11 592 rs3740912 125891269 4 0.00293675776128754 125889526 125974071 84545
11 530 rs11216210 116848329 2 0.00291011032920455 116693871 117095361 401490
11 302 rs479844 65551957 4 -0.00290960393073237 65143892 65564035 420143
11 67 rs10500703 8433864 7 -0.00290349285056271 8349118 8679016 329898
11 353 rs7396701 78202699 3 0.00290067023456118 77920563 78289074 368511
11 103 rs11022886 13584585 5 0.00288301689058109 13422274 13871193 448919
11 276 rs11229889 59020419 3 0.00288229786413178 58468173 59030490 562317
11 177 rs1387144 27635319 5 0.00286298709513419 27198361 27731983 533622
11 664 rs651067 133762135 4 -0.00282878953148177 133710914 133814191 103277
11 385 rs12294169 84334329 4 0.00280567624368803 84240120 84370674 130554
11 510 rs7122337 114397499 2 -0.00271230193238052 114271207 114442103 170896
11 132 rs7934251 19893621 1 0.00261640994593022 19855883 19911733 55850
11 159 rs11027313 23577442 5 -0.00260882407287373 23536654 23591590 54936
11 64 rs4758051 8238639 2 0.00256791357903999 8238639 8301191 62552
11 324 rs10751308 70712156 1 -0.00246888870970527 70637054 70766554 129500
11 326 rs2919721 70953650 3 0.00244037614610943 70932944 71109373 176429
11 639 rs386795 131396444 1 0.00243163852272062 131383662 131396444 12782
11 500 rs17115184 113081187 2 -0.00238144055101398 113065293 113103996 38703
11 567 rs11218583 122204383 1 -0.00229232838501133 122204383 122477025 272642
11 556 rs17124570 120805056 5 0.00228078251773775 120779520 120864922 85402
11 589 rs633745 125061792 1 -0.00223971324492809 125052084 125193811 141727
11 110 rs11023714 15785074 5 0.002192237796792 15752803 15952294 199491
11 283 rs12293191 60806747 4 -0.00216664675550668 60728321 60824609 96288
11 662 rs2132488 133545017 1 -0.00215349832413363 133534203 133592526 58323
11 17 rs12277672 2619963 1 -0.00213318799385379 2615600 2694606 79006
11 149 rs11026120 21533812 1 -0.00212760357310376 21474292 21534059 59767
11 164 rs11028040 24610850 3 -0.00212740980056854 24575390 24718860 143470
11 570 rs2370796 122718149 5 -0.00209492795638228 122664228 122752714 88486
11 346 rs7127747 76412663 1 0.00205431181093664 76396289 76428422 32133
11 66 rs10840020 8339894 1 -0.00204819196679724 8339894 8339894 0
11 370 rs10897659 80362324 2 -0.00200286050937183 80338182 80520649 182467
11 470 rs1847293 104979669 2 0.0019317930672669 104897437 105042650 145213
11 601 rs521381 126883622 5 0.00193168723458752 126792818 126892213 99395
11 342 rs531117 75456134 2 0.00191047363145201 75292601 75833980 541379
11 430 rs10501841 95834531 2 0.00190806989083751 95793701 95845917 52216
11 106 rs1353447 15032097 5 -0.00189746271504867 14967610 15121130 153520
11 458 rs2846848 102180563 2 0.0018847959999875 101934867 102272839 337972
11 134 rs2568127 19990698 2 -0.00187602801523025 19973768 20009681 35913
11 376 rs1540176 81354835 5 -0.00187290792496942 81303817 81648897 345080
11 47 rs10839553 6350791 1 -0.00186864620300833 6340416 6355016 14600
11 287 rs61747222 61548796 2 -0.00185983656195585 61548796 61692130 143334
11 165 rs2716449 24755890 1 -0.00181228013290002 24736493 24756924 20431
11 626 rs10894200 130321640 1 -0.00179612368805913 130271209 130321640 50431
11 127 rs10766560 19466002 6 -0.00179349886775432 19420097 19532506 112409
11 179 rs2140887 28041347 4 -0.00178679106102343 27792891 28537505 744614
11 362 rs17138705 79366322 5 0.00173688443078504 79216085 79373772 157687
11 38 rs2227271 5528918 7 -0.00172525317963571 5357881 5528918 171037
11 640 rs11222697 131432722 3 -0.00169944727934642 131432722 131501007 68285
11 568 rs7930461 122484431 2 -0.0016878493291467 122483315 122585573 102258
11 156 rs1499244 22798431 5 0.00162158586592697 22721656 23083407 361751
11 57 rs10732509 7488872 4 0.00160690907073554 7488872 7556057 67185
11 477 rs11212024 106947600 1 0.00160598660905332 106941553 107038741 97188
11 424 rs498018 95024932 2 0.00160392670247432 95022652 95120556 97904
11 515 rs10502205 115416391 2 -0.00160232240319197 115212725 115416391 203666
11 294 rs7117494 62873164 4 -0.0015959892517736 62839667 63071009 231342
11 116 rs2190453 17533397 2 0.00155192810196367 17530484 17538539 8055
11 455 rs4396256 101330807 1 0.00149304267378636 101172115 101345201 173086
11 271 rs1384060 56087321 4 0.00149140529654252 55136219 56610412 1474193
11 564 rs12271706 121926872 1 -0.00148526947569848 121856320 121926872 70552
11 211 rs16927464 35420858 3 -0.00147704604997519 35255821 35433448 177627
11 197 rs1883916 33578510 3 0.00147272460638426 33449347 33708184 258837
11 53 rs6578828 7113134 2 0.00145999980217504 7020629 7232673 212044
11 226 rs1825015 36960292 3 0.00145765869234786 36906202 37113368 207166
11 186 rs16920925 30574638 1 0.00145051902086931 30574638 30768678 194040
11 351 rs12417115 77526474 3 -0.00144195667388281 77267497 77727139 459642
11 242 rs899036 41682910 3 0.00139699419555222 41611349 41799496 188147
11 23 rs11025909 3223297 2 0.00138622651190151 3199846 3226934 27088
11 518 rs569462 115753077 2 0.00136653045088588 115685475 115802441 116966
11 511 rs1712813 114541603 2 -0.00135477615388129 114471076 114738157 267081
11 405 rs2510752 90213472 2 -0.00133676950217758 90086953 90469818 382865
11 249 rs11037574 43726211 2 0.00131686236133894 43605304 43876698 271394
11 492 rs10891240 111140462 1 0.00130804978578729 111140462 111171709 31247
11 468 rs11226193 104005970 8 -0.00129047039957811 103976293 104296079 319786
11 33 rs34742470 4945199 4 -0.00128180134950511 4755505 4946158 190653
11 591 rs1047070 125827072 2 -0.00126726819625855 125613572 125872842 259270
11 330 rs1784257 72007984 2 0.00126019219456073 72007984 72196620 188636
11 581 rs10502275 124011822 2 -0.00123764334999084 124006972 124264636 257664
11 142 rs12270521 20855440 2 0.00122839085668187 20840492 20942507 102015
11 290 rs2509979 62204613 1 0.00122004954186939 62068685 62209586 140901
11 73 rs10840473 10715721 3 0.00120806036839572 10522120 10754074 231954
11 537 rs3809040 117774829 1 -0.00114526531320176 117737440 117774829 37389
11 548 rs4938737 119769492 2 -0.00113570011975881 119705210 119831773 126563
11 432 rs12273522 96119605 5 -0.00112590502625036 95990888 96219609 228721
11 189 rs1033506 32036899 1 -0.00112221081211712 32036899 32039609 2710
11 643 rs12789646 131839039 1 -0.00111850782978339 131793993 131839039 45046
11 621 rs12416704 129616272 1 0.00111329172347937 129590695 129616272 25577
11 112 rs2174164 16443567 7 0.00106531349947823 16415904 16821166 405262
11 10 rs3740627 1754400 2 0.00102812424935043 1754400 1849333 94933
11 401 rs7947200 88497588 7 0.00101823866713054 88299284 88669352 370068
11 117 rs7483847 17692011 1 0.00101652166753891 17599093 17722192 123099
11 201 rs7120520 34053873 1 -0.00101566043693008 34013886 34062951 49065
11 649 rs1945948 132602521 2 0.00100423330353059 132600307 132717062 116755
11 113 rs7117795 16952894 4 9.989692757607237e-4 16847317 16994581 147264
11 599 rs7944781 126603928 2 -9.924660318636593e-4 126560619 126603928 43309
11 250 rs11037703 43903600 1 -9.739314950302374e-4 43903600 43947990 44390
11 184 rs7121585 30059736 2 9.524671117800572e-4 29827214 30170373 343159
11 217 rs262426 36041260 2 9.470747320573092e-4 35998208 36078941 80733
11 496 rs7105881 112456221 3 9.303503811207746e-4 112263027 112456221 193194
11 513 rs10891792 114870096 2 9.022018989767812e-4 114869751 114999873 130122
11 576 rs12574747 123383072 1 8.942964977072051e-4 123345497 123395864 50367
11 522 rs526151 116236775 1 8.935652898632955e-4 116177072 116245350 68278
11 434 rs585732 96780465 1 8.593088018758433e-4 96610573 96845364 234791
11 486 rs17109617 109248945 1 8.048653856869289e-4 109243629 109666687 423058
11 624 rs959354 130009581 1 7.806649354699222e-4 129904497 130050822 146325
11 322 rs12363289 70445161 2 7.792429428877429e-4 70387122 70445161 58039
11 190 rs10835861 32219851 4 -7.761182372602158e-4 32064649 32219851 155202
11 78 rs4384379 11319947 3 -7.690081842304782e-4 11285886 11322309 36423
11 85 rs4910407 11700694 1 7.629739568724297e-4 11644920 11700694 55774
11 336 rs17132882 73965162 2 -7.562166881366947e-4 73679232 74137551 458319
11 543 rs639373 118976719 1 -7.5482148029466e-4 118919206 119207341 288135
11 474 rs17105855 106460931 2 -7.511537172366535e-4 106414284 106508030 93746
11 124 rs12798330 19184916 1 7.402292154438675e-4 19072151 19184916 112765
11 315 rs546597 69351911 2 7.344388563172941e-4 69282036 69442963 160927
11 520 rs1894070 116076882 1 7.295345328602567e-4 116050271 116098634 48363
11 399 rs16912326 87943265 1 -7.260180088082206e-4 87938778 88009498 70720
11 373 rs7102845 80916798 2 7.24843690030547e-4 80818238 80923036 104798
11 244 rs1605655 42418577 5 7.212264375917815e-4 42346695 42503940 157245
11 16 rs2283169 2580299 1 7.202124348044568e-4 2565805 2580299 14494
11 497 rs11214338 112614196 2 -7.133016357538229e-4 112466239 112626686 160447
11 222 rs606442 36409826 1 -7.075306771628395e-4 36404730 36411034 6304
11 192 rs764669 32302799 2 -6.950969909080939e-4 32296109 32364187 68078
11 478 rs117249984 107375422 1 6.825796463607661e-4 107080988 107481518 400530
11 162 rs1320356 24177400 3 -6.733249139771276e-4 24156271 24406140 249869
11 154 rs12793010 22436299 3 6.724881561213879e-4 22379184 22525081 145897
11 595 rs111418068 126343227 1 6.667530121522073e-4 126323328 126369158 45830
11 239 rs10768653 40961066 2 6.482496408034298e-4 40817882 41133162 315280
11 145 rs2040315 21129269 6 6.407817213667831e-4 21079942 21234023 154081
11 614 rs615671 128594875 2 6.395800215928361e-4 128592637 128624811 32174
11 35 rs7116353 5081942 3 -6.339404059196678e-4 5020189 5209592 189403
11 54 rs12799959 7320535 2 6.31160458076718e-4 7278401 7355999 77598
11 505 rs909411 113854282 1 -6.247007252444117e-4 113846904 113890125 43221
11 231 rs7112034 38334601 3 -6.132860969502606e-4 38030433 38611005 580572
11 34 rs17339295 4961547 1 6.019716231978828e-4 4951599 5010905 59306
11 101 rs2197040 13182782 2 5.955238781092055e-4 13144810 13211208 66398
11 506 rs17116334 113961762 1 5.949845228230517e-4 113961762 114009255 47493
11 301 rs3741392 64701030 1 5.898307010458106e-4 64596916 65124408 527492
11 29 rs10836031 4430658 2 -5.838385467545554e-4 4387760 4454913 67153
11 129 rs1364795 19711993 2 5.803815616069033e-4 19599971 19711993 112022
11 19 rs2237892 2839751 2 5.670084651867478e-4 2821065 2858546 37481
11 465 rs12576536 103653871 1 -5.635560152008271e-4 103505169 103755233 250064
11 49 rs7924933 6509393 2 5.624375490874724e-4 6495600 6618548 122948
11 536 rs1892903 117669619 1 5.598930579314079e-4 117649675 117698483 48808
11 524 rs2102405 116348168 3 -5.59675048643011e-4 116304983 116348168 43185
11 97 rs12292638 12625227 1 5.532767287968381e-4 12569384 12626621 57237
11 642 rs748807 131727426 2 -5.247441559958796e-4 131652336 131777294 124958
11 169 rs10742072 25196853 2 5.231663943045576e-4 25180965 25208539 27574
11 245 rs7129198 42663401 2 5.230666111248404e-4 42523366 42837715 314349
11 420 rs10765692 94396718 4 -5.174991918286328e-4 94393285 94463093 69808
11 329 rs35844388 71701763 1 5.063010437117272e-4 71579229 71943961 364732
11 464 rs716273 103417868 4 4.890920349921973e-4 103380763 103475938 95175
11 547 rs542903 119692663 1 -4.8823442527696207e-4 119630418 119696100 65682
11 469 rs2162341 104695189 1 -4.8426089660126527e-4 104334328 104857221 522893
11 195 rs11032185 33182278 1 -4.6236471628493425e-4 33036294 33291462 255168
11 252 rs3107275 44104981 2 4.528404526004593e-4 44087311 44291484 204173
11 673 rs1871265 134869557 4 -4.483458233525647e-4 134750249 134940416 190167
11 483 rs2553751 108764449 1 -4.469175767518236e-4 108503672 108764449 260777
11 663 rs12416939 133644980 1 -4.349510149034801e-4 133618905 133694415 75510
11 372 rs11232430 80728292 1 -4.332864914085334e-4 80727242 80790741 63499
11 27 rs7931756 3792657 1 4.269313601316184e-4 3690558 3792657 102099
11 267 rs1562455 45776968 2 4.173016033935443e-4 45724061 45904477 180416
11 402 rs7931721 88779776 2 -4.148184189066642e-4 88758601 89037936 279335
11 508 rs10128580 114115298 1 -4.111511167019978e-4 114115298 114139205 23907
11 574 rs11219115 123199567 1 4.020321273790789e-4 123155262 123283795 128533
11 444 rs11218323 98951110 3 4.008292295284035e-4 98932132 99032560 100428
11 131 rs11819786 19787053 2 3.990635284683377e-4 19787053 19830495 43442
11 240 rs717112 41162903 1 3.9843521867816026e-4 41140807 41411565 270758
11 108 rs7479972 15393887 2 -3.8852971763997087e-4 15329304 15452247 122943
11 72 rs10840404 10426129 1 3.783236167307492e-4 10375899 10499995 124096
11 100 rs3109943 13094968 4 3.7796766321209776e-4 13006721 13135055 128334
11 359 rs537355 78924501 1 -3.692946749525903e-4 78924501 78924501 0
11 26 rs2271586 3659993 1 3.6176430767943086e-4 3583753 3659993 76240
11 600 rs4937216 126768090 2 -3.616928073310242e-4 126611464 126768090 156626
11 447 rs7942402 99593788 2 3.5857462896724045e-4 99491416 99611634 120218
11 235 rs2953310 40137543 1 -3.5795529035765347e-4 40096025 40137543 41518
11 578 rs12293910 123709945 3 -3.4337152333133213e-4 123549724 123762718 212994
11 172 rs1387493 26034283 2 3.258538574265629e-4 26026233 26044992 18759
11 559 rs297494 121291294 1 3.2410211554632066e-4 121291294 121308525 17231
11 187 rs158633 30974115 1 -3.190464073410716e-4 30852056 31835418 983362
11 12 rs3741208 2169774 1 -3.1429046238713645e-4 2073913 2171601 97688
11 37 rs10837814 5345128 1 -3.094447170216014e-4 5331522 5345170 13648
11 133 rs7118085 19947749 1 2.8690773935163757e-4 19924341 19947749 23408
11 203 rs2755176 34265140 1 2.850338787653209e-4 34265140 34309519 44379
11 555 rs7105363 120687069 3 -2.7363823246660335e-4 120663363 120723433 60070
11 426 rs4384353 95314291 1 -2.5283730785245594e-4 95283557 95327374 43817
11 144 rs7937542 21061196 1 2.4078546091298975e-4 21018940 21069877 50937
11 671 rs1944888 134626169 1 -2.394067364660922e-4 134622564 134631823 9259
11 625 rs3740890 130255113 1 -2.368222562366552e-4 130069556 130255113 185557
11 337 rs7944514 74301192 1 2.3649159586578423e-4 74166320 74404218 237898
11 298 rs320145 63808063 1 -2.3581620057671268e-4 63807222 63824364 17142
11 641 rs11819970 131607351 2 2.357589561458252e-4 131521797 131637822 116025
11 88 rs16910421 12070665 1 2.256972626520169e-4 12038860 12073518 34658
11 545 rs619180 119366947 1 -2.228812417187375e-4 119341075 119376672 35597
11 210 rs2295756 35241229 1 -2.1975332065297593e-4 35223945 35245907 21962
11 125 rs4237740 19281653 1 2.1278078780149768e-4 19234797 19308907 74110
11 381 rs6592137 83373309 2 -2.1150939359557125e-4 83204132 83541199 337067
11 140 rs17232722 20678604 3 2.0998774173415936e-4 20545926 20681439 135513
11 323 rs11236898 70463510 1 2.0748009633809417e-4 70456768 70565076 108308
11 155 rs1399103 22567197 1 2.063433775837624e-4 22551767 22592845 41078
11 214 rs12806627 35623483 1 2.0155255900431113e-4 35558748 35631174 72426
11 99 rs10831916 12911236 1 -1.9556828000078815e-4 12911236 12966547 55311
11 321 rs947781 70212755 8 1.923764672016482e-4 70118489 70352086 233597
11 199 rs7941248 33925975 2 1.9122463751564456e-4 33908547 33943644 35097
11 577 rs2078158 123444860 1 -1.7922768883173423e-4 123399541 123486517 86976
11 76 rs924795 11128017 1 1.7915435077958677e-4 11123656 11129275 5619
11 416 rs3019210 93059444 2 -1.7879485729192633e-4 93013387 93261886 248499
11 291 rs117162358 62344743 1 1.775653123684479e-4 62286666 62444798 158132
11 40 rs61756355 5632018 1 1.7549434896779764e-4 5618502 5633747 15245
11 461 rs501371 102748450 1 1.7488744067251913e-4 102675489 102804933 129444
11 441 rs12793263 98653719 1 1.744337312176795e-4 98441476 98699317 257841
11 637 rs2513541 131253574 1 -1.7094878698141832e-4 131232156 131286685 54529
11 282 rs12803813 60578205 4 1.5591549370005617e-4 60559805 60709520 149715
11 616 rs675482 128726594 1 1.5385527390189002e-4 128701032 128737188 36156
11 102 rs7123257 13312254 1 1.4885811866089768e-4 13239330 13362815 123485
11 411 rs12786200 91979018 1 1.4001367391441004e-4 91951447 91988838 37391
11 651 rs7127891 132789046 1 -1.3290184014649707e-4 132766569 132789068 22499
11 349 rs1052030 76853783 2 -1.290698074477706e-4 76814110 76853783 39673
11 238 rs11036058 40764896 1 1.241961033309039e-4 40738299 40781345 43046
11 579 rs1453649 123826425 1 -1.236309481193768e-4 123773527 123919128 145601
11 665 rs627455 133887799 1 1.2241499421558792e-4 133881446 133899614 18168
11 638 rs12421680 131350968 5 -1.2121017975526825e-4 131320070 131359284 39214
11 516 rs1784964 115563555 3 1.1796520847702115e-4 115443071 115563555 120484
11 200 rs7119163 33961756 1 -1.1720780641874396e-4 33961756 33961756 0
11 658 rs4937761 133155735 2 1.0575161183748004e-4 133101524 133209187 107663
11 176 rs1442920 27175455 3 1.0479083330659084e-4 27025520 27175455 149935
11 30 rs2657175 4561676 1 -1.0206180404058698e-4 4460348 4576666 116318
11 341 rs482503 75158433 1 -9.729055736852922e-5 75158433 75282052 123619
11 550 rs7936665 120147254 2 9.211276242256336e-5 120076116 120161886 85770
11 55 rs4758175 7366506 1 9.07713509306498e-5 7366506 7431727 65221
11 672 rs2155304 134705943 1 9.03798295576934e-5 134671308 134739149 67841
11 659 rs7930676 133244692 1 -8.721382191031806e-5 133233949 133264009 30060
11 41 rs11038628 5688940 1 -7.839821908056095e-5 5642001 5718742 76741
11 450 rs17094317 99949305 1 -7.465898707879973e-5 99913656 100142834 229178
11 277 rs17153691 59190120 1 -6.814839906091232e-5 59160868 59549840 388972
11 561 rs1944683 121641496 1 6.401503518371936e-5 121525667 121649479 123812
11 126 rs2702705 19379879 1 6.052069811288587e-5 19313016 19379879 66863
11 531 rs667944 117128271 3 -5.7198734282126154e-5 117110740 117286064 175324
11 115 rs757109 17462727 1 -5.666593614593626e-5 17433088 17515143 82055
11 193 rs6484569 32378306 5 5.655064100080001e-5 32378306 32583695 205389
11 593 rs8177399 126160826 3 -5.44475250134354e-5 126026645 126201290 174645
11 273 rs7107352 57145633 1 -5.327230445158508e-5 57145498 57203009 57511
11 622 rs10894162 129781016 1 4.995111623653259e-5 129643074 129832270 189196
11 472 rs509512 105844923 2 -4.915361940150331e-5 105727407 106232838 505431
11 286 rs2511229 61471134 1 -4.5098275312744113e-5 61408449 61526071 117622
11 459 rs7124762 102435173 2 -4.381176840317256e-5 102357279 102441458 84179
11 528 rs551141 116480631 1 4.320725158293079e-5 116464992 116491621 26629
11 219 rs4756277 36130797 1 -3.99832445103993e-5 36121110 36179252 58142
11 406 rs12785311 90906453 3 -3.764947986223296e-5 90484800 90956214 471414
11 229 rs10501184 37688849 2 3.4308629383266543e-5 37528194 37812598 284404
11 533 rs582285 117362948 2 -2.8733569408704673e-5 117347947 117468794 120847
11 669 rs12577387 134368252 4 2.513505765575877e-5 134367820 134395242 27422
11 251 rs17795583 44036397 2 2.504579968632732e-5 43985156 44055694 70538
11 77 rs1875775 11172701 2 2.429852531530413e-5 11159305 11232260 72955
11 358 rs11607746 78864605 6 2.4000171064862512e-5 78816852 78909461 92609
11 253 rs10838249 44293529 1 2.0700186419007833e-5 44293434 44340618 47184
11 79 rs10500745 11353300 2 -1.80620268965846e-5 11338267 11359886 21619
11 457 rs1470196 101880373 1 1.378441942822354e-5 101604445 101880768 276323
11 633 rs2276439 130971884 2 -3.5599366885481494e-6 130908989 131007396 98407
11 367 rs7483049 80011790 1 2.8117331597025298e-6 79977371 80049649 72278
11 538 rs11216693 117890386 1 2.6968363617586165e-6 117798431 117890386 91955
11 668 rs11223824 134323455 1 -2.247351784467473e-6 134274710 134344729 70019
