CHR Group SNP.lead BP.lead Size W BP.min BP.max BP.width
9 11355 rs2519803 136805789 1 0.04353451952145654 136805789 136805789 0
9 11356 rs664026 136824023 2 0.03083490597266434 136824023 136824023 0
9 7101 rs1380 95147434 2 0.03000991635523118 95147434 95147434 0
9 10436 rs10818605 124614496 1 0.02806296927170266 124614496 124614496 0
9 10666 rs10818930 126991185 1 0.0265565542969428 126991185 126991185 0
9 7701 rs417512 102108814 1 -0.02542830862495506 102108814 102108814 0
9 3435 rs41305329 27284785 1 0.02416636997507724 27284785 27284785 0
9 9754 rs16932349 117956937 1 0.02368502680387998 117956937 117956937 0
9 4222 rs7024727 34730395 1 0.02365907492321628 34730395 34730395 0
9 4136 rs706121 33260632 1 -0.02311522660545761 33260632 33260632 0
9 4436 rs913280 37483309 1 0.02250514289125037 37483309 37483309 0
9 9708 rs873212 117735806 1 0.02232807461893631 117735806 117735806 0
9 733 rs7025867 4937872 1 -0.02226455017240415 4937872 4937872 0
9 11255 rs1330292 135884806 1 0.02214134891914889 135884806 135884806 0
9 9688 rs6478109 117568766 1 0.02166962517542343 117568766 117568766 0
9 455 rs1412693 2705874 2 -0.02162289282191555 2705874 2705874 0
9 1168 rs1155271 8312169 1 -0.01984583876102328 8312169 8312169 0
9 4426 rs7025491 37387177 1 -0.01939511029421571 37387177 37387177 0
9 10286 rs10818328 122279421 2 -0.01938889457749306 122279421 122279421 0
9 9952 rs10124561 119655679 1 -0.0191627674368781 119655679 119655679 0
9 5458 rs561970 79318677 1 0.01896483909579695 79318677 79318677 0
9 7291 rs12342274 97280338 1 -0.01853871905084434 97280338 97280338 0
9 7559 rs4743150 100740124 2 -0.01850780811469115 100740124 100740124 0
9 6769 rs10118363 92339924 2 0.01840986736118382 92339924 92339924 0
9 2566 rs7871217 18929692 1 0.01835011847638736 18929692 18929692 0
9 1860 rs10511576 12925921 1 -0.01817536574309481 12925921 12925921 0
9 6906 rs10821507 93561614 1 0.01808903223519398 93561614 93561614 0
9 10893 rs3802357 130478653 1 0.01797867120815659 130478653 130478653 0
9 1189 rs1392524 8398021 1 -0.0179218052411168 8398021 8398021 0
9 9676 rs11791534 117443391 1 -0.01700610192696775 117443391 117443391 0
9 194 rs12346252 1239644 2 0.01685343084634301 1239644 1239644 0
9 10836 rs10819243 129633328 1 0.01620180645696852 129633328 129633328 0
9 2388 rs12684916 17937036 1 0.01606189946536194 17937036 17937036 0
9 7915 rs2485530 104473886 2 0.01581072061662777 104473886 104473886 0
9 10999 rs1054874 132681619 1 0.01563859106143773 132681619 132681619 0
9 7958 rs12551744 104802828 1 -0.01563813046970661 104802828 104802828 0
9 1329 rs2065514 9412518 1 0.01554133249235325 9412518 9412518 0
9 7496 rs4743110 100326824 2 0.01534945751817682 100326824 100326824 0
9 6837 rs2771090 93080054 1 -0.01499626910608056 93080054 93080054 0
9 9205 rs578430 113563143 1 0.0147453982880035 113563143 113563143 0
9 4063 rs7042042 32451144 1 -0.01447929129198806 32451144 32451144 0
9 6614 rs12001141 90487391 1 -0.01432716483247078 90487391 90487391 0
9 10610 rs2799465 126544609 1 -0.01417430719967973 126544609 126544609 0
9 5366 rs2297343 78722328 1 0.01410851677765718 78722328 78722328 0
9 8491 rs10120372 108440542 2 -0.01381304410718958 108440542 108440542 0
9 7227 rs12341268 96693709 2 0.01380198878449955 96693709 96693709 0
9 10410 rs2196311 124170490 1 0.01362411676563707 124170490 124170490 0
9 5146 rs278727 76161901 1 0.01317572734746358 76161901 76161901 0
9 964 rs2770759 7197023 1 0.01282218683207342 7197023 7197023 0
9 7562 rs16912622 100843660 2 0.01267526511997671 100843660 100843660 0
9 6665 rs7867717 90899627 1 0.0124108110679653 90899627 90899627 0
9 10866 rs11790967 130170561 1 0.01222184397382613 130170561 130170561 0
9 9023 rs10980070 112584723 1 0.01215854665644159 112584723 112584723 0
9 1906 rs656315 13670617 1 -0.0120801060607488 13670617 13670617 0
9 10682 rs10818950 127130137 1 0.01200587138476558 127130137 127130137 0
9 9742 rs6478137 117921095 1 0.01196505398503275 117921095 117921095 0
9 8939 rs7857376 112100958 1 -0.01182097924855072 112100958 112100958 0
9 9874 rs13298102 119022802 1 -0.01171773401171427 119022802 119022802 0
9 4474 rs10814620 37788911 1 -0.01171137105519197 37788911 37788911 0
9 2909 rs10757283 22134172 1 -0.01155455397356023 22134172 22134172 0
9 6133 rs17308435 85793511 1 -0.01145357109777366 85793511 85793511 0
9 7637 rs1967890 101417785 1 -0.01140016662457642 101417785 101417785 0
9 5209 rs577787 77315134 1 0.01131068577237516 77315134 77315134 0
9 7241 rs10993045 96843245 1 0.01123440536608676 96843245 96843245 0
9 10670 rs4838140 127010114 1 0.01119158474412728 127010114 127010114 0
9 10798 rs10760437 129221756 1 -0.01114222649778221 129221756 129221756 0
9 2155 rs3008725 16009322 2 -0.01111103548590926 16009322 16009322 0
9 11253 rs628094 135877287 1 0.01073237737940511 135877287 135877287 0
9 3048 rs10811923 23404131 1 -0.01053194558972813 23404131 23404131 0
9 887 rs1260463 6632061 2 -0.01039133949872225 6632061 6632061 0
9 10908 rs7032368 130755881 1 0.01024686213271847 130755881 130755881 0
9 4429 rs4878685 37394542 1 -0.01021109568866261 37394542 37394542 0
9 5950 rs1332879 83691628 2 -0.01014686022656619 83691628 83691628 0
9 3490 rs4879740 27750375 1 0.01001730131410579 27750375 27750375 0
9 11263 rs658853 136009191 1 -0.00999479598272348 136009191 136009191 0
9 6435 rs10125093 88857199 1 -0.00999238154609402 88857199 88857199 0
9 929 rs818887 7002389 1 0.00997499165464179 7002389 7002389 0
9 6366 rs329206 87806205 1 0.00994982638320159 87806205 87806205 0
9 6018 rs12551040 84256984 1 -0.00988036633621961 84256984 84256984 0
9 8547 rs7047281 108918634 1 -0.00985148062695721 108918634 108918634 0
9 694 rs7874378 4695068 1 0.00982564311710751 4695068 4695068 0
9 5356 rs6560480 78599133 1 -0.00982048909011196 78599133 78599133 0
9 11117 rs4740164 134386781 1 -0.00974911637115775 134386781 134386781 0
9 1936 rs7866165 13812685 1 0.00972216864440657 13812685 13812685 0
9 902 rs12003721 6679992 1 -0.00954666241326545 6679992 6679992 0
9 8439 rs10820780 107851745 1 0.00939598970293048 107851745 107851745 0
9 6484 rs7021048 89453847 1 0.00922816245238235 89453847 89453847 0
9 3067 rs17780889 23624143 1 -0.0091994058216745209 23624143 23624143 0
9 9175 rs35142681 113449489 1 0.00912969340336635 113449489 113449489 0
9 296 rs6475120 1732880 1 0.00902697312783302 1732880 1732880 0
9 4397 rs10125775 36993071 2 0.00894397413774414 36993071 36993071 0
9 6212 rs1529952 86719547 2 0.00887219196597532 86719547 86719547 0
9 11292 rs55876802 136137547 1 -0.00882632433346992 136137547 136137547 0
9 7152 rs4744198 95986997 1 -0.00882149113277587 95986997 95986997 0
9 11079 rs10901333 133927878 1 -0.00875684098570764 133927878 133927878 0
9 7679 rs7031588 101822302 1 -0.00870116880614586 101822302 101822302 0
9 336 rs7024071 2227217 1 -0.00865901587252309 2227217 2227217 0
9 3443 rs1161680 27430232 1 0.00857566738600379 27430232 27430232 0
9 6426 rs10115513 88741540 1 0.00856569169712662 88741540 88741540 0
9 2187 rs6475025 16289428 2 -0.00851603360746795 16289428 16289428 0
9 2881 rs3217992 22003223 2 0.00834076111140017 22003223 22003223 0
9 295 rs771059 1731997 1 0.00834011903131233 1731997 1731997 0
9 4169 rs7036030 34085859 1 -0.0082186582846998 34085859 34085859 0
9 9472 rs10981574 115745577 1 0.00816381698004112 115745577 115745577 0
9 6601 rs3118839 90362777 1 0.00811947058355011 90362777 90362777 0
9 5183 rs10746956 76940344 1 -0.00811683274818058 76940344 76940344 0
9 10094 rs4837496 120450798 1 -0.0080910466164671 120450798 120450798 0
9 2878 rs7036656 21990457 1 0.00803710168706054 21990457 21990457 0
9 5770 rs11138527 82776693 1 -0.00801553954625571 82776693 82776693 0
9 5095 rs72734808 75469679 1 -0.00787775500351963 75469679 75469679 0
9 11216 rs17149310 135450636 1 0.00781080327456669 135450636 135450636 0
9 6158 rs1535750 85910950 1 -0.00775013547172666 85910950 85910950 0
9 11037 rs7860909 133331226 1 0.00773703451889669 133331226 133331226 0
9 5818 rs11138659 83048003 1 0.00765217224817569 83048003 83048003 0
9 4515 rs4878797 38380350 1 -0.00763322447706974 38380350 38380350 0
9 829 rs343494 6070342 1 0.00742257795802465 6070342 6070342 0
9 1907 rs642806 13671296 1 0.00740022379243063 13671296 13671296 0
9 6701 rs3750399 91656963 1 0.00739209937821087 91656963 91656963 0
9 1951 rs7855714 13968369 1 0.00738139999653767 13968369 13968369 0
9 9689 rs7848647 117569046 2 -0.00737969956412719 117569046 117569046 0
9 8865 rs2039923 111598970 1 -0.0073291018777964 111598970 111598970 0
9 6811 rs1539519 92950272 2 0.00730509196463501 92950272 92950272 0
9 2149 rs2794632 15875162 2 0.0072588444023745 15875162 15875162 0
9 2820 rs2383192 21471726 1 -0.00722088415855868 21471726 21471726 0
9 5572 rs12555424 80491636 1 -0.00713725469188141 80491636 80491636 0
9 10401 rs306772 124092355 1 -0.00708184924197545 124092355 124092355 0
9 11353 rs2519098 136798370 1 0.00706406922488831 136798370 136798370 0
9 1116 rs10815757 8097977 2 -0.00706146343730181 8097977 8097977 0
9 6668 rs12005022 90939033 1 -0.00705549013448856 90939033 90939033 0
9 9385 rs7030545 114726308 1 0.00699043100332878 114726308 114726308 0
9 4137 rs831271 33270748 2 -0.00698578469796909 33270748 33270748 0
9 3136 rs973778 24848892 1 -0.00696393009841257 24848892 24848892 0
9 8196 rs7864801 106554028 1 0.00696073503155266 106554028 106554028 0
9 6217 rs11140391 86736004 2 -0.00693702917501073 86736004 86736004 0
9 9864 rs7469818 118738647 1 0.00686694633325738 118738647 118738647 0
9 5459 rs56261747 79318812 1 -0.0068502545698705 79318812 79318812 0
9 3953 rs12347982 31030360 1 0.00684270316031132 31030360 31030360 0
9 6740 rs11265908 92077132 1 -0.00683349432707039 92077132 92077132 0
9 11392 rs11103509 137654103 1 0.00682897472741721 137654103 137654103 0
9 558 rs895236 4038228 1 0.00679631060869452 4038228 4038228 0
9 5003 rs11143080 74656309 1 0.00675840282643965 74656309 74656309 0
9 11030 rs7031579 133250275 2 0.00675740388359167 133250275 133250275 0
9 1981 rs10810113 14200005 1 0.00675020752289286 14200005 14200005 0
9 9480 rs10981640 115897803 1 -0.00674147683831724 115897803 115897803 0
9 4879 rs7875338 73444238 1 0.00673699659815199 73444238 73444238 0
9 9592 rs10124293 116800860 1 0.00673290346366412 116800860 116800860 0
9 2079 rs1916314 14925706 1 -0.00670969462622839 14925706 14925706 0
9 7723 rs1997368 102713580 1 -0.00665439694893503 102713580 102713580 0
9 2888 rs7049105 22028801 1 -0.00663092583516616 22028801 22028801 0
9 10867 rs10987639 130172485 1 0.00661865721747003 130172485 130172485 0
9 3076 rs959091 23775449 1 0.00659522609277484 23775449 23775449 0
9 2877 rs3731217 21984661 1 0.00657080555600342 21984661 21984661 0
9 9846 rs2418412 118541068 1 0.00655897623083782 118541068 118541068 0
9 9563 rs9644931 116443721 1 -0.00645557561291468 116443721 116443721 0
9 7363 rs6478302 98392340 1 0.00638283415024213 98392340 98392340 0
9 7175 rs10992707 96094499 1 -0.00637925482050465 96094499 96094499 0
9 19 rs526509 268740 1 0.00635040036499457 268740 268740 0
9 9552 rs818706 116148630 1 -0.00634457041537759 116148630 116148630 0
9 427 rs520752 2550811 1 -0.00625897877207656 2550811 2550811 0
9 7362 rs930280 98391111 1 0.00618486915789839 98391111 98391111 0
9 5527 rs10869915 79854729 1 -0.0061635252401572 79854729 79854729 0
9 10535 rs1329957 125377505 2 -0.00610912896357319 125377505 125377505 0
9 4259 rs943842 35395276 1 0.0060853015289024 35395276 35395276 0
9 6567 rs3758308 90110124 1 0.00605663860163798 90110124 90110124 0
9 2693 rs2383134 20093557 1 0.00605318978931702 20093557 20093557 0
9 7765 rs7853484 103391639 1 0.00604613657155529 103391639 103391639 0
9 4736 rs13284442 72488417 1 0.00598352483443431 72488417 72488417 0
9 7914 rs2485523 104457236 1 -0.0059800402180564 104457236 104457236 0
9 5114 rs8187876 75564954 1 -0.00594242368061307 75564954 75564954 0
9 6907 rs290986 93563536 2 0.00594148463288771 93563536 93563536 0
9 3027 rs2789476 23161189 2 0.00575828431739565 23161189 23161189 0
9 7394 rs1413178 98586312 2 0.00575688596045418 98586312 98586312 0
9 8431 rs7850052 107797889 1 0.00572254659536076 107797889 107797889 0
9 6433 rs942284 88847477 1 -0.00569585384949929 88847477 88847477 0
9 3517 rs10757699 27950863 2 -0.00567445543617569 27950863 27950863 0
9 9044 rs7035935 112706482 1 0.00564465937675244 112706482 112706482 0
9 5489 rs4744812 79442798 1 0.00564120675834571 79442798 79442798 0
9 1409 rs10491914 9896971 1 -0.00562250035951731 9896971 9896971 0
9 4557 rs7853023 38772575 1 0.00561102450597911 38772575 38772575 0
9 4380 rs16933784 36944882 1 0.00550631355972046 36944882 36944882 0
9 4985 rs2297089 74305098 1 0.00546980195521297 74305098 74305098 0
9 11358 rs3780792 136835343 1 0.00544498619713344 136835343 136835343 0
9 10117 rs1927924 120559976 1 -0.00541450497621796 120559976 120559976 0
9 7495 rs10759781 100324654 1 0.00539213012742156 100324654 100324654 0
9 2666 rs7869796 19946627 1 0.00537766044056419 19946627 19946627 0
9 774 rs17804441 5457733 2 -0.00533426821231346 5457733 5457733 0
9 2658 rs7852773 19919331 1 0.00531384563616712 19919331 19919331 0
9 5241 rs1081877 77782517 2 -0.00530577158065005 77782517 77782517 0
9 9156 rs12236915 113364464 1 -0.00525331980279399 113364464 113364464 0
9 11414 rs10858300 137842500 2 0.00519204139691019 137842500 137842500 0
9 4555 rs10814762 38771460 1 -0.00516431926873201 38771460 38771460 0
9 11399 rs3128570 137743309 1 -0.00516100502546683 137743309 137743309 0
9 11360 rs10993924 136943067 1 0.00514532247864981 136943067 136943067 0
9 5530 rs41289969 79938069 1 0.00512773150596875 79938069 79938069 0
9 3207 rs1537262 25538362 1 0.00512646958312497 25538362 25538362 0
9 686 rs4742027 4629595 2 0.00503222896642244 4629595 4629595 0
9 4284 rs4879926 35700837 1 0.00502249006051117 35700837 35700837 0
9 4672 rs7033674 72008141 2 -0.00498406329495869 72008141 72008141 0
9 4960 rs10781013 73935754 1 -0.00497704619648149 73935754 73935754 0
9 7909 rs10989591 104449098 1 0.00495505098405998 104449098 104449098 0
9 10799 rs12683683 129224687 1 -0.00490202093222123 129224687 129224687 0
9 9553 rs1805313 116151191 1 0.00489289184286634 116151191 116151191 0
9 11116 rs2296949 134385436 1 -0.00489219664357195 134385436 134385436 0
9 6854 rs10123250 93161060 1 -0.00488244673067741 93161060 93161060 0
9 3135 rs7039242 24821877 1 0.00482102035089967 24821877 24821877 0
9 3410 rs565586 27170934 1 -0.00472918877249651 27170934 27170934 0
9 9635 rs1687410 117051020 1 -0.00471521646213425 117051020 117051020 0
9 7622 rs1999498 101308111 1 -0.00471043509172875 101308111 101308111 0
9 1542 rs988954 10572234 1 -0.00469530264007399 10572234 10572234 0
9 3392 rs621786 27118807 1 -0.00466206283468489 27118807 27118807 0
9 8126 rs10990599 105942389 1 0.00465982968594564 105942389 105942389 0
9 10487 rs45579335 125239501 1 0.00462580120651306 125239501 125239501 0
9 4335 rs7873354 36036003 1 -0.00462384938814839 36036003 36036003 0
9 9877 rs4837261 119142351 1 -0.0046206930657197 119142351 119142351 0
9 1887 rs10491754 13548060 1 0.00460045038600647 13548060 13548060 0
9 11017 rs10988625 132927568 1 0.00457726393563328 132927568 132927568 0
9 7457 rs2476927 99038030 2 -0.00451398406898284 99038030 99038030 0
9 2212 rs4612476 16388447 2 0.00444112556826169 16388447 16388447 0
9 1848 rs10809843 12780670 2 0.0044293636111065 12780670 12780670 0
9 4274 rs34791102 35612978 2 0.00438676579107007 35612978 35612978 0
9 2010 rs1318729 14515364 2 -0.00435834305959303 14515364 14515364 0
9 10002 rs11789213 119878770 1 0.00431122619233647 119878770 119878770 0
9 1043 rs10815639 7567326 1 -0.00427859434156066 7567326 7567326 0
9 9393 rs4979071 114758073 1 0.0042694740083671 114758073 114758073 0
9 2129 rs10738395 15429539 1 0.00422123838370458 15429539 15429539 0
9 5528 rs78048112 79891006 1 -0.00422096693052388 79891006 79891006 0
9 4523 rs2381871 38426961 1 0.00421754229955057 38426961 38426961 0
9 11173 rs7851167 135051942 1 -0.00421142520176435 135051942 135051942 0
9 2442 rs2383068 18273100 1 0.00420278952371139 18273100 18273100 0
9 5523 rs10512064 79776332 1 -0.00418905268647861 79776332 79776332 0
9 2136 rs10125713 15517742 1 0.00417926260970327 15517742 15517742 0
9 10165 rs2806117 120913104 1 -0.00412142960221571 120913104 120913104 0
9 2731 rs2780840 20608377 1 -0.00410277449458238 20608377 20608377 0
9 8872 rs2000129 111607701 2 0.00409913987181864 111607701 111607701 0
9 1926 rs10756496 13762909 1 -0.00406846538766043 13762909 13762909 0
9 3098 rs4977912 24091818 1 0.00403962290720032 24091818 24091818 0
9 10964 rs4366175 132049842 1 0.00403684079666478 132049842 132049842 0
9 8400 rs2437817 107690057 1 -0.0040175801048773 107690057 107690057 0
9 10729 rs829179 128316645 2 0.00400926398244381 128316645 128316645 0
9 1374 rs4628308 9708107 1 -0.00400639294093806 9708107 9708107 0
9 2722 rs1411726 20498930 1 -0.00395005765808717 20498930 20498930 0
9 4574 rs1411999 71215776 1 0.00394467817844781 71215776 71215776 0
9 6207 rs11793330 86666444 1 0.00393561642878074 86666444 86666444 0
9 1989 rs10810131 14310504 1 -0.00391421586183517 14310504 14310504 0
9 4620 rs4069737 71701174 1 -0.00389375758835654 71701174 71701174 0
9 5460 rs41288767 79318824 1 -0.00388606351819059 79318824 79318824 0
9 9370 rs1413218 114658407 1 0.00385968703358351 114658407 114658407 0
9 7552 rs1127703 100675816 1 -0.00385275042163596 100675816 100675816 0
9 6151 rs10867967 85876633 1 -0.0038422467112271 85876633 85876633 0
9 8223 rs653828 106746290 1 0.00382914593941419 106746290 106746290 0
9 2090 rs4741450 15078040 1 -0.0038155739531997 15078040 15078040 0
9 6098 rs7038698 85506296 1 -0.00381234452353874 85506296 85506296 0
9 2644 rs7032894 19840697 1 -0.00380960893128683 19840697 19840697 0
9 10471 rs1571586 124957525 1 -0.00379105944167721 124957525 124957525 0
9 11224 rs1999121 135602727 1 -0.00378642107137646 135602727 135602727 0
9 11267 rs6597604 136049780 2 -0.00377017186010927 136049780 136049780 0
9 2003 rs7021022 14456012 1 0.00376825001684978 14456012 14456012 0
9 351 rs12684262 2301610 1 0.00375074027372473 2301610 2301610 0
9 1012 rs12554101 7357693 1 -0.00374395950614277 7357693 7357693 0
9 7311 rs471161 97500580 1 0.00374063792037323 97500580 97500580 0
9 11169 rs9411446 135015927 1 -0.0037295719644518 135015927 135015927 0
9 5936 rs9918939 83646671 1 -0.0036957289856063 83646671 83646671 0
9 11031 rs914978 133277641 1 0.00365801201742323 133277641 133277641 0
9 10955 rs4836644 131984706 2 -0.00365232511678633 131984706 131984706 0
9 932 rs7857570 7032710 1 -0.00363621332079215 7032710 7032710 0
9 1059 rs328847 7684244 1 -0.00363465361254941 7684244 7684244 0
9 8376 rs2230805 107624029 1 0.00363114473834565 107624029 107624029 0
9 3495 rs4581139 27860390 1 -0.00362033961362948 27860390 27860390 0
9 184 rs4741151 1158199 2 0.00360669851138039 1158199 1158199 0
9 4522 rs4086036 38417990 1 -0.0036065832551884 38417990 38417990 0
9 6687 rs10867131 91511000 1 -0.00358447137663982 91511000 91511000 0
9 5712 rs2378383 82039362 2 -0.00358225376903839 82039362 82039362 0
9 4450 rs4621903 37587742 1 -0.00357826162449549 37587742 37587742 0
9 10679 rs10818945 127112027 1 0.00351851723406945 127112027 127112027 0
9 9667 rs12379659 117394595 1 0.00350032681784753 117394595 117394595 0
9 4984 rs17475375 74305020 1 0.0034997364655636 74305020 74305020 0
9 2131 rs907076 15443430 1 0.00348050767211914 15443430 15443430 0
9 2730 rs668703 20601177 1 -0.00347388584374472 20601177 20601177 0
9 7303 rs16910850 97398792 1 0.00346531931009124 97398792 97398792 0
9 2208 rs7864648 16368732 1 0.00344470499979962 16368732 16368732 0
9 9866 rs6478223 118781688 1 0.003414629432326 118781688 118781688 0
9 4202 rs4879805 34564274 1 -0.00340935405748838 34564274 34564274 0
9 2009 rs7023433 14511645 1 0.00340644544687486 14511645 14511645 0
9 540 rs10814596 3777523 1 0.00340474693530603 3777523 3777523 0
9 9621 rs13300252 116974295 2 0.00340044665257544 116974295 116974295 0
9 7354 rs10818991 98367717 2 0.00338614426206097 98367717 98367717 0
9 2190 rs9407736 16291556 1 -0.00336438425879912 16291556 16291556 0
9 4545 rs7864522 38741712 1 0.0033636545193557 38741712 38741712 0
9 5765 rs11138518 82768721 1 0.00334824644218263 82768721 82768721 0
9 10954 rs7873242 131984217 2 0.00334302222339664 131984217 131984217 0
9 759 rs2181146 5360293 1 -0.00334295968996618 5360293 5360293 0
9 833 rs340892 6098662 2 -0.0033389832179834 6098662 6098662 0
9 2628 rs17492143 19655267 2 0.00333325356406994 19655267 19655267 0
9 7757 rs10115383 103370532 1 0.00330589032924836 103370532 103370532 0
9 7234 rs10821278 96740079 1 0.00330287582530969 96740079 96740079 0
9 10817 rs10987356 129325439 1 -0.00328911335108948 129325439 129325439 0
9 228 rs7854400 1490577 2 -0.00324949238559733 1490577 1490577 0
9 2569 rs4607710 18969584 1 -0.00317380217498882 18969584 18969584 0
9 6606 rs10123732 90395684 1 0.0031733661401488 90395684 90395684 0
9 1798 rs791658 12493565 1 0.00317170755499528 12493565 12493565 0
9 4529 rs4424353 38450984 1 -0.00315277718572512 38450984 38450984 0
9 713 rs531122 4830849 1 -0.00314099001138353 4830849 4830849 0
9 2120 rs594248 15336653 1 -0.00312251651115036 15336653 15336653 0
9 7262 rs10993121 97024028 1 0.00311445213637964 97024028 97024028 0
9 1214 rs7868790 8505087 2 -0.00311297701505238 8505087 8505087 0
9 3026 rs10757394 23132614 1 -0.00310174974182924 23132614 23132614 0
9 2114 rs643531 15296034 1 0.00309511177915708 15296034 15296034 0
9 9971 rs10817976 119780936 1 -0.00308716736313907 119780936 119780936 0
9 10455 rs4837936 124810592 1 -0.00307957749780885 124810592 124810592 0
9 10977 rs4837366 132192986 1 -0.00304204790381009 132192986 132192986 0
9 7379 rs1335049 98447883 2 0.00303061385278408 98447883 98447883 0
9 1070 rs186629 7725346 1 0.00302086297275268 7725346 7725346 0
9 8114 rs1584415 105825222 1 0.00301730267479186 105825222 105825222 0
9 1216 rs10120190 8517545 1 -0.00298654200913824 8517545 8517545 0
9 4401 rs4880050 36999024 1 -0.00298648831619825 36999024 36999024 0
9 11033 rs10901326 133292993 1 0.00298195223656857 133292993 133292993 0
9 3900 rs10969625 30340919 1 0.00296347371270238 30340919 30340919 0
9 7450 rs2031321 98991303 1 -0.00295073210109886 98991303 98991303 0
9 7452 rs2025444 98994706 1 -0.00293653158580824 98994706 98994706 0
9 5862 rs1328521 83199814 1 -0.00292411186456841 83199814 83199814 0
9 8228 rs12115654 106798942 1 0.00290307511413782 106798942 106798942 0
9 325 rs2376305 2143543 1 -0.00287966092736536 2143543 2143543 0
9 7628 rs2808541 101357407 1 -0.00285804353432114 101357407 101357407 0
9 9847 rs2157673 118559109 1 0.00285784472524254 118559109 118559109 0
9 7890 rs1016429 104402364 1 0.00285340975160191 104402364 104402364 0
9 6530 rs11141719 89854486 1 -0.00284990576658166 89854486 89854486 0
9 1413 rs10978079 9909795 2 -0.00284594779599598 9909795 9909795 0
9 5866 rs4877599 83229483 1 0.00283649348082266 83229483 83229483 0
9 5427 rs7032380 79085839 2 0.00283615358887402 79085839 79085839 0
9 324 rs10811530 2142191 1 0.00283201294855084 2142191 2142191 0
9 5466 rs512110 79320640 1 0.00282435231834661 79320640 79320640 0
9 4612 rs3763609 71647410 1 0.00282173686412456 71647410 71647410 0
9 7697 rs420258 102092282 1 0.00280735708958913 102092282 102092282 0
9 452 rs1884441 2699004 1 0.00280230014130132 2699004 2699004 0
9 5007 rs7039742 74668581 2 0.00277070656714806 74668581 74668581 0
9 2241 rs1888207 16696187 1 0.00276968668686315 16696187 16696187 0
9 7194 rs10122014 96353485 1 0.00276443014921189 96353485 96353485 0
9 6706 rs7048604 91670399 2 -0.00276176325960053 91670399 91670399 0
9 2006 rs10961534 14470833 1 0.00275113219845912 14470833 14470833 0
9 4958 rs4744628 73931778 1 -0.00272640266736817 73931778 73931778 0
9 3936 rs2210441 30883856 1 0.00272020965450403 30883856 30883856 0
9 2234 rs6475059 16554405 1 0.00271893537802696 16554405 16554405 0
9 10769 rs2809443 128947475 1 0.00271854981693229 128947475 128947475 0
9 3203 rs10966943 25522087 2 0.00270062636448165 25522087 25522087 0
9 11082 rs4740407 133946574 1 -0.00269920272181725 133946574 133946574 0
9 11316 rs17150554 136269143 1 0.00269899465296446 136269143 136269143 0
9 10815 rs13301795 129324974 1 -0.00269743470814576 129324974 129324974 0
9 6176 rs11140109 86078128 1 0.0026968742809914 86078128 86078128 0
9 10753 rs4838320 128831097 1 0.00267342875048535 128831097 128831097 0
9 6242 rs11790651 86886897 1 -0.00266213545390824 86886897 86886897 0
9 9692 rs7868351 117584082 2 0.00265517449215176 117584082 117584082 0
9 6434 rs10868398 88849236 1 -0.00264177929644302 88849236 88849236 0
9 516 rs10814219 3536260 1 0.00263465313310464 3536260 3536260 0
9 1533 rs2475432 10559329 1 -0.00263299993179421 10559329 10559329 0
9 5525 rs10869907 79810889 2 -0.00262318243569229 79810889 79810889 0
9 9460 rs4978511 115654246 1 0.00262281321621606 115654246 115654246 0
9 753 rs1322220 5340596 1 -0.00261487883094932 5340596 5340596 0
9 4693 rs2777864 72091413 1 0.00260952063378829 72091413 72091413 0
9 4595 rs883952 71514651 1 0.0026028195294113 71514651 71514651 0
9 10363 rs17612 123725926 1 -0.00260249213428827 123725926 123725926 0
9 3038 rs7022904 23274023 2 0.00259967080008589 23274023 23274023 0
9 8685 rs4978541 110451516 1 0.00259555440092356 110451516 110451516 0
9 6805 rs10820953 92907960 1 -0.00258891904542662 92907960 92907960 0
9 10624 rs10986181 126801596 1 -0.0025887595889703 126801596 126801596 0
9 2858 rs7037277 21772064 1 -0.00257334830883393 21772064 21772064 0
9 11319 rs9409872 136458311 2 -0.00257053475820537 136458311 136458311 0
9 6432 rs1002960 88839915 2 -0.00256925334230629 88839915 88839915 0
9 11060 rs12351309 133486664 1 -0.0025495110610425 133486664 133486664 0
9 9136 rs13286541 113251951 1 0.00254536334383506 113251951 113251951 0
9 4152 rs3860989 33460141 1 0.00254391891026163 33460141 33460141 0
9 5932 rs1332855 83637787 1 -0.00253734672931832 83637787 83637787 0
9 2933 rs7027027 22472289 1 0.00248312761592045 22472289 22472289 0
9 2063 rs16932282 14788886 1 0.00247277253019041 14788886 14788886 0
9 9901 rs16933690 119339463 1 -0.00246824596846929 119339463 119339463 0
9 5317 rs2990413 78332803 1 -0.00246503746110836 78332803 78332803 0
9 903 rs1759402 6680477 1 -0.0024612626303454 6680477 6680477 0
9 891 rs7868175 6658080 1 -0.00245085015548215 6658080 6658080 0
9 4304 rs12000024 35892051 1 0.0024274794957753 35892051 35892051 0
9 3042 rs10811885 23321297 2 0.00241486268097159 23321297 23321297 0
9 303 rs10810952 1840933 1 -0.0024014776757182 1840933 1840933 0
9 1296 rs7018892 9230415 1 -0.00239435824813149 9230415 9230415 0
9 11499 rs10747029 139534703 1 0.00239333304695477 139534703 139534703 0
9 6333 rs1838158 87473009 1 -0.00234839693274953 87473009 87473009 0
9 2594 rs2383090 19247848 1 0.00234833571841736 19247848 19247848 0
9 4398 rs883967 36993788 1 -0.00234663740119076 36993788 36993788 0
9 8748 rs10120248 110857507 1 0.00233565427945759 110857507 110857507 0
9 10140 rs4120286 120755857 1 -0.002321214854728 120755857 120755857 0
9 8226 rs1536895 106793726 1 0.00231697563122818 106793726 106793726 0
9 5119 rs1342014 75731311 1 -0.00230766545025836 75731311 75731311 0
9 1861 rs16929942 12931403 1 -0.00229527827015149 12931403 12931403 0
9 4225 rs2812373 34741752 2 -0.00227140369341101 34741752 34741752 0
9 9853 rs10759828 118634305 1 -0.00226245812016117 118634305 118634305 0
9 6850 rs10993273 93151196 1 -0.00226177529516961 93151196 93151196 0
9 2141 rs10119257 15552399 1 0.00226037694903431 15552399 15552399 0
9 5318 rs4744765 78332861 1 -0.00225993726593431 78332861 78332861 0
9 9654 rs10982218 117200140 1 -0.00225965842217223 117200140 117200140 0
9 6238 rs883431 86867036 1 0.00225040663009425 86867036 86867036 0
9 9878 rs4837514 119181214 1 -0.00224975224987843 119181214 119181214 0
9 9711 rs1012823 117743178 1 0.00224957835750636 117743178 117743178 0
9 3640 rs1032472 28793694 1 -0.00224200085325474 28793694 28793694 0
9 5532 rs7035855 79960141 1 0.00223721457134867 79960141 79960141 0
9 3333 rs980876 26674986 1 -0.00223695087797649 26674986 26674986 0
9 2896 rs10120688 22056499 1 -0.00222056465031855 22056499 22056499 0
9 721 rs10758658 4856877 2 -0.00220322684929321 4856877 4856877 0
9 3955 rs13293430 31050747 1 0.00219679120358199 31050747 31050747 0
9 5535 rs7860724 80041641 1 0.00219178854669523 80041641 80041641 0
9 7487 rs11999505 100194825 1 0.00218498706204493 100194825 100194825 0
9 3049 rs7035046 23407386 1 -0.00217434839050359 23407386 23407386 0
9 2269 rs10962725 16933037 1 0.00216976114605015 16933037 16933037 0
9 4893 rs11142636 73500481 1 -0.00216334123233987 73500481 73500481 0
9 6780 rs2196923 92711789 1 0.00215526093894576 92711789 92711789 0
9 5099 rs348483 75515114 1 -0.00215033354658502 75515114 75515114 0
9 719 rs295254 4848630 1 -0.0021497373017655 4848630 4848630 0
9 11433 rs11103712 138037372 1 0.00214902921473798 138037372 138037372 0
9 9269 rs7871113 113944432 1 0.00213237878933558 113944432 113944432 0
9 11015 rs10988617 132920576 1 0.0021321557978047 132920576 132920576 0
9 11029 rs914977 133226582 1 0.00213044682725607 133226582 133226582 0
9 1858 rs6474741 12886899 1 -0.002124406746759 12886899 12886899 0
9 6922 rs2290889 93639849 1 0.0021239127340949 93639849 93639849 0
9 1080 rs1332916 7814465 1 0.00210921047232968 7814465 7814465 0
9 8458 rs327999 108020284 1 -0.00210149252286726 108020284 108020284 0
9 10481 rs10306202 125159521 1 -0.00208630518929924 125159521 125159521 0
9 3601 rs12005012 28539581 1 -0.00208354655430973 28539581 28539581 0
9 6211 rs2118166 86693470 2 0.00208255232971635 86693470 86693470 0
9 290 rs2785738 1721126 1 -0.0020705809403636 1721126 1721126 0
9 4321 rs10972659 35978321 2 0.00204732308357866 35978321 35978321 0
9 1960 rs12005778 14004053 1 0.0020435332267826 14004053 14004053 0
9 5018 rs4745167 74745434 1 -0.00203584711378166 74745434 74745434 0
9 5090 rs17058153 75407159 1 -0.00202512949357199 75407159 75407159 0
9 10369 rs12685344 123764991 1 0.00202453641347969 123764991 123764991 0
9 186 rs1933041 1196586 1 0.00202384961474048 1196586 1196586 0
9 8583 rs10978560 109379687 1 0.00202343621562508 109379687 109379687 0
9 7047 rs12002478 94603970 1 0.00201009846584498 94603970 94603970 0
9 8751 rs1412435 110864436 1 0.0019747087699304 110864436 110864436 0
9 10970 rs17457362 132098060 1 0.00197373387288343 132098060 132098060 0
9 7046 rs12003273 94601233 1 0.00196172057048992 94601233 94601233 0
9 2313 rs10963072 17378776 2 0.00195840452897112 17378776 17378776 0
9 7446 rs7020106 98974141 1 -0.00195034499435279 98974141 98974141 0
9 5422 rs11144898 79046297 2 -0.00193390139397342 79046297 79046297 0
9 2053 rs10115703 14722616 1 -0.00193088929659965 14722616 14722616 0
9 1997 rs303727 14440552 2 -0.00192244759570715 14440552 14440552 0
9 9870 rs204505 118887949 1 0.00191612964839286 118887949 118887949 0
9 3629 rs4879261 28705607 1 0.00191453845144637 28705607 28705607 0
9 3044 rs10811888 23325084 1 0.00189626202423038 23325084 23325084 0
9 4399 rs3758171 36997417 1 0.00188674848743618 36997417 36997417 0
9 3037 rs2225964 23267111 1 0.00188151323245878 23267111 23267111 0
9 195 rs12346288 1239722 2 0.00186940683054579 1239722 1239722 0
9 3621 rs10511830 28644923 1 -0.00186081509058824 28644923 28644923 0
9 2823 rs10757222 21485974 1 -0.00185948277133506 21485974 21485974 0
9 1980 rs10810110 14199422 1 0.00185175048069178 14199422 14199422 0
9 10945 rs2541161 131884802 1 0.00184990492690415 131884802 131884802 0
9 4088 rs1328994 32717013 1 0.00184672833049822 32717013 32717013 0
9 6675 rs7867153 91377672 1 0.00184362803391688 91377672 91377672 0
9 464 rs10968457 2838470 1 -0.00184315605404982 2838470 2838470 0
9 10725 rs12002063 128175143 1 -0.00184242357778878 128175143 128175143 0
9 10993 rs11998910 132541344 2 0.00183773078821318 132541344 132541344 0
9 5292 rs10869593 78206328 1 -0.00182073886771856 78206328 78206328 0
9 7166 rs41296061 96051100 1 -0.00180784240178992 96051100 96051100 0
9 5987 rs10116365 84006221 1 -0.00179561924677584 84006221 84006221 0
9 430 rs1590979 2559492 1 -0.00178991901563112 2559492 2559492 0
9 3035 rs9298846 23226243 1 -0.00178878787266463 23226243 23226243 0
9 8543 rs12236453 108878507 1 0.00178541084242468 108878507 108878507 0
9 8237 rs1411103 106854958 1 0.00177892931221991 106854958 106854958 0
9 10 rs496152 236828 2 -0.00177803249228296 236828 236828 0
9 3153 rs1381148 25049865 2 -0.00177797415225547 25049865 25049865 0
9 5190 rs11143958 77010681 1 -0.00176731544632112 77010681 77010681 0
9 1953 rs7048074 13980085 1 0.00176594260393964 13980085 13980085 0
9 2819 rs1412395 21471499 1 0.00176536632082594 21471499 21471499 0
9 3080 rs16907782 23802442 2 0.00175821186214955 23802442 23802442 0
9 3021 rs10811813 22985856 1 -0.00174634139101212 22985856 22985856 0
9 4627 rs11145422 71755705 1 -0.001741452539231 71755705 71755705 0
9 8194 rs7865685 106545242 2 0.00173936213158469 106545242 106545242 0
9 2165 rs7023221 16085262 1 -0.00173340937698576 16085262 16085262 0
9 5166 rs2046913 76669299 1 0.00173196833223547 76669299 76669299 0
9 11206 rs569434 135344407 1 -0.00172920943905733 135344407 135344407 0
9 8256 rs1450679 107026812 1 0.00172688525620061 107026812 107026812 0
9 5754 rs10746608 82536663 1 -0.00171904244222759 82536663 82536663 0
9 7360 rs7860540 98383097 1 0.00171699668084336 98383097 98383097 0
9 654 rs13286735 4331760 1 -0.0017041443125678 4331760 4331760 0
9 1800 rs1325129 12512973 1 0.00170254257628912 12512973 12512973 0
9 1919 rs626778 13705679 2 -0.00169831349402193 13705679 13705679 0
9 2214 rs7033140 16390697 1 -0.00169312905561338 16390697 16390697 0
9 7383 rs7035549 98502921 1 -0.00169028597856482 98502921 98502921 0
9 6144 rs10867954 85845746 1 0.0016835237316071 85845746 85845746 0
9 8461 rs327950 108041973 1 -0.00167558176331476 108041973 108041973 0
9 3934 rs1115507 30825999 1 -0.00167309456542139 30825999 30825999 0
9 7948 rs1007468 104728905 1 0.00166731020519206 104728905 104728905 0
9 4644 rs12350141 71886979 1 0.00166726324036631 71886979 71886979 0
9 8401 rs1800977 107690450 1 -0.00166541912679649 107690450 107690450 0
9 4041 rs992710 32310726 1 -0.00166279199432394 32310726 32310726 0
9 2667 rs9407950 19958389 1 0.00165150043835043 19958389 19958389 0
9 9362 rs12379047 114629162 1 0.00164887316495756 114629162 114629162 0
9 2100 rs527634 15201745 2 0.0016461001937996 15201745 15201745 0
9 9843 rs10118264 118484799 1 0.00164112698499352 118484799 118484799 0
9 337 rs4741657 2239429 1 0.00163916511663465 2239429 2239429 0
9 10141 rs2245960 120757370 1 0.00163622630779292 120757370 120757370 0
9 4551 rs10974023 38753875 1 0.00162694737886065 38753875 38753875 0
9 9729 rs113301777 117826096 1 -0.00162538390950832 117826096 117826096 0
9 1220 rs1999850 8593035 1 -0.00162342704356613 8593035 8593035 0
9 8456 rs327967 108001107 1 0.00162284168838287 108001107 108001107 0
9 1221 rs7020239 8595338 1 0.00161490781835386 8595338 8595338 0
9 8821 rs7030851 111281164 1 0.00159763334179951 111281164 111281164 0
9 2389 rs13287394 17937391 1 -0.00159405526248164 17937391 17937391 0
9 751 rs3758239 5306824 1 0.00158987949274399 5306824 5306824 0
9 203 rs9969818 1294789 1 0.00158002756392373 1294789 1294789 0
9 10428 rs7047340 124441404 1 0.00157290629390439 124441404 124441404 0
9 7245 rs10761317 96898436 1 0.00157021277260937 96898436 96898436 0
9 10923 rs7853999 131146409 1 0.00156330639688468 131146409 131146409 0
9 5674 rs1341086 81673370 1 -0.00155964234698401 81673370 81673370 0
9 49 rs1410221 354913 1 0.00155955158167856 354913 354913 0
9 2827 rs7848909 21504973 2 -0.00155282162742689 21504973 21504973 0
9 9951 rs4091697 119654521 1 0.0015467048868935 119654521 119654521 0
9 9634 rs2636860 117030582 1 0.00154611263335723 117030582 117030582 0
9 2333 rs3808747 17626616 1 -0.00153363633329585 17626616 17626616 0
9 1876 rs1556577 13453984 2 0.00153037810236488 13453984 13453984 0
9 6437 rs4484780 88860820 2 -0.0015217288451739 88860820 88860820 0
9 2164 rs1887677 16079296 1 -0.00151582850000537 16079296 16079296 0
9 1982 rs10961424 14208724 1 0.00150989715682583 14208724 14208724 0
9 2944 rs10738632 22531190 1 -0.00150284232840646 22531190 22531190 0
9 1967 rs10961364 14074099 2 -0.00149829596514771 14074099 14074099 0
9 7773 rs10114272 103427741 1 0.00149617934667706 103427741 103427741 0
9 9601 rs2418265 116865784 2 0.00149578555882804 116865784 116865784 0
9 1775 rs1929425 12367988 1 0.00148153748984396 12367988 12367988 0
9 436 rs882259 2599564 1 -0.00147608948936516 2599564 2599564 0
9 10751 rs10217721 128810846 2 -0.00146903460281959 128810846 128810846 0
9 5873 rs13284117 83247711 2 -0.00146617080221094 83247711 83247711 0
9 5791 rs11138587 82894510 1 0.00146162422448553 82894510 82894510 0
9 6794 rs10991799 92804166 1 0.00145979603626529 92804166 92804166 0
9 650 rs11789633 4321558 2 0.00145924400129321 4321558 4321558 0
9 9016 rs7023524 112531466 1 -0.00145796927450426 112531466 112531466 0
9 626 rs12380197 4262516 1 -0.00145418543559732 4262516 4262516 0
9 11331 rs5320 136507473 1 0.00145286314012892 136507473 136507473 0
9 5168 rs3012844 76679339 1 -0.0014450549980169 76679339 76679339 0
9 636 rs10814908 4272449 1 -0.00144265930337174 4272449 4272449 0
9 9698 rs7866342 117627569 1 0.001436578849281 117627569 117627569 0
9 1036 rs2890755 7539001 1 0.0014285761561503 7539001 7539001 0
9 2181 rs9407730 16231985 2 0.00142673958170194 16231985 16231985 0
9 11486 rs1717455 138985141 1 0.00141497832444917 138985141 138985141 0
9 5940 rs1332865 83655465 1 -0.0014107538433349 83655465 83655465 0
9 6480 rs1028880 89444725 1 0.0014050928376131 89444725 89444725 0
9 4572 rs7032966 71211602 1 0.00140010846856591 71211602 71211602 0
9 2723 rs10964583 20508503 1 0.00140002987260172 20508503 20508503 0
9 5822 rs10867538 83062147 1 0.00138227571400962 83062147 83062147 0
9 5878 rs4877611 83284684 1 0.00137540592865315 83284684 83284684 0
9 7063 rs11789973 94651984 1 0.00137329072356717 94651984 94651984 0
9 1126 rs941904 8136132 2 -0.00136412383087946 8136132 8136132 0
9 4437 rs913279 37483388 1 -0.00135723406936465 37483388 37483388 0
9 7365 rs12346725 98394336 1 -0.00135623711921412 98394336 98394336 0
9 2598 rs7851902 19298581 2 0.00135541984110483 19298581 19298581 0
9 9442 rs2676622 115454504 1 0.00135150276966637 115454504 115454504 0
9 2059 rs61732355 14776178 1 0.0013458153906752 14776178 14776178 0
9 5493 rs7031918 79511499 1 0.00134322577239854 79511499 79511499 0
9 5898 rs7019400 83398603 1 0.00133946367153593 83398603 83398603 0
9 5907 rs6559594 83501287 1 -0.00133628690853055 83501287 83501287 0
9 6019 rs3814535 84304985 1 0.00132872830252385 84304985 84304985 0
9 10347 rs10984971 123404508 1 0.00132807455740818 123404508 123404508 0
9 10639 rs3861868 126835484 1 -0.0013130222191206 126835484 126835484 0
9 740 rs10758669 4981602 2 0.00131201312774108 4981602 4981602 0
9 1119 rs10758936 8114588 1 -0.00129433296483643 8114588 8114588 0
9 5307 rs1410569 78306600 1 -0.00128837849913874 78306600 78306600 0
9 1369 rs7039700 9683443 1 -0.00128572516175797 9683443 9683443 0
9 11359 rs2789864 136852891 2 -0.00128545871696237 136852891 136852891 0
9 712 rs7038267 4821348 1 -0.00128307804487401 4821348 4821348 0
9 2134 rs909323 15467175 2 -0.00127837622709058 15467175 15467175 0
9 10391 rs148672807 123904538 2 -0.00127547871689492 123904538 123904538 0
9 37 rs7020261 316247 2 -0.00127128542580098 316247 316247 0
9 4966 rs10116204 74052978 1 0.00126732311550522 74052978 74052978 0
9 673 rs6476874 4527201 2 0.00126222063732164 4527201 4527201 0
9 2025 rs10756576 14556659 2 -0.00126097503407198 14556659 14556659 0
9 9138 rs7869676 113261095 1 -0.00125778827506242 113261095 113261095 0
9 10683 rs4574 127177161 1 0.0012575139535938 127177161 127177161 0
9 10684 rs10818964 127190340 1 0.00125332716768002 127190340 127190340 0
9 5457 rs560094 79318471 1 0.00125262180072746 79318471 79318471 0
9 11335 rs2073817 136559460 1 0.00124893176736673 136559460 136559460 0
9 4550 rs7470425 38747064 2 0.00124279888145772 38747064 38747064 0
9 4278 rs1339374 35660990 1 0.0012315847115123 35660990 35660990 0
9 10651 rs2807602 126888457 2 0.00122843255495582 126888457 126888457 0
9 7482 rs2447290 100062414 2 0.00122812835446503 100062414 100062414 0
9 777 rs7028894 5460910 2 0.00122307273004979 5460910 5460910 0
9 5526 rs10869910 79824002 1 -0.00121387712188984 79824002 79824002 0
9 4632 rs11145465 71766593 1 -0.0012114020482117 71766593 71766593 0
9 1935 rs10756506 13780196 1 -0.00120732773873382 13780196 13780196 0
9 4121 rs16918866 32923482 1 -0.00120069868127256 32923482 32923482 0
9 8879 rs10979560 111619734 1 -0.0011995514983207 111619734 111619734 0
9 881 rs12347506 6549841 1 -0.00119847661250429 6549841 6549841 0
9 3041 rs10965766 23320406 1 0.00119323636823041 23320406 23320406 0
9 3222 rs13286578 25719019 1 -0.00119059662624323 25719019 25719019 0
9 4360 rs3780350 36639442 1 0.00119027074308438 36639442 36639442 0
9 4469 rs2296555 37708307 1 -0.00118480071877534 37708307 37708307 0
9 8819 rs9918937 111277519 1 -0.00118437176195745 111277519 111277519 0
9 319 rs3793487 2086352 1 -0.00118280564110044 2086352 2086352 0
9 3040 rs10965764 23316148 1 -0.0011777982003892 23316148 23316148 0
9 9706 rs10123153 117728895 2 -0.00117761006421692 117728895 117728895 0
9 7373 rs817171 98434188 1 0.0011773092122886 98434188 98434188 0
9 2724 rs10964588 20513135 1 -0.00117415307113635 20513135 20513135 0
9 10118 rs2149361 120560559 1 -0.00117303248714974 120560559 120560559 0
9 5283 rs10512042 78119359 2 0.0011713118097339 78119359 78119359 0
9 1193 rs7876037 8403640 1 -0.00116967624124835 8403640 8403640 0
9 6343 rs4361832 87595734 2 0.00116741266205032 87595734 87595734 0
9 10145 rs2247181 120792413 1 0.00116495723157753 120792413 120792413 0
9 5180 rs2991751 76936998 2 0.00116022368257681 76936998 76936998 0
9 9738 rs7034038 117910022 1 0.00115990696264067 117910022 117910022 0
9 4438 rs730283 37483926 1 0.00115950633844302 37483926 37483926 0
9 1910 rs571485 13674291 1 0.00115833818060923 13674291 13674291 0
9 4488 rs12345885 38003567 2 0.00115605003659204 38003567 38003567 0
9 4139 rs830576 33290532 1 0.0011522620386341 33290532 33290532 0
9 5519 rs10869896 79714137 1 -0.0011508974432413 79714137 79714137 0
9 3061 rs274946 23585350 1 -0.00114685718282823 23585350 23585350 0
9 3242 rs1332339 25956931 1 0.00114551949999861 25956931 25956931 0
9 4093 rs664241 32769523 2 0.00114545084106158 32769523 32769523 0
9 3773 rs12380193 29533691 1 0.00114242982958858 29533691 29533691 0
9 2077 rs10961780 14898161 1 -0.00113968302787501 14898161 14898161 0
9 2713 rs224015 20323424 1 -0.00113487873984112 20323424 20323424 0
9 11525 rs10867123 140432318 1 0.00113043402314957 140432318 140432318 0
9 7972 rs320263 104860147 2 -0.00112706163533103 104860147 104860147 0
9 2797 rs2032061 21114105 1 -0.00112450149206115 21114105 21114105 0
9 11184 rs3780825 135156270 1 -0.0011244623624799 135156270 135156270 0
9 4548 rs9407079 38743727 1 0.00111842339675814 38743727 38743727 0
9 10393 rs9408926 123914874 1 0.00111757635334952 123914874 123914874 0
9 10979 rs1780482 132293940 1 0.00111681924428168 132293940 132293940 0
9 4268 rs12338773 35559905 1 0.00111401314454181 35559905 35559905 0
9 10135 rs1930713 120733712 2 0.00111213085457761 120733712 120733712 0
9 7554 rs3183927 100684757 1 -0.00110999527698202 100684757 100684757 0
9 432 rs10967084 2590349 1 -0.00110770379946302 2590349 2590349 0
9 7634 rs1930130 101385839 1 -0.0011022366002985 101385839 101385839 0
9 6007 rs10115264 84140380 1 0.00109871081520536 84140380 84140380 0
9 9585 rs7034929 116672801 1 0.0010971557489273 116672801 116672801 0
9 10726 rs3122931 128185330 2 0.0010948382845538 128185330 128185330 0
9 5221 rs13299921 77535672 1 -0.00108988809733022 77535672 77535672 0
9 8875 rs10979554 111613145 1 -0.0010843023561146 111613145 111613145 0
9 5005 rs1570638 74667770 1 0.00108299638774753 74667770 74667770 0
9 3131 rs4284108 24770615 1 0.00108264208178378 24770615 24770615 0
9 10652 rs7865381 126920280 1 -0.00107933181976808 126920280 126920280 0
9 10072 rs10983712 120368736 2 -0.00107807380361814 120368736 120368736 0
9 9386 rs7047037 114729853 1 0.00107761289039255 114729853 114729853 0
9 3771 rs7026384 29508543 1 -0.00107361611686035 29508543 29508543 0
9 9444 rs1891403 115527183 1 -0.00107207037106302 115527183 115527183 0
9 5234 rs9776041 77742844 1 -0.00107192270241449 77742844 77742844 0
9 3845 rs9408148 29896950 1 0.00107140053054197 29896950 29896950 0
9 7250 rs4744321 96932414 1 0.00106689495199328 96932414 96932414 0
9 231 rs6474880 1513074 1 0.00106480856118953 1513074 1513074 0
9 6251 rs10868138 86917301 1 -0.00106330178844327 86917301 86917301 0
9 2140 rs10962058 15534070 2 -0.00105395036271383 15534070 15534070 0
9 9434 rs2593681 115334288 1 -0.00104631236923824 115334288 115334288 0
9 11254 rs3011271 135883620 2 -0.00104485797751644 135883620 135883620 0
9 4287 rs1570248 35751221 1 0.0010399913874423 35751221 35751221 0
9 9772 rs10817750 118099068 1 -0.00103983625005117 118099068 118099068 0
9 8880 rs10979564 111621439 1 0.00103962060071296 111621439 111621439 0
9 7145 rs4744180 95906804 1 0.00103959538019027 95906804 95906804 0
9 7075 rs10761137 94728959 1 0.00103954140169048 94728959 94728959 0
9 4528 rs10973827 38445998 1 -0.00103482102880243 38445998 38445998 0
9 8871 rs7039521 111606875 1 -0.0010339434139346 111606875 111606875 0
9 3295 rs10812394 26433751 1 0.00102008584914183 26433751 26433751 0
9 512 rs10758256 3446277 1 0.00101511025723082 3446277 3446277 0
9 4354 rs10758352 36250665 1 -0.00100876260515646 36250665 36250665 0
9 2906 rs10965250 22133284 1 0.00100746809133057 22133284 22133284 0
9 5343 rs7025650 78484125 1 -0.00100688883006914 78484125 78484125 0
9 5905 rs10867637 83493845 1 -0.00100558303967843 83493845 83493845 0
9 5660 rs7867093 81518152 1 9.995531667221695e-4 81518152 81518152 0
9 9468 rs10759611 115683429 1 9.941055526572942e-4 115683429 115683429 0
9 7558 rs2417577 100701446 1 -9.917116805237178e-4 100701446 100701446 0
9 1917 rs518054 13689066 1 9.899035234246674e-4 13689066 13689066 0
9 2162 rs6475004 16069629 1 -9.891942644246886e-4 16069629 16069629 0
9 4362 rs752357 36744752 1 -9.850443818862592e-4 36744752 36744752 0
9 6692 rs9410429 91563034 1 -9.850036592996428e-4 91563034 91563034 0
9 2027 rs10961577 14562314 1 9.786670916213645e-4 14562314 14562314 0
9 7442 rs10117895 98963734 1 -9.774246093459337e-4 98963734 98963734 0
9 8594 rs10978628 109529338 1 -9.748132683068736e-4 109529338 109529338 0
9 3543 rs1839967 28083672 1 9.683448200173082e-4 28083672 28083672 0
9 9008 rs10816855 112451003 1 9.669926003004878e-4 112451003 112451003 0
9 690 rs2273900 4635525 1 9.599634513865586e-4 4635525 4635525 0
9 1698 rs10960317 11848457 1 9.595482151694372e-4 11848457 11848457 0
9 10835 rs1463810 129617253 2 -9.58429655898877e-4 129617253 129617253 0
9 5893 rs1576758 83382243 1 9.560249280330532e-4 83382243 83382243 0
9 7231 rs1320546 96719899 1 9.49713659063154e-4 96719899 96719899 0
9 9868 rs7032067 118843677 1 -9.469292616987352e-4 118843677 118843677 0
9 2501 rs10963676 18622043 1 -9.433585188556808e-4 18622043 18622043 0
9 2000 rs10810150 14452729 1 -9.403840541591872e-4 14452729 14452729 0
9 7980 rs10448296 104879699 1 9.384205374116309e-4 104879699 104879699 0
9 3844 rs7871951 29894841 1 -9.384157220264804e-4 29894841 29894841 0
9 5270 rs4745407 78089623 1 -9.38117383717243e-4 78089623 78089623 0
9 3839 rs1543729 29831400 1 -9.3339330787811e-4 29831400 29831400 0
9 317 rs4741641 2072356 1 -9.307908706550074e-4 2072356 2072356 0
9 9431 rs1411680 115229693 1 -9.277401261089582e-4 115229693 115229693 0
9 7317 rs3886568 97645590 1 -9.2635619822682e-4 97645590 97645590 0
9 2209 rs10123982 16369067 1 9.254961189841072e-4 16369067 16369067 0
9 1213 rs72694737 8497250 1 9.227458817392566e-4 8497250 8497250 0
9 5792 rs10780367 82900888 1 9.224231780534782e-4 82900888 82900888 0
9 4922 rs1329776 73756531 1 -9.208071114509134e-4 73756531 73756531 0
9 6058 rs1411664 85106906 1 9.206403644769148e-4 85106906 85106906 0
9 6552 rs6559979 89940123 1 9.204280572809476e-4 89940123 89940123 0
9 1339 rs1332810 9454258 1 9.19010865597282e-4 9454258 9454258 0
9 9816 rs10124673 118286802 1 -9.181882377712488e-4 118286802 118286802 0
9 8225 rs548511 106772674 1 9.143361757029668e-4 106772674 106772674 0
9 5336 rs3934253 78416813 1 9.12708584088581e-4 78416813 78416813 0
9 10069 rs498180 120357123 1 9.083072597176844e-4 120357123 120357123 0
9 10712 rs10986578 127893864 1 9.024742506224826e-4 127893864 127893864 0
9 9223 rs544276 113640468 2 8.988871310800189e-4 113640468 113640468 0
9 5170 rs2933018 76696788 1 -8.981959504106593e-4 76696788 76696788 0
9 5331 rs1359716 78397226 1 -8.968876538949604e-4 78397226 78397226 0
9 6913 rs17489214 93603138 1 -8.932429002767627e-4 93603138 93603138 0
9 9098 rs11791314 113141959 1 8.91722392598011e-4 113141959 113141959 0
9 4662 rs13290881 71985169 2 8.88217198901585e-4 71985169 71985169 0
9 4261 rs4878615 35413694 1 8.850973044242403e-4 35413694 35413694 0
9 3457 rs2492813 27497792 1 8.795480874153279e-4 27497792 27497792 0
9 7451 rs280661 98991519 2 8.792817286103385e-4 98991519 98991519 0
9 11465 rs2297570 138475150 1 8.788573949593157e-4 138475150 138475150 0
9 7143 rs7025554 95898531 1 8.780882303134413e-4 95898531 95898531 0
9 211 rs12345947 1339942 1 8.739471802415362e-4 1339942 1339942 0
9 10645 rs10818918 126860510 2 -8.730257189914186e-4 126860510 126860510 0
9 2454 rs10756956 18323742 1 -8.678479060358289e-4 18323742 18323742 0
9 7174 rs4633120 96093865 1 8.667231228776476e-4 96093865 96093865 0
9 9250 rs2900522 113844435 2 8.622909447243115e-4 113844435 113844435 0
9 9395 rs10981228 114810102 1 8.620162654769328e-4 114810102 114810102 0
9 9246 rs4576485 113815164 1 -8.607106184485085e-4 113815164 113815164 0
9 10472 rs2416858 124957776 1 -8.565406135431503e-4 124957776 124957776 0
9 6197 rs2780974 86246984 1 8.565124286964338e-4 86246984 86246984 0
9 1256 rs10977362 8922467 1 -8.519168797703482e-4 8922467 8922467 0
9 6209 rs11140345 86669330 1 8.458496991707868e-4 86669330 86669330 0
9 2069 rs729492 14851703 1 -8.441199718730554e-4 14851703 14851703 0
9 4134 rs1702645 33218297 1 8.393451572826829e-4 33218297 33218297 0
9 10713 rs1549314 127910307 1 8.368445618644204e-4 127910307 127910307 0
9 7568 rs3739668 100963653 1 -8.364988379584264e-4 100963653 100963653 0
9 3224 rs1231353 25748799 1 8.356378321780309e-4 25748799 25748799 0
9 10749 rs1558836 128800424 1 8.279545994781925e-4 128800424 128800424 0
9 3271 rs1836463 26180249 1 8.276075354170774e-4 26180249 26180249 0
9 3039 rs1544162 23307724 1 -8.251573377023163e-4 23307724 23307724 0
9 8877 rs3915575 111614150 1 -8.238679285695277e-4 111614150 111614150 0
9 4606 rs12378665 71597840 1 8.235469817249987e-4 71597840 71597840 0
9 10475 rs10985594 125081147 1 -8.203899585587645e-4 125081147 125081147 0
9 10844 rs670410 129700537 1 8.15586620349451e-4 129700537 129700537 0
9 11432 rs11790027 138008243 2 8.118360568864959e-4 138008243 138008243 0
9 6669 rs10125017 90945833 1 -8.096637831559199e-4 90945833 90945833 0
9 2613 rs7858547 19484869 1 8.085343399291849e-4 19484869 19484869 0
9 8851 rs10512387 111551724 1 8.016675063890425e-4 111551724 111551724 0
9 7968 rs320276 104849677 1 7.996189840919243e-4 104849677 104849677 0
9 7595 rs10985765 101056122 1 7.979900175420329e-4 101056122 101056122 0
9 9674 rs16930798 117440143 1 -7.931002185860616e-4 117440143 117440143 0
9 6219 rs1246264 86761781 1 7.890725741059399e-4 86761781 86761781 0
9 3541 rs7857347 28074530 1 7.852277225932961e-4 28074530 28074530 0
9 9862 rs10123549 118736263 1 7.823470732692099e-4 118736263 118736263 0
9 4746 rs4487842 72568962 1 7.791007462229879e-4 72568962 72568962 0
9 8480 rs11431378 108274510 1 -7.7371247990977e-4 108274510 108274510 0
9 2060 rs12683551 14783623 2 -7.683129694423078e-4 14783623 14783623 0
9 7374 rs16910111 98435091 1 -7.639045053476966e-4 98435091 98435091 0
9 11398 rs4842173 137718113 1 7.629646467497476e-4 137718113 137718113 0
9 1005 rs17601822 7342797 1 -7.596764706746925e-4 7342797 7342797 0
9 8399 rs2487052 107686405 2 7.59239426616892e-4 107686405 107686405 0
9 6528 rs10113878 89843781 1 7.577947903131257e-4 89843781 89843781 0
9 4451 rs10758442 37591236 1 -7.512658643531492e-4 37591236 37591236 0
9 951 rs4742308 7093871 1 7.478649589035709e-4 7093871 7093871 0
9 8597 rs7858184 109538577 1 -7.442321014898976e-4 109538577 109538577 0
9 4591 rs17392931 71480296 1 -7.408306728430599e-4 71480296 71480296 0
9 8762 rs687992 110929030 2 -7.396758351143757e-4 110929030 110929030 0
9 5165 rs3012803 76659915 1 -7.372995417496818e-4 76659915 76659915 0
9 411 rs955547 2537511 2 7.357028846661137e-4 2537511 2537511 0
9 7070 rs7034006 94696779 2 -7.266705926778416e-4 94696779 94696779 0
9 3241 rs1219942 25919851 1 7.263452195641615e-4 25919851 25919851 0
9 7529 rs1877432 100543880 1 7.218024016702101e-4 100543880 100543880 0
9 2486 rs2153416 18485191 1 7.214344842045117e-4 18485191 18485191 0
9 3177 rs10122848 25368388 1 -7.191968884372721e-4 25368388 25368388 0
9 2618 rs4977547 19526674 1 7.190392198759652e-4 19526674 19526674 0
9 4839 rs10868854 73193371 2 7.161049753969141e-4 73193371 73193371 0
9 1983 rs12682686 14213974 1 7.149195428159415e-4 14213974 14213974 0
9 1920 rs625476 13705973 1 -7.147037609092611e-4 13705973 13705973 0
9 4679 rs2781530 72056397 1 7.138712013205528e-4 72056397 72056397 0
9 3081 rs3793595 23811127 1 7.124668949713374e-4 23811127 23811127 0
9 466 rs10156534 2936864 1 -7.116430583192717e-4 2936864 2936864 0
9 8561 rs17290816 109175575 1 7.10668180589541e-4 109175575 109175575 0
9 10222 rs1508377 121406910 1 -7.098984895734441e-4 121406910 121406910 0
9 6951 rs7859968 93840753 2 7.076232570523923e-4 93840753 93840753 0
9 11190 rs9411449 135206460 1 7.056037355797313e-4 135206460 135206460 0
9 7734 rs2806699 103054190 1 -7.052361242780953e-4 103054190 103054190 0
9 633 rs10814906 4270669 1 7.045502880898625e-4 4270669 4270669 0
9 7717 rs10819689 102400263 1 7.009306927572527e-4 102400263 102400263 0
9 9746 rs7866181 117928419 1 6.98462653165296e-4 117928419 117928419 0
9 1340 rs10977771 9455222 2 6.979975550439922e-4 9455222 9455222 0
9 3279 rs10967292 26294087 1 -6.897903982857872e-4 26294087 26294087 0
9 2627 rs7870850 19649738 1 6.893515067422142e-4 19649738 19649738 0
9 2632 rs13287081 19692697 1 -6.882837551105104e-4 19692697 19692697 0
9 1123 rs10758939 8125410 1 6.865083877091683e-4 8125410 8125410 0
9 7606 rs10986084 101147503 1 6.836819179092261e-4 101147503 101147503 0
9 1444 rs450485 10101925 1 -6.806973556598655e-4 10101925 10101925 0
9 8541 rs4742661 108807861 1 6.804767344276418e-4 108807861 108807861 0
9 8869 rs12552409 111605283 1 6.783676469943462e-4 111605283 111605283 0
9 8970 rs1109478 112281863 2 -6.781938446978151e-4 112281863 112281863 0
9 10111 rs7027711 120524178 2 6.78041915310564e-4 120524178 120524178 0
9 9215 rs474186 113622466 1 6.77017574558778e-4 113622466 113622466 0
9 6812 rs10992388 92951303 2 -6.759885390610396e-4 92951303 92951303 0
9 6405 rs3860946 88123347 1 -6.723408536120929e-4 88123347 88123347 0
9 4507 rs2810723 38244221 1 6.695680913533763e-4 38244221 38244221 0
9 717 rs7861943 4836811 1 -6.663232580560736e-4 4836811 4836811 0
9 124 rs10815466 680714 1 6.628208070088299e-4 680714 680714 0
9 4520 rs4878808 38404579 1 6.60019730221631e-4 38404579 38404579 0
9 7880 rs10117679 104378479 1 6.591575016354298e-4 104378479 104378479 0
9 1988 rs10121140 14292720 1 6.558264407459677e-4 14292720 14292720 0
9 5364 rs1571792 78706282 1 6.522691465450162e-4 78706282 78706282 0
9 10359 rs34119250 123688217 1 -6.518460458811754e-4 123688217 123688217 0
9 9741 rs10982575 117919576 1 -6.510294336943227e-4 117919576 117919576 0
9 2397 rs10963408 18044802 1 -6.509111950713166e-4 18044802 18044802 0
9 5609 rs10867191 81004253 1 -6.504068908616245e-4 81004253 81004253 0
9 961 rs2770729 7178197 1 6.438532725593051e-4 7178197 7178197 0
9 3331 rs1033991 26659562 1 6.391097494142051e-4 26659562 26659562 0
9 1846 rs1326800 12778224 1 6.374978773840223e-4 12778224 12778224 0
9 4166 rs307682 33973324 1 6.373650792396678e-4 33973324 33973324 0
9 7769 rs7858958 103416553 1 -6.372107960694791e-4 103416553 103416553 0
9 7324 rs3802458 97741274 1 -6.371420789548009e-4 97741274 97741274 0
9 3437 rs12337286 27292474 1 6.326747147760474e-4 27292474 27292474 0
9 4833 rs7034027 73165816 1 -6.322293548261676e-4 73165816 73165816 0
9 11382 rs3118593 137426334 1 -6.302621552253573e-4 137426334 137426334 0
9 1987 rs10810126 14292207 1 6.26475915589304e-4 14292207 14292207 0
9 3175 rs7848925 25359813 1 6.262213019769704e-4 25359813 25359813 0
9 6349 rs1387924 87632993 2 -6.240341956417256e-4 87632993 87632993 0
9 8601 rs7027110 109599046 1 6.220710697414742e-4 109599046 109599046 0
9 11412 rs2274838 137829465 1 -6.127490865173853e-4 137829465 137829465 0
9 9021 rs10759367 112569588 1 -6.117100416561028e-4 112569588 112569588 0
9 5787 rs700813 82880361 1 -6.108403074089223e-4 82880361 82880361 0
9 8590 rs1388235 109475636 2 6.108302080140932e-4 109475636 109475636 0
9 10153 rs2252957 120842790 1 6.057486686002733e-4 120842790 120842790 0
9 2771 rs117405838 20988423 1 -6.021165736841288e-4 20988423 20988423 0
9 4269 rs75679360 35563361 1 -6.01288283755805e-4 35563361 35563361 0
9 9168 rs16915239 113409839 1 6.012423322344874e-4 113409839 113409839 0
9 3691 rs7847631 29024894 1 -6.007587965747915e-4 29024894 29024894 0
9 1970 rs508940 14107096 2 5.991402936241915e-4 14107096 14107096 0
9 3468 rs13691 27546890 1 -5.98246736310553e-4 27546890 27546890 0
9 5554 rs7046214 80162570 2 5.976117668453899e-4 80162570 80162570 0
9 6549 rs6559977 89932790 1 5.965786267796836e-4 89932790 89932790 0
9 839 rs2890704 6184165 1 -5.961776227503526e-4 6184165 6184165 0
9 4292 rs41277075 35811228 1 5.957138861824676e-4 35811228 35811228 0
9 9661 rs942518 117272858 1 5.943527954181493e-4 117272858 117272858 0
9 10604 rs7867502 126470140 1 -5.921559859530995e-4 126470140 126470140 0
9 2585 rs10120860 19089293 1 -5.892224851415401e-4 19089293 19089293 0
9 1311 rs1157904 9300084 2 -5.885216621985998e-4 9300084 9300084 0
9 2256 rs10962619 16815861 1 5.874344649549803e-4 16815861 16815861 0
9 8405 rs2437819 107699196 2 -5.868500222514915e-4 107699196 107699196 0
9 7660 rs2295932 101634716 1 -5.852534483210571e-4 101634716 101634716 0
9 1832 rs11791497 12687872 1 5.829386659374442e-4 12687872 12687872 0
9 229 rs10756623 1499001 1 5.773998494335199e-4 1499001 1499001 0
9 9411 rs943617 114937852 1 -5.770063681231386e-4 114937852 114937852 0
9 8463 rs227887 108043636 1 -5.760935568016578e-4 108043636 108043636 0
9 8719 rs7026539 110707964 1 5.760170610031464e-4 110707964 110707964 0
9 419 rs10966854 2541567 1 -5.749864748389128e-4 2541567 2541567 0
9 9691 rs2145929 117581940 1 5.74032830901316e-4 117581940 117581940 0
9 8894 rs1333344 111776224 1 5.738491989993275e-4 111776224 111776224 0
9 8478 rs28503319 108234207 1 -5.699683982640831e-4 108234207 108234207 0
9 4283 rs3829078 35679251 1 -5.621061607508571e-4 35679251 35679251 0
9 8107 rs1539027 105788374 1 -5.620706966472767e-4 105788374 105788374 0
9 4452 rs7026841 37628858 1 -5.618394228989815e-4 37628858 37628858 0
9 10700 rs4837005 127765978 1 5.602231439186236e-4 127765978 127765978 0
9 2711 rs7021788 20295863 1 5.57404803673512e-4 20295863 20295863 0
9 2445 rs7862129 18290410 2 5.571021221420803e-4 18290410 18290410 0
9 9005 rs1358913 112441911 1 -5.562957262095219e-4 112441911 112441911 0
9 3896 rs7873017 30306790 1 5.519067649094577e-4 30306790 30306790 0
9 9463 rs991897 115662468 1 -5.511897723769006e-4 115662468 115662468 0
9 6056 rs11139579 85101768 1 -5.488508035275659e-4 85101768 85101768 0
9 786 rs4740820 5610381 1 5.486665276222269e-4 5610381 5610381 0
9 9826 rs2900601 118314667 1 -5.465814922587224e-4 118314667 118314667 0
9 5578 rs9314866 80717949 2 -5.458571767077484e-4 80717949 80717949 0
9 5162 rs10869292 76480444 1 -5.458402459210353e-4 76480444 76480444 0
9 3123 rs1888109 24539632 1 -5.448890880970922e-4 24539632 24539632 0
9 7720 rs1962051 102669877 1 5.422871776776021e-4 102669877 102669877 0
9 8574 rs7873699 109274388 1 5.348393302220284e-4 109274388 109274388 0
9 5546 rs990000 80086534 1 5.332898454351962e-4 80086534 80086534 0
9 2800 rs1016129 21122681 1 5.325918212046115e-4 21122681 21122681 0
9 11195 rs11243755 135257703 1 5.314572114632592e-4 135257703 135257703 0
9 2447 rs7865006 18294429 2 -5.31385383338627e-4 18294429 18294429 0
9 1388 rs1174581 9763352 1 -5.304176710773761e-4 9763352 9763352 0
9 1998 rs1556032 14446001 1 -5.303098912045362e-4 14446001 14446001 0
9 7371 rs10991208 98425628 1 -5.287438330846344e-4 98425628 98425628 0
9 7118 rs10992420 95450808 1 5.276187442204928e-4 95450808 95450808 0
9 11368 rs4994332 137117194 1 -5.229601256513499e-4 137117194 137117194 0
9 4144 rs7022959 33420204 1 5.22001827292161e-4 33420204 33420204 0
9 9803 rs12341727 118244107 1 5.196024213151354e-4 118244107 118244107 0
9 10434 rs7858071 124572031 1 5.190360694828489e-4 124572031 124572031 0
9 11337 rs511293 136577094 1 -5.180186609794456e-4 136577094 136577094 0
9 2515 rs7043157 18751638 1 5.17840755673883e-4 18751638 18751638 0
9 8720 rs10521087 110709587 1 5.174687631420696e-4 110709587 110709587 0
9 9693 rs2006996 117592638 2 -5.151442312723833e-4 117592638 117592638 0
9 10635 rs7867375 126828640 1 -5.144225112062905e-4 126828640 126828640 0
9 620 rs732957 4219259 1 -5.128764973659856e-4 4219259 4219259 0
9 11431 rs11790742 138007995 2 -5.09402035206585e-4 138007995 138007995 0
9 3335 rs10812443 26681499 1 5.066400442622093e-4 26681499 26681499 0
9 5967 rs7867933 83850716 1 5.039154998831022e-4 83850716 83850716 0
9 11321 rs10821577 136460220 1 4.959823191926424e-4 136460220 136460220 0
9 2470 rs4961644 18395376 1 4.957757681004857e-4 18395376 18395376 0
9 3324 rs10511787 26582312 1 4.940425123320499e-4 26582312 26582312 0
9 10959 rs7048616 131996947 2 4.931175374442202e-4 131996947 131996947 0
9 8259 rs1507511 107045058 1 4.927749630686238e-4 107045058 107045058 0
9 3937 rs10813381 30918764 1 4.92313215012519e-4 30918764 30918764 0
9 6599 rs4877370 90328478 1 4.923080481512828e-4 90328478 90328478 0
9 4531 rs4394481 38456840 2 -4.920543843111273e-4 38456840 38456840 0
9 6719 rs11137533 91805113 2 4.887794917530257e-4 91805113 91805113 0
9 6949 rs296614 93837417 1 -4.871178225768112e-4 93837417 93837417 0
9 7576 rs7854249 100975694 2 4.868866850963217e-4 100975694 100975694 0
9 5823 rs1857469 83065765 1 -4.852315472927025e-4 83065765 83065765 0
9 963 rs2820914 7195408 1 4.8296010414559454e-4 7195408 7195408 0
9 5614 rs10780236 81064328 1 -4.786012206261037e-4 81064328 81064328 0
9 9076 rs2301241 113019508 1 -4.769661944287274e-4 113019508 113019508 0
9 1883 rs10961109 13526525 1 -4.769171476910657e-4 13526525 13526525 0
9 4345 rs10758344 36110806 1 -4.729724362294122e-4 36110806 36110806 0
9 5443 rs700802 79234712 1 4.7132697415044525e-4 79234712 79234712 0
9 10662 rs7851784 126981390 1 -4.683366938179003e-4 126981390 126981390 0
9 1986 rs10961450 14247488 1 4.678214586313699e-4 14247488 14247488 0
9 5768 rs11138524 82773990 1 -4.670515875274392e-4 82773990 82773990 0
9 10905 rs41421145 130612459 1 4.6437354979562176e-4 130612459 130612459 0
9 3226 rs17290832 25751461 1 4.6104994994925223e-4 25751461 25751461 0
9 7316 rs1530331 97620602 1 4.609432527621436e-4 97620602 97620602 0
9 8954 rs17793718 112199506 1 4.56147032666017e-4 112199506 112199506 0
9 6736 rs4078338 92047433 1 4.5507051002467486e-4 92047433 92047433 0
9 312 rs1112534 2032845 1 -4.530594153647911e-4 2032845 2032845 0
9 2895 rs1333034 22044122 1 -4.505877972121712e-4 22044122 22044122 0
9 5608 rs3010744 80981110 1 -4.4819307211736747e-4 80981110 80981110 0
9 4039 rs10813789 32305110 1 -4.4694444197164034e-4 32305110 32305110 0
9 5396 rs2842483 78906150 1 4.465245014355722e-4 78906150 78906150 0
9 4083 rs6476369 32555049 1 -4.4596961528288616e-4 32555049 32555049 0
9 2048 rs17216147 14678017 1 -4.457595003839885e-4 14678017 14678017 0
9 1376 rs4391483 9711904 1 -4.4527249455069974e-4 9711904 9711904 0
9 7691 rs431892 102056057 1 -4.423605642660092e-4 102056057 102056057 0
9 10491 rs1329954 125274730 1 -4.398673607007874e-4 125274730 125274730 0
9 685 rs45463394 4625415 2 4.337915138392742e-4 4625415 4625415 0
9 11201 rs7037570 135296341 1 4.321910442277936e-4 135296341 135296341 0
9 5612 rs7019259 81038220 1 -4.318545013008845e-4 81038220 81038220 0
9 11405 rs7851696 137779091 1 -4.2844438746282327e-4 137779091 137779091 0
9 3842 rs10813179 29847350 1 -4.284032585725872e-4 29847350 29847350 0
9 9771 rs11787534 118087739 1 -4.271290206063195e-4 118087739 118087739 0
9 11477 rs1556417 138672652 1 -4.255759241893294e-4 138672652 138672652 0
9 5640 rs6559402 81331339 1 4.248860725468916e-4 81331339 81331339 0
9 7766 rs1936641 103405197 1 4.232239393963319e-4 103405197 103405197 0
9 3084 rs17551174 23817548 1 -4.212887833289374e-4 23817548 23817548 0
9 7852 rs61755096 104125056 1 -4.19814088413787e-4 104125056 104125056 0
9 2912 rs10757288 22159416 1 4.1891828941984215e-4 22159416 22159416 0
9 3699 rs10757817 29192125 1 -4.188875862076154e-4 29192125 29192125 0
9 3152 rs13286283 25029338 1 -4.175609100114804e-4 25029338 25029338 0
9 1899 rs1590408 13600898 2 -4.164884117357407e-4 13600898 13600898 0
9 4029 rs10970826 32176938 1 4.1218278317365216e-4 32176938 32176938 0
9 1042 rs10117858 7561756 1 -4.0390492346338146e-4 7561756 7561756 0
9 4866 rs1028879 73406551 1 4.02187548635446e-4 73406551 73406551 0
9 8571 rs12338993 109260333 1 -4.002660383279727e-4 109260333 109260333 0
9 5464 rs3739523 79319874 1 -3.992375691492582e-4 79319874 79319874 0
9 6674 rs1857496 91368043 1 -3.971114070316557e-4 91368043 91368043 0
9 3262 rs7035912 26125099 1 3.9587090657571266e-4 26125099 26125099 0
9 4691 rs2781540 72089820 1 -3.9583586433096014e-4 72089820 72089820 0
9 1977 rs2382454 14196340 2 -3.9476171164256105e-4 14196340 14196340 0
9 2499 rs6475232 18580905 1 3.946949886054336e-4 18580905 18580905 0
9 782 rs16923195 5512522 1 -3.937452454984188e-4 5512522 5512522 0
9 3840 rs2152203 29835397 1 -3.931965752755525e-4 29835397 29835397 0
9 4688 rs1631780 72080464 2 3.9316773721234183e-4 72080464 72080464 0
9 2806 rs7863385 21335404 1 -3.923270616848656e-4 21335404 21335404 0
9 2158 rs2987082 16012936 1 3.914260902241187e-4 16012936 16012936 0
9 8928 rs1879069 111991700 1 3.9120005284959576e-4 111991700 111991700 0
9 4333 rs7871017 36023347 1 3.899468750675237e-4 36023347 36023347 0
9 1276 rs10977486 9096813 1 -3.861845233139864e-4 9096813 9096813 0
9 4744 rs7032845 72562231 1 3.849343988766992e-4 72562231 72562231 0
9 2026 rs10961571 14557806 1 -3.847517705255518e-4 14557806 14557806 0
9 9375 rs10125129 114703215 1 3.8248700893295094e-4 114703215 114703215 0
9 9469 rs10817407 115684234 1 3.822844960290355e-4 115684234 115684234 0
9 3232 rs1220081 25792486 1 -3.783971753972265e-4 25792486 25792486 0
9 6101 rs11139868 85527035 1 -3.758903612244021e-4 85527035 85527035 0
9 8073 rs4237207 105589637 1 3.753407271547965e-4 105589637 105589637 0
9 10911 rs10819341 130808444 1 3.725265142437731e-4 130808444 130808444 0
9 11395 rs3811159 137688657 1 -3.720389396510332e-4 137688657 137688657 0
9 8263 rs867977 107056847 1 3.712586725814203e-4 107056847 107056847 0
9 6159 rs10123088 85930972 1 3.7026063954313614e-4 85930972 85930972 0
9 308 rs10964314 1994144 1 -3.677606382254285e-4 1994144 1994144 0
9 482 rs2376770 3034077 1 3.672153159804543e-4 3034077 3034077 0
9 4196 rs11793196 34500821 1 -3.650713866799759e-4 34500821 34500821 0
9 9425 rs1537055 115171986 2 -3.649333943246196e-4 115171986 115171986 0
9 349 rs1324208 2282951 1 -3.64895927237592e-4 2282951 2282951 0
9 10151 rs2722866 120839644 1 3.6487766423843216e-4 120839644 120839644 0
9 2849 rs2210779 21721615 1 -3.615791911421364e-4 21721615 21721615 0
9 6846 rs7048728 93104329 1 -3.6150966293278856e-4 93104329 93104329 0
9 9694 rs11554257 117605070 1 3.6119772503029405e-4 117605070 117605070 0
9 10755 rs12552226 128858795 1 -3.603059428541024e-4 128858795 128858795 0
9 785 rs7854413 5557708 1 -3.572879033909175e-4 5557708 5557708 0
9 10521 rs72751258 125330240 1 -3.5714471118766117e-4 125330240 125330240 0
9 4656 rs10867357 71939431 1 -3.5697312744367097e-4 71939431 71939431 0
9 9338 rs10981018 114461077 1 3.5363239061140064e-4 114461077 114461077 0
9 10316 rs10818415 122771568 1 -3.530596983546846e-4 122771568 122771568 0
9 5414 rs2501925 79003413 1 -3.5296899708126597e-4 79003413 79003413 0
9 9067 rs4978881 112947936 2 -3.510670011588622e-4 112947936 112947936 0
9 7010 rs1319000 94370675 1 -3.509544070403914e-4 94370675 94370675 0
9 3754 rs7856020 29445609 1 -3.499523196872201e-4 29445609 29445609 0
9 9357 rs12376643 114612458 1 3.4961744596800605e-4 114612458 114612458 0
9 8881 rs4978745 111623052 2 -3.447253863501896e-4 111623052 111623052 0
9 4666 rs7866250 71994522 2 -3.446848739474899e-4 71994522 71994522 0
9 1947 rs10961300 13921272 1 3.4232593008008e-4 13921272 13921272 0
9 7104 rs7848472 95197471 1 3.419310734711162e-4 95197471 95197471 0
9 1182 rs1392521 8379313 1 -3.4188606910378054e-4 8379313 8379313 0
9 5772 rs7863707 82782923 1 -3.412712899837787e-4 82782923 82782923 0
9 10406 rs3747846 124118776 1 3.403504509899895e-4 124118776 124118776 0
9 3626 rs7046685 28659143 1 3.403067556446857e-4 28659143 28659143 0
9 6729 rs6559350 92010796 1 3.391877210726905e-4 92010796 92010796 0
9 6529 rs10512182 89849237 1 3.381010418740299e-4 89849237 89849237 0
9 9103 rs2281937 113169126 1 -3.338391202339692e-4 113169126 113169126 0
9 5105 rs348460 75534760 2 3.319924476160214e-4 75534760 75534760 0
9 6800 rs7848094 92876060 1 -3.308004051392972e-4 92876060 92876060 0
9 8512 rs6477477 108632678 1 3.307242293729697e-4 108632678 108632678 0
9 398 rs4741720 2508256 1 -3.3042228334314406e-4 2508256 2508256 0
9 7722 rs10125981 102695308 1 -3.288144985505575e-4 102695308 102695308 0
9 3555 rs991849 28198623 1 -3.269267844638088e-4 28198623 28198623 0
9 2611 rs10811184 19438279 2 3.26088833961442e-4 19438279 19438279 0
9 1047 rs7867163 7633155 1 -3.2581035942146096e-4 7633155 7633155 0
9 38 rs1980876 318153 2 3.2551742928707105e-4 318153 318153 0
9 11078 rs45628035 133901752 1 3.242757083266353e-4 133901752 133901752 0
9 5681 rs11138074 81729460 1 -3.229703311037399e-4 81729460 81729460 0
9 2198 rs12686344 16324236 1 3.2194500167801333e-4 16324236 16324236 0
9 7230 rs11789015 96716028 1 -3.208700663567262e-4 96716028 96716028 0
9 8688 rs2049366 110454145 1 3.2057142626800474e-4 110454145 110454145 0
9 10262 rs10760028 121984673 1 -3.2017463417186926e-4 121984673 121984673 0
9 6704 rs7855350 91666487 2 -3.1811318476160496e-4 91666487 91666487 0
9 3563 rs4604546 28215694 1 3.143855958191694e-4 28215694 28215694 0
9 6551 rs4878057 89936504 1 3.1399664909462384e-4 89936504 89936504 0
9 4149 rs10813978 33436471 2 3.1239726046014657e-4 33436471 33436471 0
9 216 rs7871293 1354036 2 3.120704328151095e-4 1354036 1354036 0
9 4344 rs11788747 36105264 1 -3.118068839585883e-4 36105264 36105264 0
9 4212 rs11575584 34661994 1 -3.112041213104689e-4 34661994 34661994 0
9 11036 rs928518 133318751 1 3.1114377875087195e-4 133318751 133318751 0
9 5584 rs10870056 80767173 1 3.1113720906862717e-4 80767173 80767173 0
9 7719 rs10819700 102635520 1 -3.0982288061392484e-4 102635520 102635520 0
9 9335 rs16916293 114447531 1 3.0769223887424605e-4 114447531 114447531 0
9 4517 rs1555480 38386351 2 -3.0651426793518025e-4 38386351 38386351 0
9 8580 rs7024815 109339950 1 3.063389297036259e-4 109339950 109339950 0
9 7685 rs10819641 101936231 1 -3.0590793436295675e-4 101936231 101936231 0
9 9467 rs1925081 115678033 1 -3.053781858320131e-4 115678033 115678033 0
9 5969 rs4484778 83858558 1 -3.051253368877916e-4 83858558 83858558 0
9 4409 rs7047479 37179379 1 -3.037796455000569e-4 37179379 37179379 0
9 779 rs11790653 5484418 2 -3.021754245680072e-4 5484418 5484418 0
9 8079 rs4743599 105611957 1 3.012949677607726e-4 105611957 105611957 0
9 806 rs9299022 5854323 1 2.9997674213155e-4 5854323 5854323 0
9 904 rs17501756 6684955 1 2.9914573182834327e-4 6684955 6684955 0
9 9321 rs7875749 114387135 1 -2.9896516897471e-4 114387135 114387135 0
9 3989 rs10970427 31573759 2 2.979200829763178e-4 31573759 31573759 0
9 2021 rs7850989 14541236 1 -2.929843316248253e-4 14541236 14541236 0
9 10703 rs12352758 127789443 1 2.929442148176645e-4 127789443 127789443 0
9 8356 rs4149308 107589630 1 -2.9253268571137876e-4 107589630 107589630 0
9 5348 rs4504704 78567264 1 -2.9221121524969585e-4 78567264 78567264 0
9 10537 rs4838002 125381853 1 -2.9062187242209135e-4 125381853 125381853 0
9 445 rs3780181 2640759 1 -2.896905095863296e-4 2640759 2640759 0
9 6718 rs11790253 91803665 1 -2.8820245689906225e-4 91803665 91803665 0
9 6694 rs4570242 91587228 2 -2.8688714765148055e-4 91587228 91587228 0
9 1230 rs10125358 8694330 1 2.864129059133264e-4 8694330 8694330 0
9 3079 rs1653081 23790800 1 2.854156178732308e-4 23790800 23790800 0
9 9867 rs1314016 118817903 1 2.850079140989528e-4 118817903 118817903 0
9 1244 rs10815967 8829390 1 -2.8280296157985125e-4 8829390 8829390 0
9 8873 rs1539028 111608280 1 -2.82611314888724e-4 111608280 111608280 0
9 8297 rs41277753 107288995 2 2.8181930921469464e-4 107288995 107288995 0
9 7802 rs607449 103717654 1 -2.794243860674436e-4 103717654 103717654 0
9 8343 rs4149341 107544285 2 -2.77340071120916e-4 107544285 107544285 0
9 10255 rs230089 121956076 1 -2.758196739257951e-4 121956076 121956076 0
9 4631 rs5006364 71765617 1 -2.753931205446524e-4 71765617 71765617 0
9 6561 rs2314 90036219 1 2.687419661916273e-4 90036219 90036219 0
9 3198 rs10966934 25496361 1 -2.6809979583681723e-4 25496361 25496361 0
9 6414 rs7018466 88477869 1 -2.6725339888221264e-4 88477869 88477869 0
9 6516 rs278669 89800215 1 2.6700731394695154e-4 89800215 89800215 0
9 2558 rs2082582 18896061 1 -2.6498748933286714e-4 18896061 18896061 0
9 9990 rs10983506 119835790 1 2.647412694844825e-4 119835790 119835790 0
9 4745 rs1493048 72562779 1 2.640604379239913e-4 72562779 72562779 0
9 5573 rs10781468 80500405 2 2.613846122650639e-4 80500405 80500405 0
9 7236 rs10116746 96795797 1 -2.6125719150425184e-4 96795797 96795797 0
9 6596 rs3793647 90318855 1 -2.603830522794292e-4 90318855 90318855 0
9 2098 rs1407977 15188106 1 -2.5848056747964715e-4 15188106 15188106 0
9 11189 rs3739922 135203530 1 2.5843121755623913e-4 135203530 135203530 0
9 3720 rs12378755 29318695 1 2.5702476282169184e-4 29318695 29318695 0
9 7569 rs3780454 100964470 1 2.5661553630826697e-4 100964470 100964470 0
9 7548 rs7040232 100664194 1 2.516867248224992e-4 100664194 100664194 0
9 7350 rs1932075 98360116 1 -2.4940660899438593e-4 98360116 98360116 0
9 1147 rs1339287 8233804 1 2.479277666034817e-4 8233804 8233804 0
9 1039 rs12348699 7542487 1 2.4567159629298904e-4 7542487 7542487 0
9 2957 rs4313236 22610531 1 2.445227736086483e-4 22610531 22610531 0
9 11042 rs2991274 133387709 1 2.4442219693726126e-4 133387709 133387709 0
9 7553 rs3780420 100677166 1 -2.4425506589906065e-4 100677166 100677166 0
9 841 rs13296741 6187395 1 2.3998497889689692e-4 6187395 6187395 0
9 10914 rs3814526 130910687 1 -2.398284789320216e-4 130910687 130910687 0
9 6169 rs3860918 86038298 1 2.3982136473943137e-4 86038298 86038298 0
9 1840 rs1041174 12763001 2 -2.385444659504779e-4 12763001 12763001 0
9 6705 rs2297313 91669362 2 2.377970170939051e-4 91669362 91669362 0
9 6479 rs11141567 89443078 1 -2.368955397871939e-4 89443078 89443078 0
9 6991 rs7035655 94260376 1 -2.3486668083716472e-4 94260376 94260376 0
9 6507 rs7863730 89711103 1 2.3205382681700104e-4 89711103 89711103 0
9 5441 rs7865529 79230108 1 2.3057353677698983e-4 79230108 79230108 0
9 11420 rs10124926 137883639 1 2.2971074558549424e-4 137883639 137883639 0
9 9449 rs10733595 115572073 1 -2.2923210943147983e-4 115572073 115572073 0
9 506 rs2991292 3290569 1 -2.2769541869205909e-4 3290569 3290569 0
9 9256 rs1330273 113886074 1 -2.2748456556364335e-4 113886074 113886074 0
9 1506 rs16925740 10293792 1 2.266684601728053e-4 10293792 10293792 0
9 5861 rs6559559 83198003 1 -2.2333747563131997e-4 83198003 83198003 0
9 4931 rs17056359 73767864 1 2.22619365447751e-4 73767864 73767864 0
9 9482 rs12115536 115905850 1 2.2179756525741835e-4 115905850 115905850 0
9 2034 rs1343705 14610866 1 2.2150740143650656e-4 14610866 14610866 0
9 11220 rs35140383 135522272 1 -2.2051396041619935e-4 135522272 135522272 0
9 11186 rs12343347 135192063 1 2.2005463408075672e-4 135192063 135192063 0
9 7327 rs10993446 97759920 1 -2.1923895418587597e-4 97759920 97759920 0
9 5159 rs2171659 76343174 1 2.1884233000601903e-4 76343174 76343174 0
9 7591 rs10985680 101034477 1 2.1670465678262776e-4 101034477 101034477 0
9 2629 rs2208557 19661935 1 2.1651782674930096e-4 19661935 19661935 0
9 2607 rs10757055 19406107 1 2.1589269220071577e-4 19406107 19406107 0
9 11350 rs2810472 136760639 1 2.157463030753802e-4 136760639 136760639 0
9 9396 rs10981230 114811564 1 -2.1562473752072015e-4 114811564 114811564 0
9 7590 rs10818692 101026301 1 2.1490896159531017e-4 101026301 101026301 0
9 9586 rs7852787 116680454 2 2.1195251252149777e-4 116680454 116680454 0
9 1801 rs1041102 12513587 1 2.1045128454868608e-4 12513587 12513587 0
9 11128 rs4740282 134440917 1 -2.0805289870773623e-4 134440917 134440917 0
9 11523 rs4880201 139995065 1 2.0767934794496215e-4 139995065 139995065 0
9 10021 rs10465132 120007625 1 2.074389938431084e-4 120007625 120007625 0
9 10961 rs1556146 132022478 1 -2.070016689651887e-4 132022478 132022478 0
9 10004 rs10759904 119913492 1 2.067195236598644e-4 119913492 119913492 0
9 9374 rs16916456 114672865 1 2.0557460801677363e-4 114672865 114672865 0
9 2091 rs1936718 15078522 1 -2.0549425807720825e-4 15078522 15078522 0
9 2568 rs12115446 18952553 1 -2.038906492003257e-4 18952553 18952553 0
9 463 rs2270891 2828742 1 -2.0376435381278045e-4 2828742 2828742 0
9 894 rs12552514 6665593 1 -2.034239092207764e-4 6665593 6665593 0
9 5610 rs10867192 81013826 1 -2.0279490464118817e-4 81013826 81013826 0
9 4114 rs1888871 32886639 1 2.02633203273266e-4 32886639 32886639 0
9 3698 rs10968988 29166390 1 -2.0187036155226143e-4 29166390 29166390 0
9 11059 rs10901226 133483217 2 2.0116677476918264e-4 133483217 133483217 0
9 2619 rs4977548 19526712 1 2.0083759243262508e-4 19526712 19526712 0
9 3905 rs3853275 30443903 1 -1.9913733293094329e-4 30443903 30443903 0
9 9695 rs2093403 117611913 1 1.9822438088853137e-4 117611913 117611913 0
9 1692 rs10429595 11775361 2 1.975704060451532e-4 11775361 11775361 0
9 3060 rs17698074 23569870 1 1.9655138550833e-4 23569870 23569870 0
9 544 rs10973736 3838888 1 -1.9563334641706475e-4 3838888 3838888 0
9 2633 rs7862478 19698751 1 1.95627577406936e-4 19698751 19698751 0
9 7428 rs10760787 98888628 1 1.9535230919796048e-4 98888628 98888628 0
9 11044 rs598208 133393510 1 -1.9487566443770376e-4 133393510 133393510 0
9 4138 rs831270 33272424 1 1.9487000620014127e-4 33272424 33272424 0
9 9917 rs7870984 119482114 1 -1.931466218211985e-4 119482114 119482114 0
9 2927 rs655497 22446828 1 -1.9255425048712028e-4 22446828 22446828 0
9 51 rs751352 370439 1 -1.910985937361586e-4 370439 370439 0
9 11180 rs1056899 135139901 1 -1.9070555803891873e-4 135139901 135139901 0
9 6198 rs2811913 86253482 1 1.904636895249366e-4 86253482 86253482 0
9 5518 rs11793898 79706284 1 1.8951406720862804e-4 79706284 79706284 0
9 852 rs7037276 6247430 1 -1.887251935738529e-4 6247430 6247430 0
9 8064 rs10990317 105546493 1 1.886636767254977e-4 105546493 105546493 0
9 1030 rs1986733 7505902 2 -1.8735320852358403e-4 7505902 7505902 0
9 8039 rs4237203 105258037 1 -1.8671483174635377e-4 105258037 105258037 0
9 5798 rs11138606 82938321 1 1.8579575495960017e-4 82938321 82938321 0
9 8896 rs562982 111840500 2 1.8439893602067e-4 111840500 111840500 0
9 11111 rs11243403 134351343 1 1.834386101352506e-4 134351343 134351343 0
9 599 rs10814856 4175324 1 -1.829587657173224e-4 4175324 4175324 0
9 453 rs7034098 2699606 1 1.8078649669132183e-4 2699606 2699606 0
9 1051 rs10976481 7662198 1 -1.8075407131541436e-4 7662198 7662198 0
9 10944 rs7849270 131874641 1 1.8019846631532572e-4 131874641 131874641 0
9 6700 rs3812501 91624397 2 1.7970135537141434e-4 91624397 91624397 0
9 9639 rs41278657 117124785 1 1.7718983272050053e-4 117124785 117124785 0
9 10170 rs1327797 120967585 1 -1.7616432565629035e-4 120967585 120967585 0
9 10910 rs10819333 130777468 2 1.7571543430783504e-4 130777468 130777468 0
9 536 rs4626661 3755135 1 -1.7279277383965035e-4 3755135 3755135 0
9 10534 rs972925 125377087 1 -1.6986332641242606e-4 125377087 125377087 0
9 820 rs1478938 5931216 2 1.6779771246517e-4 5931216 5931216 0
9 8362 rs2297400 107599481 1 1.6755165034939003e-4 107599481 107599481 0
9 11019 rs887535 132963129 1 -1.6743020236935046e-4 132963129 132963129 0
9 1896 rs10961157 13590687 1 -1.6721430519167995e-4 13590687 13590687 0
9 934 rs1323402 7038574 1 1.6662661381868396e-4 7038574 7038574 0
9 6025 rs13287994 84370124 1 -1.653536795585605e-4 84370124 84370124 0
9 3191 rs13300284 25452812 1 1.6395643801260282e-4 25452812 25452812 0
9 3906 rs10757953 30447342 1 -1.631830435054481e-4 30447342 30447342 0
9 1223 rs9792461 8603606 1 -1.6312784354151046e-4 8603606 8603606 0
9 7598 rs10985825 101072843 2 1.6247714077233163e-4 101072843 101072843 0
9 4369 rs9298973 36888975 1 -1.6062520210845504e-4 36888975 36888975 0
9 11393 rs7855580 137661911 2 -1.596637424886283e-4 137661911 137661911 0
9 7431 rs4743598 98918433 1 -1.592121372166744e-4 98918433 98918433 0
9 6616 rs6560041 90495370 2 1.5620719164335093e-4 90495370 90495370 0
9 4537 rs11790597 38646995 1 1.5594527539801909e-4 38646995 38646995 0
9 804 rs7861988 5820878 2 -1.5191796011308404e-4 5820878 5820878 0
9 10711 rs10760392 127872298 1 1.509135265339123e-4 127872298 127872298 0
9 3381 rs41272237 26995787 1 -1.50857040361493e-4 26995787 26995787 0
9 10984 rs1228439 132352178 2 1.5054707972377154e-4 132352178 132352178 0
9 5545 rs3824405 80076442 1 1.4935398640023538e-4 80076442 80076442 0
9 11166 rs10901112 134789096 1 -1.4842001022048447e-4 134789096 134789096 0
9 966 rs2770765 7205742 1 1.479388051747192e-4 7205742 7205742 0
9 2295 rs411167 17130360 1 -1.473658595501041e-4 17130360 17130360 0
9 10430 rs7040850 124457949 1 1.4675617423342955e-4 124457949 124457949 0
9 8510 rs10739214 108620961 1 1.464145483677983e-4 108620961 108620961 0
9 10056 rs12342331 120278531 1 1.4566754131126793e-4 120278531 120278531 0
9 11299 rs630014 136149722 1 -1.4500915365353557e-4 136149722 136149722 0
9 4639 rs2275431 71850853 1 1.4419932254340992e-4 71850853 71850853 0
9 9245 rs3739707 113792706 2 1.424799549800671e-4 113792706 113792706 0
9 2983 rs593909 22730877 1 1.4218504766776716e-4 22730877 22730877 0
9 237 rs7856537 1521178 1 -1.4197868836453732e-4 1521178 1521178 0
9 3024 rs1934115 23103266 2 1.417251235322714e-4 23103266 23103266 0
9 698 rs2039300 4725823 1 -1.416350685356841e-4 4725823 4725823 0
9 9471 rs2104391 115745240 2 -1.394789766070326e-4 115745240 115745240 0
9 5259 rs1327377 78012662 1 1.3902026254404372e-4 78012662 78012662 0
9 1554 rs7040199 10642041 1 -1.3847901731158473e-4 10642041 10642041 0
9 3518 rs10968243 27974789 1 1.3712729343198568e-4 27974789 27974789 0
9 5116 rs1342020 75719701 1 -1.3708238134379206e-4 75719701 75719701 0
9 8553 rs2090409 108967088 1 -1.3701707900564655e-4 108967088 108967088 0
9 10551 rs1329951 125391917 1 -1.355149548719474e-4 125391917 125391917 0
9 10664 rs953470 126984382 1 -1.353444706527381e-4 126984382 126984382 0
9 5941 rs1183060 83659719 1 -1.3502394001576123e-4 83659719 83659719 0
9 1108 rs1322473 7979832 1 1.3394313556650328e-4 7979832 7979832 0
9 8687 rs1403856 110452511 1 1.3291817084115306e-4 110452511 110452511 0
9 6298 rs11140676 87190178 1 1.327143237656408e-4 87190178 87190178 0
9 3150 rs7021001 24979796 1 1.3205678986994137e-4 24979796 24979796 0
9 11158 rs3012755 134680532 1 -1.319399841869185e-4 134680532 134680532 0
9 10100 rs4986791 120475602 1 1.3135284635607358e-4 120475602 120475602 0
9 952 rs7849812 7094860 1 1.308205884519336e-4 7094860 7094860 0
9 4030 rs1556395 32203380 1 1.3080779634787323e-4 32203380 32203380 0
9 7481 rs2255139 100041876 1 1.307519347963602e-4 100041876 100041876 0
9 1093 rs1535480 7925381 1 -1.3022075070008988e-4 7925381 7925381 0
9 7440 rs912465 98958949 1 1.301071807666842e-4 98958949 98958949 0
9 10007 rs6478282 119925095 1 1.2752241849399616e-4 119925095 119925095 0
9 2354 rs2209440 17736342 1 1.2704538957029887e-4 17736342 17736342 0
9 1875 rs7045485 13393739 1 1.2663102539283154e-4 13393739 13393739 0
9 7630 rs10819072 101361584 1 1.262606366321621e-4 101361584 101361584 0
9 8494 rs10733555 108471563 1 1.2549631416257503e-4 108471563 108471563 0
9 10070 rs10983708 120360094 1 -1.2298006118676553e-4 120360094 120360094 0
9 10318 rs2002821 122776605 1 1.227843741986056e-4 122776605 122776605 0
9 289 rs10962824 1711307 1 1.2210904366101604e-4 1711307 1711307 0
9 11182 rs17148873 135152439 1 -1.2196904248206651e-4 135152439 135152439 0
9 2779 rs1112165 21018574 1 1.2190877396430566e-4 21018574 21018574 0
9 6057 rs1330823 85103465 2 -1.2184302178821776e-4 85103465 85103465 0
9 11390 rs138579182 137593099 1 1.2062027052953688e-4 137593099 137593099 0
9 6515 rs76452933 89771569 1 1.2012022668030512e-4 89771569 89771569 0
9 2604 rs10119465 19376144 2 -1.184964210342344e-4 19376144 19376144 0
9 5745 rs7858845 82463358 1 -1.1847591781872908e-4 82463358 82463358 0
9 11345 rs12337328 136681696 1 -1.1737040463076015e-4 136681696 136681696 0
9 9339 rs7036568 114468966 1 1.1673459130239202e-4 114468966 114468966 0
9 9863 rs7469847 118738595 2 -1.151803315786847e-4 118738595 118738595 0
9 221 rs16928755 1416909 1 -1.1500758665143844e-4 1416909 1416909 0
9 5421 rs10116800 79034262 1 -1.148171412777215e-4 79034262 79034262 0
9 6819 rs11792210 93029282 1 1.1463231462960004e-4 93029282 93029282 0
9 8644 rs1001440 109940930 1 1.1434478441898216e-4 109940930 109940930 0
9 6944 rs7865547 93736643 1 -1.143009987855586e-4 93736643 93736643 0
9 676 rs4742006 4559024 1 -1.1420303314211492e-4 4559024 4559024 0
9 3377 rs10812505 26978170 1 1.1386390953568352e-4 26978170 26978170 0
9 2239 rs1337395 16669912 2 -1.1255293210077536e-4 16669912 16669912 0
9 4193 rs11547035 34459025 1 1.1150287060137122e-4 34459025 34459025 0
9 4647 rs1890639 71888601 1 -1.100666952611821e-4 71888601 71888601 0
9 3129 rs4977659 24733226 1 1.0976611684777276e-4 24733226 24733226 0
9 8361 rs2297399 107599390 1 1.0915098759755034e-4 107599390 107599390 0
9 7623 rs1167767 101328200 1 -1.0733159568757264e-4 101328200 101328200 0
9 2016 rs927969 14524438 1 1.0728975669160884e-4 14524438 14524438 0
9 10314 rs7872465 122763797 1 1.0727991249984756e-4 122763797 122763797 0
9 559 rs2380931 4038998 1 1.0643101217131224e-4 4038998 4038998 0
9 2176 rs1332488 16207279 1 1.0522955428595476e-4 16207279 16207279 0
9 7641 rs7865785 101427796 1 -1.0468722659246164e-4 101427796 101427796 0
9 3478 rs17769294 27561628 1 1.0186487318948267e-4 27561628 27561628 0
9 4421 rs308504 37370553 1 -1.0154575073934504e-4 37370553 37370553 0
9 5169 rs1388364 76693382 1 -9.985002790432807e-5 76693382 76693382 0
9 10833 rs7858544 129524753 1 9.898455925548884e-5 129524753 129524753 0
9 10587 rs10986064 126351423 2 9.8072381298334e-5 126351423 126351423 0
9 8981 rs10979926 112322071 1 9.731516208504284e-5 112322071 112322071 0
9 6228 rs2251760 86811147 1 -9.67099235203793e-5 86811147 86811147 0
9 4594 rs4745375 71513962 1 9.589554305001876e-5 71513962 71513962 0
9 6693 rs4294262 91575778 1 -9.475799066977492e-5 91575778 91575778 0
9 6393 rs1374507 88012713 1 -9.461663877924466e-5 88012713 88012713 0
9 10974 rs10118527 132162470 1 9.366370435410816e-5 132162470 132162470 0
9 7353 rs10120219 98364547 1 -9.356265425264782e-5 98364547 98364547 0
9 4956 rs11142792 73914256 1 -9.255674237046135e-5 73914256 73914256 0
9 4587 rs10869396 71450960 2 9.234931717382364e-5 71450960 71450960 0
9 6299 rs9886924 87201325 1 8.973616725549679e-5 87201325 87201325 0
9 2434 rs4424360 18214878 2 8.909046551317383e-5 18214878 18214878 0
9 7669 rs6478963 101708150 1 8.719659286524883e-5 101708150 101708150 0
9 9177 rs4498626 113463246 1 8.244834822004073e-5 113463246 113463246 0
9 288 rs7038689 1709649 1 8.214839748769928e-5 1709649 1709649 0
9 8602 rs4333673 109610456 1 8.185476029249454e-5 109610456 109610456 0
9 7071 rs7038397 94697108 1 7.991064357753032e-5 94697108 94697108 0
9 1816 rs12350416 12619787 1 -7.825045670862428e-5 12619787 12619787 0
9 346 rs7872273 2267871 1 7.69215197930982e-5 2267871 2267871 0
9 8140 rs10990652 106008694 1 -7.655912545848186e-5 106008694 106008694 0
9 1372 rs4742610 9687487 1 7.53160981305774e-5 9687487 9687487 0
9 3557 rs10511824 28205162 1 -7.527335596732099e-5 28205162 28205162 0
9 9619 rs12001466 116942796 1 -7.498729994690808e-5 116942796 116942796 0
9 10744 rs17268583 128779162 1 -7.474147381642945e-5 128779162 128779162 0
9 3243 rs844356 25971497 2 -7.390430708370375e-5 25971497 25971497 0
9 2725 rs7854782 20521543 1 -7.374980333727711e-5 20521543 20521543 0
9 6097 rs7875448 85495968 1 7.372548191768587e-5 85495968 85495968 0
9 6656 rs2482488 90821421 1 -7.315443583965435e-5 90821421 90821421 0
9 11389 rs7044529 137568051 1 -7.303380373025123e-5 137568051 137568051 0
9 8572 rs10978504 109273253 1 -7.259206855967711e-5 109273253 109273253 0
9 8698 rs7847467 110487829 1 7.201879251500912e-5 110487829 110487829 0
9 3130 rs10124916 24756027 1 7.172753968430682e-5 24756027 24756027 0
9 52 rs10973014 376538 1 7.128840921028997e-5 376538 376538 0
9 6001 rs10867762 84086002 1 7.108437177085827e-5 84086002 84086002 0
9 5639 rs13297134 81275274 1 -7.064456536975242e-5 81275274 81275274 0
9 1173 rs7032880 8337939 1 -7.05030840109884e-5 8337939 8337939 0
9 725 rs10815108 4905393 1 -7.007874334244112e-5 4905393 4905393 0
9 6779 rs10992338 92704074 1 -6.978366015651075e-5 92704074 92704074 0
9 7229 rs1057713 96714161 1 6.801509294741317e-5 96714161 96714161 0
9 5658 rs11137879 81476382 1 6.447303749438782e-5 81476382 81476382 0
9 6697 rs34075341 91616843 1 -6.428734270787985e-5 91616843 91616843 0
9 3387 rs10967701 27083814 1 6.343375756109899e-5 27083814 27083814 0
9 2591 rs16937415 19236489 2 -6.027844743730447e-5 19236489 19236489 0
9 7805 rs654414 103787416 1 5.9220088958757785e-5 103787416 103787416 0
9 1811 rs10809805 12607938 1 -5.9102993591291224e-5 12607938 12607938 0
9 7381 rs354271 98483660 1 5.707187948993393e-5 98483660 98483660 0
9 8483 rs12337780 108324930 1 -5.692510103669858e-5 108324930 108324930 0
9 5456 rs620321 79315400 1 -5.6685705992457275e-5 79315400 79315400 0
9 876 rs7860627 6473630 1 5.6568526510951846e-5 6473630 6473630 0
9 2697 rs1889245 20180613 2 5.5256476641389526e-5 20180613 20180613 0
9 11447 rs11103850 138270241 1 5.5164758307075446e-5 138270241 138270241 0
9 2101 rs693196 15202417 2 -5.5111600683236775e-5 15202417 15202417 0
9 3200 rs1360523 25499528 1 5.389976393744457e-5 25499528 25499528 0
9 244 rs1412255 1526304 1 5.378404949801125e-5 1526304 1526304 0
9 8423 rs328876 107787214 1 5.3474722767406265e-5 107787214 107787214 0
9 1028 rs7029335 7497932 1 5.331929350204963e-5 7497932 7497932 0
9 5059 rs7852729 75192049 1 5.20666920789453e-5 75192049 75192049 0
9 7423 rs10989076 98821185 1 5.1612263825144944e-5 98821185 98821185 0
9 371 rs1571840 2412296 1 -5.128831229844588e-5 2412296 2412296 0
9 4080 rs17857515 32542278 1 -5.0906106733800526e-5 32542278 32542278 0
9 3176 rs7862611 25359869 1 4.9936403679928085e-5 25359869 25359869 0
9 1855 rs790279 12848845 1 -4.880694460316096e-5 12848845 12848845 0
9 1592 rs7848707 10942628 1 4.808744967212483e-5 10942628 10942628 0
9 11391 rs3124300 137619862 1 4.7976846368127875e-5 137619862 137619862 0
9 9203 rs3780529 113561251 1 -4.796619393448797e-5 113561251 113561251 0
9 9923 rs10817931 119533257 1 -4.758674965151728e-5 119533257 119533257 0
9 1823 rs10435754 12657603 1 4.629015870634603e-5 12657603 12657603 0
9 4306 rs2890719 35903317 1 4.509656840534586e-5 35903317 35903317 0
9 6371 rs1927605 87877165 1 4.502583492616346e-5 87877165 87877165 0
9 7398 rs2149564 98607989 1 4.331906559362027e-5 98607989 98607989 0
9 8714 rs10119909 110649553 1 4.271184442405343e-5 110649553 110649553 0
9 11153 rs11243524 134653128 1 4.243881394468441e-5 134653128 134653128 0
9 5406 rs10781357 78958599 1 4.099429322889599e-5 78958599 78958599 0
9 1069 rs842297 7722331 1 4.016177748363556e-5 7722331 7722331 0
9 687 rs10815039 4630675 1 -3.969909996005018e-5 4630675 4630675 0
9 4815 rs963266 73094295 1 3.919663124347233e-5 73094295 73094295 0
9 6165 rs2277176 85964563 2 -3.788195699114879e-5 85964563 85964563 0
9 11001 rs7022657 132698515 1 3.771932398147805e-5 132698515 132698515 0
9 4683 rs7870154 72067786 1 -3.768857185682386e-5 72067786 72067786 0
9 9904 rs1358859 119350228 1 -3.705681118313528e-5 119350228 119350228 0
9 5825 rs12238292 83069568 1 -3.700833062089507e-5 83069568 83069568 0
9 895 rs820505 6669474 1 -3.656486236811946e-5 6669474 6669474 0
9 6200 rs9410586 86260234 1 3.634715196607192e-5 86260234 86260234 0
9 9622 rs2060129 116983847 1 3.572339486922382e-5 116983847 116983847 0
9 8671 rs4979136 110360883 1 3.524686494505999e-5 110360883 110360883 0
9 9584 rs10982000 116668012 2 3.5185970565569546e-5 116668012 116668012 0
9 11347 rs12344583 136723520 2 3.463821164032433e-5 136723520 136723520 0
9 10099 rs4986790 120475302 1 3.4107433095047134e-5 120475302 120475302 0
9 3254 rs10812346 26086274 1 3.348762198856003e-5 26086274 26086274 0
9 259 rs702188 1628468 1 3.291837774039616e-5 1628468 1628468 0
9 7943 rs7867903 104690092 1 -3.258966288848295e-5 104690092 104690092 0
9 755 rs7862502 5356333 1 -3.2576298589402526e-5 5356333 5356333 0
9 3002 rs12555613 22799213 1 -3.1648596605012035e-5 22799213 22799213 0
9 10059 rs1985317 120292334 2 3.156473832555205e-5 120292334 120292334 0
9 176 rs1396634 1094973 1 3.0816261784037106e-5 1094973 1094973 0
9 8834 rs13289732 111387462 1 3.0635419209417594e-5 111387462 111387462 0
9 769 rs1535453 5410624 1 3.0345930695408407e-5 5410624 5410624 0
9 627 rs7037716 4265363 2 -2.9770155822339984e-5 4265363 4265363 0
9 8513 rs7872318 108633515 1 2.8870951291237986e-5 108633515 108633515 0
9 364 rs4741690 2382247 2 2.873642185301654e-5 2382247 2382247 0
9 809 rs6477007 5857998 1 2.8723717533267624e-5 5857998 5857998 0
9 6789 rs535599 92773125 1 2.8645021595080143e-5 92773125 92773125 0
9 2121 rs498404 15347022 1 -2.6237442047221164e-5 15347022 15347022 0
9 1347 rs10217784 9487652 1 2.5754595152431845e-5 9487652 9487652 0
9 4351 rs117143733 36169894 1 2.4975743214841386e-5 36169894 36169894 0
9 5416 rs7035385 79019066 1 2.402661686721636e-5 79019066 79019066 0
9 5678 rs7871268 81680914 1 2.3728267087391043e-5 81680914 81680914 0
9 6699 rs2150611 91623709 1 2.3572527077431973e-5 91623709 91623709 0
9 197 rs10960773 1282293 1 -2.2999703164282773e-5 1282293 1282293 0
9 206 rs10809903 1319470 1 -2.299762603348525e-5 1319470 1319470 0
9 9594 rs12378906 116810204 1 2.285760607544915e-5 116810204 116810204 0
9 4979 rs11142906 74204367 1 2.1053512471091377e-5 74204367 74204367 0
9 7460 rs12685240 99079114 1 2.0313540255305516e-5 99079114 99079114 0
9 7994 rs10739833 104950962 1 1.907271595497267e-5 104950962 104950962 0
9 10987 rs7866070 132444099 2 -1.8916159938283557e-5 132444099 132444099 0
9 6285 rs1332535 87075137 1 -1.8579264578012337e-5 87075137 87075137 0
9 3878 rs2813941 30057012 1 1.8574421232807792e-5 30057012 30057012 0
9 699 rs7033866 4726228 1 -1.78841148225824e-5 4726228 4726228 0
9 7435 rs10819946 98929986 1 -1.7145642489638795e-5 98929986 98929986 0
9 4763 rs12554412 72629662 1 1.7145305343539335e-5 72629662 72629662 0
9 2868 rs7850937 21846285 1 -1.7131225740963854e-5 21846285 21846285 0
9 5955 rs7862233 83721188 1 1.669472079750964e-5 83721188 83721188 0
9 953 rs17456897 7096061 1 -1.6517622243733977e-5 7096061 7096061 0
9 7709 rs2416771 102159610 1 1.606935522748104e-5 102159610 102159610 0
9 2565 rs34243148 18928210 1 1.5617250439831043e-5 18928210 18928210 0
9 2883 rs2069426 22006273 1 -1.4940809389925113e-5 22006273 22006273 0
9 1441 rs433922 10099327 1 1.3654884526424316e-5 10099327 10099327 0
9 1633 rs16927457 11374073 1 1.3606772720349548e-5 11374073 11374073 0
9 5790 rs10123574 82893144 1 1.2156093250184664e-5 82893144 82893144 0
9 3642 rs10968773 28795700 1 1.107647359867743e-5 28795700 28795700 0
9 8424 rs328879 107789252 1 -1.092318099318446e-5 107789252 107789252 0
9 10638 rs10760312 126831118 1 -1.08572040019106e-5 126831118 126831118 0
9 8967 rs17730594 112271779 1 9.121479854389567e-6 112271779 112271779 0
9 10313 rs2416735 122763224 1 8.774494940217289e-6 122763224 122763224 0
9 4817 rs17054772 73103998 1 8.53042790362936e-6 73103998 73103998 0
9 2308 rs10963050 17345018 1 7.636402871793915e-6 17345018 17345018 0
9 10958 rs395119 131996071 1 -7.5579871009561804e-6 131996071 131996071 0
9 8177 rs2202828 106289427 1 7.091123913706249e-6 106289427 106289427 0
9 1218 rs7856850 8546095 1 6.380529042211861e-6 8546095 8546095 0
9 2381 rs10120630 17819429 1 6.3558709020223194e-6 17819429 17819429 0
9 10957 rs1411080 131993390 1 -6.098477872234202e-6 131993390 131993390 0
9 1014 rs4742336 7360902 1 5.977354397364368e-6 7360902 7360902 0
9 6231 rs7466124 86824068 2 4.895448548571102e-6 86824068 86824068 0
9 9549 rs1043836 116136198 1 4.5746729856732e-6 116136198 116136198 0
9 7749 rs1332598 103278418 1 -4.444106215471109e-6 103278418 103278418 0
9 5462 rs620552 79318998 1 4.397749186213396e-6 79318998 79318998 0
9 6288 rs4877276 87089546 1 3.348139435687636e-6 87089546 87089546 0
9 8402 rs2472495 107695396 1 -3.30293455050267e-6 107695396 107695396 0
9 7674 rs4743309 101779824 1 3.287371103647932e-6 101779824 101779824 0
9 2202 rs10962386 16345371 1 2.9244467230089596e-6 16345371 16345371 0
9 9069 rs4978888 112963702 1 -2.749660680657483e-6 112963702 112963702 0
9 9043 rs7029365 112703215 1 -2.588220624201632e-6 112703215 112703215 0
9 10060 rs10983690 120297738 1 1.9044537731953415e-6 120297738 120297738 0
9 4720 rs975645 72243177 1 -1.5370098227629644e-6 72243177 72243177 0
9 10458 rs16911368 124831273 1 8.051881620992453e-7 124831273 124831273 0
9 7910 rs7856857 104449593 1 3.131341644194609e-15 104449593 104449593 0
9 9668 rs10982340 117394754 1 1.503087525499064e-15 117394754 117394754 0
9 10714 rs7019470 127913837 1 5.703804428798996e-16 127913837 127913837 0
9 11487 rs1717453 138985434 1 3.070054065864236e-16 138985434 138985434 0
9 4140 rs830575 33291520 1 2.7294404151927793e-16 33291520 33291520 0
9 9340 rs7868266 114470138 1 1.648664960720136e-17 114470138 114470138 0
9 9341 rs28551718 114475404 1 5.037587379978191e-18 114475404 114475404 0
9 9343 rs1322257 114480562 1 2.7477749345335598e-18 114480562 114480562 0
