CHR Group SNP.lead BP.lead Size W BP.min BP.max BP.width
19 3009 rs3745516 50926742 1 0.17133423345623378 50926742 50926742 0
19 575 rs2304256 10475652 1 0.07079326528305246 10475652 10475652 0
19 3008 rs1726801 50905074 2 0.05062717733794793 50905074 50905074 0
19 1039 rs8109466 17207011 1 0.04573477017836163 17207011 17207011 0
19 3094 rs273634 51718837 1 0.0414491412685691 51718837 51718837 0
19 891 rs11085954 15594019 1 -0.03503258039756672 15594019 15594019 0
19 3260 rs329966 53070617 1 -0.03334729856463071 53070617 53070617 0
19 1950 rs8191371 34868776 1 0.03133233556601965 34868776 34868776 0
19 1128 rs4808737 18117646 1 -0.02931339925903332 18117646 18117646 0
19 1368 rs811020 28393499 1 -0.0288482724765131 28393499 28393499 0
19 110 rs45465594 3813906 1 0.02689995532810884 3813906 3813906 0
19 1846 rs7259371 33534641 1 0.02630478370943981 33534641 33534641 0
19 40 rs10417628 2251817 2 0.02603498293402081 2251817 2251817 0
19 1847 rs12972060 33537096 1 -0.02590441642868805 33537096 33537096 0
19 341 rs72558007 7762440 1 0.02534049172070713 7762440 7762440 0
19 2388 rs61750953 41306650 2 0.02468668624274522 41306650 41306650 0
19 1190 rs892035 19758190 1 0.02353689728103913 19758190 19758190 0
19 2023 rs11084813 35923858 1 0.02344235375239087 35923858 35923858 0
19 3157 rs7260152 52160305 2 -0.02303371293580792 52160305 52160305 0
19 3774 rs1051500 58944402 2 -0.02244863069503659 58944402 58944402 0
19 2631 rs8108277 45205877 1 0.02239274336402624 45205877 45205877 0
19 68 rs61754927 2917509 1 0.02178803176806997 2917509 2917509 0
19 145 rs243335 4402017 1 0.02094677826045557 4402017 4402017 0
19 866 rs116923487 15133803 1 0.02068886500153289 15133803 15133803 0
19 573 rs12720356 10469975 1 0.02031898549169187 10469975 10469975 0
19 2062 rs231228 36268771 2 0.01945731066576066 36268771 36268771 0
19 2382 rs2233152 41281016 1 0.01945321602103054 41281016 41281016 0
19 1670 rs10405541 31343577 1 -0.01942738040444424 31343577 31343577 0
19 147 rs45597332 4433253 1 0.0187306095149082 4433253 4433253 0
19 3261 rs3745101 53085813 1 0.01865719574592427 53085813 53085813 0
19 1002 rs12710303 16282131 1 0.01821991988785411 16282131 16282131 0
19 3610 rs10403926 57588298 1 -0.01804556993996717 57588298 57588298 0
19 3097 rs3865444 51727962 1 0.01775703838736368 51727962 51727962 0
19 2790 rs12461639 48172671 1 0.01732256617428742 48172671 48172671 0
19 118 rs7251928 4077096 1 0.01717853992249619 4077096 4077096 0
19 2423 rs1800472 41847860 1 0.01714228580608168 41847860 41847860 0
19 2281 rs879689 39650830 1 0.01685462758686699 39650830 39650830 0
19 1010 rs2005051 16344647 1 0.01677510848128005 16344647 16344647 0
19 3350 rs10420331 54469068 1 0.01659991078582237 54469068 54469068 0
19 1927 rs7256463 34366393 1 0.01641931281985939 34366393 34366393 0
19 50 rs4334421 2580057 1 0.01629989841791005 2580057 2580057 0
19 2410 rs11666982 41531368 1 -0.01618496076145973 41531368 41531368 0
19 410 rs7254400 8740520 1 -0.01610705104020143 8740520 8740520 0
19 3087 rs2691273 51596136 1 -0.01595790076949669 51596136 51596136 0
19 2071 rs62109744 36546015 1 0.01589832601448402 36546015 36546015 0
19 104 rs1985358 3729042 1 0.01557521266924153 3729042 3729042 0
19 2805 rs12979616 48350011 2 -0.01551012807526474 48350011 48350011 0
19 1047 rs2305767 17294296 2 -0.01547151951013399 17294296 17294296 0
19 1108 rs3761055 17835831 1 -0.0154529382344371 17835831 17835831 0
19 1405 rs12985572 28769462 1 0.01542242801613062 28769462 28769462 0
19 3255 rs9630874 52928039 1 0.01539190557193917 52928039 52928039 0
19 1841 rs2304103 33467413 1 -0.01512637435498999 33467413 33467413 0
19 1136 rs2305743 18193191 1 0.01508556818684254 18193191 18193191 0
19 198 rs8111216 5353576 1 -0.01504584671898704 5353576 5353576 0
19 2897 rs16982241 49202859 1 0.0145669355629725 49202859 49202859 0
19 3751 rs260428 58736625 1 0.01452701411572025 58736625 58736625 0
19 458 rs61732905 9070264 1 0.0142004182482063 9070264 9070264 0
19 424 rs10412487 8973217 2 -0.01416329694864591 8973217 8973217 0
19 2078 rs753420 36643695 1 0.01415799100289437 36643695 36643695 0
19 2169 rs17248097 38303788 1 -0.01411796276188857 38303788 38303788 0
19 167 rs12979279 4764306 1 -0.01408351408460895 4764306 4764306 0
19 21 rs1875960 1537467 1 -0.01352183337416321 1537467 1537467 0
19 2868 rs16981988 48821757 1 0.01347629169031115 48821757 48821757 0
19 1993 rs1687983 35568212 2 -0.01339879679167867 35568212 35568212 0
19 2535 rs16976937 44470147 1 0.01310014391619897 44470147 44470147 0
19 247 rs422981 6556778 1 0.01304302945875448 6556778 6556778 0
19 2296 rs10407035 39913634 2 -0.01293992630273974 39913634 39913634 0
19 1896 rs4805889 33954588 1 0.01288847463038623 33954588 33954588 0
19 1175 rs2228603 19329924 1 0.01287385615846309 19329924 19329924 0
19 584 rs892084 10669032 1 -0.0128367994221568 10669032 10669032 0
19 1137 rs11666281 18234588 1 -0.01268623809564538 18234588 18234588 0
19 3594 rs2870477 57344913 1 -0.01259780964826383 57344913 57344913 0
19 3493 rs160104 56433203 1 -0.01250566821231444 56433203 56433203 0
19 1180 rs17216041 19366643 2 0.01244288930935292 19366643 19366643 0
19 955 rs2079288 15964203 1 -0.01239953514764706 15964203 15964203 0
19 738 rs11558955 13059147 1 -0.01236648457804975 13059147 13059147 0
19 2015 rs17304618 35870436 1 -0.01228731826084949 35870436 35870436 0
19 897 rs1474472 15720533 1 -0.01199393118652922 15720533 15720533 0
19 151 rs16992410 4487806 1 -0.01191829117237539 4487806 4487806 0
19 3264 rs13103 53115843 1 -0.01164526222441361 53115843 53115843 0
19 867 rs8112667 15133926 1 0.01141695873902907 15133926 15133926 0
19 650 rs624899 11612498 1 0.0114018198874464 11612498 11612498 0
19 1041 rs12052065 17241649 1 0.0113386592744529 17241649 17241649 0
19 1704 rs56688754 31906847 1 0.01117025374200788 31906847 31906847 0
19 558 rs117064827 10334725 2 0.01115044472951158 10334725 10334725 0
19 3375 rs35336528 54968038 1 0.01109388496803788 54968038 54968038 0
19 3673 rs139899284 58067703 2 -0.01102750633809958 58067703 58067703 0
19 3436 rs1058511 55859439 1 0.0110149812671683 55859439 55859439 0
19 350 rs652260 7900562 1 0.01084476221602405 7900562 7900562 0
19 789 rs11670064 14447600 1 0.01079446419956291 14447600 14447600 0
19 2646 rs769449 45410002 2 0.0107003801307826 45410002 45410002 0
19 1138 rs885683 18244690 2 -0.01069573754497944 18244690 18244690 0
19 1644 rs77238711 31039669 1 0.0106284071280289 31039669 31039669 0
19 567 rs2304237 10446568 2 -0.01058990616544335 10446568 10446568 0
19 1678 rs10418485 31500379 1 -0.0104590729841056 31500379 31500379 0
19 3639 rs10411733 57790988 1 -0.01042962645193947 57790988 57790988 0
19 3466 rs11671248 56297019 1 -0.01034880112854203 56297019 56297019 0
19 1321 rs16999232 22797775 1 0.01031754617433643 22797775 22797775 0
19 933 rs10426695 15790251 1 -0.01026450330887249 15790251 15790251 0
19 1385 rs10409248 28531174 2 0.01004881312105441 28531174 28531174 0
19 3061 rs2659079 51421491 1 0.00983508943651304 51421491 51421491 0
19 865 rs7249373 15131668 1 0.00973028997904714 15131668 15131668 0
19 423 rs2972588 8953922 1 -0.00957880191279245 8953922 8953922 0
19 400 rs3764570 8528277 1 0.0095731949205734 8528277 8528277 0
19 1755 rs7253538 32834547 1 0.00956101116961286 32834547 32834547 0
19 1621 rs12611074 30702788 1 0.00948780564002098 30702788 30702788 0
19 2637 rs4803760 45333834 1 -0.00946601501528198 45333834 45333834 0
19 212 rs1129046 5654449 2 0.00944427238142194 5654449 5654449 0
19 2592 rs57014690 44933706 1 -0.00943085132908205 44933706 44933706 0
19 917 rs2683043 15764071 1 0.00942159880490286 15764071 15764071 0
19 223 rs731773 5991622 1 0.00939475995624829 5991622 5991622 0
19 8 rs8108922 691025 2 -0.00937476299787675 691025 691025 0
19 3113 rs1820112 51930706 1 0.00935356514410097 51930706 51930706 0
19 1246 rs11085403 21107489 1 0.00923256157953448 21107489 21107489 0
19 315 rs7254060 7283414 2 0.009231382472375 7283414 7283414 0
19 3031 rs919276 51231068 2 0.00921638297404391 51231068 51231068 0
19 3172 rs4802866 52299675 1 0.0091953933499386 52299675 52299675 0
19 1413 rs12460063 28815018 1 0.00916497558631835 28815018 28815018 0
19 3274 rs7252166 53293834 1 0.0091036899651067 53293834 53293834 0
19 1632 rs7247350 30884407 1 0.0089679678462099 30884407 30884407 0
19 3158 rs16982907 52163035 1 0.00891151697019791 52163035 52163035 0
19 1014 rs390017 16406034 1 0.00889206544563776 16406034 16406034 0
19 2360 rs7259593 40947076 1 -0.00884506785387737 40947076 40947076 0
19 1052 rs112900956 17306074 1 -0.00880263822007811 17306074 17306074 0
19 1685 rs1078373 31801130 1 0.00877136262779325 31801130 31801130 0
19 2461 rs3745231 42713835 1 -0.00871699708072979 42713835 42713835 0
19 1037 rs873513 17148156 1 0.00869366034968571 17148156 17148156 0
19 3290 rs1054485 53612757 1 -0.00868446992359692 53612757 53612757 0
19 3012 rs35951152 50945512 1 -0.00863814239399115 50945512 50945512 0
19 797 rs8109493 14603932 1 0.00855108729660122 14603932 14603932 0
19 2886 rs2544795 49076461 1 -0.0084762330267155 49076461 49076461 0
19 564 rs2569693 10399904 1 0.00845765061647604 10399904 10399904 0
19 215 rs778805 5832209 2 0.0084400266397912 5832209 5832209 0
19 3051 rs2659122 51363026 1 0.0084327206483591 51363026 51363026 0
19 1131 rs2305740 18180236 1 0.00835086233968974 18180236 18180236 0
19 543 rs889125 10120571 2 0.00834510418471454 10120571 10120571 0
19 954 rs8110002 15963695 2 0.00831342278698144 15963695 15963695 0
19 2629 rs754340 45163671 2 0.0081095804610853 45163671 45163671 0
19 634 rs12609039 11348960 2 -0.00807798999104585 11348960 11348960 0
19 2005 rs2853332 35746706 1 0.00805442417054273 35746706 35746706 0
19 299 rs4804404 7218382 1 0.0079876482338084 7218382 7218382 0
19 1150 rs172043 18351674 1 -0.00795933004196723 18351674 18351674 0
19 2789 rs2974205 48161124 2 0.00764613742267288 48161124 48161124 0
19 535 rs2303100 9968434 1 0.00762772643795532 9968434 9968434 0
19 3423 rs890871 55672055 1 0.00758539666493988 55672055 55672055 0
19 1658 rs4805602 31205300 2 -0.00733428033604175 31205300 31205300 0
19 3105 rs12985380 51861176 1 0.00721095375376016 51861176 51861176 0
19 411 rs1561406 8751106 1 0.00720607763715807 8751106 8751106 0
19 2025 rs7259244 35944375 1 -0.00720045787483938 35944375 35944375 0
19 598 rs10775614 10867219 2 0.00719207232941805 10867219 10867219 0
19 3651 rs6510064 57855930 1 0.00712197768384644 57855930 57855930 0
19 1241 rs12459076 20925934 1 0.00701385850585245 20925934 20925934 0
19 3406 rs1654410 55524813 1 0.00697869677743961 55524813 55524813 0
19 358 rs8103218 8143114 1 0.00695643713598852 8143114 8143114 0
19 599 rs8102648 10897613 1 0.00695093704337369 10897613 10897613 0
19 2632 rs3208856 45296806 1 0.00692947881368472 45296806 45296806 0
19 2303 rs7257553 40046863 2 0.00691229550285148 40046863 40046863 0
19 2736 rs2110577 46895747 1 0.00685721684620121 46895747 46895747 0
19 3593 rs1055359 57324340 1 -0.00675172321149314 57324340 57324340 0
19 3567 rs4801177 57089050 1 0.00673917914965838 57089050 57089050 0
19 2207 rs8102476 38735613 2 0.0067107483836067 38735613 38735613 0
19 1745 rs10413445 32722146 1 0.00670807927242958 32722146 32722146 0
19 2247 rs2287731 39101879 1 -0.00667362393504007 39101879 39101879 0
19 1149 rs2238646 18338101 1 -0.00664118008547495 18338101 18338101 0
19 3554 rs985113 57000173 1 0.00656965681570101 57000173 57000173 0
19 785 rs888876 14416793 2 0.00655064239610747 14416793 14416793 0
19 2639 rs4803766 45371168 2 0.00646266007238566 45371168 45371168 0
19 1245 rs12608830 21080307 1 -0.00645954587977336 21080307 21080307 0
19 2200 rs7253312 38622123 1 -0.00645769405717808 38622123 38622123 0
19 2742 rs8109759 46949662 2 0.00642223981473774 46949662 46949662 0
19 1901 rs153703 34029698 1 -0.00641069165905452 34029698 34029698 0
19 322 rs17255882 7504456 2 -0.00639625842130498 7504456 7504456 0
19 735 rs113720193 13010516 1 -0.00639228500749194 13010516 13010516 0
19 3513 rs306481 56487603 1 0.00636768872942639 56487603 56487603 0
19 2197 rs705507 38610721 2 -0.00636437624669063 38610721 38610721 0
19 3718 rs2375145 58401342 2 0.00632636455465023 58401342 58401342 0
19 2033 rs7247001 36003962 2 -0.00632005700312934 36003962 36003962 0
19 3049 rs2003783 51361472 1 0.00630997900414593 51361472 51361472 0
19 3442 rs4252548 55879672 2 0.00630285223209921 55879672 55879672 0
19 1682 rs6510186 31654615 1 -0.00619294727321735 31654615 31654615 0
19 2585 rs2722738 44855757 1 0.006179276645518 44855757 44855757 0
19 3354 rs145288894 54577419 1 -0.00616986618898749 54577419 54577419 0
19 2185 rs16979230 38515280 1 -0.00614568118885445 38515280 38515280 0
19 3424 rs58824375 55673145 2 -0.00605651089056932 55673145 55673145 0
19 2761 rs11083846 47207654 2 0.00601529639826034 47207654 47207654 0
19 2515 rs3760982 44286513 1 0.00597643219293437 44286513 44286513 0
19 2772 rs2303108 47589895 2 0.00596294764279534 47589895 47589895 0
19 2363 rs35926932 40952148 1 -0.00595795797150565 40952148 40952148 0
19 2963 rs3786567 49991789 1 -0.00592953074861618 49991789 49991789 0
19 2828 rs891015 48542414 1 -0.00591454285549 48542414 48542414 0
19 588 rs12983573 10701833 1 -0.00591280255394775 10701833 10701833 0
19 1930 rs4805958 34421191 2 -0.00589978764405827 34421191 34421191 0
19 2975 rs35002951 50312801 1 0.00583677056612026 50312801 50312801 0
19 1884 rs10518275 33850841 1 -0.00580853746275776 33850841 33850841 0
19 194 rs2074983 5285570 1 0.00572067367436757 5285570 5285570 0
19 3167 rs7260516 52287452 2 -0.0057125560209915 52287452 52287452 0
19 3251 rs324125 52887282 2 0.00570898049371183 52887282 52887282 0
19 3444 rs10425596 55901099 1 -0.00570206366978428 55901099 55901099 0
19 3382 rs4470262 55036661 1 0.00568460579572438 55036661 55036661 0
19 2351 rs4490099 40731491 2 0.00568149400915052 40731491 40731491 0
19 3538 rs4801699 56785231 2 0.00566819978392185 56785231 56785231 0
19 427 rs17000460 9040732 1 -0.00565311927456171 9040732 9040732 0
19 1271 rs4613201 21927706 1 0.00564243173212239 21927706 21927706 0
19 2881 rs28648758 48968312 1 -0.00564067665496074 48968312 48968312 0
19 624 rs4804148 11270867 1 -0.00562605156504731 11270867 11270867 0
19 2047 rs2267586 36159368 1 0.00562032750075966 36159368 36159368 0
19 1317 rs7245541 22768771 2 -0.00561999665916072 22768771 22768771 0
19 371 rs8111372 8170591 2 0.00559875999719664 8170591 8170591 0
19 2640 rs8104483 45372354 1 0.00558123832210214 45372354 45372354 0
19 297 rs2042902 7204470 1 -0.00557231362336646 7204470 7204470 0
19 3269 rs10401904 53120559 1 -0.0055467531699172 53120559 53120559 0
19 3067 rs2659091 51446530 1 0.00550713170267227 51446530 51446530 0
19 2298 rs1865093 39936134 2 0.0055070055686024 39936134 39936134 0
19 2356 rs7247916 40816530 2 0.00549660804090215 40816530 40816530 0
19 1972 rs8103183 35279172 2 -0.00544811446321969 35279172 35279172 0
19 3579 rs12462745 57218918 1 0.00543768767856018 57218918 57218918 0
19 602 rs11673064 10955925 2 0.00538454720608682 10955925 10955925 0
19 2092 rs8108848 37019742 2 -0.00537392315233811 37019742 37019742 0
19 2134 rs1016216 37472171 1 0.00533766985511298 37472171 37472171 0
19 2753 rs8112461 47001373 1 0.00531322947755432 47001373 47001373 0
19 205 rs797544 5479522 2 0.00530018187024516 5479522 5479522 0
19 13 rs3752232 1043748 1 -0.00528649715037115 1043748 1043748 0
19 608 rs1122608 11163601 2 0.00522118378473837 11163601 11163601 0
19 3210 rs10424348 52702778 2 0.00517834447898536 52702778 52702778 0
19 546 rs10401453 10137663 1 -0.00514121679828397 10137663 10137663 0
19 3201 rs61743893 52568422 2 0.00513103545448154 52568422 52568422 0
19 3522 rs17713875 56543982 2 0.0051288811550498 56543982 56543982 0
19 2756 rs8111536 47049928 1 -0.00510020236030799 47049928 47049928 0
19 555 rs2288350 10283932 1 0.00498669209953021 10283932 10283932 0
19 2139 rs10421415 37483444 1 0.00493882688032393 37483444 37483444 0
19 344 rs868875 7831166 2 0.00491895335469881 7831166 7831166 0
19 621 rs1433099 11242658 1 0.00491701849349244 11242658 11242658 0
19 3156 rs16982895 52155449 1 -0.00487386189792502 52155449 52155449 0
19 2327 rs7253739 40310497 1 0.00485952804374256 40310497 40310497 0
19 2210 rs12610606 38765822 2 -0.00484413692118813 38765822 38765822 0
19 3224 rs6509628 52741712 1 0.00481781715647159 52741712 52741712 0
19 425 rs3764556 8987218 1 -0.00477184838303783 8987218 8987218 0
19 2614 rs17800760 45013959 1 0.00475926053859369 45013959 45013959 0
19 1004 rs443644 16292992 2 0.00470845014156749 16292992 16292992 0
19 355 rs6603134 8106521 1 0.00469294562776318 8106521 8106521 0
19 664 rs286300 11797308 2 0.00467923263195663 11797308 11797308 0
19 1981 rs142299823 35434582 1 0.00463936684094479 35434582 35434582 0
19 1117 rs10407076 17920758 2 -0.00457479564627589 17920758 17920758 0
19 1571 rs744625 29978549 1 -0.00455007596373568 29978549 29978549 0
19 2862 rs16981882 48755267 1 -0.00454198156660145 48755267 48755267 0
19 7 rs13730 682010 2 -0.00451527245832286 682010 682010 0
19 995 rs8110325 16176940 2 0.00449321662141427 16176940 16176940 0
19 2521 rs349036 44339960 1 -0.00449116631527482 44339960 44339960 0
19 739 rs4926244 13374913 1 0.00447457732298779 13374913 13374913 0
19 2393 rs5007415 41393760 2 -0.0044464887564832 41393760 41393760 0
19 3111 rs1974821 51917735 1 0.00442497923755111 51917735 51917735 0
19 251 rs344560 6665020 1 -0.00442233362773752 6665020 6665020 0
19 77 rs308033 3099982 1 0.00436887350207405 3099982 3099982 0
19 6 rs4919908 508626 1 -0.00436681544660551 508626 508626 0
19 2970 rs12609870 50229644 2 0.00435152981784087 50229644 50229644 0
19 1400 rs4806120 28729593 1 0.0042952622117951 28729593 28729593 0
19 345 rs3745376 7833690 1 -0.00425251304550118 7833690 7833690 0
19 969 rs7259345 16015099 2 -0.00425131318521139 16015099 16015099 0
19 2322 rs3944083 40301967 2 0.00424395634063356 40301967 40301967 0
19 2890 rs17842463 49102599 1 0.0042405293522609 49102599 49102599 0
19 2792 rs1035938 48183771 1 0.00423504516206034 48183771 48183771 0
19 79 rs3786947 3114229 1 0.00420321669911432 3114229 3114229 0
19 2044 rs2285419 36134208 1 0.0041340910431902 36134208 36134208 0
19 419 rs250316 8921033 1 -0.00413200919064569 8921033 8921033 0
19 2476 rs7259375 43885085 1 -0.00412571987817011 43885085 43885085 0
19 409 rs7249094 8672000 2 0.00406333845149587 8672000 8672000 0
19 181 rs1982468 4953351 1 -0.00392225450061436 4953351 4953351 0
19 804 rs7508694 14714811 1 0.0039218425240348 14714811 14714811 0
19 1133 rs3761041 18183917 2 -0.00388976052767009 18183917 18183917 0
19 2799 rs10405467 48297228 2 0.00387918697918681 48297228 48297228 0
19 644 rs322129 11401105 2 0.00386565711176027 11401105 11401105 0
19 0 rs4897939 301619 1 -0.00386147766073708 301619 301619 0
19 327 rs484870 7569282 1 0.00383472457453829 7569282 7569282 0
19 587 rs12609501 10697204 1 -0.00381464286191042 10697204 10697204 0
19 3320 rs8104523 53829121 1 0.00379930369192045 53829121 53829121 0
19 537 rs889123 9995843 1 -0.00378958071021887 9995843 9995843 0
19 2157 rs2921563 37854040 1 -0.00378768271909283 37854040 37854040 0
19 2081 rs10426507 36667932 1 0.00377416663141441 36667932 36667932 0
19 746 rs16019 13411451 1 0.00373790649713996 13411451 13411451 0
19 3395 rs527245 55434502 1 0.00373399845734503 55434502 55434502 0
19 213 rs3745628 5663920 1 -0.00372299290171306 5663920 5663920 0
19 3563 rs1029709 57046007 1 -0.00371695339153306 57046007 57046007 0
19 3262 rs190191374 53086946 1 -0.00371433344644936 53086946 53086946 0
19 431 rs61744216 9045821 2 -0.00371370535533173 9045821 9045821 0
19 386 rs2967622 8308446 1 -0.00366857449413483 8308446 8308446 0
19 1799 rs11084673 33353464 1 -0.00366278367799883 33353464 33353464 0
19 707 rs3106727 12374905 1 0.00365426932543758 12374905 12374905 0
19 3162 rs4802841 52201763 1 0.00364382308916651 52201763 52201763 0
19 3036 rs9991 51301230 2 -0.00357932781973091 51301230 51301230 0
19 10 rs7247458 765568 1 -0.00356556294452182 765568 765568 0
19 3678 rs10421673 58112844 1 -0.00351192625385192 58112844 58112844 0
19 1844 rs10411210 33532300 1 0.003489376841931 33532300 33532300 0
19 3573 rs2052241 57187129 2 -0.00346951732224522 57187129 57187129 0
19 2113 rs826972 37249150 1 0.00343179317179455 37249150 37249150 0
19 1781 rs13345904 33130529 1 0.00342097577231718 33130529 33130529 0
19 384 rs1466448 8289519 1 -0.00340849254979079 8289519 8289519 0
19 2561 rs10422609 44666704 1 -0.00333083435966532 44666704 44666704 0
19 1545 rs4805350 29714355 2 0.00332556200736142 29714355 29714355 0
19 11 rs351111 844020 1 -0.003325493283037 844020 844020 0
19 777 rs2242130 13993457 2 0.00325382551640723 13993457 13993457 0
19 1795 rs8104532 33282336 1 -0.0032491301177145 33282336 33282336 0
19 2098 rs12972864 37057283 1 0.0032448805589305 37057283 37057283 0
19 1016 rs10411344 16520403 1 0.00324029748368093 16520403 16520403 0
19 2976 rs7246170 50321510 1 -0.00323734605761972 50321510 50321510 0
19 2732 rs887946 46816788 1 0.00322723881662959 46816788 46816788 0
19 2260 rs11879029 39379906 1 0.00321252184737034 39379906 39379906 0
19 2621 rs11670955 45022697 1 0.00319828507783648 45022697 45022697 0
19 18 rs2072283 1116117 1 0.00319549651638995 1116117 1116117 0
19 2155 rs172786 37712984 1 0.00319104539558955 37712984 37712984 0
19 1324 rs7252224 22974503 1 -0.0031737582844626 22974503 22974503 0
19 1533 rs2865496 29606361 1 0.00316988384150105 29606361 29606361 0
19 2873 rs3760790 48846476 2 0.00315718151377495 48846476 48846476 0
19 2003 rs16970163 35739702 2 0.00315632863957888 35739702 35739702 0
19 2138 rs1667354 37482151 1 -0.00314567401647433 37482151 37482151 0
19 3007 rs1274514 50871147 1 -0.00313926990931523 50871147 50871147 0
19 1412 rs2868956 28811418 1 0.00306889159370848 28811418 28811418 0
19 2508 rs395760 44214193 1 0.00305584951220507 44214193 44214193 0
19 24 rs4426464 1765297 1 0.00305155623753605 1765297 1765297 0
19 2938 rs3745297 49658209 1 -0.00304909846150759 49658209 49658209 0
19 76 rs367825 3063409 1 0.00304013788171597 3063409 3063409 0
19 3137 rs962130 52014006 1 0.00302471888396353 52014006 52014006 0
19 2928 rs11673003 49571957 1 0.00301865565202111 49571957 49571957 0
19 2760 rs117306460 47104226 1 -0.00300556714027846 47104226 47104226 0
19 2174 rs10426712 38362792 1 0.00299245010292316 38362792 38362792 0
19 3530 rs274154 56671836 1 0.00295868381891986 56671836 56671836 0
19 149 rs10421126 4471797 1 -0.00293705180490362 4471797 4471797 0
19 863 rs7248013 15112408 1 0.00293248552617835 15112408 15112408 0
19 2450 rs7251044 42202285 1 0.00290696140048665 42202285 42202285 0
19 1319 rs10415442 22792102 1 -0.00289500463259504 22792102 22792102 0
19 1244 rs2081051 21074971 1 -0.00288059964472833 21074971 21074971 0
19 757 rs7250857 13484853 2 0.00284331623350767 13484853 13484853 0
19 1631 rs2002997 30880662 2 0.00283952290759872 30880662 30880662 0
19 1924 rs1017207 34365487 1 0.00281906786286864 34365487 34365487 0
19 2626 rs7258420 45059310 1 -0.00281760374012624 45059310 45059310 0
19 3053 rs2735839 51364623 1 -0.00281225063520661 51364623 51364623 0
19 1030 rs61744196 17108136 1 0.00281052649208693 17108136 17108136 0
19 1689 rs2542279 31886044 1 -0.00280944614344157 31886044 31886044 0
19 3092 rs7254514 51678482 1 0.00279205970541043 51678482 51678482 0
19 1878 rs16967952 33795241 2 -0.00276341228255055 33795241 33795241 0
19 67 rs2288958 2917287 1 0.00274932664918691 2917287 2917287 0
19 3502 rs7259764 56466227 1 0.00274279232220772 56466227 56466227 0
19 1609 rs277079 30566056 1 -0.00272739652282198 30566056 30566056 0
19 286 rs1052371 7112593 1 -0.00271104721297624 7112593 7112593 0
19 71 rs3786948 2933480 1 0.00269703121285436 2933480 2933480 0
19 2912 rs684959 49296654 1 0.00269179913656958 49296654 49296654 0
19 1823 rs11668957 33408977 1 -0.00268243937504158 33408977 33408977 0
19 1605 rs4805487 30337127 1 0.00267871200385676 30337127 30337127 0
19 285 rs2914559 7103542 1 -0.00267296387563893 7103542 7103542 0
19 1179 rs1064395 19361735 1 0.00267207959576199 19361735 19361735 0
19 1152 rs2277922 18376522 1 -0.00266168026891933 18376522 18376522 0
19 1897 rs33825 33989245 1 -0.00265943822635448 33989245 33989245 0
19 1624 rs7257460 30746753 1 -0.00264155119474772 30746753 30746753 0
19 3598 rs12974085 57419586 1 0.00263604716996812 57419586 57419586 0
19 550 rs3745601 10224548 1 -0.00262889404465348 10224548 10224548 0
19 3364 rs422948 54749011 2 0.00260716062202939 54749011 54749011 0
19 2086 rs9676958 36950171 1 0.00258879491996452 36950171 36950171 0
19 3533 rs16987032 56689214 2 0.00258808086462499 56689214 56689214 0
19 666 rs9917003 11837692 2 0.00258336979714213 11837692 11837692 0
19 2024 rs8101851 35936004 2 -0.00257571623692484 35936004 35936004 0
19 1172 rs36039745 19168228 2 0.0025548226066774 19168228 19168228 0
19 1869 rs4805859 33667329 1 0.00251750688640268 33667329 33667329 0
19 3161 rs2902883 52186517 2 0.00249493476575134 52186517 52186517 0
19 2004 rs2073900 35741456 1 0.0024711623818529 35741456 35741456 0
19 1334 rs11666025 23408129 2 0.00246025258074428 23408129 23408129 0
19 2925 rs10423255 49445774 2 -0.00245665156233598 49445774 49445774 0
19 3681 rs10413455 58131623 1 0.0024560263836067 58131623 58131623 0
19 2715 rs1010693 46513183 1 0.00244780341922968 46513183 46513183 0
19 3716 rs2081884 58379892 1 -0.00243576544786734 58379892 58379892 0
19 1707 rs10406589 31922887 1 0.00243132593943041 31922887 31922887 0
19 2039 rs61747965 36113590 2 0.00242283967033159 36113590 36113590 0
19 520 rs10401135 9443332 1 -0.00240987927150042 9443332 9443332 0
19 1171 rs4808907 19136541 2 -0.00240598063514306 19136541 19136541 0
19 171 rs2292151 4816719 1 0.00240421303441723 4816719 4816719 0
19 3575 rs7258285 57198573 2 0.0023922107549506 57198573 57198573 0
19 1659 rs7255838 31207592 1 0.00237860290779214 31207592 31207592 0
19 196 rs10415030 5312177 1 -0.0023529992658623 5312177 5312177 0
19 2037 rs75962883 36017598 1 -0.00234427778376773 36017598 36017598 0
19 2941 rs113984787 49671207 1 0.00230483302835521 49671207 49671207 0
19 1762 rs7258196 32944565 1 0.00226885350031134 32944565 32944565 0
19 1722 rs1865055 32368991 1 0.00226498481319312 32368991 32368991 0
19 2020 rs16970300 35906493 1 -0.00226081158153881 35906493 35906493 0
19 2250 rs888995 39156138 1 -0.00225911731459639 39156138 39156138 0
19 3371 rs6509868 54896877 1 -0.0022398918009153 54896877 54896877 0
19 2297 rs31726 39914748 1 0.00219305987549844 39914748 39914748 0
19 82 rs17347521 3160385 1 0.00217008631617702 3160385 3160385 0
19 3638 rs7247503 57790613 1 0.00216260725358724 57790613 57790613 0
19 732 rs2077544 12963285 1 0.00215856093964711 12963285 12963285 0
19 744 rs4926250 13383718 1 -0.00215754349768358 13383718 13383718 0
19 1593 rs3746314 30197155 2 0.00215249597772273 30197155 30197155 0
19 3602 rs1433105 57461103 1 0.00215124097694766 57461103 57461103 0
19 1766 rs7251512 33014643 1 0.00215093586383364 33014643 33014643 0
19 2937 rs2278004 49654421 1 -0.00214323705922874 49654421 49654421 0
19 1339 rs1948438 23671926 1 0.00213381756592652 23671926 23671926 0
19 277 rs422318 6951434 1 -0.00211720815337724 6951434 6951434 0
19 3452 rs112525800 56030250 2 0.00211258346058598 56030250 56030250 0
19 206 rs12983349 5497686 1 -0.00211144317280024 5497686 5497686 0
19 1720 rs511811 32314430 2 0.0021108825203743 32314430 32314430 0
19 1784 rs259229 33134425 1 0.00210347411258742 33134425 33134425 0
19 1487 rs16962149 29344955 1 -0.00209372934937322 29344955 29344955 0
19 3003 rs667907 50785386 1 0.00208266813742326 50785386 50785386 0
19 3492 rs7260642 56426073 1 -0.00207842705454716 56426073 56426073 0
19 2462 rs1206028 42855167 1 0.00207816509957715 42855167 42855167 0
19 2321 rs12463156 40269473 1 -0.00206934553169714 40269473 40269473 0
19 1967 rs7251186 35219548 1 0.00206442024314242 35219548 35219548 0
19 376 rs118050938 8182174 1 0.00204744046830893 8182174 8182174 0
19 461 rs2591591 9074950 1 -0.00204267488243275 9074950 9074950 0
19 2143 rs16971886 37487975 1 0.00203456318090192 37487975 37487975 0
19 1765 rs975317 33006522 1 -0.00203111790073462 33006522 33006522 0
19 1210 rs10407807 20046102 1 -0.00199702104321062 20046102 20046102 0
19 1009 rs3752796 16339874 2 0.00198562225321492 16339874 16339874 0
19 1170 rs10330 19017862 2 -0.00197647259983676 19017862 19017862 0
19 3237 rs8112051 52815148 1 -0.00196700132996067 52815148 52815148 0
19 1880 rs17529948 33845598 1 -0.00195911523166939 33845598 33845598 0
19 2416 rs1645685 41668003 1 0.00195277089448438 41668003 41668003 0
19 552 rs9305012 10260869 1 0.00194479675872815 10260869 10260869 0
19 1877 rs12691 33791127 2 -0.00193379144650352 33791127 33791127 0
19 1320 rs8111506 22793083 1 -0.00193040101293196 22793083 22793083 0
19 136 rs888930 4288332 1 0.00191892768142183 4288332 4288332 0
19 1905 rs3898492 34064054 1 0.00191181086982475 34064054 34064054 0
19 651 rs7246527 11651810 1 0.00189723155418285 11651810 11651810 0
19 526 rs2112527 9603751 2 0.00189674728907969 9603751 9603751 0
19 2994 rs10413463 50699504 1 0.00189238732767314 50699504 50699504 0
19 1323 rs61740110 22942335 2 -0.0018809695105227 22942335 22942335 0
19 3656 rs4801478 57909872 1 0.00187112517134936 57909872 57909872 0
19 3645 rs13345625 57835912 1 0.00187055561830729 57835912 57835912 0
19 525 rs971366 9598587 1 0.00187048537187249 9598587 9598587 0
19 1151 rs16982285 18376509 1 -0.00186112601312816 18376509 18376509 0
19 2573 rs1233434 44789124 1 -0.00183725269469898 44789124 44789124 0
19 1141 rs11554159 18285944 2 -0.00183288853304542 18285944 18285944 0
19 2823 rs3936340 48527582 1 -0.00183243468948573 48527582 48527582 0
19 2923 rs2270941 49438363 1 0.00183122829191844 49438363 49438363 0
19 3459 rs310436 56178559 1 0.00182604657541889 56178559 56178559 0
19 1424 rs8100624 28890854 1 -0.00182536850241669 28890854 28890854 0
19 825 rs11669065 14833064 1 0.00182178864407702 14833064 14833064 0
19 2263 rs2318896 39510778 2 -0.00178906485955821 39510778 39510778 0
19 3403 rs1043673 55512232 1 0.00178836889886566 55512232 55512232 0
19 2867 rs61747754 48800751 1 0.00177779708754682 48800751 48800751 0
19 3043 rs12052047 51321083 1 0.0017667591268492 51321083 51321083 0
19 2085 rs1129376 36828217 1 0.00176460154543924 36828217 36828217 0
19 1776 rs7247420 33096786 2 -0.0017605494339103 33096786 33096786 0
19 563 rs3093030 10397403 1 0.00175144591161391 10397403 10397403 0
19 2494 rs1860149 44118680 1 -0.00174904836196049 44118680 44118680 0
19 2865 rs448784 48764721 1 -0.00174874686274991 48764721 48764721 0
19 3011 rs10409570 50945411 1 0.0017433098158096 50945411 50945411 0
19 3780 rs4801595 58978517 1 0.00173291234347384 58978517 58978517 0
19 1986 rs7247980 35482114 1 0.0017103491662933 35482114 35482114 0
19 2762 rs425105 47208481 1 0.00170714863323934 47208481 47208481 0
19 1638 rs33431 30939989 1 -0.00169863867681268 30939989 30939989 0
19 2973 rs10404868 50271924 1 0.00168984516457632 50271924 50271924 0
19 2727 rs2253940 46713197 1 -0.00168981713396071 46713197 46713197 0
19 3362 rs17305311 54705641 2 -0.00168771058942497 54705641 54705641 0
19 179 rs2123731 4929473 1 -0.00168693306743097 4929473 4929473 0
19 752 rs1502017 13430324 1 -0.00167356466970559 13430324 13430324 0
19 382 rs7258249 8271721 1 -0.00167245477924196 8271721 8271721 0
19 1791 rs35413309 33167837 1 -0.00166367934152995 33167837 33167837 0
19 119 rs1823059 4115993 1 -0.00165865461565115 4115993 4115993 0
19 1585 rs16963085 30095911 1 0.0016321717057713 30095911 30095911 0
19 2819 rs10426361 48518417 1 -0.00162341440585689 48518417 48518417 0
19 536 rs12609594 9972417 1 -0.00160311194730558 9972417 9972417 0
19 2362 rs268691 40949672 1 0.0015914397736322 40949672 40949672 0
19 1427 rs2159077 28895255 1 0.00158904250668696 28895255 28895255 0
19 2968 rs1368464 50140068 1 0.00158736424979457 50140068 50140068 0
19 1931 rs2159328 34439135 2 -0.00157935405185227 34439135 34439135 0
19 2389 rs11666504 41309240 1 -0.00154635599948755 41309240 41309240 0
19 532 rs2081066 9928044 1 -0.00154431160756536 9928044 9928044 0
19 974 rs58046343 16023378 2 -0.00153964988144588 16023378 16023378 0
19 1684 rs4805656 31724380 1 0.00153837653021654 31724380 31724380 0
19 378 rs35277492 8201121 2 0.00153566464431654 8201121 8201121 0
19 832 rs8113284 14914914 1 0.00153405872399202 14914914 14914914 0
19 2833 rs2162886 48557013 1 0.00153121430469811 48557013 48557013 0
19 1300 rs808372 22470368 1 -0.00152611180433027 22470368 22470368 0
19 349 rs4804827 7898541 1 0.00152277529313537 7898541 7898541 0
19 1098 rs76629753 17662616 1 0.0015119137946598 17662616 17662616 0
19 36 rs3803915 2160529 1 -0.00149401073438729 2160529 2160529 0
19 1439 rs17831750 28991292 1 0.00149186073080675 28991292 28991292 0
19 298 rs10426094 7205240 1 -0.00148641617230142 7205240 7205240 0
19 240 rs7253395 6401588 1 0.00148512686689412 6401588 6401588 0
19 3388 rs4436877 55216162 1 0.0014823765306612 55216162 55216162 0
19 2314 rs72480733 40196627 1 0.00146949085128099 40196627 40196627 0
19 343 rs12611071 7800361 1 0.0014648161006139 7800361 7800361 0
19 1988 rs2290642 35501051 1 0.0014485993289384 35501051 35501051 0
19 2996 rs584975 50741570 1 -0.00144627343408795 50741570 50741570 0
19 2422 rs3745295 41785282 1 -0.00144457162569303 41785282 41785282 0
19 1100 rs1157615 17768818 1 -0.00144400714177528 17768818 17768818 0
19 1697 rs2867574 31890250 1 -0.00142812838500383 31890250 31890250 0
19 3200 rs3450 52552999 1 0.00141932988728611 52552999 52552999 0
19 3416 rs4806637 55555988 2 0.00141445076909561 55555988 55555988 0
19 3175 rs17695224 52324216 2 -0.00141404229931607 52324216 52324216 0
19 1789 rs259271 33157100 1 0.00140569497351104 33157100 33157100 0
19 2634 rs28399653 45315445 1 0.00140240884180035 45315445 45315445 0
19 3390 rs1325156 55216950 1 -0.00140051857662383 55216950 55216950 0
19 3198 rs11881700 52538428 1 -0.00139782039812175 52538428 52538428 0
19 2771 rs1862499 47549791 2 0.00139510852181398 47549791 47549791 0
19 2653 rs1469704 45589595 1 0.001372045485786 45589595 45589595 0
19 3646 rs7249535 57836238 1 -0.00133338101158116 57836238 57836238 0
19 2969 rs1865077 50140092 2 -0.00131914441645536 50140092 50140092 0
19 2050 rs4806197 36200400 1 0.00131856129547552 36200400 36200400 0
19 2167 rs241935 38293963 1 -0.00130909949228321 38293963 38293963 0
19 1629 rs9630865 30779231 1 0.00130850694008124 30779231 30779231 0
19 1671 rs10420813 31354223 1 0.00130714373275236 31354223 31354223 0
19 2602 rs73036500 44981832 1 0.00128025177748101 44981832 44981832 0
19 1243 rs625998 21008838 1 -0.00125516275599945 21008838 21008838 0
19 663 rs206863 11789015 1 0.00125384752730931 11789015 11789015 0
19 2807 rs4483956 48357152 1 -0.00125310801242833 48357152 48357152 0
19 381 rs8112582 8242511 2 -0.00124580760574559 8242511 8242511 0
19 820 rs75269766 14815918 1 0.00124556929319292 14815918 14815918 0
19 387 rs17159388 8320555 1 0.00124314303953255 8320555 8320555 0
19 1763 rs6510250 33001746 1 0.00123638679443489 33001746 33001746 0
19 960 rs2108622 15990431 2 -0.00121974451446686 15990431 15990431 0
19 3319 rs12150892 53828221 1 -0.00119538384232966 53828221 53828221 0
19 3376 rs7251986 55005607 1 0.00119230566759961 55005607 55005607 0
19 308 rs10420008 7234575 1 -0.00119155687314285 7234575 7234575 0
19 551 rs2305795 10226052 2 0.00118706495105177 10226052 10226052 0
19 595 rs714307 10835405 1 -0.00118292576865097 10835405 10835405 0
19 1504 rs2216731 29400892 1 0.00118132405313299 29400892 29400892 0
19 675 rs286232 11908397 1 -0.00118107965746258 11908397 11908397 0
19 2235 rs11083462 38959680 1 -0.00117602023440947 38959680 38959680 0
19 143 rs11085070 4353174 1 -0.00116621691987755 4353174 4353174 0
19 503 rs1036224 9228196 1 -0.00115513450244735 9228196 9228196 0
19 3628 rs11672517 57678194 1 0.00115277554460796 57678194 57678194 0
19 441 rs2216662 9057721 1 0.00114887942707412 9057721 9057721 0
19 3448 rs4801655 55977909 1 0.00114575243926387 55977909 55977909 0
19 3321 rs7250407 53831824 1 -0.00113807118004739 53831824 53831824 0
19 27 rs17684904 1933930 1 -0.00113408816757724 1933930 1933930 0
19 2839 rs11564538 48601512 1 0.001130764312028 48601512 48601512 0
19 204 rs7247783 5464288 1 -0.00112699547994496 5464288 5464288 0
19 882 rs3815188 15303225 1 0.00112229771109337 15303225 15303225 0
19 876 rs4808217 15240815 1 0.00111736692533955 15240815 15240815 0
19 1168 rs757114 18970357 1 0.00109888107078102 18970357 18970357 0
19 1217 rs7255165 20133846 1 -0.00108788746529609 20133846 20133846 0
19 2491 rs3815422 44118188 1 -0.00108253193488714 44118188 44118188 0
19 3014 rs34051416 50951640 1 0.00108046944819641 50951640 50951640 0
19 85 rs312077 3211221 1 0.00107916760624867 3211221 3211221 0
19 2721 rs8101445 46563653 2 0.00107152995737469 46563653 46563653 0
19 660 rs8100206 11764496 1 0.00106856701278749 11764496 11764496 0
19 3623 rs3795003 57641799 1 0.00105912158402125 57641799 57641799 0
19 2625 rs1727753 45058204 1 -0.00105906677687352 45058204 45058204 0
19 3186 rs1433083 52393984 1 -0.00104400950458815 52393984 52393984 0
19 1144 rs17683539 18312588 1 0.00103686725306533 18312588 18312588 0
19 679 rs17001671 11931746 1 0.00103093175051495 11931746 11931746 0
19 3325 rs7255193 53893338 1 0.00102873125113428 53893338 53893338 0
19 1904 rs891035 34060938 1 0.00102673778628177 34060938 34060938 0
19 3204 rs1366245 52660279 2 -0.00102021614386352 52660279 52660279 0
19 1184 rs4808199 19545099 1 0.0010152734472863 19545099 19545099 0
19 2647 rs439401 45414451 2 0.00100924743257896 45414451 45414451 0
19 3365 rs103294 54797848 1 0.0010080932041996 54797848 54797848 0
19 3605 rs2902943 57524031 1 0.00100347833640966 57524031 57524031 0
19 3021 rs6509477 51040416 1 -0.00100289379025162 51040416 51040416 0
19 3238 rs7247178 52815890 2 0.00100161529853952 52815890 52815890 0
19 65 rs3855680 2906475 1 9.949666517177433e-4 2906475 2906475 0
19 2272 rs481802 39573851 1 -9.903953466765154e-4 39573851 39573851 0
19 3170 rs12985955 52294097 1 9.6713836912831e-4 52294097 52294097 0
19 218 rs3760776 5839746 1 -9.582143337625764e-4 5839746 5839746 0
19 3339 rs7254177 54206688 2 9.577814086194386e-4 54206688 54206688 0
19 2380 rs2561530 41224314 2 9.47434483239295e-4 41224314 41224314 0
19 1730 rs11882901 32497463 1 9.464535040164584e-4 32497463 32497463 0
19 795 rs2230539 14580328 1 -9.32090164912749e-4 14580328 14580328 0
19 1748 rs2111505 32779619 1 9.316837777918244e-4 32779619 32779619 0
19 3525 rs7256266 56562165 2 -9.292236682560844e-4 56562165 56562165 0
19 1347 rs10415672 24175453 1 9.284826169502464e-4 24175453 24175453 0
19 1273 rs10404622 21934891 1 9.2574438946071e-4 21934891 21934891 0
19 3240 rs321948 52859007 1 9.23256279977478e-4 52859007 52859007 0
19 3033 rs4802740 51263432 1 9.223313673339372e-4 51263432 51263432 0
19 183 rs263049 5017567 1 -9.208642677209228e-4 5017567 5017567 0
19 2889 rs12460535 49098750 1 9.196912311066482e-4 49098750 49098750 0
19 1228 rs10410777 20403541 1 9.154559237631016e-4 20403541 20403541 0
19 2851 rs20580 48654553 1 9.1405593508021e-4 48654553 48654553 0
19 1708 rs2052570 31924649 1 9.130288404196902e-4 31924649 31924649 0
19 1764 rs1988952 33004201 1 -9.125046058303748e-4 33004201 33004201 0
19 55 rs885704 2833431 1 -9.065838798496968e-4 2833431 2833431 0
19 3155 rs4802831 52127134 1 -9.004532444418092e-4 52127134 52127134 0
19 1862 rs3848599 33635887 1 8.985029851959949e-4 33635887 33635887 0
19 719 rs4804715 12641232 1 8.982770844759971e-4 12641232 12641232 0
19 3748 rs45580533 58718279 1 -8.945150187128924e-4 58718279 58718279 0
19 279 rs6510937 6994987 1 8.914505053970836e-4 6994987 6994987 0
19 2769 rs11673675 47428968 1 8.910466371772901e-4 47428968 47428968 0
19 711 rs10407898 12426234 2 8.841770011792489e-4 12426234 12426234 0
19 568 rs1058154 10446897 1 -8.833188878528892e-4 10446897 10446897 0
19 193 rs2238640 5261506 1 -8.781445875845935e-4 5261506 5261506 0
19 19 rs2668423 1370526 1 8.743281524541773e-4 1370526 1370526 0
19 2776 rs10421978 47928003 1 8.729699431827132e-4 47928003 47928003 0
19 246 rs348374 6547141 1 8.707346833295119e-4 6547141 6547141 0
19 1574 rs10410525 30042913 1 8.699587870590574e-4 30042913 30042913 0
19 1769 rs2868145 33047114 1 8.695793927569461e-4 33047114 33047114 0
19 1804 rs16967511 33358527 1 8.660671413871117e-4 33358527 33358527 0
19 379 rs35999680 8203113 1 -8.630062418238414e-4 8203113 8203113 0
19 691 rs8109273 12224172 1 8.611119522793116e-4 12224172 12224172 0
19 934 rs695149 15806703 1 -8.50929177655161e-4 15806703 15806703 0
19 3292 rs11878412 53627777 2 -8.506560927808278e-4 53627777 53627777 0
19 1895 rs4239576 33915360 1 -8.478121407315504e-4 33915360 33915360 0
19 554 rs2228612 10273372 1 8.305482781879346e-4 10273372 10273372 0
19 2992 rs117757975 50549462 1 -8.282787244592417e-4 50549462 50549462 0
19 874 rs16980286 15174953 1 8.278190739752998e-4 15174953 15174953 0
19 2187 rs734204 38539988 1 -8.216551088840467e-4 38539988 38539988 0
19 2834 rs1019786 48581142 1 8.18291720577766e-4 48581142 48581142 0
19 2156 rs2305115 37835658 1 8.171513840734854e-4 37835658 37835658 0
19 680 rs279205 12014274 2 8.122875013006839e-4 12014274 12014274 0
19 648 rs322151 11417200 2 -8.116971742155423e-4 11417200 11417200 0
19 1260 rs8112775 21474389 1 8.102334302850144e-4 21474389 21474389 0
19 1252 rs29727 21374305 1 8.019376037125615e-4 21374305 21374305 0
19 2417 rs8105815 41673848 1 -7.987293494372818e-4 41673848 41673848 0
19 1080 rs4808078 17464713 1 -7.9338034913532e-4 17464713 17464713 0
19 3159 rs6509564 52163384 2 7.929059483009037e-4 52163384 52163384 0
19 1687 rs17583023 31857778 1 -7.884925568688186e-4 31857778 31857778 0
19 1819 rs4805015 33395413 1 7.793363348647511e-4 33395413 33395413 0
19 2822 rs2303690 48525507 1 -7.749577648137935e-4 48525507 48525507 0
19 3713 rs10419898 58329063 1 7.741166260174665e-4 58329063 58329063 0
19 98 rs3746125 3618928 1 -7.684342506068204e-4 3618928 3618928 0
19 163 rs10415651 4687075 1 7.682843052374147e-4 4687075 4687075 0
19 3692 rs12608882 58167671 1 7.681274286028672e-4 58167671 58167671 0
19 200 rs11672914 5393748 2 -7.662358210219089e-4 5393748 5393748 0
19 2528 rs10500288 44354180 1 7.622117645499805e-4 44354180 44354180 0
19 2493 rs2302421 44118353 1 -7.527354059111578e-4 44118353 44118353 0
19 1352 rs888315 24239788 1 -7.521762548829753e-4 24239788 24239788 0
19 1031 rs8105013 17109350 1 -7.496426392275396e-4 17109350 17109350 0
19 1035 rs3745345 17113147 1 -7.386631993411512e-4 17113147 17113147 0
19 561 rs5498 10395683 1 7.348947433426564e-4 10395683 10395683 0
19 2793 rs2914436 48184757 1 -7.259092983832273e-4 48184757 48184757 0
19 638 rs2116876 11359484 1 7.18819798338644e-4 11359484 11359484 0
19 158 rs10420817 4605239 1 7.184547064709482e-4 4605239 4605239 0
19 1567 rs10411539 29972230 1 -7.151076133269554e-4 29972230 29972230 0
19 3279 rs1661957 53478109 1 -7.13574747130453e-4 53478109 53478109 0
19 1053 rs7254151 17336904 2 -7.049181713514997e-4 17336904 17336904 0
19 161 rs8110359 4654757 1 6.974477382878247e-4 4654757 4654757 0
19 2729 rs2017924 46729298 1 -6.919535685905479e-4 46729298 46729298 0
19 3393 rs775859 55433596 1 -6.893176111705457e-4 55433596 55433596 0
19 3195 rs45596739 52520372 1 -6.833616121058156e-4 52520372 52520372 0
19 293 rs4804366 7185328 2 -6.810577164559812e-4 7185328 7185328 0
19 464 rs2547072 9076083 1 -6.801018931946641e-4 9076083 9076083 0
19 565 rs281423 10435493 2 -6.688330891128452e-4 10435493 10435493 0
19 3464 rs1423071 56293701 1 -6.672634884890816e-4 56293701 56293701 0
19 3572 rs2052240 57186892 1 -6.65788333089294e-4 57186892 57186892 0
19 1015 rs386869 16426657 2 -6.586286134354996e-4 16426657 16426657 0
19 3068 rs2569522 51455389 1 6.534284694518942e-4 51455389 51455389 0
19 1871 rs889104 33676677 1 6.507606082515472e-4 33676677 33676677 0
19 3725 rs8107849 58469156 1 -6.497062425801579e-4 58469156 58469156 0
19 3077 rs1474520 51530693 1 6.491889710484699e-4 51530693 51530693 0
19 1328 rs423687 23000745 1 -6.356268047372456e-4 23000745 23000745 0
19 1505 rs2902965 29401768 1 6.346479431053769e-4 29401768 29401768 0
19 2042 rs2285416 36128295 1 6.292573203025556e-4 36128295 36128295 0
19 2648 rs5167 45448465 2 -6.2859829136413e-4 45448465 45448465 0
19 262 rs568259 6782574 1 -6.163390086326477e-4 6782574 6782574 0
19 2821 rs35362679 48523128 1 6.160374294507628e-4 48523128 48523128 0
19 1005 rs285236 16299174 1 -6.121074493591889e-4 16299174 16299174 0
19 2269 rs8108645 39553533 2 -6.118982186946356e-4 39553533 39553533 0
19 1272 rs10423041 21933943 2 6.109935325155362e-4 21933943 21933943 0
19 1213 rs10424838 20095448 1 -6.089848445541233e-4 20095448 20095448 0
19 894 rs7251665 15682328 1 6.068664030785033e-4 15682328 15682328 0
19 2986 rs12984158 50477700 1 6.054620596299523e-4 50477700 50477700 0
19 2642 rs6859 45382034 1 6.048251117061294e-4 45382034 45382034 0
19 763 rs4926293 13597003 1 6.023321609423783e-4 13597003 13597003 0
19 258 rs1049232 6751293 1 5.991833172322354e-4 6751293 6751293 0
19 1590 rs4805463 30137035 1 5.941701236416467e-4 30137035 30137035 0
19 2179 rs10404567 38397213 1 -5.923890933198803e-4 38397213 38397213 0
19 3367 rs2241385 54849566 1 -5.922233323935973e-4 54849566 54849566 0
19 235 rs4807854 6258557 1 5.846462109790062e-4 6258557 6258557 0
19 3670 rs7259303 58004563 1 -5.812221660485381e-4 58004563 58004563 0
19 2927 rs3765148 49447713 1 -5.806636262025923e-4 49447713 49447713 0
19 3714 rs2303756 58331012 1 5.758650297547476e-4 58331012 58331012 0
19 1947 rs571620 34610088 1 -5.75625019568047e-4 34610088 34610088 0
19 2774 rs4467185 47823038 1 5.751378340267803e-4 47823038 47823038 0
19 1909 rs8103587 34105378 1 5.678332008807304e-4 34105378 34105378 0
19 440 rs1895364 9057687 2 -5.676987015231221e-4 9057687 9057687 0
19 1746 rs8110947 32755790 1 5.664208623014454e-4 32755790 32755790 0
19 1091 rs10417922 17615609 1 -5.607774616959868e-4 17615609 17615609 0
19 2027 rs1005948 35975921 1 5.591596284680567e-4 35975921 35975921 0
19 3758 rs260461 58770883 1 -5.543421540858577e-4 58770883 58770883 0
19 2770 rs311384 47455315 1 5.526291290927367e-4 47455315 47455315 0
19 2279 rs17722300 39630535 1 -5.4882207397386e-4 39630535 39630535 0
19 3165 rs4801891 52254351 1 5.404777574749283e-4 52254351 52254351 0
19 3738 rs4801552 58569631 1 -5.384206849014913e-4 58569631 58569631 0
19 1280 rs2457785 22026279 1 5.342132732092414e-4 22026279 22026279 0
19 2145 rs1667366 37488499 1 5.322107519107539e-4 37488499 37488499 0
19 2381 rs2607426 41274713 1 5.3099313196617e-4 41274713 41274713 0
19 649 rs4804164 11502291 1 -5.28192750520114e-4 11502291 11502291 0
19 771 rs7255203 13772030 1 -5.220857841939073e-4 13772030 13772030 0
19 3066 rs8104441 51441807 1 5.204384493380518e-4 51441807 51441807 0
19 248 rs344587 6588267 1 5.203138063240841e-4 6588267 6588267 0
19 2069 rs1009381 36537959 1 5.172260720689454e-4 36537959 36537959 0
19 3327 rs12977919 53932295 1 -5.142399796519884e-4 53932295 53932295 0
19 2153 rs6510588 37597395 1 -5.034827552803348e-4 37597395 37597395 0
19 846 rs12981693 14983544 1 -4.983366618480053e-4 14983544 14983544 0
19 44 rs2288943 2438884 1 4.92607565727887e-4 2438884 2438884 0
19 2702 rs6509238 46412255 2 4.912294136648948e-4 46412255 46412255 0
19 3032 rs7249061 51236834 1 -4.910516196719273e-4 51236834 51236834 0
19 250 rs392751 6645178 1 -4.908971622141348e-4 6645178 6645178 0
19 3041 rs2288417 51308057 1 4.815329056883394e-4 51308057 51308057 0
19 1232 rs10416706 20488698 1 4.758423153241629e-4 20488698 20488698 0
19 2270 rs10417561 39553621 2 -4.75677904373917e-4 39553621 39553621 0
19 2305 rs12609985 40060648 1 4.7389350224367994e-4 40060648 40060648 0
19 2405 rs7260329 41521638 1 -4.732039816135921e-4 41521638 41521638 0
19 901 rs3764563 15724203 1 -4.625870538238182e-4 15724203 15724203 0
19 1068 rs3745186 17412218 1 -4.621718302874919e-4 17412218 17412218 0
19 1787 rs1103851 33146414 1 -4.52892766734754e-4 33146414 33146414 0
19 2439 rs2191139 42001210 1 -4.456245647342006e-4 42001210 42001210 0
19 1646 rs10424191 31057349 1 4.434551894983214e-4 31057349 31057349 0
19 1800 rs12150889 33355055 1 -4.3789371526777845e-4 33355055 33355055 0
19 42 rs7252511 2396243 1 4.3718329675740744e-4 2396243 2396243 0
19 138 rs34953789 4311942 1 -4.3706073614245295e-4 4311942 4311942 0
19 1779 rs9304837 33123928 1 4.367185468375583e-4 33123928 33123928 0
19 220 rs2637202 5889958 1 4.342058825175583e-4 5889958 5889958 0
19 2052 rs2227278 36206050 2 4.337523417610356e-4 36206050 36206050 0
19 3659 rs2240040 57956186 1 -4.281164981208375e-4 57956186 57956186 0
19 2214 rs3900981 38800165 1 4.21829764165923e-4 38800165 38800165 0
19 2804 rs11668505 48348363 2 -4.209200321509439e-4 48348363 48348363 0
19 1926 rs16968628 34366126 1 4.1781366857212546e-4 34366126 34366126 0
19 790 rs12972839 14450812 2 4.136462391613641e-4 14450812 14450812 0
19 2440 rs2302188 42085873 1 -4.1224208959701064e-4 42085873 42085873 0
19 261 rs7258236 6760974 2 -4.0995939255444695e-4 6760974 6760974 0
19 1112 rs2161489 17864452 1 -4.0972574948738936e-4 17864452 17864452 0
19 1935 rs10415423 34553925 1 4.0767949766146985e-4 34553925 34553925 0
19 329 rs612862 7593589 1 4.06283833729453e-4 7593589 7593589 0
19 2738 rs75175362 46914927 1 4.0476441177617306e-4 46914927 46914927 0
19 3312 rs3960965 53789383 2 4.016300855907259e-4 53789383 53789383 0
19 1628 rs7257017 30777036 1 -3.997518807613026e-4 30777036 30777036 0
19 3259 rs117861190 53058429 1 -3.9904663187209584e-4 53058429 53058429 0
19 742 rs4926248 13383313 1 3.957457370539961e-4 13383313 13383313 0
19 1001 rs12980138 16245267 2 -3.956142224075773e-4 16245267 16245267 0
19 1391 rs4805978 28613972 1 -3.954300276660613e-4 28613972 28613972 0
19 3233 rs2560903 52787583 1 3.9438384103997626e-4 52787583 52787583 0
19 504 rs10414255 9237542 1 -3.90808280359218e-4 9237542 9237542 0
19 3683 rs2885007 58134272 1 -3.902700405106784e-4 58134272 58134272 0
19 2171 rs17248670 38319897 1 -3.899819922072207e-4 38319897 38319897 0
19 1024 rs8108315 16981044 2 -3.890580540187503e-4 16981044 16981044 0
19 1054 rs2288540 17337344 1 -3.8776998578141266e-4 17337344 17337344 0
19 41 rs8111911 2306575 1 -3.859908933642385e-4 2306575 2306575 0
19 1099 rs3848643 17667970 1 -3.857052267861983e-4 17667970 17667970 0
19 1390 rs11669016 28604705 1 -3.816510258094267e-4 28604705 28604705 0
19 1900 rs4805905 34029507 1 -3.782476878515092e-4 34029507 34029507 0
19 2237 rs2228068 38981284 1 3.756899900259227e-4 38981284 38981284 0
19 3621 rs6510042 57613199 1 -3.7458348509649905e-4 57613199 57613199 0
19 1783 rs731673 33132295 1 -3.6830111730678497e-4 33132295 33132295 0
19 3558 rs960995 57039169 1 -3.659111719660557e-4 57039169 57039169 0
19 1378 rs2868465 28457604 1 3.643664089045484e-4 28457604 28457604 0
19 3653 rs862708 57867599 1 3.637944472737528e-4 57867599 57867599 0
19 3663 rs10407042 57984426 1 3.566221631385028e-4 57984426 57984426 0
19 2601 rs73036497 44981800 1 -3.526484321892601e-4 44981800 44981800 0
19 562 rs281437 10397238 1 3.522938130163426e-4 10397238 10397238 0
19 2119 rs562480 37355963 1 3.517520027606549e-4 37355963 37355963 0
19 801 rs8104167 14664933 1 -3.512436089772919e-4 14664933 14664933 0
19 3145 rs2005199 52033206 1 -3.5103917726061465e-4 52033206 52033206 0
19 3342 rs9749510 54281322 1 -3.505932679305877e-4 54281322 54281322 0
19 278 rs7247453 6984708 1 3.49400165704487e-4 6984708 6984708 0
19 2766 rs6509294 47323384 2 3.4663988398964064e-4 47323384 47323384 0
19 2420 rs3760659 41769104 2 -3.451910244885251e-4 41769104 41769104 0
19 2885 rs11083944 49072265 1 -3.422681321366308e-4 49072265 49072265 0
19 878 rs7254735 15263385 1 -3.412153485954892e-4 15263385 15263385 0
19 3283 rs4801951 53582436 1 -3.404872652738429e-4 53582436 53582436 0
19 531 rs7246760 9918229 2 3.3995249220179877e-4 9918229 9918229 0
19 1591 rs1864222 30164574 2 3.396949112792402e-4 30164574 30164574 0
19 2987 rs1052450 50479999 1 -3.3930071880695033e-4 50479999 50479999 0
19 3745 rs12151036 58714235 1 -3.3893426925141786e-4 58714235 58714235 0
19 2009 rs34259399 35757427 1 3.368609015821611e-4 35757427 35757427 0
19 3719 rs4801531 58401560 2 -3.3498007181297356e-4 58401560 58401560 0
19 3284 rs10419891 53587370 1 3.344753883770233e-4 53587370 53587370 0
19 1513 rs10414009 29526586 1 -3.3060280591799596e-4 29526586 29526586 0
19 2891 rs433852 49117104 1 3.2990903746794317e-4 49117104 49117104 0
19 330 rs625910 7594159 1 -3.2776897755925466e-4 7594159 7594159 0
19 1389 rs9973221 28587534 1 -3.261213035167205e-4 28587534 28587534 0
19 646 rs414852 11410141 1 3.2256523607903005e-4 11410141 11410141 0
19 2222 rs2286550 38861362 1 -3.222979794584676e-4 38861362 38861362 0
19 3566 rs4239476 57086815 1 3.2092663699485375e-4 57086815 57086815 0
19 1096 rs45532635 17654181 1 -3.1410035196655984e-4 17654181 17654181 0
19 1589 rs10415705 30125153 1 3.0651299594987704e-4 30125153 30125153 0
19 556 rs61750053 10291473 2 -3.032927923107572e-4 10291473 10291473 0
19 2988 rs3786669 50486939 2 3.0270114778879027e-4 50486939 50486939 0
19 1435 rs4632257 28948441 1 3.021740308568165e-4 28948441 28948441 0
19 2939 rs3745298 49658367 2 3.0167421846253147e-4 49658367 49658367 0
19 3481 rs395503 56369215 2 -3.005845868503722e-4 56369215 56369215 0
19 111 rs2240234 3831709 1 -3.004562108106544e-4 3831709 3831709 0
19 2875 rs276721 48909343 1 2.9424962606369677e-4 48909343 48909343 0
19 898 rs3794989 15723528 1 2.9320382559951943e-4 15723528 15723528 0
19 3742 rs6510125 58637152 1 -2.8982941897134017e-4 58637152 58637152 0
19 1262 rs1781872 21477403 2 -2.875493555373875e-4 21477403 21477403 0
19 177 rs7246083 4866451 1 2.8577033145676153e-4 4866451 4866451 0
19 1060 rs8100241 17392894 1 -2.837928949313155e-4 17392894 17392894 0
19 2524 rs1061768 44352639 1 -2.832101239268855e-4 44352639 44352639 0
19 1562 rs16962840 29938906 1 2.7857009684990154e-4 29938906 29938906 0
19 1253 rs29704 21386819 1 2.7775830462515607e-4 21386819 21386819 0
19 126 rs10402917 4211256 1 -2.764582310209479e-4 4211256 4211256 0
19 2310 rs3826923 40188968 2 -2.760368217578643e-4 40188968 40188968 0
19 445 rs12977368 9060059 1 -2.7458961038751494e-4 9060059 9060059 0
19 2019 rs10420543 35897918 1 -2.6932586257616376e-4 35897918 35897918 0
19 2940 rs11667393 49662027 1 2.6782616222091013e-4 49662027 49662027 0
19 1680 rs276725 31509362 1 2.6601082805297705e-4 31509362 31509362 0
19 238 rs8104835 6325659 1 -2.6415124469086925e-4 6325659 6325659 0
19 1668 rs735757 31336715 1 -2.639454679127815e-4 31336715 31336715 0
19 398 rs2913968 8467235 1 -2.6165191931008705e-4 8467235 8467235 0
19 3301 rs6509740 53738985 1 -2.603135296068529e-4 53738985 53738985 0
19 1921 rs166988 34333914 1 2.600330163655752e-4 34333914 34333914 0
19 2745 rs4803953 46959007 1 -2.574450121831606e-4 46959007 46959007 0
19 2576 rs2609886 44803508 1 2.537789030962564e-4 44803508 44803508 0
19 185 rs263066 5027230 1 2.5347573753777507e-4 5027230 5027230 0
19 1860 rs17833533 33630693 1 2.503331023234866e-4 33630693 33630693 0
19 3272 rs4802987 53233273 1 -2.5005098565646837e-4 53233273 53233273 0
19 2768 rs384842 47379025 1 2.496417268122315e-4 47379025 47379025 0
19 1434 rs7246810 28948389 1 2.4703067321509725e-4 28948389 28948389 0
19 2365 rs814528 41014922 1 -2.4400211770326093e-4 41014922 41014922 0
19 1122 rs4808727 18083619 1 2.4237788834054492e-4 18083619 18083619 0
19 2484 rs3213403 44046728 1 -2.4055771364097977e-4 44046728 44046728 0
19 2059 rs73592448 36258721 1 2.3966499741514896e-4 36258721 36258721 0
19 1912 rs4805924 34168273 1 -2.3921772202534165e-4 34168273 34168273 0
19 3511 rs61740015 56485077 2 2.3750571937568123e-4 56485077 56485077 0
19 3140 rs17239287 52022033 1 -2.3686301486845204e-4 52022033 52022033 0
19 2277 rs692364 39605882 1 2.3444277049575473e-4 39605882 39605882 0
19 803 rs10415354 14709815 1 -2.340889084516338e-4 14709815 14709815 0
19 2820 rs3815908 48522869 1 2.312320077673016e-4 48522869 48522869 0
19 3114 rs36489 51954094 2 2.306688217002422e-4 51954094 51954094 0
19 1161 rs8107912 18707048 1 2.3015421672142677e-4 18707048 18707048 0
19 3582 rs2041397 57231002 1 -2.2496799674258389e-4 57231002 57231002 0
19 2895 rs281398 49177030 1 -2.24567850235628e-4 49177030 49177030 0
19 3747 rs7256349 58718269 1 -2.235895819900612e-4 58718269 58718269 0
19 1473 rs978348 29317130 1 2.2260597074454355e-4 29317130 29317130 0
19 2606 rs2686768 44995990 1 -2.2247396286469555e-4 44995990 44995990 0
19 873 rs11574685 15166997 1 -2.218891371727983e-4 15166997 15166997 0
19 3430 rs10404178 55780487 1 2.2034784704929024e-4 55780487 55780487 0
19 2345 rs2111544 40519935 1 -2.202110115500164e-4 40519935 40519935 0
19 783 rs75841596 14164629 1 -2.1653947690718385e-4 14164629 14164629 0
19 3241 rs321946 52859828 1 2.1441447513225457e-4 52859828 52859828 0
19 2442 rs1990301 42147477 2 2.133136005878915e-4 42147477 42147477 0
19 1712 rs10421853 31960060 1 2.1116941214555668e-4 31960060 31960060 0
19 3081 rs8111658 51561023 1 -2.0570623429130651e-4 51561023 51561023 0
19 3517 rs306472 56493232 2 2.05203519530779e-4 56493232 56493232 0
19 242 rs35001260 6468907 1 -2.0498206584723604e-4 6468907 6468907 0
19 3328 rs4801983 53975468 1 -2.047950443852225e-4 53975468 53975468 0
19 1858 rs10421769 33605312 1 -2.019216246775252e-4 33605312 33605312 0
19 2352 rs892120 40759660 1 -2.005781045737637e-4 40759660 40759660 0
19 3609 rs8105442 57582025 1 -1.99181694157528e-4 57582025 57582025 0
19 1635 rs1433071 30913098 1 1.9714275522895712e-4 30913098 30913098 0
19 2803 rs7248427 48346161 1 1.9599613411187589e-4 48346161 48346161 0
19 463 rs2591593 9075969 1 -1.9581372174930423e-4 9075969 9075969 0
19 879 rs1044123 15270583 1 1.95617090076923e-4 15270583 15270583 0
19 3112 rs9304712 51925519 1 -1.9313072073670875e-4 51925519 51925519 0
19 2519 rs189445 44331710 1 -1.930966722413012e-4 44331710 44331710 0
19 3643 rs4801216 57835252 1 1.9069823051870425e-4 57835252 57835252 0
19 217 rs17271883 5834212 1 1.8740178172781257e-4 5834212 5834212 0
19 1230 rs7254670 20466055 1 1.8524924300468776e-4 20466055 20466055 0
19 560 rs1799969 10394792 1 1.8509978538523445e-4 10394792 10394792 0
19 2097 rs3108580 37056330 2 1.848159515817091e-4 37056330 37056330 0
19 2240 rs35364374 38983180 1 -1.8217613096678425e-4 38983180 38983180 0
19 1020 rs2306843 16797415 2 1.8066887240428308e-4 16797415 16797415 0
19 1026 rs773901 17003789 1 1.7950011352161726e-4 17003789 17003789 0
19 817 rs3813145 14806162 1 1.773539559359458e-4 14806162 14806162 0
19 309 rs4804103 7235389 1 1.7644980868454765e-4 7235389 7235389 0
19 1007 rs751403 16311070 1 1.742231902807968e-4 16311070 16311070 0
19 2701 rs12460033 46406698 1 1.7351317914781827e-4 46406698 46406698 0
19 73 rs929535 2977638 1 1.7264525110493358e-4 2977638 2977638 0
19 2311 rs3810396 40189338 2 -1.7260420248577606e-4 40189338 40189338 0
19 3266 rs1056185 53117531 2 1.725759922317788e-4 53117531 53117531 0
19 2397 rs2099361 41498348 1 1.7207361094306967e-4 41498348 41498348 0
19 3010 rs35209148 50940938 1 1.7039238967882345e-4 50940938 50940938 0
19 346 rs608773 7837306 1 -1.6886007084947983e-4 7837306 7837306 0
19 1530 rs8106958 29599586 1 -1.65009633916733e-4 29599586 29599586 0
19 100 rs11085029 3624838 1 1.649259501039794e-4 3624838 3624838 0
19 66 rs61742111 2917178 1 1.6424636090220493e-4 2917178 2917178 0
19 434 rs10854118 9048342 1 1.6410133795810006e-4 9048342 9048342 0
19 791 rs9917042 14494473 1 1.6361797513543818e-4 14494473 14494473 0
19 2630 rs78626419 45179567 1 -1.5795273827914522e-4 45179567 45179567 0
19 528 rs10422028 9781354 2 -1.5795069960848764e-4 9781354 9781354 0
19 1686 rs10418984 31838378 1 -1.5520171658837384e-4 31838378 31838378 0
19 2882 rs10413911 49046562 1 -1.527224911256558e-4 49046562 49046562 0
19 150 rs2288932 4475362 2 1.5004996381666707e-4 4475362 4475362 0
19 2755 rs8102503 47035436 1 -1.492965314422832e-4 47035436 47035436 0
19 3401 rs1654504 55505557 1 1.438552206856893e-4 55505557 55505557 0
19 2930 rs4802552 49590938 1 1.4375830972165998e-4 49590938 49590938 0
19 2276 rs1672661 39599972 1 -1.4290751954380355e-4 39599972 39599972 0
19 3228 rs4802915 52766862 1 1.3903860577646937e-4 52766862 52766862 0
19 786 rs8108124 14417570 1 1.3769519830750964e-4 14417570 14417570 0
19 403 rs7255548 8542737 1 1.3624978446997787e-4 8542737 8542737 0
19 3592 rs1558355 57323275 1 -1.3508580039203638e-4 57323275 57323275 0
19 1432 rs2108594 28898556 1 -1.3384023576391838e-4 28898556 28898556 0
19 2488 rs2682585 44081288 1 1.3272132801904116e-4 44081288 44081288 0
19 787 rs12609693 14418788 1 -1.3069887607140067e-4 14418788 14418788 0
19 1343 rs1816412 24058196 1 -1.3056664821425287e-4 24058196 24058196 0
19 725 rs1133330 12772090 1 1.3000490609755625e-4 12772090 12772090 0
19 875 rs149426594 15235879 1 1.2811109912483676e-4 15235879 15235879 0
19 3040 rs10853825 51306948 1 -1.2614577102436757e-4 51306948 51306948 0
19 56 rs17685286 2833562 2 -1.256832078669774e-4 2833562 2833562 0
19 1923 rs7245483 34358606 1 -1.2534962033258957e-4 34358606 34358606 0
19 976 rs144011208 16024140 1 1.2383167259688194e-4 16024140 16024140 0
19 3447 rs4801608 55941508 1 -1.234723951450873e-4 55941508 55941508 0
19 2136 rs1644670 37476061 1 1.2293722597790747e-4 37476061 37476061 0
19 1193 rs10401926 19792050 1 1.2291297056569696e-4 19792050 19792050 0
19 1970 rs10417707 35252538 1 -1.2276584530295098e-4 35252538 35252538 0
19 991 rs4808019 16150779 1 1.1846533822954512e-4 16150779 16150779 0
19 224 rs673153 6033976 1 -1.1795842862219272e-4 6033976 6033976 0
19 1087 rs8109373 17579984 1 1.163874614036828e-4 17579984 17579984 0
19 3380 rs1895375 55035001 2 1.1575878339222308e-4 55035001 55035001 0
19 2394 rs4001941 41426424 1 1.1496384585091808e-4 41426424 41426424 0
19 1163 rs876982 18782377 1 -1.146578260832518e-4 18782377 18782377 0
19 237 rs4807863 6306971 1 1.1346263481370064e-4 6306971 6306971 0
19 1737 rs1074552 32636434 1 1.104447428835473e-4 32636434 32636434 0
19 2500 rs2302524 44156472 1 1.0867257660721338e-4 44156472 44156472 0
19 3090 rs2075803 51628529 1 1.0773651590864693e-4 51628529 51628529 0
19 2299 rs8112528 39977173 1 1.0741134065550484e-4 39977173 39977173 0
19 1379 rs8113374 28460625 1 -1.07357304068485e-4 28460625 28460625 0
19 3289 rs1045764 53611473 1 1.0626401890274082e-4 53611473 53611473 0
19 1102 rs12978218 17802817 1 -1.0437536084273012e-4 17802817 17802817 0
19 1212 rs2009723 20091702 1 -1.0322525384626472e-4 20091702 20091702 0
19 2841 rs16981262 48605823 1 1.023424272086147e-4 48605823 48605823 0
19 1525 rs10413904 29575500 1 -9.72862002713103e-5 29575500 29575500 0
19 112 rs6510774 3841051 1 -9.506098464354484e-5 3841051 3841051 0
19 809 rs732722 14744032 1 -9.363456882134049e-5 14744032 14744032 0
19 1215 rs12327700 20116641 1 9.047634330540276e-5 20116641 20116641 0
19 1681 rs4805644 31635312 2 -8.798700504378471e-5 31635312 31635312 0
19 3398 rs269957 55445174 2 8.526270876398501e-5 55445174 55445174 0
19 3287 rs8102799 53602953 1 8.455355176769698e-5 53602953 53602953 0
19 838 rs12972670 14952238 2 -8.36616755712507e-5 14952238 14952238 0
19 3671 rs61731281 58017753 1 -8.361826741631266e-5 58017753 58017753 0
19 3679 rs11883343 58117399 1 8.030006443584815e-5 58117399 58117399 0
19 826 rs2214471 14844656 1 8.020892650191863e-5 14844656 14844656 0
19 2249 rs732135 39141974 1 -7.855928377850486e-5 39141974 39141974 0
19 788 rs4545927 14438596 1 -7.60902405876229e-5 14438596 14438596 0
19 778 rs7248982 13997393 1 -7.341765840711281e-5 13997393 13997393 0
19 86 rs4807425 3229224 1 -7.229871882391701e-5 3229224 3229224 0
19 1394 rs934109 28685647 1 -7.170473667910398e-5 28685647 28685647 0
19 1211 rs12460082 20061057 1 7.168275003556618e-5 20061057 20061057 0
19 399 rs2967605 8469738 1 -7.124622899330595e-5 8469738 8469738 0
19 3154 rs7245800 52083552 1 -7.083443570781163e-5 52083552 52083552 0
19 1263 rs1781867 21487170 1 7.002880684717463e-5 21487170 21487170 0
19 2282 rs9676717 39678078 1 6.893710774384684e-5 39678078 39678078 0
19 631 rs8409 11319491 1 -6.822174378762151e-5 11319491 11319491 0
19 2147 rs8104919 37503783 1 -6.635706843093285e-5 37503783 37503783 0
19 2635 rs117737673 45322316 1 -6.427126465729376e-5 45322316 45322316 0
19 245 rs12151125 6524406 2 6.221240425482674e-5 6524406 6524406 0
19 2714 rs746401 46498827 1 -6.19380525234365e-5 46498827 46498827 0
19 3480 rs441827 56369189 1 6.025001745910628e-5 56369189 56369189 0
19 3741 rs2052735 58626112 1 -5.9944158818654734e-5 58626112 58626112 0
19 2259 rs144373891 39379770 2 -5.9940351943454494e-5 39379770 39379770 0
19 2759 rs7259810 47103428 1 -5.9317657194941474e-5 47103428 47103428 0
19 3377 rs8100732 55010819 1 5.8823871159184384e-5 55010819 55010819 0
19 2657 rs11559024 45821183 1 -5.796355150308146e-5 45821183 45821183 0
19 1875 rs736289 33757062 1 5.787892126148752e-5 33757062 33757062 0
19 317 rs7507911 7298095 1 -5.709697605529026e-5 7298095 7298095 0
19 3595 rs8100664 57396250 2 5.6610821645785984e-5 57396250 57396250 0
19 3355 rs654765 54590836 1 -5.551830757444295e-5 54590836 54590836 0
19 918 rs2683049 15764961 1 -5.547387152649132e-5 15764961 15764961 0
19 1274 rs10415147 21953645 2 5.415574935604744e-5 21953645 21953645 0
19 519 rs6512047 9437812 1 -5.215449375874281e-5 9437812 9437812 0
19 1951 rs4805084 34982559 1 4.6546416762148526e-5 34982559 34982559 0
19 3270 rs4287691 53157096 1 -4.5936179096685414e-5 53157096 53157096 0
19 2152 rs4254428 37584650 1 -4.5331657059213547e-5 37584650 37584650 0
19 1236 rs10421633 20793168 1 -4.506493590616659e-5 20793168 20793168 0
19 2035 rs2106446 36012084 1 4.502741894284257e-5 36012084 36012084 0
19 117 rs11880023 4074697 1 4.493827681702584e-5 4074697 4074697 0
19 3772 rs7257872 58928786 1 4.3048715787283054e-5 58928786 58928786 0
19 1594 rs1560188 30198465 1 -4.030882099746964e-5 30198465 30198465 0
19 1544 rs3760841 29705783 1 -3.869913675405366e-5 29705783 29705783 0
19 2649 rs10413089 45455588 1 -3.856457788911813e-5 45455588 45455588 0
19 170 rs8120 4816160 1 3.698585655998337e-5 4816160 4816160 0
19 3700 rs74939505 58213743 2 3.6653696475541075e-5 58213743 58213743 0
19 718 rs7248145 12639911 2 3.244664401618608e-5 12639911 12639911 0
19 1719 rs10425801 32184092 1 -2.975247770015309e-5 32184092 32184092 0
19 216 rs3916080 5832899 1 2.945071580192027e-5 5832899 5832899 0
19 2962 rs12974414 49960479 1 2.461822463301522e-5 49960479 49960479 0
19 3115 rs39711 51954858 1 2.38609171903692e-5 51954858 51954858 0
19 1282 rs2435039 22036167 1 -2.3735027751388236e-5 22036167 22036167 0
19 3347 rs454006 54390121 1 -2.076891727080997e-5 54390121 54390121 0
19 877 rs12710297 15255226 1 2.0649217346240776e-5 15255226 15255226 0
19 3349 rs217541 54443866 1 1.9700325818937532e-5 54443866 54443866 0
19 2713 rs749818 46496793 1 1.8444949533485563e-5 46496793 46496793 0
19 3034 rs55716643 51297825 1 1.802367666349276e-5 51297825 51297825 0
19 3740 rs918545 58620068 1 -1.4527116454946516e-5 58620068 58620068 0
19 2997 rs650262 50751361 1 1.1923451375511652e-5 50751361 50751361 0
19 2876 rs276720 48909671 1 1.0260730882473489e-5 48909671 48909671 0
19 509 rs8102181 9317864 1 -1.0007631446368318e-5 9317864 9317864 0
19 1316 rs10420648 22767819 1 9.892511144682916e-6 22767819 22767819 0
19 1342 rs2099351 23763379 1 -9.821079785660785e-6 23763379 23763379 0
19 2615 rs17800789 45015020 1 9.257001506477483e-6 45015020 45015020 0
19 647 rs420703 11411868 1 -9.191378701361716e-6 11411868 11411868 0
19 3263 rs329973 53105547 1 8.927427879287302e-6 53105547 53105547 0
19 120 rs12459940 4118871 1 -8.446876704285595e-6 4118871 4118871 0
19 1863 rs17833557 33636919 1 6.283019149705581e-6 33636919 33636919 0
19 2534 rs11881642 44454909 1 -6.169110078037102e-6 44454909 44454909 0
19 1406 rs4805143 28789999 1 5.580495798614118e-6 28789999 28789999 0
19 2449 rs1001578 42195120 1 -5.45661451768604e-6 42195120 42195120 0
19 1431 rs8111081 28898063 1 4.260373342548481e-6 28898063 28898063 0
19 2316 rs10421474 40235008 1 -4.114061410195312e-6 40235008 40235008 0
19 263 rs473021 6788907 1 -3.480582106188507e-6 6788907 6788907 0
19 2421 rs2304230 41774064 1 -2.7206594843441254e-6 41774064 41774064 0
19 645 rs377665 11409061 1 1.7140217022151093e-6 11409061 11409061 0
19 2765 rs1644343 47285589 1 1.2772513161925956e-6 47285589 47285589 0
19 2140 rs1644685 37484649 1 6.821000946050549e-15 37484649 37484649 0
19 2323 rs1017078 40302169 1 1.5444504344978194e-15 40302169 40302169 0
19 3396 rs623383 55434575 1 1.0287449197560514e-15 55434575 55434575 0
19 2141 rs935706 37487632 1 3.30866616712529e-16 37487632 37487632 0
19 2929 rs4802547 49572547 1 2.9884380900278204e-16 49572547 49572547 0
19 1003 rs897775 16282517 1 2.458050927093763e-16 16282517 16282517 0
19 3035 rs55735528 51297826 1 2.272700338009715e-16 51297826 51297826 0
19 1706 rs11880316 31911129 1 1.930071894627871e-16 31911129 31911129 0
19 827 rs2732796 14844775 1 1.342606646936335e-16 14844775 14844775 0
19 3664 rs2074058 57984918 1 2.0307272190915948e-17 57984918 57984918 0
19 2775 rs11880097 47823871 1 6.76828493701608e-18 47823871 47823871 0
