CHR Group SNP.lead BP.lead Size W BP.min BP.max BP.width
8 303 rs2720667 129083584 12 0.0980365212149022 129058356 129288749 230393
8 302 rs993725 128988220 6 0.04401495650981521 128758861 129039139 280278
8 319 rs3958181 134638258 11 0.03392798459770831 134579093 134721707 142614
8 200 rs1966115 79556891 7 0.03381485659816421 78644605 79743689 1099084
8 163 rs10957150 61512060 10 0.03308260553653248 60478117 61809348 1331231
8 97 rs1010848 23351759 10 0.03039165704309329 23041082 23383743 342661
8 215 rs10094579 90849305 9 0.03002228507779655 90678123 91366482 688359
8 188 rs6994325 72764061 10 0.02958453269498289 72761190 73229560 468370
8 75 rs10110600 18444535 2 0.02917792451375954 18333109 18498687 165578
8 271 rs10505343 119580807 3 0.02761301122468677 119499751 119663714 163963
8 201 rs16906530 80046610 4 0.02554686863459056 79762658 80652442 889784
8 56 rs7822459 13402465 6 0.02554611399558791 13397806 13701631 303825
8 347 rs878421 142328020 7 0.02259242666456208 142201477 142367087 165610
8 224 rs730820 96230428 6 0.02235419864637469 96186655 96364688 178033
8 108 rs3779916 26250906 2 0.0222296740269137 26118439 26313736 195297
8 51 rs2248334 11514071 7 0.02217044241224216 11479356 11702542 223186
8 312 rs4736476 132489214 3 0.0219305248506732 132202889 132521299 318410
8 246 rs2436889 103576658 6 0.0219134435112969 103209964 103695930 485966
8 111 rs10503814 27454575 6 0.02171906373619239 27073268 27454575 381307
8 5 rs997378 1843091 4 0.02161197752074543 1654818 1847184 192366
8 310 rs10505554 131670595 3 -0.02159678074025675 131554761 131774876 220115
8 122 rs9642710 30218245 6 -0.02153544059641865 30174964 30802695 627731
8 305 rs7834375 129603185 13 -0.0214510697111261 129603185 129988219 385034
8 73 rs537700 17759924 13 0.0206641456563954 17599574 17942204 342630
8 268 rs10089009 118638878 6 -0.02004095557009089 118418008 118761500 343492
8 22 rs7822226 4091132 3 0.01839636712370086 4080144 4131490 51346
8 238 rs7832617 101525085 3 0.01794699717129204 101524955 101821743 296788
8 29 rs2052335 5212268 7 -0.016710964422642 5150113 5392336 242223
8 270 rs4876412 119427392 12 0.01664390481600564 119098527 119492578 394051
8 134 rs7835508 38782627 1 -0.01648830755893702 38656652 38804226 147574
8 52 rs9644758 11818364 1 0.0164208211687073 11763932 11853596 89664
8 55 rs4376497 13330640 4 -0.01616609198093751 12996384 13380879 384495
8 283 rs7159 124027628 4 0.0160386982569747 124023374 124473894 450520
8 25 rs1983474 4403586 4 0.01501475344105158 4357525 4476957 119432
8 42 rs1016512 8881820 8 0.0147658564593888 8536451 9009906 473455
8 74 rs4921914 18272438 11 0.01474920986668436 17950757 18283339 332582
8 162 rs10103231 60413073 6 0.0141509394648781 60002542 60413073 410531
8 218 rs16914984 93454053 3 -0.01410946103461164 93184065 93535437 351372
8 80 rs10107533 19379421 10 0.0141050538925553 19137542 19489046 351504
8 269 rs7006696 119007276 5 -0.01396744428252446 118774997 119084385 309388
8 296 rs6470466 127739184 7 0.01369959149755167 127678326 128067513 389187
8 79 rs1915418 19093006 4 0.01346132371536999 18981713 19093006 111293
8 87 rs2446614 21105345 2 -0.01319561624483668 21038301 21199381 161080
8 99 rs17784945 23691273 5 0.0131441005634894 23551671 23757657 205986
8 144 rs2128001 51461513 8 0.01311324177730205 50303943 51462163 1158220
8 356 rs10866910 144420930 3 0.01297264585986104 144258705 144446285 187580
8 251 rs9886642 106022458 4 0.01277459497321447 105989262 106482105 492843
8 132 rs2517388 37977732 7 -0.01230950747875295 37977732 38362521 384789
8 272 rs1032128 119951773 6 0.0121468167810019 119766194 120459480 693286
8 171 rs10808747 66677039 7 -0.0118225483396563 66065387 66940998 875611
8 194 rs13263313 75225381 4 0.01180546777831893 75032879 75246125 213246
8 124 rs4733242 31148512 3 0.01178318311629281 31140870 32026449 885579
8 204 rs10095139 81397268 2 0.0116550496329984 81397268 81873396 476128
8 265 rs2511653 117621592 6 0.01150092037076109 117236486 117783975 547489
8 273 rs13268676 120795607 5 0.01144857486941665 120501956 121104786 602830
8 182 rs7822729 70838395 3 0.01092892284615371 70731059 70863894 132835
8 32 rs17456044 5774771 8 -0.0108309059521397 5579875 5774771 194896
8 292 rs4870946 126603194 4 -0.01068577052675351 126576084 126705306 129222
8 315 rs9297853 133584558 9 -0.01020333087687531 133458487 133975056 516569
8 151 rs6473849 54460873 16 0.01018369874086288 54399129 55258998 859869
8 250 rs3134467 105979256 8 0.00994492976604443 105395583 105979256 583673
8 205 rs4436084 82038006 1 0.00964967702360196 81904003 82038006 134003
8 68 rs1615196 16843277 3 0.00942655623449971 16755485 16871448 115963
8 153 rs4478549 56181259 12 0.00937410327736312 55937602 56589428 651826
8 126 rs4733166 33571496 13 0.00927360454705961 33059828 34770257 1710429
8 234 rs10955157 99227157 2 0.00923961254471435 99101976 99254045 152069
8 85 rs13260745 20564192 7 -0.00920264006147136 20486184 20787381 301197
8 259 rs973815 111056336 1 0.00917525942608769 111056336 112608658 1552322
8 334 rs6577902 139263840 4 0.00912841470126059 139260668 139390139 129471
8 113 rs1001866 27836417 2 -0.00910403287450899 27763129 27879595 116466
8 176 rs1434927 69539842 6 0.00901737199425587 69132033 69620696 488663
8 343 rs6999707 140963102 4 0.00891951433071114 140869942 141100784 230842
8 274 rs10101508 121398874 3 -0.00885372747998797 121180667 121526747 346080
8 128 rs7814362 36496796 2 0.00883477040865907 35920869 36965264 1044395
8 321 rs13267601 135021967 11 0.00872768190251798 134966090 135162202 196112
8 167 rs4737595 62736289 9 0.00868284707608369 62705616 63737308 1031692
8 301 rs7841193 128677531 2 0.00860992884459541 128677531 128718068 40537
8 69 rs7845103 17084866 5 0.0085640397775485 16905525 17226856 321331
8 4 rs4876086 1483050 8 0.00854745793655729 1319724 1625104 305380
8 197 rs1464093 76474058 11 0.00837510241426616 76306257 77331219 1024962
8 148 rs6981742 53287893 4 0.00812722083565366 53112386 53295870 183484
8 93 rs4872524 22489537 3 0.00805106487634848 22439442 22578872 139430
8 337 rs2292927 139838912 1 0.00804549774021302 139818903 139846822 27919
8 260 rs17524343 112764621 7 0.00793026178973729 112656042 114776941 2120899
8 36 rs1550697 6266774 5 0.00789131122592966 6229808 6398327 168519
8 344 rs11776464 141198629 4 -0.00788669120229165 141160226 141461266 301040
8 309 rs2912191 131300036 14 0.00780176087764894 131027338 131540586 513248
8 285 rs13258681 124714722 3 -0.00760408685010376 124689847 124857300 167453
8 88 rs17607868 21306658 7 -0.00756650545280501 21217677 21475703 258026
8 308 rs16904143 130702811 4 0.00755804981755465 130702811 131025818 323007
8 27 rs7000866 4815661 1 -0.00754176263997868 4775412 4875172 99760
8 133 rs1671624 38472572 4 -0.00741355778700354 38385914 38559825 173911
8 16 rs1161536 3261022 5 -0.00740796756220779 3255581 3390607 135026
8 290 rs3909714 125968659 4 0.00736895707994987 125836386 126303847 467461
8 207 rs988664 83329097 12 0.0070756691873839 82892518 83725076 832558
8 70 rs11203855 17292466 4 0.00684889870711734 17243260 17359171 115911
8 23 rs10091031 4190180 3 0.00678269813108647 4162862 4271213 108351
8 239 rs4734487 101862313 2 0.00675372720682381 101859831 102058350 198519
8 121 rs16876489 29971290 3 -0.00667360188723941 29846153 30149262 303109
8 235 rs4476980 99374659 3 0.00666692680379797 99262445 99391285 128840
8 203 rs6473219 81245003 3 0.00661627510883756 81120044 81338686 218642
8 83 rs7835387 20150536 2 0.00661353637158854 19995717 20185310 189593
8 48 rs7832722 10965442 3 0.0064208945783733 10861385 11045161 183776
8 173 rs16933522 68604866 7 0.00631617119142439 67478431 68664102 1185671
8 221 rs6983017 94407069 6 0.0061603289900443 94323772 94991734 667962
8 60 rs4596659 14695745 5 0.00610862336187935 14529851 14868808 338957
8 257 rs1039165 109724786 9 -0.00603745527379772 108850819 109921843 1071024
8 237 rs1660351 101275034 3 0.00599582163672095 101024505 101474782 450277
8 253 rs7845449 106715767 1 -0.00588003546509718 106715767 107337281 621514
8 354 rs28491316 143992661 2 -0.00586830246081769 143645999 144107977 461978
8 131 rs7463174 37635649 2 0.00569829218554146 37635649 37750289 114640
8 324 rs1000394 135870334 1 -0.00566033428367295 135864228 135962651 98423
8 297 rs2456449 128192981 2 0.005654480141367 128072019 128192981 120962
8 112 rs3103908 27549421 1 0.00553864321387749 27476815 27753688 276873
8 98 rs4872145 23397750 6 0.00540829262838553 23396101 23536098 139997
8 199 rs10113207 78088940 6 -0.00539682496727606 77876363 78631154 754791
8 78 rs334213 18910834 2 0.00538954692347482 18819473 18947138 127665
8 345 rs2293939 141551407 3 0.00520315721776386 141506903 142025644 518741
8 107 rs17243310 26001404 1 0.00518806707943858 25974894 26072964 98070
8 40 rs7834209 6919748 2 0.00515979424843079 6811559 7007415 195856
8 41 rs7843504 8439068 3 -0.00505230681679258 8105359 8503446 398087
8 149 rs10095724 53739232 8 0.0049203261696397 53328331 54106610 778279
8 46 rs7009513 10284051 3 0.00490566617013175 10071620 10470148 398528
8 160 rs13251750 59261256 5 -0.00489171901089191 59081949 59708309 626360
8 155 rs1263156 57541715 6 0.00484946894861462 57450478 57709500 259022
8 109 rs328076 26328656 6 0.0048442826649762 26328656 26678206 349550
8 159 rs7006812 58928607 1 0.00477296156838904 58928607 59025114 96507
8 212 rs13248723 88655584 3 0.00477120162792057 88009165 89083979 1074814
8 35 rs4840830 6209425 2 -0.00476720622611535 6155658 6210460 54802
8 222 rs977274 95279760 4 -0.00451123023954018 95009020 95279760 270740
8 19 rs10102119 3670381 4 -0.00428150062631312 3647890 3775815 127925
8 357 rs148555909 144892984 8 -0.00428077019217406 144520668 144929811 409143
8 104 rs11782477 25478871 1 -0.00415490452240082 25478871 25557962 79091
8 11 rs6558685 2597331 4 0.00413644806253075 2576054 2667710 91656
8 217 rs6992905 92916704 1 -0.00403241468913447 92360193 93098924 738731
8 228 rs935190 97069446 4 0.00390179597905835 96905645 97219690 314045
8 81 rs7001715 19507270 9 0.00389629556177074 19495610 19805708 310098
8 216 rs2339289 91937320 5 -0.00368666048570099 91434040 92354921 920881
8 327 rs7460819 136735506 13 0.00368462647468036 136713137 137301441 588304
8 225 rs2221222 96452712 5 -0.00363712727316577 96405931 96530971 125040
8 211 rs4961172 87313475 10 0.00357597565008977 87277575 87982674 705099
8 45 rs6983566 9931941 5 0.00354910114689256 9388022 10046638 658616
8 262 rs10113591 115345232 8 -0.00353077035580248 115027676 116095815 1068139
8 7 rs4875929 1991352 1 0.00352662442070044 1978115 2050596 72481
8 63 rs10093681 15527376 5 0.00344303502328286 15378002 15686349 308347
8 256 rs10087176 108788603 2 0.00330395687661626 108669676 108789816 120140
8 142 rs9785104 48129224 3 0.00329041995947268 42351311 48885049 6533738
8 65 rs891320 16245654 2 -0.00328474380898363 15997974 16245654 247680
8 314 rs6415551 133378714 3 0.00328269872235683 133156467 133448569 292102
8 220 rs7818649 94167493 4 0.00323968259840971 94039867 94261533 221666
8 102 rs1527033 24889912 4 0.00322111608164402 24709967 25061807 351840
8 214 rs1240073 90102800 8 -0.00320313367796566 89773651 90624692 851041
8 178 rs10087206 70077682 4 0.00318836967754988 69873833 70143771 269938
8 317 rs2977527 134213685 3 -0.00318555602331728 134196037 134332117 136080
8 264 rs2223059 117129410 5 -0.0031344314925942 116367545 117129410 761865
8 294 rs4871661 127174013 5 0.00311254687732754 127030253 127477665 447412
8 100 rs7845836 23932243 3 0.00308764660419765 23893742 24207438 313696
8 277 rs13267240 122330471 8 0.00308607920707058 122148511 122619283 470772
8 90 rs56094005 21769432 3 0.00306281485419242 21662445 21896097 233652
8 227 rs13253287 96771076 6 0.00300754383739979 96738171 96896725 158554
8 206 rs10112819 82691708 6 -0.00300462963027942 82234543 82879546 645003
8 15 rs12216867 3088577 3 -0.00300315565469639 3050524 3233443 182919
8 208 rs16911067 83762709 5 0.00292301987992546 83738448 84698627 960179
8 44 rs12543276 9178921 4 -0.0028970013629079 9177732 9375944 198212
8 193 rs12549456 74455870 6 0.00287882150375478 74300542 74959000 658458
8 210 rs2626326 87146973 1 -0.00287763578441489 85819819 87241715 1421896
8 282 rs7828669 123938787 2 0.00287583193990732 123897867 123988424 90557
8 119 rs2341797 29331251 5 0.00285688491781644 29331251 29639419 308168
8 34 rs4840555 6106751 4 0.00278142242403748 6024175 6128828 104653
8 336 rs11166833 139670242 1 -0.00275377814403905 139634170 139764832 130662
8 279 rs17270266 123443180 2 0.00270980272886472 123135434 123543258 407824
8 47 rs7834573 10576464 8 0.0026850644331249 10516185 10830743 314558
8 92 rs4872471 22192692 1 -0.00267752464970371 22192692 22386479 193787
8 94 rs12682049 22663527 4 -0.00264238035715021 22601787 22713012 111225
8 138 rs7016856 40440413 10 0.0025697223997066 40427255 40698232 270977
8 166 rs2350620 62497607 4 0.00252610824059126 62365737 62690015 324278
8 195 rs13268614 75657127 8 0.00250417137964217 75254086 75764715 510629
8 185 rs10092844 72213290 2 -0.00247095789290919 72184898 72263956 79058
8 248 rs1497456 104181000 4 -0.00244441405860394 104097396 104446696 349300
8 252 rs1037304 106627197 2 0.00236096263559006 106515179 106665439 150260
8 192 rs2383878 74065619 3 -0.00233641929777678 74038994 74283845 244851
8 76 rs901733 18559665 4 0.00230426226964968 18519032 18665523 146491
8 125 rs12682440 32592627 12 -0.00230182217337244 32143462 32748779 605317
8 172 rs4737782 67218257 2 0.00224322075590502 66974252 67384122 409870
8 129 rs489583 37003868 3 -0.00222941591322153 36994316 37317145 322829
8 141 rs11986055 42135178 3 0.00221819077068691 41794934 42281634 486700
8 0 rs13271818 326522 9 0.00214425000538636 190568 507994 317426
8 191 rs6984102 74022804 1 -0.002135535724276 73850203 74034680 184477
8 330 rs11992583 138617100 8 -0.00212205653229452 138231791 138629984 398193
8 30 rs2733083 5492579 1 0.00212151528174525 5423292 5492579 69287
8 329 rs305234 137600653 2 0.00203864022605495 137564311 138213978 649667
8 275 rs7825018 121654755 4 0.0019961776755174 121562418 121855464 293046
8 174 rs4437632 68851492 3 0.0019318385792511 68708402 68970343 261941
8 12 rs12546807 2763790 3 0.00191062107402538 2685370 2788108 102738
8 261 rs11784189 114974132 4 -0.00189045241387259 114793032 114978390 185358
8 323 rs7840306 135442374 5 0.00184171152658542 135412090 135793846 381756
8 196 rs2383928 75910104 4 -0.00182918200257 75792274 76292539 500265
8 168 rs7821895 63984768 3 0.00181444366956321 63773787 64211416 437629
8 231 rs2567771 98285120 3 -0.00176191360341345 98153281 98291647 138366
8 299 rs9297756 128440167 1 -0.00173632483891446 128413305 128545383 132078
8 145 rs10958249 52102658 5 0.00169555027078205 51480478 52532601 1052123
8 179 rs12676187 70353579 6 0.00166630727999622 70237924 70412450 174526
8 110 rs17426222 26717817 5 0.00164162013084164 26695617 27021712 326095
8 278 rs6651164 123004940 2 0.00163953272411906 122674244 123019652 345408
8 353 rs10435683 143413136 4 0.00157698501880724 143265173 143514434 249261
8 266 rs4876702 118121734 2 0.00157237497837105 117838623 118174941 336318
8 358 rs12550729 145155408 1 -0.00157128527571245 144995939 145286483 290544
8 226 rs11776832 96536023 2 0.00154080900985478 96536023 96699609 163586
8 61 rs13265356 14969057 2 0.00150187261959039 14879087 14996912 117825
8 26 rs12677376 4611924 2 0.0014981085792723 4505914 4728668 222754
8 24 rs4875349 4328106 2 0.00146999881470202 4279582 4341641 62059
8 230 rs750343 97643454 5 0.00146828618070477 97534651 98109070 574419
8 116 rs7006959 28461323 2 0.00143935222305011 28359611 28585452 225841
8 219 rs7009343 93831343 3 0.00132814519242926 93567187 94032622 465435
8 21 rs7841311 4055073 4 0.00128805847581004 3937191 4055073 117882
8 115 rs12056907 28240092 2 0.00128530936782598 28165985 28296171 130186
8 202 rs16907441 80993478 1 -0.00124257155126583 80660497 81065580 405083
8 135 rs6474129 39199543 5 0.00123188429296751 38854041 39816468 962427
8 169 rs6472136 65106652 8 -0.0012279755026776 64219345 65427707 1208362
8 187 rs7459644 72718314 10 -0.00114068983032251 72541728 72743597 201869
8 255 rs4595097 108299501 3 -0.00113470012706796 108119964 108638344 518380
8 184 rs1481792 72089631 1 0.00111065738931283 72017177 72139309 122132
8 311 rs398267 131816901 3 -0.00110541329104418 131789849 132146269 356420
8 316 rs4388441 134110705 1 0.00110381358121235 133992758 134132812 140054
8 140 rs17595469 41261423 5 0.00109715657016402 41190971 41697078 506107
8 349 rs1496863 142629143 1 0.00107140980493573 142604299 142712678 108379
8 20 rs7004524 3904874 4 0.00104431949676961 3803623 3922696 119073
8 58 rs17292180 14092342 3 -0.00102844198347904 13950829 14170563 219734
8 101 rs17052263 24476252 2 9.876784705302464e-4 24221015 24666099 445084
8 91 rs35497596 21956108 1 -9.712869972955676e-4 21904212 22053701 149489
8 287 rs7827309 125251067 2 9.703510553780502e-4 125031615 125394334 362719
8 146 rs7817892 52882218 3 -9.591105113720802e-4 52538501 53006766 468265
8 165 rs11785638 62099814 2 9.590175336572944e-4 62024167 62323556 299389
8 127 rs10087728 34900118 1 9.540414090458156e-4 34887877 35490181 602304
8 139 rs7823929 41108648 6 9.452548221225368e-4 40723038 41158004 434966
8 161 rs12547374 59938578 1 -9.43560285810368e-4 59776637 59966167 189530
8 258 rs10107566 110934142 5 -9.31865375545708e-4 109961231 110982522 1021291
8 123 rs10954782 31076640 1 -9.14303722292696e-4 30829623 31076640 247017
8 33 rs1834201 5864927 1 9.122775803843718e-4 5782377 6009104 226727
8 13 rs659370 2873996 1 -8.766900694273279e-4 2795835 2951965 156130
8 154 rs4551325 56823191 4 -8.649353203237446e-4 56609388 57436577 827189
8 120 rs1545405 29718019 1 8.571655476149048e-4 29682635 29830855 148220
8 198 rs7838141 77631295 2 -8.528824139099091e-4 77456729 77840501 383772
8 342 rs898807 140857481 3 8.275023895492992e-4 140673111 140857481 184370
8 288 rs7015740 125633124 1 8.030480482992876e-4 125463083 125670045 206962
8 346 rs6988905 142137704 4 8.02119712856019e-4 142038599 142188039 149440
8 229 rs2678332 97376980 3 7.976266603760341e-4 97329366 97522543 193177
8 37 rs13256011 6487331 2 7.449579289482552e-4 6414091 6539289 125198
8 233 rs2444871 98980663 2 -7.383010799605719e-4 98876595 99094948 218353
8 57 rs1356945 13789061 1 -7.249507433084102e-4 13726384 13923923 197539
8 339 rs13270196 140308182 1 7.149915391938733e-4 140118795 140333323 214528
8 1 rs11781454 565959 4 7.038512307290345e-4 519919 1009313 489394
8 247 rs2458287 103979714 2 -6.908560580613009e-4 103770205 104062733 292528
8 223 rs7817230 95410986 6 -6.787624201050851e-4 95316256 96102659 786403
8 340 rs2447406 140511526 2 6.764990142926559e-4 140343359 140587030 243671
8 31 rs7005584 5516171 2 -6.618580552157981e-4 5509374 5545554 36180
8 295 rs9297740 127626359 1 6.477091192074709e-4 127518368 127656250 137882
8 318 rs7823430 134437026 1 6.198073499811892e-4 134350067 134549109 199042
8 331 rs6981722 138769527 1 5.915219532966745e-4 138657388 138796799 139411
8 335 rs6577927 139499127 1 -5.896742297009105e-4 139413529 139603111 189582
8 64 rs7016422 15813380 5 -5.873718251451603e-4 15713330 15968313 254983
8 306 rs1368137 130332107 4 5.864174494385668e-4 130004216 130370414 366198
8 244 rs517811 102944863 1 5.678040244268001e-4 102750391 103039917 289526
8 267 rs1695693 118325941 3 5.565969737140832e-4 118182924 118352994 170070
8 17 rs7815959 3460063 5 5.485289889181665e-4 3421598 3572855 151257
8 136 rs2925010 40138358 1 -5.438288596751526e-4 39840234 40180232 339998
8 59 rs7841037 14331869 2 -5.310565028352878e-4 14199014 14505407 306393
8 232 rs2853305 98435107 1 4.982627537814156e-4 98325837 98866057 540220
8 359 rs6599528 145603114 2 4.905633345167436e-4 145569535 146275966 706431
8 147 rs2114226 53037349 1 -4.298528172360839e-4 53037349 53098200 60851
8 105 rs2278144 25634077 1 -4.20967509192872e-4 25598401 25770276 171875
8 352 rs10090285 143234923 1 4.187852889075539e-4 143187128 143234923 47795
8 67 rs611863 16691422 2 4.1603804899589954e-4 16645869 16726107 80238
8 241 rs10094328 102335498 2 -4.040484023846409e-4 102155413 102471246 315833
8 348 rs7842575 142461694 5 3.810030497026955e-4 142446923 142576687 129764
8 66 rs4521804 16525028 1 -3.5998919934791834e-4 16366723 16610997 244274
8 313 rs2280851 133089975 2 3.3788177643723585e-4 132622946 133143105 520159
8 350 rs12682375 142841497 1 -3.220294564242773e-4 142745374 142847158 101784
8 39 rs2977795 6709805 2 3.181245159021139e-4 6690276 6793540 103264
8 181 rs4507768 70642018 1 -3.174955913286322e-4 70546219 70703141 156922
8 190 rs11780116 73795256 2 2.919553205151472e-4 73734459 73834777 100318
8 284 rs7821932 124630352 4 -2.6442812917364285e-4 124490937 124664167 173230
8 209 rs12682602 84751766 3 2.5093180721786723e-4 84740129 85716274 976145
8 286 rs7842762 124946585 1 -2.460989995457011e-4 124882439 124980708 98269
8 152 rs16920174 55311978 4 2.4470218278196867e-4 55276083 55912151 636068
8 54 rs658856 12952293 3 2.219699420505297e-4 12733077 12973575 240498
8 236 rs11995956 100350083 3 2.0872420770141957e-4 99413330 100916952 1503622
8 3 rs760179 1240600 1 1.8370530185160417e-4 1214057 1304128 90071
8 156 rs2873550 57775012 1 -1.7965116998469873e-4 57752823 58196495 443672
8 143 rs11992055 49567832 2 -1.7846542946427606e-4 49039681 50265730 1226049
8 304 rs11779444 129475576 1 1.730758727270766e-4 129306423 129568078 261655
8 249 rs17817645 105001366 1 1.6689385361955098e-4 104670180 105367264 697084
8 254 rs7836820 107928113 5 1.527797718247607e-4 107424062 108086983 662921
8 341 rs888345 140646990 1 -1.486664618269514e-4 140590799 140646990 56191
8 43 rs11249912 9134180 1 1.475031498096824e-4 9049381 9162048 112667
8 333 rs6577894 139237014 1 -1.4265802572381329e-4 139102790 139245031 142241
8 326 rs1455469 136374029 1 -1.3698319362498966e-4 136203731 136686466 482735
8 289 rs16899960 125691155 1 -1.3493364064380006e-4 125687498 125810701 123203
8 28 rs6990234 4996812 2 1.1819772996057544e-4 4924379 5144783 220404
8 6 rs3824141 1888447 2 1.1650951769574896e-4 1857293 1897657 40364
8 170 rs1007219 65576786 2 1.0441240377183564e-4 65438121 66008289 570168
8 18 rs1026849 3589776 1 -8.611411824992313e-5 3578731 3637074 58343
8 293 rs1388372 126936152 2 7.947430113941742e-5 126774314 126984970 210656
8 263 rs16887294 116308464 1 6.924794395252129e-5 116188975 116308464 119489
8 307 rs16904121 130600781 1 6.781163423100198e-5 130385926 130691025 305099
8 245 rs9656851 103060237 2 -6.356586492147636e-5 103052377 103198203 145826
8 50 rs2409775 11306805 1 -4.6802462874887443e-05 11306805 11448529 141724
8 114 rs6558039 27961879 3 4.132759437392645e-5 27900710 28136109 235399
8 137 rs13265404 40246274 1 -2.8097267369221285e-5 40221754 40411787 190033
8 77 rs13263453 18729496 1 2.6543759253635288e-5 18675150 18786682 111532
8 183 rs1477945 71615553 4 -2.534827575386312e-5 70912296 71988962 1076666
8 62 rs7003979 15171989 6 -1.3272368594324704e-5 15013234 15356034 342800
8 157 rs2325744 58364888 1 1.3202901628812128e-5 58224353 58671521 447168
8 158 rs7016189 58882858 2 -1.0245014182770676e-5 58694111 58889557 195446
