CHR Group SNP.lead BP.lead Size W BP.min BP.max BP.width
19 290 rs3745516 50926742 2 0.2140449825697676 50855935 50926742 70807
19 96 rs2304256 10475652 11 0.1018302191997652 10394792 10608064 213272
19 147 rs3761041 18183917 13 0.06437834559690062 18180236 18395537 215301
19 305 rs273634 51718837 6 0.05848086696280161 51676299 51769145 92846
19 151 rs892035 19758190 8 0.04710010629950586 19329924 19863014 533090
19 136 rs8109466 17207011 3 0.04597057224888792 17148156 17212992 64836
19 123 rs116923487 15133803 4 0.03933220961496937 15131668 15174953 43285
19 217 rs8108848 37019742 23 0.0384179385501307 36950171 38411090 1460919
19 130 rs12710303 16282131 9 0.03813311620220861 16282131 16352403 70272
19 233 rs61750953 41306650 6 0.0366620152491139 41175149 41324684 149535
