CHR Group SNP.lead BP.lead Size W BP.min BP.max BP.width
12 876 rs10774625 111910219 10 0.11946448406972804 111887659 113016553 1128894
12 93 rs1800693 6440009 1 0.1063003780261064 6440009 6440009 0
12 10 rs2075032 717138 6 0.05015927987089211 714224 783484 69260
12 483 rs10877013 58165085 3 0.04082637583928638 58012233 58260601 248368
12 378 rs3747562 42854205 6 0.03752915923019716 42443484 42863801 420317
12 1000 rs838878 125260645 3 0.03747662232224905 125260645 125261593 948
12 985 rs585522 123550813 6 0.03569898182158002 123477311 123822711 345400
12 476 rs1701704 56412487 4 0.03407806035405261 56379298 56737973 358675
12 587 rs1705221 71575611 8 0.0332970460901001 71410182 71666552 256370
12 186 rs11055989 14622002 5 0.032991374626481 14441966 14653867 211901
