CHR Group SNP.lead BP.lead Size W BP.min BP.max BP.width
13 161 rs9533108 43024710 7 0.09472832127547538 42817304 43073459 256155
13 199 rs9596270 50842440 8 0.09178693153698862 50736491 51050243 313752
13 390 rs7320894 99796620 7 0.03443170986878426 99780461 100100609 320148
13 72 rs3897926 28562605 5 0.03052504640664141 28527780 28584648 56868
13 470 rs592398 109879222 8 0.02554143839113271 109846326 110104235 257909
13 482 rs872587 111015780 2 0.0239557836249843 111015780 111082058 66278
13 93 rs4769873 31312689 8 0.02269868929234186 31275913 31359477 83564
13 183 rs1408184 46946157 6 0.02176517434764622 46899943 47060133 160190
13 295 rs660942 76373924 6 -0.02032822728243444 76244318 76496224 251906
13 42 rs9318387 24771164 2 0.02010866733285631 24749644 24783824 34180
13 232 rs9598274 61994491 3 0.01794673496225132 61972637 62125220 152583
13 144 rs7331570 40010707 7 -0.01742251149532582 39958972 40021077 62105
13 200 rs797486 51221618 10 0.01696459394789618 51065836 51221618 155782
13 318 rs17073814 81740673 2 0.01623697480535164 81740673 82063792 323119
13 340 rs9301581 90192152 8 0.01613914483815292 90192152 90512687 320535
13 314 rs6563154 80694509 3 0.01530977542870381 80606751 80765797 159046
13 409 rs4429163 103152549 5 -0.01524158164461147 103082595 103320461 237866
13 136 rs9548130 38548930 2 -0.01515853296241154 38368012 38700701 332689
13 413 rs41281676 103697329 6 0.01472035560077585 103696987 103784788 87801
13 287 rs9530313 74998658 4 0.01435920783713315 74898691 75082588 183897
13 315 rs9574626 80893327 5 0.01415874331954457 80833571 81298791 465220
13 475 rs4773094 110441483 3 0.0136886703214479 110399126 110524367 125241
13 270 rs9542856 72699635 17 0.01349687854045134 72545858 72766756 220898
13 331 rs8001205 86498444 2 0.01348942726700913 86369120 86612116 242996
13 169 rs1888303 44374981 13 0.01248450093398545 44249607 44632210 382603
13 216 rs9536686 54908113 7 -0.01231368655477525 54885744 55143754 258010
13 461 rs1805389 108863609 4 0.01223452502748698 108816225 108900121 83896
13 266 rs7981837 71944043 7 0.01190062565200039 71866077 71973660 107583
13 389 rs9554501 99423052 10 0.01188074757902376 99398842 99680697 281855
13 473 rs331622 110290826 1 0.01183864703161365 110262556 110333296 70740
13 285 rs7989618 74806494 10 0.01146200877184959 74695517 74854181 158664
13 48 rs7987497 25428365 2 0.01144387891483358 25378476 25568016 189540
13 238 rs1335781 64574779 7 0.01128397945130676 64307200 64613437 306237
13 223 rs9597893 59477851 10 0.01047678249560461 59304823 59711493 406670
13 212 rs17053844 53625421 2 0.01024434235533557 53606515 54059116 452601
13 219 rs9591729 56648893 4 -0.0099679937428771 56443223 57530062 1086839
13 197 rs3803185 50205025 6 0.00960245940921686 49989732 50210212 220480
13 321 rs981915 82640195 2 0.00956886112494654 82640195 82924724 284529
13 343 rs4129526 91067301 1 0.00941154667297952 90986459 91070322 83863
13 257 rs9317873 70640729 14 0.00922206080587963 70623556 70858051 234495
13 336 rs9585395 88312331 3 0.00914710827101794 88231088 88545547 314459
13 101 rs1571309 32286296 1 0.00913557097094056 32093070 32286296 193226
13 474 rs1411552 110371264 4 0.00909891926304983 110346216 110393477 47261
13 328 rs6563413 85291768 4 -0.00892921244888407 85204788 85588545 383757
13 407 rs11069468 102600583 2 0.00891869930015933 102510166 102708465 198299
13 476 rs9515125 110548423 4 0.00875101649888421 110548423 110665586 117163
13 171 rs11619528 44826355 2 0.00868610455442493 44676441 44879062 202621
13 2 rs9513003 19980323 3 0.00846564009908719 19980323 20488212 507889
13 322 rs6563284 83011975 3 -0.00827745694348238 82956307 83268220 311913
13 377 rs947076 98437208 2 0.0082584300572845 98315257 98514965 199708
13 217 rs4363757 55350946 6 0.00825644361772935 55158519 55668296 509777
13 276 rs2503687 73676673 4 0.00823115620840601 73628964 73784759 155795
13 364 rs7995237 95392487 4 0.00813555783776524 95319819 95446803 126984
13 133 rs12428702 37980346 4 0.00792858965442604 37907452 38062068 154616
13 302 rs9544422 77713956 2 0.00767762246025023 77569672 77949478 379806
13 438 rs12431263 106543592 2 0.00758725739715992 106510947 106554560 43613
13 411 rs4150342 103520565 5 0.00755009252651992 103368946 103554630 185684
13 68 rs11617198 28239486 4 0.00744394508551467 28143723 28269905 126182
13 3 rs1323560 20625877 7 0.00735300775866874 20494558 20695554 200996
13 357 rs4366594 94405336 2 0.00730103117888031 94246282 94543694 297412
13 198 rs9562933 50446164 10 0.00710413036214148 50245620 50725514 479894
13 155 rs1923254 41084241 6 0.00699615975266513 41074557 41388476 313919
13 89 rs7986129 30964159 3 0.00694374689134819 30777202 30964159 186957
13 15 rs264729 22197910 2 -0.00685569288353404 21935210 22231601 296391
13 310 rs11842559 79787952 2 -0.00682018256375737 79599512 79789421 189909
13 280 rs9573273 74233658 2 -0.00677859614312421 74098915 74296409 197494
13 250 rs9317664 68107914 4 0.00664851704023661 68046162 68430810 384648
13 54 rs9511890 26295986 5 0.00660596234400669 25988070 26299814 311744
13 344 rs1929045 91188066 4 0.00618214562492073 91108407 91262300 153893
13 408 rs12585373 102748926 3 0.00605592357887371 102748926 103023677 274751
13 148 rs953977 40700622 11 -0.00599615875278918 40476371 40705706 229335
13 1 rs17090505 19690302 4 0.00586061513986497 19658933 19957848 298915
13 37 rs745068 24291878 7 0.00575738653759091 24289783 24441561 151778
13 98 rs17075890 31926477 4 -0.00564761297769381 31715015 31927543 212528
13 256 rs7984606 70455661 1 0.00559031833968387 70455661 70612412 156751
13 6 rs2050500 20854763 3 0.00554099826981641 20814559 20912527 97968
13 121 rs41292197 35747681 1 -0.00520935262556238 35447783 36022077 574294
13 437 rs1999028 106473061 1 -0.00512610663652126 106446477 106485113 38636
13 387 rs7999053 99293588 4 0.00483137856340819 99275314 99361959 86645
13 64 rs17085021 27543401 5 -0.00480628892551557 27497791 27563038 65247
13 164 rs1359182 43603093 4 -0.00462065264628943 43499451 43696112 196661
13 60 rs1756472 27217075 4 0.00451830879359579 27063586 27265901 202315
13 162 rs9634771 43360598 7 -0.00447504216408799 43109248 43405108 295860
13 388 rs9513475 99391346 2 0.00444670050383801 99385990 99391346 5356
13 218 rs10507602 56287841 4 -0.00442748580017785 55764633 56363447 598814
13 193 rs2026581 49205826 4 0.00433958876960303 48749487 49262256 512769
13 415 rs1881789 103887345 3 -0.0042488290562244 103882591 103978779 96188
13 237 rs9570891 64029691 5 0.00422279385046446 64000669 64270259 269590
13 324 rs17345585 84111139 3 0.00417508177205377 83837607 84121394 283787
13 279 rs7986048 74050153 5 -0.0041586573707535 73996850 74090415 93565
13 71 rs954750 28463938 3 -0.00406603364726422 28463673 28491198 27525
13 504 rs2013434 113496002 2 0.00403808681151867 113493638 113536627 42989
13 304 rs9600982 78711867 6 0.00402380546352297 78385208 78721716 336508
13 141 rs7983069 39481318 2 -0.00396227408591109 39420663 39643400 222737
13 488 rs9559922 111637374 5 0.0039524350227483 111626313 111773108 146795
13 358 rs8000417 94598156 10 -0.00394616872269958 94589117 94770906 181789
13 339 rs9555882 90048387 1 0.00390028051513585 90043397 90150676 107279
13 277 rs7987880 73853301 2 0.00375811205536623 73815479 73916628 101149
13 204 rs6561615 51697794 1 -0.00363984808209601 51601547 51722405 120858
13 468 rs9587731 109605067 1 -0.00360802923604763 109583355 109678113 94758
13 206 rs2026527 52055391 2 -0.00359531970396018 51894592 52055391 160799
13 399 rs4238226 101574468 4 -0.00359427727932326 101574468 101663957 89489
13 290 rs356713 75496893 3 0.00352790981925866 75314681 75656918 342237
13 507 rs3024718 113813853 1 0.00344699611641378 113801737 113994246 192509
13 126 rs9575217 36640058 7 -0.00333881709933364 36637010 37025341 388331
13 303 rs17776964 78310893 6 -0.00333549252932729 78042890 78351035 308145
13 330 rs7336083 86003387 3 0.00332921952155399 85898451 86318116 419665
13 29 rs10507317 23363139 4 0.00331006127130732 23338363 23483716 145353
13 367 rs4274307 95680309 2 -0.00330935118135931 95672237 95755550 83313
13 395 rs7981068 100723364 6 0.00323586540317999 100647612 100991705 344093
13 508 rs7319446 115029162 14 -0.00320701942643143 114100875 115090193 989318
13 78 rs1792023 29368502 5 -0.00320011110734389 29259349 29424644 165295
13 222 rs9537969 58768674 13 0.0030998258005654 58735005 59283280 548275
13 490 rs1555754 111894671 2 0.00308868400636215 111860080 111980478 120398
13 76 rs7321138 29138705 1 0.00308449059380984 29138705 29147841 9136
13 370 rs12870505 96085390 4 -0.00307546986500025 95996501 96086010 89509
13 308 rs9574311 79396606 3 0.00305089353764173 79322453 79455832 133379
13 186 rs912124 47327160 2 0.00302856916041804 47327160 47423086 95926
13 396 rs2760311 101088570 6 -0.00301985652846793 101088570 101318136 229566
13 448 rs9587244 107481849 3 0.00298209853044394 107391098 107538568 147470
13 462 rs16972387 109060141 3 -0.00291944068938488 108956317 109094142 137825
13 420 rs2669502 104752946 2 -0.00283649981393073 104594570 104752946 158376
13 208 rs2031992 52506372 6 0.00280367597459014 52416567 53329400 912833
13 414 rs1022932 103862936 1 0.00272636006217836 103833969 103867104 33135
13 428 rs9558434 105589982 1 0.00261440729604008 105523811 105589982 66171
13 397 rs9554728 101442747 5 0.00260180786814432 101388836 101508242 119406
13 221 rs4886041 58511221 1 0.0025735337151933 58252801 58644612 391811
13 209 rs460736 53346606 2 -0.00257025193851411 53346606 53408404 61798
13 404 rs9582505 102190719 5 0.00256142864177541 102108087 102285741 177654
13 107 rs7331256 33383103 5 0.0025149665222186 33016660 33502213 485553
13 70 rs2040091 28427031 1 0.00248377000951927 28405766 28440007 34241
13 131 rs12427600 37460648 3 -0.00247404122355391 37408545 37460648 52103
13 139 rs9576557 39091670 5 -0.00244712003924538 39079818 39328541 248723
13 230 rs1532806 61498580 4 0.0024319848218824 61272403 61589772 317369
13 205 rs751702 51848377 4 0.0023642694521277 51739168 51848377 109209
13 246 rs9317599 67234637 4 -0.00235159680193009 67226971 67492255 265284
13 170 rs9316069 44663145 1 0.00234617353949152 44642464 44663145 20681
13 306 rs2329082 79010676 3 -0.00230689912607611 78835227 79045749 210522
13 194 rs9591207 49322168 2 0.00220957640764736 49306754 49349747 42993
13 228 rs7338819 60902117 2 -0.00220030788494942 60898465 60919740 21275
13 394 rs11619501 100623882 1 0.00217064506415902 100579166 100623882 44716
13 110 rs2555605 33833810 5 -0.00204514669466393 33787522 33948936 161414
13 27 rs9317073 23112285 3 0.00193587105298293 23047675 23248799 201124
13 341 rs1491017 90778220 6 0.00192286922166243 90530237 90865546 335309
13 62 rs7991717 27421621 1 0.00189982606615293 27421621 27427244 5623
13 66 rs7984685 27737031 3 -0.00189304885881623 27649859 27941413 291554
13 427 rs951095 105478644 2 -0.00187589606743874 105478644 105496802 18158
13 231 rs9539150 61968227 3 -0.0018512520355375 61601904 61968227 366323
13 150 rs9549113 40789816 2 0.00184757357302782 40755641 40858172 102531
13 63 rs9551336 27461615 1 -0.00184103716461374 27440207 27476533 36326
13 278 rs8002929 73964519 5 0.00183675574376037 73936164 73964519 28355
13 463 rs2147151 109159927 4 0.00183650310873508 109159927 109255764 95837
13 244 rs944293 66762359 2 -0.00177391296569288 66389936 66890310 500374
13 442 rs1477925 107015114 1 0.00175829031059624 106908189 107015114 106925
13 419 rs970343 104411985 2 0.00175299266903354 104398428 104577309 178881
13 23 rs4770248 22794240 3 0.00174633939047464 22739260 22795864 56604
13 49 rs9553516 25611802 2 -0.0016673607087865 25579336 25638397 59061
13 436 rs7327673 106439366 2 0.00166104060093936 106416994 106439366 22372
13 73 rs2491235 28611710 3 0.00165153686331354 28595609 28648669 53060
13 33 rs9510617 23765930 4 -0.00165108870396295 23752396 23818456 66060
13 82 rs1023166 29845810 2 -0.00164429627615235 29843289 29890283 46994
13 374 rs7320834 97203935 7 -0.00160898351728476 97130674 97517119 386445
13 242 rs2038825 65985897 2 0.00156948721053516 65824968 66149008 324040
13 26 rs2321231 22988918 3 0.00154429096203389 22941279 22990055 48776
13 441 rs9583073 106787732 2 0.00154224434961993 106775989 106831286 55297
13 366 rs7321678 95585561 1 0.00149370362491768 95585561 95616611 31050
13 379 rs8001181 98611106 2 -0.00148924322619004 98611106 98732849 121743
13 487 rs3742185 111532288 1 0.00147954351560593 111485002 111595399 110397
13 97 rs12871892 31658340 2 0.00147432027500129 31621172 31696502 75330
13 465 rs9520990 109376993 3 -0.00146211061649947 109364348 109459577 95229
13 458 rs2136267 108534782 2 0.00145120568895189 108534782 108671564 136782
13 265 rs809164 71630110 3 -0.00144252645994325 71614713 71817076 202363
13 254 rs550391 70090874 2 -0.00138610490753747 69758424 70254555 496131
13 457 rs2036707 108484454 1 0.00137663506542951 108482488 108498322 15834
13 251 rs2325092 68525696 3 -0.00137217611466692 68456578 69090074 633496
13 452 rs6492048 107980573 1 0.0013596674870504 107888498 107993741 105243
13 188 rs9534561 47752886 1 -0.00135751687376849 47700334 47788770 88436
13 403 rs7321884 101973118 3 0.0013564629738493 101926493 102096511 170018
13 307 rs9593346 79183804 2 0.00135633035188506 79073248 79220899 147651
13 153 rs1751859 40958338 4 0.00132301165968998 40941480 40985468 43988
13 464 rs16972864 109293358 2 0.00132143125804684 109284640 109352751 68111
13 51 rs17081939 25778082 3 0.00131840687785199 25730172 25781352 51180
13 369 rs1678388 95853780 14 -0.00131602280298861 95825604 95976929 151325
13 233 rs1332388 62502166 7 -0.0012851010252207 62138153 62906112 767959
13 467 rs1157740 109559422 3 0.00128326508281991 109508469 109571587 63118
13 284 rs7332510 74658689 1 -0.00128067739302139 74655739 74664814 9075
13 75 rs9554330 29003444 1 0.00125358181267071 28916343 29089602 173259
13 96 rs12866857 31578082 3 -0.00123902555173695 31573766 31607186 33420
13 354 rs7325627 93562397 4 -0.00121405558235155 93308561 93644321 335760
13 446 rs7992345 107281261 1 -0.00118869760400559 107275890 107325261 49371
13 106 rs517118 32970586 2 -0.00118846562768144 32877321 32986219 108898
13 134 rs7993635 38081285 5 0.00118185548912307 38070549 38276391 205842
13 187 rs985933 47455863 3 0.00117874173387845 47438574 47654893 216319
13 83 rs9506181 29989466 4 0.00115972049993294 29898783 30000621 101838
13 69 rs1923834 28360487 3 0.00106472992506644 28284713 28360487 75774
13 224 rs4884323 59810492 2 9.995661088415054e-4 59759555 59810492 50937
13 109 rs685417 33613132 1 -9.995111618215143e-4 33610711 33768347 157636
13 168 rs7987164 43952737 3 -9.975093363818312e-4 43936468 44236039 299571
13 86 rs17074067 30511367 4 9.80034826612353e-4 30488370 30622662 134292
13 349 rs1572432 92261625 2 9.780404411693954e-4 92203813 92345579 141766
13 191 rs9595780 48350624 3 -9.667962309642258e-4 48137543 48371210 233667
13 157 rs9590595 41928604 1 -9.530932977903332e-4 41818543 41981279 162736
13 113 rs765099 34383767 2 -9.44089529180967e-4 34295916 34456431 160515
13 332 rs1029143 86665005 2 9.34418357619783e-4 86639464 86949574 310110
13 325 rs7989047 84534894 3 9.150670639192816e-4 84161251 84564473 403222
13 296 rs2036717 76747030 3 -9.049439765484846e-4 76523209 76774163 250954
13 412 rs7318504 103641310 4 8.833462428360522e-4 103577244 103683448 106204
13 156 rs7320344 41459638 3 -8.639468334995968e-4 41459638 41725478 265840
13 122 rs9601016 36164936 6 8.616362327626822e-4 36072729 36273871 201142
13 34 rs1753097 23878686 1 8.492862338735129e-4 23861094 23968485 107391
13 298 rs1394695 76931625 8 -8.452752724758834e-4 76868251 76996442 128191
13 258 rs7317253 70969302 5 8.328811179029465e-4 70874648 70972783 98135
13 149 rs17530593 40743851 1 8.252134690223404e-4 40712606 40743851 31245
13 426 rs754394 105395286 2 8.032229900927784e-4 105395286 105437184 41898
13 305 rs3861137 78806366 1 7.910705843573428e-4 78750300 78813140 62840
13 146 rs1475177 40128651 2 -7.723083400798709e-4 40098890 40187075 88185
13 47 rs7988856 25263004 2 -7.643133120876722e-4 25217481 25296859 79378
13 137 rs7318940 38838950 2 7.593813595403456e-4 38758183 38838950 80767
13 50 rs7325885 25718283 1 -7.43065399500884e-4 25660186 25718283 58097
13 91 rs9508795 31124651 1 -7.42950575547184e-4 31071237 31124651 53414
13 352 rs9589470 92917856 1 -7.407471547925455e-4 92916572 93122805 206233
13 291 rs4885275 75690695 1 7.402172831875182e-4 75679342 75801429 122087
13 8 rs9552182 21013995 1 -7.377953696334814e-4 20981386 21021343 39957
13 119 rs1876583 35269505 1 7.214324375124239e-4 35158524 35323551 165027
13 234 rs12428880 62973015 2 7.163870310005577e-4 62914541 63259033 344492
13 300 rs1928382 77331177 1 -6.94214485878576e-4 77291008 77398081 107073
13 59 rs4633561 27038815 2 6.918947039663903e-4 26775032 27039438 264406
13 220 rs700335 57712800 2 6.819607693364777e-4 57565359 58241186 675827
13 158 rs9532875 42102699 2 6.788685950308007e-4 42042382 42122625 80243
13 151 rs2324591 40881549 1 -6.74517625648493e-4 40881549 40881549 0
13 337 rs9520317 89002387 3 6.467274068056258e-4 88585928 89033066 447138
13 372 rs17235334 96274900 3 -6.465632172911466e-4 96137213 96812857 675644
13 45 rs7985561 25065550 1 -6.42149629929527e-4 24915547 25084316 168769
13 159 rs3742262 42442546 2 6.41425335289663e-4 42139245 42631719 492474
13 283 rs9600207 74551691 2 -6.363591856044563e-4 74493986 74634972 140986
13 393 rs7997714 100555353 3 6.341986548478616e-4 100536816 100570435 33619
13 380 rs9517187 98749907 1 6.233529196055225e-4 98749907 98829217 79310
13 418 rs9558112 104218933 2 -6.208439764397397e-4 104197761 104378857 181096
13 410 rs612938 103347591 1 6.185317179794463e-4 103343308 103350564 7256
13 353 rs9589601 93257339 1 6.080367143267292e-4 93138577 93257339 118762
13 35 rs9317744 24065766 1 -6.041524032327353e-4 24000859 24065766 64907
13 88 rs1409506 30703944 2 -5.69965883176966e-4 30703944 30747725 43781
13 496 rs3903774 112546833 2 -5.57943272914343e-4 112534493 112624185 89692
13 90 rs1360485 31031884 1 5.550748544186165e-4 30997831 31054166 56335
13 392 rs2761171 100480897 3 -5.430127244425924e-4 100463898 100518634 54736
13 334 rs4628822 87442999 1 -5.402767178389809e-4 87155113 87836852 681739
13 355 rs12860685 93683065 2 5.391990704867697e-4 93652748 93896317 243569
13 345 rs828234 91305111 1 -5.379352489754657e-4 91305111 91442513 137402
13 87 rs644661 30667849 1 5.33700654384271e-4 30631647 30682549 50902
13 176 rs3014917 46137837 1 4.987074422856402e-4 45902826 46253924 351098
13 282 rs8000776 74474851 1 -4.937092636969432e-4 74436156 74474851 38695
13 99 rs9546363 31950774 1 -4.807442940842082e-4 31950774 31987504 36730
13 143 rs7990125 39928032 1 -4.747432631170645e-4 39834804 39934077 99273
13 10 rs735539 21280034 5 -4.719054291314911e-4 21095720 21280034 184314
13 260 rs9572516 71213351 3 4.6996697904605066e-4 71134168 71275838 141670
13 451 rs10508184 107840018 1 -4.6931580836126024e-4 107822150 107884363 62213
13 424 rs12876869 105202940 3 -4.6324934380667984e-4 105162139 105272052 109913
13 145 rs9594333 40057973 1 4.430885655520459e-4 40038088 40084333 46245
13 41 rs9553191 24701318 4 4.394216908958889e-4 24668520 24728351 59831
13 391 rs17577293 100425097 4 4.329460762085024e-4 100116569 100451255 334686
13 108 rs3904629 33530851 1 4.2756031129020526e-4 33522655 33587652 64997
13 18 rs9509879 22395049 1 -4.267570265177204e-4 22383905 22397453 13548
13 61 rs9512372 27331922 2 4.157020955955304e-4 27286463 27389501 103038
13 489 rs9588371 111818480 1 4.14679729937914e-4 111786005 111818832 32827
13 30 rs943385 23556441 3 -4.1319793497993817e-4 23549148 23587273 38125
13 491 rs1894756 112018773 1 -4.095497135337996e-4 111989470 112075082 85612
13 299 rs7317445 77127812 2 -4.040926758776464e-4 77051161 77283922 232761
13 494 rs4773419 112311079 1 -4.0122080905335815e-4 112285873 112338360 52487
13 11 rs7330520 21459802 5 4.0068464934880633e-4 21322682 21534752 212070
13 202 rs474012 51439460 4 -3.996431504805899e-4 51355848 51500691 144843
13 320 rs9531268 82526386 1 -3.9801846610331576e-4 82330081 82570207 240126
13 492 rs9522246 112133117 1 3.931669742081235e-4 112091771 112135863 44092
13 500 rs10492686 113025787 6 3.718941400048612e-4 112868918 113094395 225477
13 505 rs7984269 113585898 1 -3.626134465564201e-4 113570178 113585898 15720
13 422 rs2116998 104933186 1 3.5152810273874713e-4 104917632 105031769 114137
13 67 rs9512673 27981532 2 3.467951018942207e-4 27978642 28097996 119354
13 502 rs1278114 113145788 1 3.4567940185854345e-4 113123999 113274677 150678
13 240 rs359360 65234678 2 -3.455173268779279e-4 65193124 65338887 145763
13 174 rs7318583 45445017 2 3.450971435541848e-4 45445017 45630008 184991
13 166 rs9316007 43870126 1 -3.334044012079749e-4 43762719 43886476 123757
13 351 rs12875742 92898887 2 -3.282830185862527e-4 92792688 92901926 109238
13 329 rs12871650 85822326 1 -3.2781439751795725e-4 85618307 85874689 256382
13 112 rs7333539 34216530 2 3.2746337005770665e-4 34198069 34284810 86741
13 316 rs17073497 81462534 1 -3.2282561499369844e-4 81390324 81651860 261536
13 466 rs390619 109492501 1 3.1667559443581143e-4 109479504 109500374 20870
13 65 rs6491182 27615791 1 -2.8257342268270296e-4 27575037 27624356 49319
13 154 rs7327461 41063028 2 -2.5935565716528444e-4 41013977 41063028 49051
13 226 rs584075 60188258 1 2.571101370702639e-4 60101738 60188258 86520
13 402 rs1540510 101800474 1 -2.504554288231105e-4 101773923 101908193 134270
13 362 rs9524487 95079910 3 -2.439157924995892e-4 95079910 95126551 46641
13 192 rs7990244 48584911 2 2.2846046931954437e-4 48399027 48724256 325229
13 80 rs9508251 29641514 3 -2.2153650237342285e-4 29530735 29698143 167408
13 423 rs10219990 105125115 1 -2.120618952444303e-4 105057993 105153074 95081
13 247 rs4142274 67636769 3 2.1022762867878745e-4 67519121 67701341 182220
13 84 rs9579446 30238883 1 2.065024015078589e-4 30111933 30303509 191576
13 373 rs472010 97103978 1 1.9913786206673397e-4 96830749 97124814 294065
13 400 rs7139535 101700822 1 -1.989268866699046e-4 101675021 101746440 71419
13 130 rs4633574 37351756 3 1.9449745905190073e-4 37305641 37351756 46115
13 486 rs7325178 111411436 2 -1.9429374297486832e-4 111237260 111425843 188583
13 25 rs12857403 22865609 1 1.844673472837156e-4 22860269 22906405 46136
13 239 rs11148643 64891197 8 1.785064587746573e-4 64781165 65178318 397153
13 214 rs9591549 54557128 1 -1.7758992957766774e-4 54536425 54678589 142164
13 450 rs2391406 107788872 1 -1.739728448613359e-4 107788872 107795657 6785
13 498 rs2196579 112768834 1 1.6442830043468962e-4 112765663 112768834 3171
13 421 rs10508135 104822026 1 -1.5570346940341982e-4 104773619 104841237 67618
13 292 rs566337 75862802 3 -1.5463166457006916e-4 75824088 75870766 46678
13 312 rs7981112 80352830 1 1.5444112349890946e-4 80271352 80561367 290015
13 236 rs371582 63833281 1 -1.473588167125436e-4 63405083 63962844 557761
13 398 rs666201 101527030 1 -1.390276498932378e-4 101526803 101566179 39376
13 460 rs16971887 108752078 1 -1.336434488330569e-4 108739340 108789301 49961
13 293 rs2297203 75884290 1 -1.3149284964248458e-4 75884216 76017101 132885
13 105 rs2078326 32859674 1 -1.2933915994208027e-4 32811974 32859674 47700
13 319 rs4335682 82126755 6 1.2854577919796384e-4 82080434 82302153 221719
13 493 rs7334361 112215918 2 -1.2655573825305543e-4 112140765 112237316 96551
13 213 rs1471171 54492154 1 -1.2445127262844378e-4 54064673 54503330 438657
13 253 rs9599395 69659912 1 1.1960024740656162e-4 69409874 69741897 332023
13 94 rs2313742 31435150 1 1.1897495521616992e-4 31427259 31446619 19360
13 359 rs9584195 94818360 1 1.174780389898974e-4 94794736 94828678 33942
13 124 rs2051090 36454193 1 -1.071745048104249e-4 36454193 36487286 33093
13 182 rs1230465 46779952 2 -9.399691766269603e-5 46774761 46853201 78440
13 350 rs548544 92436057 2 9.010001548720968e-5 92417058 92733984 316926
13 431 rs9582985 106031132 3 8.968403936715562e-5 105995709 106048086 52377
13 356 rs4303337 94156402 2 -8.63500055907118e-5 93935502 94204243 268741
13 335 rs2095448 88188523 1 -8.512250930173962e-5 87893390 88188523 295133
13 338 rs2808823 89481804 8 -8.387786143334002e-5 89060738 89875736 814998
13 12 rs7330095 21626873 1 -8.116063457768566e-5 21554784 21687567 132783
13 365 rs9590106 95551070 1 -7.511791600776632e-5 95515755 95551070 35315
13 184 rs970404 47219427 2 -7.474625918486551e-5 47075661 47244404 168743
13 114 rs690705 34654918 2 6.434140358827768e-5 34476657 34654918 178261
13 273 rs1886484 73047229 1 -6.355552569599368e-5 73046354 73089947 43593
13 481 rs7330054 110986632 1 -6.125899764929778e-5 110986632 110986632 0
13 323 rs7981414 83422866 4 -5.269398696415269e-5 83304172 83825712 521540
13 46 rs9285311 25189210 1 4.7161304595710624e-5 25095084 25201908 106824
13 175 rs4942391 45662375 2 -4.2375632141903574e-5 45662375 45854582 192207
13 459 rs1408906 108711217 2 1.741132650606665e-5 108687013 108714780 27767
13 363 rs726298 95211538 2 -1.1534958214989844e-5 95142834 95284231 141397
13 38 rs2765106 24515162 1 1.061044732274893e-5 24489773 24515624 25851
13 52 rs9553572 25837097 3 7.726103487070476e-6 25823441 25881077 57636
13 347 rs16945837 92020442 4 -6.113221518437139e-6 91769463 92047229 277766
13 255 rs9592651 70285687 5 5.3108685530997915e-6 70275336 70397216 121880
13 178 rs6561260 46361020 1 2.177026116466794e-6 46308915 46384831 75916
13 211 rs9596744 53565503 1 -1.7135281086175375e-6 53517884 53603077 85193
13 288 rs9318293 75171140 1 9.134590376747955e-7 75095567 75195207 99640
