CHR Group SNP.lead BP.lead Size W BP.min BP.max BP.width
10 51 rs61839660 6094697 6 0.06792186879414651 6037553 6182423 144870
10 248 rs593992 34536049 10 0.05322948464055911 34536049 35159791 623742
10 530 rs118161359 103906612 8 0.0510890122410356 103894939 104538611 643672
10 395 rs7893748 73483976 1 0.03489162492374691 73455201 73506514 51313
10 343 rs10821948 63809624 5 0.0344902229732244 63785089 64059261 274172
10 81 rs10795685 9017944 3 0.03355667813099304 8933437 9035786 102349
10 278 rs10857650 50030023 16 0.03276517496158804 49933974 50122181 188207
10 265 rs2505734 44793299 12 -0.0307718038038001 44482885 44845133 362248
10 345 rs10761654 64405646 7 0.02575058814107649 64276759 64445760 169001
10 678 rs10765017 129168894 5 0.02569339285447398 129158853 129186924 28071
10 522 rs3818411 101960966 6 0.02502365156513969 101829514 102085327 255813
10 413 rs816866 79313729 8 -0.02360270105914611 79200117 79338239 138122
10 56 rs602756 6466280 5 0.0218171085850604 6441755 6533877 92122
10 24 rs2306301 3154339 9 0.02043759431734859 3148116 3202065 53949
10 369 rs5030937 70975897 5 -0.02015887772197052 70975239 71051643 76404
10 175 rs5011832 21782842 5 0.01975527803890546 21599726 21782842 183116
10 666 rs6597754 127948238 4 0.01906983910960702 127930820 127997303 66483
10 263 rs2252783 43907495 6 0.01897810663093507 43809825 44104513 294688
10 203 rs651134 27549961 6 0.01862024173883949 27210569 27586972 376403
10 324 rs10826179 60151026 2 0.01809196148875086 60148692 60255969 107277
10 346 rs224071 64508475 2 0.01769694906057378 64487073 64745589 258516
10 687 rs2152143 129906980 4 0.01769516127599789 129845547 129958296 112749
10 30 rs12245875 3856293 2 0.0176143656384661 3791224 3860167 68943
10 521 rs4919416 101790389 7 -0.01702321042866333 101334019 101813802 479783
10 100 rs10752230 11803185 5 0.01686974794476193 11780837 11848189 67352
10 739 rs6537607 135284115 6 0.01672259243537919 135223323 135434303 210980
10 237 rs2769202 32524898 7 0.01660726913012528 32460069 32700343 240274
10 716 rs4750827 132547184 1 0.01631558972299322 132547184 132578847 31663
10 152 rs17136474 17391660 4 0.01572945297113555 17351824 17540370 188546
10 229 rs4301703 30813618 6 0.0154024063838241 30728101 30813618 85517
10 565 rs2255141 113933886 2 0.0144802852763023 113926224 113933886 7662
10 729 rs9419406 133811201 1 0.01407478563698555 133811201 133811201 0
10 274 rs786772 48601573 1 0.01389773646142526 48459936 48655350 195414
10 337 rs4445584 62623932 2 -0.01353564331882852 62512484 62623932 111448
10 144 rs2298126 16558985 1 -0.01353115391469646 16553355 16647000 93645
10 561 rs9703807 112741551 9 0.01345139323022903 112633918 112860391 226473
10 500 rs61739184 97141487 9 -0.01330321515175851 97070115 97316040 245925
10 555 rs10884919 111757791 6 0.01322199009945611 111405399 111930361 524962
10 662 rs3740179 127483573 5 0.01283384881806211 127394788 127745094 350306
10 215 rs2783434 29347220 6 -0.01256549771007932 29327405 29361017 33612
10 44 rs10795273 5441973 4 -0.01245363400671035 5404261 5537569 133308
10 529 rs17760556 103138615 2 -0.01236930018896391 103083978 103721697 637719
10 400 rs10824236 76527573 8 -0.01229908520967527 75741457 76808760 1067303
10 49 rs907686 5900693 5 0.01217520600965767 5886149 5982577 96428
10 505 rs3827867 98416324 1 0.01216263497030318 98411293 98504184 92891
10 574 rs12219131 115038675 3 -0.01214359637035629 114980817 115038675 57858
10 2 rs10508203 1119203 10 0.01212262149533274 834736 1166400 331664
10 481 rs11544145 92631778 2 0.01204945828575284 92137272 92637833 500561
10 556 rs17127304 112134500 7 0.01200042851634295 111941371 112164194 222823
10 718 rs1655127 132693122 4 0.01147504794692599 132682127 132693122 10995
10 507 rs2817708 98889713 1 0.01138113116253436 98809703 98897237 87534
10 442 rs11191331 83557187 1 0.01135610843261215 83305304 83583540 278236
10 613 rs11198925 121197057 3 -0.011205471099421 121095400 121202677 107277
10 132 rs7900873 14863864 2 -0.01070054979314706 14841026 15012535 171509
10 304 rs11003389 54865961 1 -0.01041752841333357 54860616 55081279 220663
10 594 rs12263233 118452921 4 -0.01027241568358065 118434045 118506755 72710
10 198 rs10828962 26480204 8 -0.01021573803920768 26173695 26625316 451621
10 411 rs11592060 79017064 1 -0.01016750942997826 78938880 79017064 78184
10 452 rs4615965 85798580 5 0.01015153780391978 85737862 85893487 155625
10 406 rs1040936 78084407 3 0.01007894722327613 78005230 78157572 152342
10 518 rs7902180 100638667 7 -0.01005803160743766 100378911 101138526 759615
10 368 rs2429018 70799421 6 0.00999768598395276 70799421 70969158 169737
10 631 rs2935695 123481200 2 0.0099841303763177 123462841 123569487 106646
10 249 rs2001893 35300623 2 0.00993631847419146 35194388 35549257 354869
10 686 rs7085243 129803120 2 -0.00967375846048483 129778431 129816246 37815
10 252 rs708424 36191613 1 0.00950140557501906 36191613 36191613 0
10 488 rs2488083 94535940 3 0.00921628033337414 94516468 94843535 327067
10 695 rs561020 130566749 1 0.0090048034133914 130552334 130566749 14415
10 551 rs4917528 110262425 2 0.00897376781187821 109961825 110286164 324339
10 149 rs4747288 16988844 6 0.00883214990185112 16976618 17064992 88374
10 110 rs2482069 12889696 3 0.00877494843133043 12873352 12985117 111765
10 236 rs1044795 32095249 2 -0.00875177210819673 32067305 32435853 368548
10 401 rs1149718 77064320 6 -0.00859506513450851 76818077 77128000 309923
10 356 rs4746541 67792573 10 0.00858125268611863 67775907 68057443 281536
10 75 rs7081521 8398914 3 0.00852597320425146 8388512 8401112 12600
10 114 rs6602637 13214812 3 -0.00847578337774675 13212884 13258459 45575
10 646 rs3808965 125519977 4 -0.00835641210279654 125480831 125530746 49915
10 262 rs3004212 43642810 3 0.00834538684567883 43552895 43793625 240730
10 91 rs1324317 10594364 1 0.0083194406813041 10552597 10626134 73537
10 726 rs12265483 133362116 1 -0.00825383774258215 133360968 133473698 112730
10 374 rs3104049 71476425 5 -0.0082279560133329 71466578 71540035 73457
10 125 rs7898835 14080455 4 -0.00810309614174846 14050695 14123459 72764
10 318 rs7098642 58580335 3 -0.0080795211874873 58342829 58805347 462518
10 277 rs1822861 49834326 4 0.00807844192204873 49834326 49930509 96183
10 342 rs7073837 63699895 5 0.00804753888932989 63688672 63752159 63487
10 447 rs7099749 84576414 2 0.0080148183513099 84389603 84669803 280200
10 433 rs2784774 81921553 4 0.00799515734072022 81891206 82149655 258449
10 366 rs72799515 70405541 1 0.00791095818489013 70105560 70415515 309955
10 637 rs12571363 124230612 4 0.00790539924137826 124017404 124259062 241658
10 487 rs701846 93871066 3 0.00786878888375569 93691840 94481995 790155
10 633 rs2461224 123839549 2 0.00773439408337851 123815371 123846490 31119
10 609 rs1247122 120426849 3 0.00767161387884148 120252855 120577700 324845
10 373 rs10823416 71417394 2 0.00761320009167407 71391621 71451440 59819
10 641 rs7074757 124967685 2 -0.00758457232127109 124931515 124982500 50985
10 436 rs7908544 82424161 3 0.00745981078983282 82424161 82424293 132
10 310 rs11004420 56386858 4 -0.00733540372033608 56302374 56389870 87496
10 446 rs2247247 84383277 6 -0.00731230239139833 84008661 84383277 374616
10 260 rs590937 43149991 3 0.00730597277050373 38402789 43186821 4784032
10 233 rs3006603 31210609 4 -0.00730090559035214 31146615 31476159 329544
10 383 rs10823600 72468097 7 0.00728205734875315 72351827 72475768 123941
10 131 rs7921961 14778352 3 0.00720726228272725 14704727 14793995 89268
10 341 rs2588960 63604236 6 -0.00716865785307799 63574788 63655873 81085
10 336 rs12217173 62091912 8 -0.00711199957005317 62028797 62437648 408851
10 546 rs4918280 108790758 4 0.00706480387605284 108743550 108859804 116254
10 191 rs7903234 25152621 4 -0.00702715903398559 25066353 25164979 98626
10 426 rs17557872 80873608 3 0.00699524611000371 80818282 80874092 55810
10 279 rs4620641 50326725 4 -0.00689568820936521 50155130 50443840 288710
10 453 rs12781048 85956268 6 0.00688085259719216 85939031 86016490 77459
10 270 rs11239505 45882741 4 -0.00669929434713598 45601841 46109533 507692
10 221 rs1247456 29947754 3 -0.00665595981602301 29898439 29989182 90743
10 232 rs7097542 31042981 8 0.0065753456370516 31038752 31129883 91131
10 109 rs928336 12834926 5 0.00655622367482925 12826886 12858045 31159
10 275 rs7896115 49730982 3 0.00654435444753237 49406469 49741135 334666
10 285 rs10082515 52201167 1 0.00653563629416091 52127483 52404195 276712
10 207 rs1249334 28630300 4 0.00653440993363634 28504944 28646618 141674
10 205 rs7076276 28296076 1 0.00643916968089726 27978030 28296076 318046
10 127 rs7077526 14374370 4 0.00636461861523794 14276664 14396207 119543
10 535 rs2282092 106068471 5 0.00635314548408323 105928215 106101986 173771
10 173 rs591652 21406933 2 0.0063323109221903 21327127 21470801 143674
10 652 rs11244602 126064956 3 -0.00630975108462893 126062722 126128552 65830
10 13 rs11251149 2341947 4 0.00628748542024838 2241511 2377838 136327
10 681 rs4750892 129352866 5 0.00626882922673299 129346199 129418956 72757
10 606 rs853576 119820073 2 0.00625542245748908 119820073 119943660 123587
10 432 rs3851050 81882370 3 0.00622445890758507 81232632 81882370 649738
10 211 rs1762024 29050284 3 0.0061958224283137 29017304 29106668 89364
10 99 rs11257159 11578174 1 0.00615814046885793 11492868 11729673 236805
10 197 rs2442843 26056683 2 0.00608717213612347 26056683 26148710 92027
10 470 rs10509540 90023033 4 0.00608247571399837 90020220 90376864 356644
10 579 rs239865 115685187 1 -0.00583671838887043 115610004 115694632 84628
10 209 rs2153299 28752106 8 -0.00577309896681678 28738098 28995563 257465
10 367 rs10998461 70616517 4 -0.00574182407474273 70475978 70742931 266953
10 399 rs9664184 75409967 7 0.00570846996509261 74761503 75669319 907816
10 562 rs10885122 113042093 4 0.00569406677403144 112897070 113072148 175078
10 261 rs2066394 43481956 4 0.00567606025056338 43262261 43526023 263762
10 69 rs719748 7731885 2 0.00563766134915228 7660490 7731885 71395
10 106 rs2399849 12499860 3 -0.00557655909117376 12499860 12576812 76952
10 354 rs10822552 67193734 4 -0.00554678724055706 67118874 67539130 420256
10 508 rs2784921 98912996 2 -0.00545017718473617 98903394 98937908 34514
10 690 rs9804335 130247173 6 0.00544030720281332 130232922 130278058 45136
10 611 rs2275111 120917445 5 0.0054072866239731204 120753787 120917445 163658
10 19 rs7911151 2882338 1 -0.00537335883734626 2828890 2887947 59057
10 179 rs11013153 23137898 4 0.00533046169854862 23097537 23364720 267183
10 596 rs10886051 118994479 7 0.00530535171474405 118917671 118994530 76859
10 473 rs2211595 90843886 4 0.0052408150072004896 90745130 90857198 112068
10 344 rs753518 64235506 1 -0.00523001452533608 64073480 64252883 179403
10 195 rs7100942 25823753 7 -0.00522325927742026 25755263 25970198 214935
10 512 rs531676 99637578 1 0.00519363757720663 99558000 99647665 89665
10 321 rs12772513 59677013 2 -0.00518918831519413 59443875 59677013 233138
10 440 rs9988765 82715797 3 0.0051103284473246 82715404 82815909 100505
10 655 rs7097254 126512248 5 -0.00508527881120354 126317857 126575210 257353
10 712 rs766532 131991689 2 0.00505703312991827 131941265 132194040 252775
10 626 rs7914065 123095366 2 -0.00504227676288124 123021241 123095366 74125
10 247 rs1765169 34498716 3 -0.00503557201782295 34317035 34498716 181681
10 460 rs17105979 87688537 4 0.00495575764411885 87680908 87816757 135849
10 547 rs607523 108880521 1 0.00485342641630137 108880455 109340642 460187
10 250 rs2506109 35873645 4 0.00484335609917721 35662640 36000671 338031
10 319 rs3907689 58995327 2 0.00476261282321884 58828890 59091105 262215
10 532 rs3824774 105438751 2 -0.00460288127894644 105269873 105438751 168878
10 538 rs17790008 106845381 3 0.00459101089651745 106763703 107027076 263373
10 291 rs12412862 53419753 2 -0.00456816857614169 53382116 53593979 211863
10 371 rs3829185 71149319 2 0.0045079417165628 71144324 71275363 131039
10 243 rs7073701 34028762 2 -0.00447278231810783 33925036 34151735 226699
10 95 rs7073803 11185145 5 -0.00437694138703175 11185145 11277613 92468
10 112 rs604772 13056587 2 -0.00426019744000363 13054479 13115887 61408
10 385 rs1538373 72718265 8 0.00425576802036046 72593893 72719407 125514
10 363 rs12355429 69285707 3 -0.00418426019515661 69000781 69359021 358240
10 688 rs1329189 129998372 1 0.00416504709861317 129984460 130048165 63705
10 619 rs10886697 122231245 1 -0.00414410882863855 122231245 122346065 114820
10 586 rs17721283 116644141 6 -0.00411564064703651 116364424 116828592 464168
10 597 rs363294 119043554 1 0.00411277532180715 119043554 119102636 59082
10 83 rs1150013 9358590 4 0.00409182345271141 9223424 9419691 196267
10 222 rs1539536 30014723 3 0.00407483741500035 30005534 30094198 88664
10 526 rs10883547 102627228 1 0.00402412386165042 102627228 102749069 121841
10 698 rs7900076 130782526 4 0.00401795393389609 130744348 130786576 42228
10 537 rs7900775 106600343 3 0.00400397360189217 106349202 106740404 391202
10 80 rs12248916 8866290 5 -0.00400332450359213 8775730 8866290 90560
10 542 rs17120734 108170803 2 0.00399646291375586 108004010 108216760 212750
10 259 rs911176 37909366 3 0.00396861508896625 37598859 38032484 433625
10 636 rs10788262 123991774 2 -0.00394343775633124 123950002 124007573 57571
10 0 rs10904173 462885 4 0.00387532275750409 236452 635857 399405
10 717 rs4750840 132676766 2 0.00382050320434412 132602033 132676766 74733
10 732 rs10870302 134191738 5 0.00376685242129577 134069351 134191811 122460
10 434 rs7914650 82325999 4 0.00373238555490515 82182328 82355408 173080
10 403 rs11001525 77622485 6 -0.00372221453661131 77448435 77674635 226200
10 62 rs4748675 7141150 3 -0.00370153593200592 7083369 7162312 78943
10 393 rs875861 73309246 2 -0.00366341802663564 73290319 73340767 50448
10 58 rs7904485 6664154 5 0.0036171068441818 6650426 6736921 86495
10 715 rs10734097 132514149 3 0.00360771812311748 132377231 132531025 153794
10 463 rs12250999 88364717 5 -0.00359655467142928 88005754 88436426 430672
10 396 rs4747204 73598889 5 -0.00355293486804384 73516463 73642902 126439
10 585 rs11196791 116333974 1 0.00353749850358508 116233824 116335246 101422
10 665 rs6597745 127895098 2 0.00351793333972442 127868584 127911584 43000
10 615 rs34239637 121556259 5 0.00350428805467497 121311308 121701774 390466
10 421 rs7074960 80259796 5 -0.00342225452929286 80238142 80359650 121508
10 230 rs906232 30831940 4 0.00339937463555625 30830592 30896831 66239
10 444 rs1024193 83852321 4 0.00336660351142563 83775626 83865764 90138
10 545 rs822094 108718383 1 0.00334654316938201 108679892 108720972 41080
10 428 rs16937032 80963517 4 0.00333503671014852 80963517 81057833 94316
10 643 rs705133 125210522 3 0.0032819104522671 125190029 125266207 76178
10 136 rs7910208 15322317 3 -0.00327614065022857 15322317 15498525 176208
10 398 rs7083908 74003722 6 -0.00322753429606835 73820001 74637326 817325
10 623 rs11815121 122719834 2 0.00322730302437673 122581712 122721684 139972
10 604 rs11198164 119632192 2 -0.00321010680545199 119632192 119641986 9794
10 486 rs7085519 93643195 5 0.00319380764959787 93347297 93673004 325707
10 563 rs10885154 113151980 3 -0.00315736535858255 113144540 113507338 362798
10 93 rs10905858 10945862 3 -0.00309730549319801 10800193 10953819 153626
10 380 rs2394724 72121606 2 0.00309213923981755 72055156 72204961 149805
10 509 rs12358777 99047159 2 0.0030713987610548 98955599 99329418 373819
10 340 rs10509148 63169896 7 0.00307038479513687 63143388 63541723 398335
10 693 rs2767290 130470565 1 0.0030455716410559 130470565 130477824 7259
10 199 rs3006819 26718561 4 0.00296587747828879 26654660 26734485 79825
10 103 rs10906097 12243821 4 0.00296076459502973 12122355 12314997 192642
10 379 rs113487866 72014967 2 -0.00294173014956291 71915507 72015573 100066
10 42 rs6601900 5123136 6 -0.00293300877739201 5121745 5349871 228126
10 584 rs10885565 116178891 2 -0.00290671796293461 116152354 116186382 34028
10 74 rs946028 8348329 2 0.00289544894261341 8179864 8350343 170479
10 423 rs753384 80591064 3 0.00288313387066132 80475897 80604614 128717
10 335 rs10994250 61961795 4 -0.0028410824916882 61907907 61998060 90153
10 701 rs7916199 130939105 1 0.00278037080127925 130939105 131013164 74059
10 355 rs1670148 67677241 6 0.00275667923356553 67560490 67729575 169085
10 682 rs2154178 129452789 2 0.00272647929108761 129443941 129482294 38353
10 269 rs7903517 45530453 2 -0.00271928257976953 45453950 45559980 106030
10 276 rs1345104 49765237 4 -0.00268516921905066 49760827 49810977 50150
10 311 rs4935119 56467874 6 -0.00267034057190244 56423968 56626553 202585
10 184 rs11814429 24430388 1 0.00263629381127415 24326623 24484239 157616
10 303 rs1917186 54799931 2 0.00261401376649597 54738810 54831160 92350
10 214 rs2487854 29278939 1 -0.00261273971791488 29278939 29315331 36392
10 515 rs4919210 100088262 2 0.00260933485093701 100085888 100179851 93963
10 38 rs313445 4680910 1 -0.00258958432216178 4612690 4694013 81323
10 628 rs755698 123165700 5 0.00256127660690428 123151488 123228660 77172
10 3 rs7924182 1179519 4 -0.00254632054832544 1179519 1325411 145892
10 25 rs2814925 3284061 1 -0.00254534246323952 3245862 3316592 70730
10 464 rs12251540 88443302 1 0.00253795898769621 88443060 88683122 240062
10 187 rs3858220 24706471 1 -0.00251615601059329 24706471 24706471 0
10 253 rs708419 36262488 1 -0.00249979807131193 36209003 36292634 83631
10 702 rs476628 131041657 1 0.00249598272346682 131041657 131056779 15122
10 490 rs2298156 95134850 2 0.00248784765379309 95070080 95148470 78390
10 339 rs10509142 62773645 2 0.00248517420722404 62664755 63118391 453636
10 544 rs10786972 108517729 4 -0.00244893784850781 108355843 108597250 241407
10 82 rs11256095 9192604 3 -0.00242005368266379 9041158 9192604 151446
10 316 rs10763269 57601709 3 -0.00239060947243983 57557708 57932910 375202
10 217 rs495219 29466058 2 0.00237634893701011 29466058 29562039 95981
10 720 rs4418720 132908210 1 -0.00237439788648968 132815843 132908210 92367
10 420 rs11002539 80171005 4 -0.00237008833362578 80100861 80223728 122867
10 539 rs4917447 107438736 5 -0.00233173910920759 107046545 107530680 484135
10 295 rs1194516 54031443 6 -0.00232458225052839 53929791 54037188 107397
10 548 rs2418960 109393286 3 -0.00231624500105345 109368144 109575301 207157
10 571 rs11196152 114686805 1 0.00230695943578806 114652695 114687884 35189
10 654 rs10901761 126254468 3 0.00227997958504589 126237467 126284935 47468
10 672 rs7902474 128405292 1 0.00225839593192846 128378598 128407765 29167
10 134 rs17156239 15079699 1 0.00222681327130687 15073244 15203275 130031
10 455 rs2960358 86573350 1 -0.0021642223377044 86463014 86573350 110336
10 15 rs11251392 2635863 1 0.00214794014137702 2544480 2635863 91383
10 511 rs17108378 99502897 1 0.00212494147771166 99371729 99537490 165761
10 608 rs12571492 120231835 2 0.00211503246164032 120181447 120237076 55629
10 61 rs870871 6997213 5 -0.00210303171459517 6993426 7039552 46126
10 142 rs4748282 16400072 9 0.00207946651055101 16256337 16438524 182187
10 313 rs11004759 56916347 6 -0.0020711616045325 56898863 57029123 130260
10 558 rs5015510 112235106 2 -0.00203944511955315 112235106 112349879 114773
10 50 rs3136621 6001409 3 -0.00203572585167278 6000259 6009126 8867
10 465 rs11202285 88743691 3 0.00202543438227235 88700638 88947473 246835
10 492 rs10882256 95272834 4 0.00200780235133671 95260965 95332517 71552
10 154 rs7358275 17661778 3 0.00200600379234462 17604430 17757296 152866
10 656 rs3781409 126715629 3 0.00200092592650223 126691180 126743195 52015
10 707 rs7899958 131603126 1 -0.00197541307728035 131601154 131626650 25496
10 284 rs2842084 52068298 4 0.00195761832209683 52002204 52099505 97301
10 450 rs4614382 85482501 2 -0.00195268413380201 85482501 85600447 117946
10 501 rs10882692 97695022 9 0.00193575034305417 97328227 97984311 656084
10 397 rs7919939 73680382 2 0.00193265940395012 73665651 73778267 112616
10 449 rs17102157 85318842 5 0.00192110943260431 85073628 85422854 349226
10 164 rs2358352 19497686 1 -0.00192088231915992 19428643 19534443 105800
10 193 rs12245357 25444095 2 -0.00191698219308498 25231171 25470573 239402
10 202 rs7073300 27132992 1 -0.00188426463756556 27103056 27192279 89223
10 255 rs1219564 36525137 4 -0.00185295239378337 36502489 36648040 145551
10 158 rs1295881 18566529 1 0.00181322783157639 18552276 18674224 121948
10 576 rs4918844 115319711 4 -0.00181081878450911 115174263 115324358 150095
10 5 rs3793733 1421326 2 0.00180326079856278 1411713 1503564 91851
10 534 rs11191878 105716540 4 0.00178438325259728 105586509 105815324 228815
10 143 rs7097885 16506501 4 0.0017760183199449 16479186 16547058 67872
10 305 rs10825038 55268006 3 -0.00174457329752713 55116060 55301663 185603
10 22 rs3829910 3095281 1 0.00173841213009973 3071566 3095281 23715
10 588 rs180627 117773116 1 0.00173789666056056 117713221 117823739 110518
10 417 rs10824592 79931975 3 -0.00170830211965657 79735473 79955120 219647
10 577 rs7080536 115348046 5 -0.00170414410285476 115334124 115372156 38032
10 520 rs12260709 101318702 1 -0.0017025081078292 101274365 101323976 49611
10 437 rs7923403 82480172 3 -0.00169017308019797 82445987 82564676 118689
10 201 rs11015236 26993080 2 0.00168351172890154 26900228 27020568 120340
10 347 rs10465990 64960536 9 0.0016738872142627501 64765654 65461640 695986
10 531 rs284861 104572276 4 0.00166752436178273 104546284 105244565 698281
10 408 rs1897592 78652814 1 -0.0016670429459086501 78646536 78696377 49841
10 178 rs1409396 22879032 3 -0.00166643446000181 22822524 23038083 215559
10 65 rs2255576 7514583 4 0.00165626677247633 7474760 7528721 53961
10 461 rs4644592 87924667 3 -0.00165044136271736 87861382 87924667 63285
10 307 rs12244555 55816897 1 -0.00163016028879063 55736655 55847948 111293
10 483 rs7098577 92937921 2 -0.00161126537221878 92897348 92972619 75271
10 77 rs4749770 8536278 4 0.00160385514738131 8449327 8538492 89165
10 424 rs1981221 80640638 2 0.00160383965494468 80616150 80687569 71419
10 267 rs17156718 45126020 2 -0.00159654317840943 45026907 45210690 183783
10 325 rs12356237 60392437 3 -0.00153772730506551 60387972 60548276 160304
10 629 rs7090018 123268889 2 -0.00153018464818124 123268889 123318961 50072
10 550 rs11193752 109624420 2 -0.00151723642691035 109609300 109949370 340070
10 33 rs11252345 4145947 1 -0.00151584429804749 4092494 4212277 119783
10 189 rs2297325 24823076 2 -0.00149383647790743 24823076 24837715 14639
10 86 rs17147187 10121843 2 0.00148612324258055 10117897 10148233 30336
10 107 rs2768340 12594436 1 -0.00148586255055977 12591712 12608676 16964
10 101 rs717800 11919872 2 0.00148064753441764 11873528 11936590 63062
10 331 rs16913885 61388368 4 0.00147462919918081 61388368 61469538 81170
10 57 rs571715 6556554 2 0.00145381842524825 6551732 6615454 63722
10 126 rs7908576 14163016 4 -0.00144640847632269 14145486 14262438 116952
10 312 rs1349893 56701951 1 0.00143325028114106 56682225 56849669 167444
10 713 rs307387 132243193 2 -0.00143038785937491 132205196 132250590 45394
10 241 rs10763941 33762902 5 -0.00141134421636021 33722748 33786642 63894
10 282 rs1917814 50853526 3 0.00140426362958392 50850163 51056858 206695
10 475 rs304478 91150922 3 -0.0013896294177385 91041098 91263587 222489
10 527 rs140202357 102891390 4 0.00138081580646985 102813354 102928131 114777
10 677 rs11017023 129063539 1 -0.00135817692806999 129015005 129128317 113312
10 510 rs7093643 99350128 1 0.00132858467300722 99350128 99366769 16641
10 168 rs11011740 20305855 5 0.0013118205949828 20288812 20496270 207458
10 118 rs2251555 13534851 4 0.00130282206134384 13531381 13710897 179516
10 375 rs7088833 71573154 3 -0.00128649894016965 71554474 71599042 44568
10 676 rs9299865 128930240 3 -0.00128112164978156 128820544 128974220 153676
10 238 rs7088801 33368644 6 0.00126136309114981 32704465 33446557 742092
10 329 rs1450774 61190125 2 -0.00124374931728725 61097761 61303047 205286
10 703 rs2111627 131160866 1 -0.00124110201322044 131092082 131160866 68784
10 70 rs7904875 7852628 4 0.00123733676155437 7749183 7886084 136901
10 257 rs10827697 37035679 1 0.00123559753676234 36964639 37113509 148870
10 639 rs7100697 124745323 3 -0.00122565652004841 124543343 124856850 313507
10 351 rs2394084 66373497 1 0.00120958446939261 66369826 66468127 98301
10 653 rs10901745 126207206 1 -0.00119695499455147 126150148 126229920 79772
10 361 rs1925564 68721071 3 -0.00119593240684058 68578970 68721071 142101
10 727 rs9419646 133555393 1 -0.00119533045549258 133506848 133555654 48806
10 580 rs151591 115713566 2 0.00118284588775742 115707967 115812793 104826
10 454 rs12253879 86429955 3 -0.00117532823804892 86023610 86439849 416239
10 599 rs703361 119341820 2 -0.00112021221336518 119261945 119345838 83893
10 482 rs12777523 92811346 1 0.00111607346246555 92721319 92872941 151622
10 308 rs2795930 56104585 2 -0.0011135524654307 55870356 56204291 333935
10 155 rs6482124 18298132 4 -0.00109416912002356 18229566 18298132 68566
10 170 rs11818220 20720920 6 0.00108569835404781 20633912 20842031 208119
10 204 rs7092214 27937752 2 0.00107986684690222 27674288 27963246 288958
10 45 rs11253227 5594362 1 0.00105577129684805 5554958 5594362 39404
10 448 rs4362092 85062296 2 0.00104397300372629 84680499 85062296 381797
10 504 rs2861580 98208287 3 0.00103395752640001 98183070 98384147 201077
10 16 rs17158714 2672202 3 -0.00102009199531944 2658061 2720453 62392
10 572 rs12243326 114788815 3 0.00100085665844947 114732882 114821807 88925
10 457 rs7915322 87081507 4 -9.951186451830655e-4 86953013 87214408 261395
10 8 rs7072699 1692796 1 9.773274147475645e-4 1661398 1729026 67628
10 338 rs7081336 62640488 2 9.742546820179532e-4 62638036 62650428 12392
10 489 rs11187348 95016235 2 -9.742520847514528e-4 94852448 95064137 211689
10 617 rs4339955 122041934 4 9.728075979759396e-4 121905620 122105511 199891
10 675 rs4500401 128788311 1 -9.614094921126276e-4 128597733 128788311 190578
10 516 rs11189619 100220012 2 -9.533480201327236e-4 100218766 100234276 15510
10 679 rs869801 129245684 1 9.49929081810224e-4 129208021 129248077 40056
10 468 rs478839 89731870 3 -9.490338092431136e-4 89596558 89833475 236917
10 196 rs10828853 25997959 3 -9.425465507630048e-4 25994745 26014964 20219
10 663 rs2078114 127776336 1 9.403046635934768e-4 127764148 127816662 52514
10 283 rs3123078 51524971 1 9.402894863794944e-4 51524971 51593354 68383
10 589 rs2530343 117851318 2 -9.393394304429026e-4 117849353 117851318 1965
10 657 rs7908482 126802447 2 -9.351415757219336e-4 126793086 126846214 53128
10 7 rs2676719 1549881 4 -9.325888269841888e-4 1535202 1644771 109569
10 638 rs10902929 124460069 2 9.26774878609336e-4 124456033 124524241 68208
10 469 rs6586120 89863761 1 9.033014967946604e-4 89855562 89965473 109911
10 46 rs11253250 5631737 1 8.828961716365734e-4 5607759 5634775 27016
10 466 rs11592638 89399224 2 -8.716530004944807e-4 89175636 89458909 283273
10 14 rs2638450 2447002 2 -8.685422682143133e-4 2422803 2537042 114239
10 182 rs12260319 23863296 2 8.475975258925149e-4 23861418 24234777 373359
10 111 rs12763563 13031971 2 -8.438481515413018e-4 12999115 13031971 32856
10 412 rs10824534 79137838 3 8.206662480964962e-4 79051460 79187957 136497
10 439 rs10882295 82668530 1 -8.041632177295613e-4 82656178 82706117 49939
10 213 rs11598943 29205665 2 -7.888735035350976e-4 29183362 29265375 82013
10 10 rs11250880 1926697 3 7.703628999837308e-4 1891815 1984760 92945
10 497 rs10786152 95893514 1 7.550619877225691e-4 95737055 95946520 209465
10 722 rs2397753 132987665 2 -7.539768690724218e-4 132980932 133036574 55642
10 566 rs11195874 114047787 2 7.488179413600577e-4 113967744 114047787 80043
10 651 rs6597881 126007164 1 7.420020013244082e-4 125980308 126052440 72132
10 407 rs1873465 78189959 2 -7.306443138014197e-4 78189959 78629107 439148
10 123 rs2797890 13974185 1 -7.267491230196227e-4 13967259 14002143 34884
10 55 rs947474 6390450 1 7.246431432340144e-4 6342636 6390450 47814
10 177 rs3011642 22394843 4 7.166432928910843e-4 22280429 22538174 257745
10 498 rs9332092 96696529 10 6.839857001749345e-4 95976932 96977553 1000621
10 68 rs12771124 7631098 2 -6.830362468287785e-4 7631098 7653065 21967
10 220 rs4572039 29874633 1 -6.7034744484876e-4 29822032 29892296 70264
10 478 rs1329180 91930931 1 6.671709472228839e-4 91682281 91949422 267141
10 333 rs10994094 61728196 5 6.665487672361148e-4 61630250 61793795 163545
10 245 rs743107 34209459 1 6.617307421860534e-4 34209459 34230325 20866
10 513 rs920643 99822587 1 -6.479357416816053e-4 99754973 100019039 264066
10 456 rs10509500 86665704 1 -6.3912331202779e-4 86589388 86921913 332525
10 48 rs7900361 5856984 2 6.325173632719372e-4 5735648 5856984 121336
10 384 rs1861519 72496131 3 6.305250058676701e-4 72483010 72535007 51997
10 427 rs697238 80947668 2 6.292665724153493e-4 80913782 80953136 39354
10 231 rs10826834 30936214 1 -6.205120375398678e-4 30936214 31000393 64179
10 90 rs1819232 10509715 1 6.184406414429424e-4 10436076 10540164 104088
10 616 rs4415675 121825959 2 6.171222833265884e-4 121736699 121860349 123650
10 59 rs4748360 6793861 3 -6.123102970661612e-4 6782769 6883788 101019
10 286 rs6479768 52638933 3 -6.031320270916024e-4 52499880 52881906 382026
10 595 rs740600 118651882 2 -5.933429026188249e-4 118522665 118834991 312326
10 94 rs1291843 11104819 1 5.92294666426156e-4 10982646 11161978 179332
10 694 rs4750993 130518039 1 5.921420262123488e-4 130518039 130518039 0
10 645 rs12265793 125451452 2 -5.886810995364924e-4 125436555 125466049 29494
10 98 rs2454797 11431693 1 5.877010320294343e-4 11424447 11456926 32479
10 728 rs11156470 133590090 4 5.752031369098533e-4 133561098 133647554 86456
10 60 rs10795522 6952360 4 5.738952595194708e-4 6904180 6969816 65636
10 326 rs1992657 60581614 1 5.674691866803768e-4 60581614 60620540 38926
10 674 rs6597823 128546740 1 5.48255693195238e-4 128470148 128569545 99397
10 559 rs10885031 112498330 1 5.409350305523026e-4 112392162 112557773 165611
10 438 rs1702249 82570802 1 -5.36526479967779e-4 82570802 82616655 45853
10 47 rs6602236 5654167 1 -5.352330281757721e-4 5642758 5696482 53724
10 298 rs12220324 54386443 1 -5.285346721811473e-4 54344288 54386713 42425
10 54 rs7077335 6315794 2 -5.282436004037858e-4 6277661 6315794 38133
10 567 rs7919710 114169552 2 5.280700205691992e-4 114066230 114236865 170635
10 27 rs7090790 3416737 1 5.210320957498252e-4 3363137 3482498 119361
10 603 rs7918427 119531719 3 -5.207529713398335e-4 119528591 119587425 58834
10 382 rs10762393 72331540 2 -5.176896906197076e-4 72273380 72332440 59060
10 650 rs7922403 125933075 1 5.129720768675542e-4 125924595 125934670 10075
10 592 rs7909371 118117576 6 5.106169313512255e-4 118117576 118285633 168057
10 474 rs10887934 91005008 2 -5.056360295085744e-4 90940003 91008873 68870
10 418 rs1249150 79980507 1 4.921418632328022e-4 79975194 80008668 33474
10 519 rs12261087 101252165 3 4.910872724752866e-4 101166544 101264162 97618
10 734 rs2819718 134404571 1 4.898345858522277e-4 134352620 134459388 106768
10 670 rs7916733 128240277 1 -4.78151295082489e-4 128240277 128269743 29466
10 135 rs2138929 15294548 1 4.760192952382629e-4 15240466 15294548 54082
10 223 rs11812527 30126537 2 -4.662206795094325e-4 30102047 30167754 65707
10 160 rs12784387 18804689 1 4.660613694684896e-4 18798319 18996761 198442
10 20 rs7923826 2983047 1 4.416049159040635e-4 2939241 2990680 51439
10 410 rs573712 78919640 3 -4.2992946593052583e-4 78749196 78919640 170444
10 186 rs11014053 24647899 1 4.2965301301987413e-4 24636556 24675337 38781
10 256 rs17627587 36688414 1 -4.2288307595875175e-4 36654368 36927691 273323
10 297 rs1194722 54193818 2 4.1214361255561015e-4 54175474 54301740 126266
10 476 rs12412483 91349049 1 4.069124351047893e-4 91297717 91376975 79258
10 445 rs12249088 83922529 1 4.0320940656745545e-4 83908249 83988809 80560
10 120 rs4424567 13801269 1 4.001110329066508e-4 13801269 13836782 35513
10 288 rs7091469 53072168 1 -3.991855837279743e-4 53035096 53131697 96601
10 88 rs10905707 10321874 1 -3.9742976131682017e-4 10256332 10364529 108197
10 667 rs3847470 128030244 2 3.935295237779726e-4 128025384 128045927 20543
10 719 rs4488114 132802525 5 -3.7402022737709553e-4 132708309 132803392 95083
10 664 rs17154306 127829304 1 -3.662659394847549e-4 127824919 127852395 27476
10 306 rs12253911 55546323 5 -3.62782031597973e-4 55371601 55717918 346317
10 206 rs10763642 28388150 1 3.624450513172892e-4 28311369 28492334 180965
10 416 rs1366047 79704394 1 3.5905024779232396e-4 79529807 79704394 174587
10 632 rs10510102 123625190 2 3.58095385606028e-4 123624510 123796743 172233
10 467 rs12414218 89481779 2 3.4808350695423934e-4 89468953 89547048 78095
10 235 rs11008620 32029264 1 3.407062525145927e-4 31957790 32050944 93154
10 387 rs12252440 72793796 2 -3.360239526993133e-4 72793796 72813306 19510
10 31 rs10795093 3939728 1 3.2572265558734805e-4 3888845 3950446 61601
10 212 rs1691940 29163413 2 -3.189453518996632e-4 29134705 29172222 37517
10 105 rs7100726 12450495 1 3.1357003834560544e-4 12450495 12487996 37501
10 569 rs7073681 114466256 1 3.0961076052854757e-4 114409630 114546666 137036
10 630 rs2935713 123432188 1 3.087583771114131e-4 123337335 123445373 108038
10 661 rs10794012 127349999 1 -3.0301837466911404e-4 127264189 127372751 108562
10 348 rs2671490 65762991 1 -2.994877883224365e-4 65491733 65769290 277557
10 591 rs3781554 117995793 1 -2.9887546618042514e-4 117961273 118093608 132335
10 528 rs17113829 103019884 1 -2.9795658140148554e-4 102955557 103073654 118097
10 328 rs9299588 60925428 3 2.967985906744121e-4 60832582 61063157 230575
10 673 rs11245126 128430469 1 -2.931135911553116e-4 128429139 128449111 19972
10 323 rs16912145 60082668 3 -2.756116669842023e-4 59836753 60115223 278470
10 392 rs7901112 73241440 1 2.74797746967452e-4 73240361 73274886 34525
10 620 rs10886730 122394214 1 2.7384791149738746e-4 122374787 122398063 23276
10 714 rs1334913 132311372 3 -2.690175741739047e-4 132268039 132357304 89265
10 159 rs11014049 18686452 5 -2.6678512089331463e-4 18682539 18763854 81315
10 219 rs10826629 29761314 1 -2.615627791433963e-4 29615837 29783692 167855
10 85 rs871158 9988716 7 2.5390935630399247e-4 9655895 10061134 405239
10 495 rs726817 95459817 4 -2.37916870797414e-4 95401292 95548443 147151
10 12 rs1333203 2131912 1 2.320540716372771e-4 2131912 2204321 72409
10 364 rs11815985 69475290 2 -2.2795957046302243e-4 69370832 69879669 508837
10 422 rs3910297 80458157 4 2.279267849801304e-4 80392568 80458157 65589
10 92 rs11596743 10776143 2 2.239636235180544e-4 10650389 10780895 130506
10 216 rs10443969 29415626 1 -2.2086105033932292e-4 29378718 29428123 49405
10 689 rs11016216 130185535 1 1.8111868942707025e-4 130084909 130210370 125461
10 32 rs7895964 4002033 2 1.6330533281204836e-4 3999910 4076159 76249
10 84 rs10508393 9617015 1 -1.631916347528336e-4 9448569 9617015 168446
10 73 rs2671297 8129951 1 -1.6142592936434908e-4 8129951 8142707 12756
10 254 rs11010375 36328422 1 1.6095083329784594e-4 36328422 36467648 139226
10 287 rs1904699 52909710 1 1.5478669503405266e-4 52905494 53025206 119712
10 167 rs1409341 20250984 2 -1.5428089779945026e-4 20140808 20267705 126897
10 394 rs3849958 73431596 1 1.538624952943185e-4 73355056 73439975 84919
10 700 rs7084245 130894033 1 -1.537574172745151e-4 130851955 130925103 73148
10 183 rs10764444 24300721 2 1.464608450274774e-4 24274773 24322509 47736
10 119 rs943101 13729426 3 -1.4450813300433824e-4 13729426 13765950 36524
10 171 rs11012258 20961117 4 -1.4395551200544366e-4 20919981 21225243 305262
10 568 rs1325172 114358555 2 1.432026784898544e-4 114280702 114381720 101018
10 480 rs10219117 92022480 1 1.387041421300086e-4 92022480 92102972 80492
10 441 rs11189282 83059717 4 -1.3781154874756253e-4 82909302 83298806 389504
10 192 rs4747507 25221928 1 -1.3043655131773972e-4 25177744 25224755 47011
10 365 rs6480314 69967447 1 -1.257001702569675e-4 69905300 70085529 180229
10 458 rs1949058 87251652 1 1.2480396684073943e-4 87232638 87284920 52282
10 451 rs2349763 85664031 1 -1.2177656086652456e-4 85628215 85715936 87721
10 721 rs4751329 132943161 1 1.1318465761678087e-4 132943161 132958926 15765
10 293 rs2454564 53736306 2 1.0778817334312952e-4 53644408 53789388 144980
10 477 rs10881687 91605122 1 1.0658016132894424e-4 91395428 91644426 248998
10 36 rs11252571 4554674 1 1.0097330637226112e-4 4458818 4554674 95856
10 389 rs2894147 73000943 2 9.191977569225432e-5 72991385 73047690 56305
10 600 rs181649 119376627 2 -8.614366824392336e-5 119351904 119418104 66200
10 564 rs4304698 113512966 2 -8.51196320614682e-5 113512966 113783588 270622
10 357 rs2456737 68155334 1 8.240082247247053e-5 68081241 68221237 139996
10 553 rs11194431 110918774 1 7.714207259034673e-5 110368941 110918774 549833
10 602 rs1570787 119509897 1 7.542908319598001e-5 119509897 119509897 0
10 671 rs10751572 128372802 2 6.478955951647133e-5 128287185 128373707 86522
10 157 rs11012883 18468124 4 6.457175085087478e-5 18407957 18520535 112578
10 172 rs7915437 21281210 1 -6.224106118234848e-5 21270480 21301918 31438
10 96 rs2765986 11314769 1 -5.930863189035281e-5 11296839 11342887 46048
10 472 rs4934425 90609718 2 5.603690032538936e-5 90579609 90727334 147725
10 635 rs4752655 123897130 1 5.309541118124778e-5 123897130 123897130 0
10 129 rs10906682 14500774 3 -5.118204979481951e-5 14498437 14633723 135286
10 499 rs10786195 97039458 1 -4.763111775591972e-5 96997820 97047200 49380
10 352 rs4258276 66878910 2 4.432937697559866e-5 66523544 66898841 375297
10 435 rs4934372 82372981 1 4.416257756632531e-5 82372300 82407173 34873
10 402 rs10824308 77227763 1 -3.732611158609939e-5 77143467 77284374 140907
10 294 rs1903998 53825576 2 -3.212966725844261e-5 53792576 53910521 117945
10 683 rs11816315 129634584 1 3.024284428737413e-5 129488347 129634584 146237
10 378 rs7901338 71850335 1 -2.994400958717585e-5 71696832 71874683 177851
10 185 rs11013962 24495586 1 2.9426942219015902e-5 24495586 24622926 127340
10 224 rs1929254 30186233 1 2.1600375341582935e-5 30180967 30224987 44020
10 536 rs1981101 106147824 1 2.0796873648512585e-5 106147824 106315243 167419
10 360 rs6480203 68448403 1 -1.746036862144464e-5 68444734 68556357 111623
10 370 rs7897621 71056150 2 1.3345685017780649e-5 71056150 71128875 72725
10 644 rs953557 125356716 1 -1.003370272635064e-5 125285875 125402461 116586
10 156 rs1986480 18346094 1 -8.660598130389251e-6 18312786 18377343 64557
10 29 rs7078384 3775054 1 8.10542599651526e-6 3719164 3775054 55890
10 148 rs1801238 16932490 1 -7.292210719799341e-6 16912134 16964443 52309
10 706 rs2183878 131522055 1 -9.761626180968709e-8 131522055 131597962 75907
