CHR Group SNP.lead BP.lead Size W BP.min BP.max BP.width
1 201 rs3790566 67814440 7 0.2559649890669533 67811356 68106197 294841
1 425 rs2488401 197702401 14 0.11622215845159144 196186750 197919693 1732943
1 336 rs3761959 157669278 8 0.07364498162127565 157485504 157975608 490104
1 4 rs3748816 2526746 6 0.05400259979348515 2513216 2853759 340543
1 431 rs3767498 201020727 13 0.05165223760935607 200481934 201052199 570265
1 452 rs3024505 206939904 2 0.0391342281233303 206727260 207035647 308387
1 503 rs2036775 229377038 2 0.03749361675422533 229377014 229545085 168071
1 472 rs340839 214161820 7 0.03714226664800809 213854151 214161820 307669
1 89 rs12401982 24372971 3 0.03435948367312781 24372971 24519920 146949
1 401 rs1689797 182150978 5 0.03365795310941312 181841744 182269701 427957
1 334 rs822431 156902281 9 0.03337167370978278 156862126 157130719 268593
1 33 rs7524046 9307033 6 0.03318794321859667 9073801 9341038 267237
1 383 rs10489267 173170152 11 0.03202633930783281 173103273 173475612 372339
1 454 rs3085 207857254 11 -0.03182914520837621 207300070 207875175 575105
1 426 rs6428467 198511122 13 -0.03124077587821657 197960889 198520125 559236
1 321 rs267738 150940625 9 0.030381186085805 149815536 151316324 1500788
1 468 rs3123537 212811947 7 0.03017786246793987 212350975 213094557 743582
1 450 rs1772145 205695695 18 0.02899869135041693 205648707 205916699 267992
1 92 rs12403541 25382556 5 0.02786624100802572 25322574 25499030 176456
1 86 rs10465543 23134218 5 -0.02730406650081784 22899011 23171706 272695
1 463 rs2272866 209929453 15 0.02704902930579202 209844517 210463786 619269
1 490 rs11118895 222093006 22 0.02667802311925805 221864710 222211329 346619
1 327 rs4240872 154436195 8 0.02654700744834439 153622220 154681950 1059730
1 271 rs1543421 101315934 5 0.02595097636978851 101202222 101638999 436777
1 293 rs1418426 111498111 21 0.02472275445082491 111137811 111684276 546465
1 496 rs3949347 225582816 15 0.02427740915025118 224966644 226015116 1048472
1 213 rs1022915 74907002 5 -0.02413212275499228 74506942 75014195 507253
1 140 rs719676 43254108 14 -0.02409468844728877 42390317 43353134 962817
1 341 rs11265265 159713556 14 -0.02380902203720683 159135353 159723619 588266
1 418 rs1323292 192541021 3 0.02309814062048131 192502783 192559646 56863
1 347 rs528095 160738146 2 0.02274358582306495 160652476 160921230 268754
1 562 rs559080 244096047 4 -0.02261857604933848 243086195 244102151 1015956
1 158 rs4927084 54760066 3 0.02243559328694224 54730036 54769520 39484
1 128 rs883220 38616871 3 0.02141771932821225 38570853 38721663 150810
1 71 rs2743208 19017855 3 0.02116057553948844 18876408 19017855 141447
1 462 rs2272880 209786078 6 -0.0210897246090568 209728590 209811595 83005
1 393 rs6680476 178676965 5 0.02085822407248187 178476554 178927427 450873
1 478 rs2211118 216864218 3 0.02082960017675305 216707012 216938541 231529
1 199 rs2991356 67305306 6 0.02079133846084642 66986557 67327894 341337
1 142 rs3762423 44445667 15 -0.02073793622692308 43772190 44844958 1072768
1 567 rs12404604 244829280 8 0.02063458938118674 244689029 244921530 232501
1 473 rs1660368 214407335 9 0.02054874804179259 214318748 214576241 257493
1 121 rs727005 36281336 6 0.0205449673707408 36156432 36789546 633114
1 99 rs7349137 29569212 5 0.02014501889171938 28659696 29621460 961764
1 279 rs2034525 105574256 6 0.01967159280595167 105484805 106063610 578805
1 524 rs10797557 234754829 2 0.01937237256074476 234633308 234754829 121521
1 456 rs9803859 208230431 5 -0.01933949294563648 208184956 208408503 223547
1 340 rs2814779 159098713 9 0.01924429213357598 158922287 159117690 195403
1 308 rs10924106 117053745 4 0.01920543302794396 117017718 117127417 109699
1 257 rs550060 94524784 5 0.01913983742673613 94512565 95070041 557476
1 195 rs12409333 65417839 10 0.0188035805827559 65161230 65678454 517224
1 453 rs11120211 207276379 4 0.01875838962455731 207074905 207293496 218591
1 417 rs1892148 192418962 5 -0.0187359240863202 191446589 192461456 1014867
1 200 rs12568764 67740835 9 0.01856272936246979 67412261 67760140 347879
1 551 rs10802917 241148960 7 0.0182530926990439 240856523 241161648 305125
1 495 rs6698799 224806555 9 0.01782851062567752 224454099 224916593 462494
1 482 rs4344379 217924096 7 -0.0172229235960318 217680035 218333741 653706
1 163 rs4927247 55985148 8 -0.01707133461611341 55523984 55989704 465720
1 37 rs2480777 10597551 5 0.01683894932253433 10029913 10725193 695280
1 561 rs9943068 242946169 4 0.01673904349983648 242855782 243034750 178968
1 67 rs7550969 18353743 9 -0.01672465571297019 18335916 18501662 165746
1 285 rs12039852 109075236 7 0.01660905606199447 108554161 109356362 802201
1 485 rs601175 219141960 6 0.0164558968424731 218841163 219222948 381785
1 211 rs1475064 73882478 14 0.01631839489900501 72517928 74175290 1657362
1 107 rs7555715 31183812 5 0.0162583249810823 31010302 31184368 174066
1 377 rs12044570 170443579 16 0.01614115809738819 169580885 170528547 947662
1 255 rs2893248 94160787 8 0.01598569423394405 92975938 94160787 1184849
1 215 rs5745343 76273805 11 0.01585537615492265 75290369 76474354 1183985
1 197 rs17451451 66388153 3 0.01583019904552806 65894160 66766222 872062
1 437 rs6701064 202093735 6 -0.01575546283924642 202032235 202193981 161746
1 165 rs2096086 56744527 4 0.01560367184568888 56420527 56794965 374438
1 108 rs4949294 31235936 2 0.0154171595176542 31231680 31313417 81737
1 301 rs2476601 114377568 5 0.01529382035335052 113844824 114541955 697131
1 269 rs2640911 100331265 4 0.01527560923186007 100079760 100740485 660725
1 422 rs339567 194842734 10 0.0152538183764079 194158003 195145923 987920
1 486 rs4240926 219983926 10 0.01524283775315537 219298539 220006085 707546
1 90 rs6670829 24751920 10 0.01497197004873959 24564127 24932733 368606
1 497 rs4369199 226280915 7 0.01489762418845572 226026406 226729492 703086
1 353 rs10917640 162881307 10 0.01485284340396202 162458412 162961718 503306
1 457 rs701641 208554185 4 -0.01470600441819709 208419288 208622869 203581
1 275 rs2022858 102608577 8 0.01460890607564317 102394835 102869841 475006
1 346 rs6427528 160516308 6 0.01448022112829493 160507016 160630143 123127
1 77 rs1416819 20193622 8 0.01441697408368202 20171860 20434402 262542
1 291 rs4839417 111018598 5 0.01437117092584226 110788825 111018874 230049
1 225 rs159665 80403167 11 0.0142535100506011 80386090 81059253 673163
1 277 rs7552098 104576954 10 0.01407999090624113 104113158 104981506 868348
1 238 rs17124345 85726103 3 0.01389677225031959 85568972 85955709 386737
1 64 rs4920374 17872028 5 -0.01372725580795255 17683526 17916962 233436
1 352 rs1047802 162356487 7 -0.01368606045446967 162324445 162440134 115689
1 144 rs6666806 45466927 5 0.01297715586597999 45133561 46885940 1752379
1 427 rs6686725 198618707 8 0.0128403895986023 198574902 199250270 675368
1 475 rs4465171 215886975 7 0.01277364580946872 215140251 215955937 815686
1 0 rs2649588 1314015 1 0.01270610466508121 1030565 1314015 283450
1 517 rs41304133 233121884 4 0.01244892109468761 232831301 233193800 362499
1 84 rs7552560 22547290 7 0.01238680076533407 22373624 22625246 251622
1 260 rs321270 96457002 7 0.01198398116811836 96051831 96564857 513026
1 75 rs3748748 20018195 3 0.01175146878967966 19827780 20056631 228851
1 173 rs10889092 58915024 3 -0.01155081849405049 58872522 59056326 183804
1 241 rs1882753 86965419 3 0.01148943203663197 86959173 87649865 690692
1 577 rs1691255 247065472 8 0.01142516041786679 246840223 247173682 333459
1 8 rs2493291 3329384 3 0.01139873791683736 3280253 3424388 144135
1 22 rs1890191 5887140 2 0.0110533763272617 5829039 5887140 58101
1 252 rs164898 91569689 1 0.01088655653639185 91530305 91784088 253783
1 476 rs2147912 216039967 5 -0.01077871403849895 215974257 216236311 262054
1 487 rs6541127 220401009 14 0.0107162452049598 220075257 220568157 492900
1 441 rs2494295 203218176 4 0.01069604212982032 203207520 203374751 167231
1 408 rs10798035 186050417 3 0.01067844592036482 185453884 186143052 689168
1 398 rs3827706 181160271 5 0.01058646585604397 181126503 181309400 182897
1 522 rs1407149 234452980 5 -0.01051817564969377 234382599 234475832 93233
1 32 rs4418632 8994112 2 0.01040880468595751 8991141 9049032 57891
1 270 rs11583008 101085094 5 0.00989863358988908 100766320 101183825 417505
1 171 rs1202804 58376778 4 -0.00987499064258189 58208267 58528820 320553
1 159 rs190963 54946847 1 -0.00985555990948937 54794819 54992939 198120
1 79 rs10916761 20637374 7 -0.00956200279332998 20617419 20745485 128066
1 34 rs2095904 9447371 3 0.00945553260941018 9367908 9447371 79463
1 529 rs35714220 236176845 3 0.00940119708398509 236105308 236296079 190771
1 368 rs16859085 167453334 4 0.00919865111032918 167248664 167455145 206481
1 7 rs6670328 3219950 3 0.00919678036208091 3131235 3248098 116863
1 284 rs7543435 108202710 6 -0.00912599168160861 108077102 108514072 436970
1 258 rs2996284 95107254 7 -0.00896059154980308 95085927 95312659 226732
1 318 rs1390510 147031323 7 0.00895196125808408 146508934 147048600 539666
1 460 rs2970556 209377775 10 0.00888410612077952 209113459 209581483 468024
1 403 rs10911269 183134719 12 0.00888128112120199 182784022 183548992 764970
1 558 rs737133 242322870 4 0.00882895228804382 242243178 242404260 161082
1 57 rs6667220 15347640 2 0.00876013661940329 15339960 15395881 55921
1 381 rs2757489 172264193 2 -0.0087575609697323 171977284 172452087 474803
1 559 rs10926744 242619825 1 0.00874962112840213 242477255 242619825 142570
1 502 rs342834 229351259 6 0.00874556807962755 229181697 229367115 185418
1 378 rs12040328 170755811 1 0.00861460798737761 170582464 170958136 375672
1 465 rs1970425 210840755 9 -0.0084725024812141 210800547 211079618 279071
1 134 rs10889285 40800486 9 0.00836046654066819 40499302 40800486 301184
1 62 rs56367069 17326767 2 -0.00818182167096802 17281235 17503210 221975
1 420 rs6694727 193369701 4 0.00816511496156706 192818018 193521335 703317
1 449 rs3789461 205588637 5 0.00816130693861535 205468289 205615442 147153
1 137 rs213757 41594798 17 -0.00806474827687308 41323882 41755652 431770
1 30 rs390468 8274018 3 0.00803223775158768 8210935 8313894 102959
1 82 rs2275363 21940555 9 0.0080173273792216709 21785981 21983611 197630
1 298 rs6658555 113098534 4 0.00799129106797591 112886545 113268225 381680
1 127 rs11210870 38449910 3 0.00794763926938063 38201371 38522092 320721
1 169 rs10489464 57643701 4 -0.00784850823526453 57629549 57771899 142350
1 526 rs908319 235062181 3 0.00779475334403336 235017637 235119382 101745
1 268 rs12409296 99853467 3 0.00762148656781553 99853467 100051580 198113
1 196 rs12086738 65807412 4 0.00759270120879355 65703484 65874037 170553
1 110 rs12132682 31955089 3 0.00757208614190408 31697284 32019153 321869
1 125 rs12075954 37847280 4 -0.0075627169112481 37561638 37888656 327018
1 2 rs2459994 2024064 3 0.0073721436790316 2024064 2223866 199802
1 451 rs7549189 206635295 3 0.00734273698865898 206595069 206709535 114466
1 329 rs6699043 154913021 2 0.007320413035935 154774916 155019710 244794
1 227 rs1195854 81698720 4 0.00726109166561089 81376282 81766935 390653
1 234 rs12728368 84290288 12 -0.00724664818789214 83958040 84722166 764126
1 294 rs10494129 111787072 8 0.00720623553708704 111773600 112000344 226744
1 282 rs1762506 107656356 3 -0.00718841292655852 107506014 107865978 359964
1 331 rs7551218 156364720 5 -0.00715368836284304 156184268 156386787 202519
1 35 rs6695925 9526956 2 -0.0071073097381251 9490339 9526956 36617
1 190 rs11800361 64046766 8 -0.00696825464661686 63818393 64166213 347820
1 135 rs7511983 40966167 10 0.00682488921081499 40823379 41204569 381190
1 236 rs7512497 85335709 3 -0.00676309234245042 85212582 85340005 127423
1 87 rs309500 23233600 6 -0.00665795426500857 23206684 23902416 695732
1 218 rs315014 77033959 5 0.00651663914929623 76976522 77259107 282585
1 366 rs558843 166634216 8 0.00647956923794502 166544158 167097070 552912
1 540 rs1572706 238307309 9 -0.0062856066492086 238126784 238560794 434010
1 360 rs2171691 164689328 6 -0.00622283085460934 164666940 164951930 284990
1 16 rs763238 4743704 8 0.00620994567570608 4548088 4743704 195616
1 96 rs11247963 26855401 9 0.00620142684890302 26741106 27377401 636295
1 31 rs301806 8482078 4 0.0062014242552815 8395560 8978514 582954
1 311 rs10923228 117750686 4 -0.00617601568432356 117749809 118087384 337575
1 52 rs9803674 14490497 4 0.00613550505528663 14418186 14585648 167462
1 123 rs484017 37303737 4 0.0061035621069357 37115263 37303737 188474
1 566 rs3102460 244576717 4 0.00607950167625855 244464197 244638528 174331
1 351 rs4526593 162148700 8 -0.0059282422596091 161984197 162312753 328556
1 373 rs12041293 168572297 5 -0.00592529284647573 168413221 168633890 220669
1 149 rs2073293 48570133 2 0.00591252355969156 48509053 48973519 464466
1 363 rs12065621 165639264 10 0.00590247268804371 165465281 165815939 350658
1 338 rs980937 158140205 4 0.00590083209096323 158140205 158377882 237677
1 219 rs1004878 77324640 1 0.00589988363422504 77266676 77531780 265104
1 509 rs2095769 230981823 11 -0.0058993057050108 230883073 231277763 394690
1 250 rs10922869 90993868 6 0.0058467907893479 90607718 91062107 454389
1 491 rs1906273 222595058 3 -0.00583137407700447 222230715 222595058 364343
1 292 rs1769207 111093653 8 0.00580843632785423 111035174 111105514 70340
1 273 rs17426819 102194625 7 -0.00579288582418281 102080843 102243101 162258
1 402 rs10797788 182623509 5 0.00576525130367377 182301508 182746231 444723
1 139 rs17363834 42076607 4 0.00574117578237957 42027561 42350837 323276
1 6 rs7518255 3086464 2 0.00561515118346653 3047252 3086464 39212
1 183 rs12068634 62080228 2 -0.00559039783952423 61947516 62082800 135284
1 51 rs7414562 14359780 5 0.00555732518008431 14252372 14372163 119791
1 153 rs11205983 53102133 7 0.00550067050905936 51541808 53114736 1572928
1 568 rs10927330 244997953 1 0.00544723121291425 244957186 245005828 48642
1 212 rs4147207 74251125 5 -0.00540213877647313 74245076 74454701 209625
1 362 rs283698 165375835 8 0.00535386158580764 165199023 165448157 249134
1 214 rs730645 75118172 5 0.00534960979865656 75055419 75252764 197345
1 355 rs4131816 163396024 4 -0.005338126916943 163149325 163502326 353001
1 337 rs7552600 158029021 2 0.00529354600208924 158009712 158073254 63542
1 323 rs3753451 152485227 18 -0.00525334259851468 151542176 152530510 988334
1 109 rs10914251 31510263 3 0.00518000945888782 31320651 31606783 286132
1 179 rs647995 61274534 13 -0.00516065424650419 60597914 61355010 757096
1 500 rs61730829 228565329 6 0.00512927517012522 228126470 229038351 911881
1 324 rs10888510 152681835 2 0.00510314726140495 152550018 153044996 494978
1 313 rs2884876 119153514 5 0.00508824302802673 118854830 119431014 576184
1 518 rs6687497 233279256 6 0.00508604615877488 233200867 233412485 211618
1 129 rs4284229 38850304 4 0.00506500133007606 38733788 38932405 198617
1 357 rs16824651 164059430 11 0.00504797129370614 163836720 164422044 585324
1 230 rs754053 82299559 9 -0.00503483773483819 82126526 82561559 435033
1 390 rs12402994 177690971 2 -0.00503092717259088 177434326 177742007 307681
1 19 rs7546667 5282817 2 -0.0050005610736759 5158857 5346474 187617
1 24 rs61740145 6531124 2 0.0049270189268885 6187086 6531124 344038
1 576 rs12075850 246234124 10 -0.00487812021270534 246122871 246805265 682394
1 155 rs12135186 53824428 1 -0.00486886050518956 53646557 53952141 305584
1 15 rs10915535 4491460 7 0.00486741731180917 4384056 4535148 151092
1 160 rs1755588 55044940 8 0.00485419142884086 55033869 55224773 190904
1 244 rs10873862 88112646 4 -0.00485133499533718 88083782 88231861 148079
1 384 rs11802001 175290855 8 0.0047313424147401 173615965 175378694 1762729
1 130 rs10789469 39166802 2 -0.0046353926170586 38984339 39204184 219845
1 205 rs4650137 69685100 5 0.00460917201397787 69500815 69909512 408697
1 150 rs2627754 49052263 3 -0.00459668063608618 48986545 49135204 148659
1 519 rs10797465 233633819 4 0.00458283095480649 233440166 233743103 302937
1 239 rs6679444 86479771 2 -0.00457940359369208 86035513 86547798 512285
1 210 rs3102906 72488815 3 -0.00457062898901114 72289671 72500375 210704
1 254 rs10493860 92212703 15 0.0045595490184165 92154088 92865160 711072
1 280 rs17016826 106687949 6 0.0045397678987594 106091316 106752234 660918
1 249 rs6663620 90535344 3 -0.00452699663332677 90336244 90597198 260954
1 498 rs3754415 226924642 5 -0.00450818514398732 226772889 227118912 346023
1 151 rs1484406 49190234 4 0.00445815379128863 49174405 49210570 36165
1 440 rs946261 203157873 2 0.00445146217175763 203102728 203195877 93149
1 506 rs11806158 230521031 5 0.00439787884236788 230341905 230523609 181704
1 508 rs699 230845794 6 0.00436029284222084 230687711 230878561 190850
1 290 rs615204 110759796 4 0.00433712089932911 110478803 110759796 280993
1 80 rs558946 20935358 10 0.00430912405066881 20770887 21002613 231726
1 533 rs4659695 236796979 4 0.00429363487330013 236706278 236900018 193740
1 335 rs4661028 157322310 7 -0.00426536504751395 157176781 157463366 286585
1 152 rs1110220 50815397 6 0.00425944324161262 49219384 51475488 2256104
1 113 rs10914746 34039844 3 -0.00424292609152005 33936347 34046066 109719
1 262 rs7513333 97663530 5 0.00422483719786967 97469804 97721392 251588
1 428 rs17652603 199633712 5 0.00420264596374195 199266874 200007432 740558
1 494 rs10916370 224336636 5 -0.00416003554489388 223816383 224411596 595213
1 552 rs523361 241186056 5 -0.00411347801737256 241186056 241259007 72951
1 118 rs12030047 35160305 2 0.00409122890765008 34962846 35170887 208041
1 527 rs10489690 235359879 2 0.00408962965184338 235359879 235766162 406283
1 93 rs742391 25525711 1 0.00404538135503133 25525711 25768937 243226
1 5 rs12022429 2919942 1 0.00403491532122306 2891713 2944527 52814
1 176 rs1470407 59714992 4 0.00403305505337637 59526466 59841785 315319
1 504 rs6663181 230187526 3 0.00397858674452892 229564117 230207433 643316
1 253 rs1983170 91986482 9 0.00396801511421717 91919058 92112890 193832
1 314 rs1779416 119453869 5 0.00392897057520171 119452758 120110175 657417
1 288 rs11102001 110299691 3 0.00392431761023105 110253241 110332816 79575
1 548 rs10495459 240315968 6 0.00386412888228687 240253320 240561727 308407
1 256 rs486879 94478425 8 -0.00385245095986449 94185344 94492773 307429
1 240 rs6420970 86651803 8 -0.00381156103165735 86577829 86932265 354436
1 106 rs12117449 30919378 3 -0.00380140658241623 30919030 30989639 70609
1 479 rs10218498 216965834 1 0.00375230899099226 216962893 217082385 119492
1 536 rs11587851 237401055 4 0.00366148985857688 237272920 237401055 128135
1 499 rs6696239 227750068 7 -0.00365933494073314 227280641 228088271 807630
1 382 rs2859228 172613241 8 0.00365787481952968 172469707 173049073 579366
1 547 rs17606620 240102885 1 0.00365121484863254 240065878 240228189 162311
1 101 rs927727 29793205 3 0.00364525851367973 29743408 29867677 124269
1 58 rs4661590 15504073 4 -0.00361763431156341 15438990 15566803 127813
1 361 rs10494432 165080741 6 -0.00351091487012675 164956966 165158705 201739
1 348 rs4073054 161200487 6 0.003504086665436 160950966 161272441 321475
1 459 rs17013392 208968409 2 0.00346193071797542 208928098 209083609 155511
1 74 rs2024727 19274525 5 0.0034481254083561 19255671 19809758 554087
1 443 rs16852826 204068110 2 0.00343946756099867 204011313 204110547 99234
1 59 rs572953 15609117 4 -0.00341821762648023 15583819 15733394 149575
1 501 rs778532 229128091 1 -0.00341652912742369 229091234 229145883 54649
1 204 rs12039098 68765106 7 0.00335805266802564 68686391 69422680 736289
1 575 rs9660719 246003671 2 0.00330352168678774 245979357 246116352 136995
1 571 rs6671796 245358619 3 -0.00324803105982044 245358619 245498162 139543
1 248 rs6659997 90272372 3 -0.00324433548882316 89776233 90278842 502609
1 306 rs10923633 116391331 9 0.00322227390860982 116128484 116675909 547425
1 69 rs869080 18751864 4 -0.0032115119661118 18643632 18751864 108232
1 555 rs41269377 241798443 1 -0.00321148233960023 241720543 241811131 90588
1 243 rs12402858 87845112 3 0.00320709703311678 87834794 88001013 166219
1 350 rs16856590 161687220 5 0.00319984400248333 161676394 161967681 291287
1 310 rs4659126 117675943 5 -0.00318600946555453 117573173 117675943 102770
1 117 rs2075933 34921075 7 -0.00312858710359398 34658231 34936992 278761
1 164 rs9326038 56326293 9 0.00312228312756801 56015915 56402956 387041
1 224 rs17103753 80270404 12 0.00311838022937404 79729175 80338715 609540
1 396 rs4651067 180494062 2 0.00310878076631262 180235728 180905448 669720
1 349 rs11585941 161312656 2 0.00309993437175717 161312656 161662484 349828
1 47 rs2999878 13786622 3 0.00309673766379343 13783354 13816121 32767
1 180 rs1419336 61477603 2 0.00308502296235649 61383717 61659786 276069
1 438 rs4950949 202810562 6 0.00308081592577578 202228042 202810562 582520
1 322 rs10127622 151468060 3 -0.00298072619784048 151344150 151524275 180125
1 232 rs6685504 83263047 8 -0.00287143470498159 82960385 83465396 505011
1 409 rs76602544 186368092 4 -0.00286634048360667 186225257 186745922 520665
1 404 rs3754515 183562782 1 0.00284945803538312 183562782 183793323 230541
1 85 rs10799754 22746686 2 -0.00282854291771904 22653884 22835677 181793
1 60 rs904910 16200163 12 0.00282577849030695 15808767 16375510 566743
1 516 rs1931597 232720466 3 -0.0027861854964008 232684827 232804107 119280
1 316 rs11249433 121280613 2 0.00275813788681185 121164607 121280613 116006
1 305 rs4367784 115685684 11 0.00273784917313377 115664311 116011901 347590
1 182 rs2243874 61757024 3 -0.00271118398369533 61757024 61895257 138233
1 394 rs539181 179900199 9 -0.00270006124863516 178989464 180119544 1130080
1 94 rs807262 26081051 2 -0.00269232654939458 25889422 26081051 191629
1 209 rs962231 71740028 5 -0.00269181504796058 71373738 72274473 900735
1 379 rs17350523 171217445 10 -0.00263418662982805 171050589 171398925 348336
1 553 rs10926443 241421911 4 -0.00261947114181539 241280303 241455756 175453
1 397 rs881964 181109478 2 -0.00261638051123657 180934047 181109478 175431
1 563 rs10927118 244229199 3 0.0025924019531277 244155946 244249487 93541
1 235 rs17375358 85065137 4 -0.00253850764091365 84795283 85143652 348369
1 98 rs6699701 28298951 2 -0.00252238583143695 28209305 28564279 354974
1 565 rs7555626 244404834 1 -0.00250329566799436 244377774 244404834 27060
1 400 rs3767001 181712376 6 -0.00249684577183538 181476430 181816509 340079
1 364 rs10753713 166174854 12 -0.00249469310834385 165831128 166364063 532935
1 578 rs61730460 247267269 6 -0.00245900613906627 247196539 247513049 316510
1 549 rs12403071 240620131 5 0.00245023393613205 240586392 240639611 53219
1 424 rs1597732 195954813 3 0.00244854035806756 195859022 196120613 261591
1 122 rs4653210 37074351 7 0.00240545491251163 36861854 37074351 212497
1 198 rs10889612 66920654 5 -0.00239875285731675 66785930 66972478 186548
1 458 rs1166868 208813119 1 -0.00235174587145782 208662959 208813119 150160
1 104 rs267720 30497242 2 0.00234788136185058 30414182 30581567 167385
1 405 rs2296713 183909717 1 0.00234765918318773 183798877 183979966 181089
1 97 rs7531313 27782390 5 0.00234741847468439 27537101 27800482 263381
1 38 rs7514751 10762432 1 0.00234572658755602 10762432 10796866 34434
1 515 rs2357070 232658363 9 0.00231484715673307 232429661 232658615 228954
1 421 rs642668 193929977 6 -0.0023116911323817 193592394 194089817 497423
1 297 rs12121953 112616921 6 -0.00228254844365777 112590049 112829454 239405
1 45 rs7546794 12336147 2 0.00227443949177958 12316584 12683190 366606
1 356 rs13374982 163772455 1 0.00225558873237721 163511425 163805912 294487
1 411 rs10494593 187158671 11 0.00224669201273731 187013915 187501925 488010
1 272 rs1948369 101938561 7 0.00223110099554346 101698388 101995341 296953
1 467 rs2970582 212080831 6 0.00223001970103754 211774350 212332294 557944
1 342 rs61823162 159785413 2 0.00222993811991985 159753183 159785425 32242
1 488 rs12032166 220608142 6 0.0022059157489156 220599845 221111780 511935
1 445 rs2942133 204369875 3 0.00218301335860146 204369875 204646295 276420
1 167 rs7539051 57042954 4 0.00212195808273532 57036017 57273172 237155
1 580 rs61730474 247875313 11 0.00211940194309173 247874551 248138531 263980
1 25 rs7543753 7078364 5 0.00210574946991964 6572175 7241523 669348
1 286 rs61754640 109446750 4 0.00210349568139472 109386174 109696968 310794
1 231 rs6687277 82575142 3 0.0020932826197221 82575142 82843604 268462
1 132 rs6703320 40145297 6 -0.00208193875229767 39583686 40145297 561611
1 156 rs4575030 54024808 7 -0.0020743507138493 53976188 54190695 214507
1 220 rs10782646 77766847 8 0.00206677055225698 77550431 77980235 429804
1 389 rs12031932 177162809 3 -0.00205631580443908 177021726 177403769 382043
1 333 rs2644608 156774029 1 -0.00205407114783787 156688372 156805803 117431
1 560 rs2810005 242682532 3 -0.00199771788932332 242628042 242840987 212945
1 21 rs6690868 5701323 3 0.00198427546098035 5671786 5774876 103090
1 573 rs1620343 245745337 6 -0.00193433798276191 245728083 245840409 112326
1 534 rs11582059 237148460 1 -0.00191585295233116 236925844 237151125 225281
1 375 rs10489371 168932500 3 -0.0018949373448998 168748586 169070450 321864
1 185 rs17379608 62673365 5 0.00188305136327427 62420303 62788511 368208
1 287 rs34863121 109823458 6 0.00181848794044853 109723188 110173775 450587
1 193 rs12025819 64612395 6 -0.00179720359224239 64579157 64918776 339619
1 162 rs6682884 55474325 1 0.00178937981852 55457815 55512995 55180
1 433 rs11801154 201188328 9 0.00174696100816361 201176651 201385061 208410
1 572 rs819876 245555664 2 0.00172779399463145 245530282 245668132 137850
1 446 rs2759280 204871146 2 -0.00169188803673811 204682411 204971485 289074
1 44 rs630542 12206866 2 0.00168414610581326 12180805 12253062 72257
1 481 rs265120 217592945 3 0.00168389215728412 217352068 217604654 252586
1 259 rs10493881 95428051 16 0.00167602943804805 95324990 96013073 688083
1 27 rs2478267 7584814 2 -0.00167082740157551 7520601 7600905 80304
1 112 rs10914632 33361287 1 0.00165098276036402 32975903 33873511 897608
1 423 rs12073625 195730565 3 0.00163606084485528 195239673 195853219 613546
1 115 rs911216 34375199 2 0.00163184924880263 34248064 34382423 134359
1 261 rs672046 96877745 1 -0.00162575434557486 96624820 97419143 794323
1 131 rs3768324 39492462 1 0.00160922627494618 39295972 39518006 222034
1 582 rs6683472 249075377 1 -0.00160524788349372 248844959 249170711 325752
1 43 rs6691499 11979231 1 -0.00154901671179245 11836450 12135526 299076
1 416 rs2419063 190256835 14 0.00154718328621803 189912146 191391663 1479517
1 535 rs11583513 237199183 1 0.00154181242316297 237194523 237266603 72080
1 339 rs41273523 158612719 7 0.00152797390736145 158381815 158891391 509576
1 471 rs11120179 213825023 2 0.00151526512725558 213703223 213825023 121800
1 267 rs302802 99636921 4 0.00151413623922725 99449969 99789950 339981
1 168 rs517412 57560649 3 -0.00150654939581696 57320444 57568923 248479
1 388 rs11587239 176551626 6 -0.00150077045217727 176465969 176992553 526584
1 531 rs6695464 236548122 2 -0.0014986790099697 236546386 236618200 71814
1 166 rs12133338 56871540 2 0.00149632716723742 56826300 57016862 190562
1 3 rs2494428 2339074 3 0.00149011450757248 2327075 2339074 11999
1 251 rs355644 91504195 3 0.00147971783795434 91122149 91517927 395778
1 46 rs2359533 12824223 1 -0.00146304111097651 12725943 12835158 109215
1 276 rs1406135 103764640 9 -0.00144454487128533 102922025 103764640 842615
1 14 rs351619 4368819 2 0.0014309396918899 4315204 4379687 64483
1 81 rs12563141 21723308 2 -0.00141589791208897 21012609 21723308 710699
1 579 rs10925027 247612562 8 -0.00137147751790714 247552084 247840784 288700
1 444 rs17333794 204282936 3 -0.00136363461303975 204136628 204353050 216422
1 103 rs12566608 30225137 1 -0.00136046888476927 30172044 30382007 209963
1 317 rs4636400 145444556 1 0.0013491563498956101 145394955 145723645 328690
1 489 rs4382729 221509332 3 -0.00134129326520086 221171310 221843191 671881
1 265 rs7548836 98856577 3 -0.00134014889908966 98755006 98904871 149865
1 120 rs7552070 35497529 2 -0.00133870383576936 35378934 35687815 308881
1 72 rs851121 19087765 3 -0.00132763146557127 19059471 19170078 110607
1 61 rs12740413 16515879 7 -0.00132098905985601 16486793 16782995 296202
1 332 rs6685228 156486009 2 -0.00130244928324159 156456301 156662372 206071
1 523 rs750813 234557918 1 0.00128785651426899 234492059 234616522 124463
1 202 rs6686101 68304640 3 0.00128511274429031 68128130 68447267 319137
1 550 rs16840284 240680957 2 0.00126657607102676 240674472 240740757 66285
1 312 rs1938263 118796804 2 0.00125724745343415 118131205 118796804 665599
1 343 rs2501346 159818304 1 -0.00124052118309261 159818304 159863028 44724
1 370 rs1229403 167589943 1 0.00123619957764309 167536744 167641292 104548
1 221 rs11811709 78714834 6 0.00122598460834523 77992695 78938777 946082
1 320 rs1763457 147795678 1 -0.00121980180503616 147782284 147826658 44374
1 184 rs12408292 62212822 1 -0.00121780268730316 62119809 62363350 243541
1 372 rs7512951 168309388 4 -0.00116649567849577 168182443 168359043 176600
1 170 rs11207039 57923439 2 0.00116640296424575 57784144 58121100 336956
1 145 rs2025384 46967890 4 0.00116598105420618 46905802 47219823 314021
1 186 rs12130333 63191777 3 0.00114270920277441 62836976 63361221 524245
1 91 rs3131513 25193155 5 0.00114189652194109 25029488 25305607 276119
1 557 rs12568965 242070731 3 0.00112379643058976 242035382 242098415 63033
1 315 rs536662 120292733 5 -0.00110507724787822 120138083 120505532 367449
1 436 rs1390398 201891254 4 0.00110430358628195 201763912 202013757 249845
1 296 rs4839193 112505214 7 -0.00110373768879603 112349568 112555423 205855
1 13 rs4233264 4240178 2 -0.0010981857538494 4091650 4282786 191136
1 325 rs821427 153275977 5 0.00107572280065013 153119969 153321584 201615
1 304 rs12026930 115597836 2 -0.00105947586079194 114900678 115648756 748078
1 126 rs589927 38169998 5 -0.00105069978950608 37902331 38196841 294510
1 95 rs35019869 26131638 4 0.00104661585749121 26131638 26714205 582567
1 412 rs6686651 187607223 6 0.00104089465569886 187607223 187888914 281691
1 554 rs7540470 241625863 3 0.00103960208608805 241522325 241708059 185734
1 264 rs2151563 98143266 3 -0.0010363001519787 98039419 98689392 649973
1 223 rs12406049 79484287 7 0.00100436323526929 79282661 79659418 376757
1 263 rs4264037 97764073 3 9.94755584984601e-4 97748929 97990575 241646
1 146 rs3766198 47281780 3 9.917269743317464e-4 47265677 47637999 372322
1 161 rs676584 55300614 1 -9.83148006339995e-4 55273580 55417595 144015
1 407 rs78444298 184672098 10 -9.734410373400132e-4 184622136 185422604 800468
1 181 rs7544358 61733856 1 9.66072597010318e-4 61671468 61733856 62388
1 474 rs6659655 214920883 8 -9.62157633122438e-4 214589914 215112145 522231
1 83 rs139500146 22165963 3 9.402913720677432e-4 21997282 22345093 347811
1 470 rs12036568 213636801 4 -9.350710792363836e-4 213617738 213677091 59353
1 281 rs7514699 106972853 7 9.191963927565632e-4 106781612 107481837 700225
1 70 rs7528206 18807117 4 9.016098675268522e-4 18768011 18851113 83102
1 266 rs1081415 98992997 6 -8.91218044227256e-4 98954240 99416102 461862
1 102 rs446335 30127106 3 -8.590303902694329e-4 30067017 30157559 90542
1 414 rs4551597 188764543 3 8.498057025782103e-4 188761359 189639180 877821
1 157 rs671539 54607157 2 -8.496621271678836e-4 54264996 54661262 396266
1 369 rs1773549 167529077 1 -8.495838384444543e-4 167477937 167530546 52609
1 464 rs2073038 210572044 5 -8.492720351230894e-4 210499394 210736508 237114
1 191 rs2819130 64231541 1 8.454447152934075e-4 64173484 64313696 140212
1 432 rs10753891 201100482 1 8.449920764086298e-4 201081943 201166383 84440
1 49 rs1412839 13938511 1 -8.242905130453288e-4 13938511 14121892 183381
1 41 rs11121742 11520653 2 -8.14386174230759e-4 11395283 11703843 308560
1 147 rs560540 47983283 8 -8.088167488280113e-4 47676233 48085268 409035
1 174 rs9436174 59321745 2 8.020260876689866e-4 59063746 59330763 267017
1 105 rs12029866 30885349 6 7.751400354789057e-4 30635302 30887894 252592
1 172 rs1213661 58830178 9 7.64020939261029e-4 58544805 58859197 314392
1 442 rs41264261 203743798 1 -7.507705629414805e-4 203575667 203963678 388011
1 222 rs11162526 79144319 2 -7.465081473917829e-4 79079566 79217345 137779
1 365 rs1494428 166454802 2 7.315711957737857e-4 166389338 166489143 99805
1 233 rs323935 83578674 2 -7.241968210893844e-4 83474843 83808282 333439
1 447 rs17346622 205384781 6 -6.968852816348387e-4 205019226 205404878 385652
1 138 rs10889978 41862125 3 -6.679705685186952e-4 41830257 41971227 140970
1 206 rs1913268 70279860 3 -6.675642937369855e-4 69920333 70459886 539553
1 154 rs6695567 53629585 8 -6.672437657464511e-4 53143271 53630531 487260
1 330 rs7517162 155086905 2 -6.483114973854197e-4 155031376 156106863 1075487
1 419 rs7531013 192765943 1 -6.428208202230165e-4 192567674 192768324 200650
1 295 rs3393 112042149 8 6.428130886850635e-4 112042131 112329551 287420
1 309 rs797999 117293763 1 6.177677262114618e-4 117263790 117547790 284000
1 528 rs4660126 236077778 2 6.152714412925818e-4 235779137 236077778 298641
1 395 rs10913945 180169108 1 6.064059302863004e-4 180138800 180201184 62384
1 319 rs8179281 147308112 3 -6.005116713788492e-4 147119273 147375981 256708
1 217 rs4949624 76732617 1 5.975532221729775e-4 76610397 76945339 334942
1 18 rs12754637 5023321 1 -5.889597555965747e-4 5003504 5124859 121355
1 141 rs10493115 43707283 3 5.773442584721505e-4 43401499 43748763 347264
1 11 rs6662706 3732596 2 -5.761166583629934e-4 3732596 3823395 90799
1 543 rs10495437 239297423 6 5.724773346997755e-4 238930859 239321213 390354
1 354 rs2841993 163111066 1 5.608576363229389e-4 163018934 163126417 107483
1 484 rs12038116 218719400 2 -5.600910512471426e-4 218564881 218786549 221668
1 570 rs6668478 245341153 2 -5.552820962898772e-4 245288493 245352307 63814
1 376 rs12724494 169112504 10 5.542083382967045e-4 169087665 169572645 484980
1 226 rs6688321 81140382 3 -5.092118007820326e-4 81070850 81352249 281399
1 78 rs12139100 20501582 1 4.902596918861206e-4 20487743 20572638 84895
1 520 rs780083 233796651 7 -4.8826155738121175e-4 233766695 234068161 301466
1 392 rs10158522 177938712 2 4.808373035629856e-4 177938437 178408795 470358
1 111 rs34341430 32259791 6 4.808231127549555e-4 32085637 32842319 756682
1 208 rs915219 71097893 1 -4.5852748650043377e-4 71014024 71365983 351959
1 114 rs481776 34205859 1 4.5412293426834937e-4 34071525 34238852 167327
1 525 rs4626924 234909298 1 4.320435260717024e-4 234805957 234909298 103341
1 359 rs2792253 164568606 1 -4.23577860891899e-4 164563425 164607346 43921
1 466 rs12134819 211202705 2 4.08132373937105e-4 211085683 211712690 627007
1 207 rs10493471 70543349 2 -3.9716865621064647e-4 70541127 70986547 445420
1 55 rs6671788 15130227 1 -3.823778507532114e-4 15130227 15192559 62332
1 1 rs7525092 1810090 1 -3.8122712578203576e-4 1810090 1888193 78103
1 247 rs1760206 89069023 5 3.7891454895788647e-4 88661096 89673196 1012100
1 187 rs7532163 63401945 1 -3.714915102958612e-4 63396290 63457362 61072
1 569 rs12038060 245188193 1 -3.63865332317585e-4 245102866 245276494 173628
1 20 rs7515958 5603850 2 -3.4966306169926256e-4 5485177 5623965 138788
1 477 rs1544299 216264388 2 3.43591622589341e-4 216258213 216657848 399635
1 537 rs17631862 237578208 2 -3.2938027765523517e-4 237420086 237602666 182580
1 66 rs620547 18231349 2 3.265920344418309e-4 18190225 18312084 121859
1 63 rs1748041 17655407 3 -3.1795754096295033e-4 17541949 17674537 132588
1 133 rs17570439 40324210 2 3.104251389547045e-4 40183922 40439598 255676
1 189 rs2133354 63630864 2 -3.063511565088444e-4 63549282 63775056 225774
1 429 rs2737665 200062389 2 -3.048966916938362e-4 200031107 200132084 100977
1 53 rs6429661 14780811 1 -3.0305778771823544e-4 14635852 14876032 240180
1 29 rs12068202 7961294 5 3.007519771738691e-4 7713021 8195226 482205
1 461 rs7526722 209632204 1 -2.984297859690879e-4 209588509 209706685 118176
1 538 rs489088 237784313 1 -2.821254744482428e-4 237658484 237815546 157062
1 410 rs10911952 186868740 1 2.795189637734896e-4 186831728 186967702 135974
1 36 rs7550295 9804693 1 2.581559273735317e-4 9627103 9922245 295142
1 564 rs10927137 244288473 1 2.5695812609959035e-4 244275252 244334507 59255
1 278 rs12041707 104989780 6 2.504643268123109e-4 104989780 105341180 351400
1 116 rs9425986 34541724 4 2.424190267960391e-4 34432484 34620770 188286
1 435 rs606114 201664101 1 -2.385653497878301e-4 201603081 201749156 146075
1 26 rs11120887 7318534 3 2.373174188624904e-4 7269283 7482205 212922
1 541 rs535043 238696036 1 2.3402364615505837e-4 238573691 238696036 122345
1 546 rs2841037 239934541 1 2.27450813392138e-4 239934541 240051340 116799
1 387 rs732292 175832217 2 2.272567067330814e-4 175735380 176429364 693984
1 237 rs1325278 85400182 3 2.1721550526404457e-4 85366164 85556791 190627
1 439 rs4950914 203041457 3 -2.0978619969897415e-4 202826538 203041457 214919
1 345 rs7521304 160342015 4 -2.056669150894314e-4 160145298 160463406 318108
1 581 rs73141283 248309356 3 -2.051567866219327e-4 248145644 248496863 351219
1 380 rs6425481 171882602 7 1.9895768847179307e-4 171415856 171927696 511840
1 56 rs4661310 15320449 1 1.7251661969465093e-4 15244761 15331802 87041
1 511 rs1765777 231731742 1 1.7129203926403714e-4 231727447 231928554 201107
1 391 rs34612022 177811499 1 1.6942423193644325e-4 177751488 177913519 162031
1 50 rs7537478 14192950 3 1.6476235124912825e-4 14143003 14240350 97347
1 513 rs9308491 232310039 2 1.5170592468471224e-4 232107814 232311020 203206
1 344 rs2789428 159959505 1 1.4440309646738414e-4 159922959 160129495 206536
1 371 rs203849 167849414 6 1.4376869948242002e-4 167652272 168159890 507618
1 430 rs12095036 200423841 2 -1.3174434014326635e-4 200154474 200450197 295723
1 300 rs6537765 113493337 1 1.2374182643409948e-4 113416122 113818120 401998
1 28 rs17031113 7617484 1 1.233473147487289e-4 7613745 7684030 70285
1 143 rs1890948 44929865 1 1.135167919085369e-4 44925508 45051656 126148
1 307 rs6428895 116886230 1 -1.1288188208802428e-4 116768898 116921019 152121
1 178 rs11207523 60302414 7 -1.0915439941315044e-4 60213519 60586471 372952
1 480 rs1416531 217207629 3 -1.0804053183790228e-4 217088584 217308047 219463
1 556 rs10926538 241862049 2 -1.0499624250092954e-4 241841958 242000788 158830
1 88 rs12744386 24168019 4 9.86500776220527e-5 23937261 24168019 230758
1 510 rs480902 231531627 4 9.648693033156028e-5 231301889 231711489 409600
1 245 rs2503273 88273790 1 9.050691907067454e-5 88257998 88445213 187215
1 148 rs11211621 48319515 3 -8.968331044156142e-5 48186768 48480638 293870
1 326 rs4845552 153479998 2 7.04055515578437e-5 153335384 153479998 144614
1 175 rs2764933 59435778 1 -6.096144251023024e-5 59355900 59482626 126726
1 493 rs10907383 223656288 1 -4.347911941343938e-5 223449017 223690077 241060
1 17 rs6426440 4914910 1 2.828980821912716e-5 4772717 4996185 223468
1 539 rs10802632 237928221 2 -2.7392121712072385e-5 237908911 238103501 194590
1 512 rs1535529 231954609 2 -1.776155994375519e-5 231948646 232078614 129968
1 455 rs6676233 208179552 3 1.6091217268688073e-5 207893782 208179552 285770
1 530 rs16833586 236494413 1 -7.149793768993416e-6 236310024 236521008 210984
1 203 rs2820489 68628540 1 5.405125853437269e-6 68508995 68661751 152756
1 532 rs653740 236644617 1 2.909975412375606e-6 236634875 236677586 42711
1 406 rs2025808 184161757 7 2.828452319571413e-6 184001499 184580250 578751
