CHR Group SNP.lead BP.lead Size W BP.min BP.max BP.width
18 1703 rs1790588 67535184 3 0.05658998788195718 67529014 67541588 12574
18 1440 rs17773430 57963117 2 0.02439144838807315 57962862 57963117 255
18 1384 rs7228600 56508351 2 -0.02264904489469198 56508351 56518513 10162
18 818 rs1540043 33691313 2 0.02030867907893941 33691313 33725931 34618
18 89 rs11665524 2978535 1 0.01906456133184262 2951876 2978535 26659
18 740 rs168058 29621938 1 -0.01730021996334936 29621938 29625685 3747
18 965 rs1835499 40335882 2 0.01692689618885867 40335882 40409146 73264
18 834 rs61735998 34289285 1 0.01561426531832704 34267997 34289285 21288
18 975 rs2622781 41081332 1 -0.01550567517144277 41073030 41083535 10505
18 1106 rs726015 45994812 2 -0.0151339462691654 45981769 45994812 13043
18 435 rs888265 12750499 1 -0.01431633629914413 12747012 12750499 3487
18 661 rs8088478 26413621 2 0.01428136979283506 26362917 26481132 118215
18 456 rs3859299 13462726 1 0.01402319599537134 13462726 13462726 0
18 1367 rs4309483 56085917 1 0.01402004472290983 56085917 56085917 0
18 1822 rs9950852 71166889 3 -0.01392947008740179 71159126 71167752 8626
18 1587 rs12455246 63498880 1 0.01386587520996367 63485124 63498880 13756
18 1858 rs11661821 72073056 3 -0.01287974934098348 72067682 72073178 5496
18 1088 rs7226941 45579668 1 -0.01280555524384685 45577201 45579668 2467
18 1397 rs17835556 56818766 1 0.01257895931386344 56817062 56826850 9788
18 145 rs8085726 4370882 1 0.01201651493906718 4370882 4376022 5140
18 1137 rs2000813 47093864 2 -0.01157066729016638 47093864 47109955 16091
18 509 rs2278452 20774097 1 0.01130290218966928 20774097 20774097 0
18 105 rs1785272 3314310 1 0.01110709511556033 3314310 3319915 5605
18 1680 rs17080654 66898945 2 0.01093881239333639 66898157 66935648 37491
18 1896 rs7228334 73500233 1 0.01092892943774515 73500233 73508800 8567
18 436 rs1893217 12809340 2 -0.01040004049732743 12797694 12817815 20121
18 1661 rs17078903 65982452 2 0.01020747704696346 65982452 65982452 0
18 1746 rs649809 69160304 1 0.01001200131712154 69153026 69167172 14146
18 529 rs35693789 21747400 1 0.00992227954266797 21747400 21749615 2215
18 1332 rs12958967 55315959 1 0.00983249868288096 55315959 55326760 10801
18 408 rs4797559 11583447 1 -0.00958534874920603 11583447 11583447 0
18 295 rs17582975 8572792 1 -0.00921763236031861 8563622 8579817 16195
18 1374 rs7238217 56227820 2 0.00917398917895661 56227820 56227820 0
18 430 rs2096847 12415136 1 0.00916282099051597 12415136 12415136 0
18 310 rs4798712 8890011 1 0.00821892696527316 8876666 8897322 20656
18 1380 rs1059442 56416693 4 0.00820126909622926 56350532 56424837 74305
18 1637 rs2448731 65376601 4 0.00817786992044084 65376601 65404933 28332
18 830 rs1105460 34124783 5 -0.00814011904210333 34122682 34127383 4701
18 1422 rs1788897 57419473 1 -0.00812445968108017 57398775 57419473 20698
18 1110 rs3786180 46150975 1 -0.00803537828908064 46142862 46150975 8113
18 521 rs1154237 21515189 3 -0.00783220553544036 21496166 21515189 19023
18 1771 rs4572503 69935826 2 0.00773191641341202 69908670 69935826 27156
18 274 rs1441002 7887531 1 0.00758392084263839 7871278 7887531 16253
18 1373 rs17065127 56202231 1 0.00756622247402301 56198007 56205551 7544
18 773 rs2000944 31365316 2 -0.00741204364853309 31320229 31374094 53865
18 1594 rs2715335 63671513 2 -0.00738447221944682 63671513 63671513 0
18 1854 rs1573486 71955979 1 0.00728481667985945 71955979 71978495 22516
18 405 rs7239176 11452145 1 0.00712813877165574 11452145 11486228 34083
18 42 rs8090522 1542523 2 0.00686177925058088 1512430 1567186 54756
18 305 rs55676538 8819246 1 0.00673655156131167 8815867 8819246 3379
18 723 rs8094212 29034304 1 0.00671878617855901 29033481 29038536 5055
18 512 rs7238618 20913598 1 0.00667860016213368 20895049 20915791 20742
18 135 rs7505745 4099242 1 -0.00646879887202085 4099242 4099242 0
18 1528 rs7230508 61226159 2 0.00625648900326945 61183511 61246975 63464
18 189 rs7242770 5647875 1 0.00586851089596988 5646904 5655381 8477
18 406 rs8088825 11512551 2 -0.00577035479791655 11512551 11512551 0
18 528 rs2278664 21719327 3 0.00574486059053616 21719327 21740192 20865
18 1949 rs4890812 74940312 2 -0.0055653367130144 74940312 74959841 19529
18 1660 rs17078836 65950029 1 0.00554925256511252 65942408 65960802 18394
18 821 rs1057251 33848581 2 0.00549454997182324 33841001 33852617 11616
18 829 rs1390431 34119428 1 0.0054673939217843 34098851 34120008 21157
18 864 rs8090179 35626522 2 -0.0053308775148154 35623399 35661719 38320
18 325 rs16955101 9429811 1 0.00509010041430049 9429811 9429811 0
18 701 rs1970694 28283411 2 0.00506081535246303 28263619 28283411 19792
18 1408 rs17769526 57047921 2 0.00485281250997081 57040920 57056907 15987
18 514 rs2037640 21003061 5 0.00483284466678607 20996401 21058967 62566
18 1173 rs992595 48124715 2 -0.0048150438304314 48108003 48130532 22529
18 1165 rs11082811 47763296 5 0.00479713894769334 47763296 47802971 39675
18 198 rs9959692 5823948 2 -0.00464211744757611 5821072 5832745 11673
18 2027 rs503501 76813245 2 -0.0046109821296083 76806843 76824045 17202
18 1144 rs1943973 47179516 1 -0.00448236293829242 47174679 47179516 4837
18 41 rs177953 1495271 1 -0.00441336406282984 1487818 1495271 7453
18 6 rs618671 362199 2 0.0043936549648518 362199 362199 0
18 658 rs2655353 26194960 4 -0.00438792766496097 26163921 26212187 48266
18 1512 rs6567313 60702324 1 0.00430764121243425 60693026 60702324 9298
18 116 rs8083633 3522006 1 -0.00427577035382339 3522006 3522006 0
18 736 rs17803914 29395191 2 -0.00427399070608237 29378538 29395191 16653
18 835 rs4346268 34316204 2 0.00421435693326761 34316204 34324091 7887
18 235 rs7244382 6939846 2 0.00421427128972266 6939755 6942997 3242
18 1600 rs8097294 63964551 2 0.00417133316130912 63959330 63971905 12575
18 1485 rs567629 59641926 2 0.0041206632607603 59631654 59645371 13717
18 1055 rs1606889 44214176 1 -0.00408957513410017 44214176 44214176 0
18 554 rs6508330 22379964 1 0.00408920003851483 22379964 22408567 28603
18 689 rs4420605 27907683 3 0.00408822940471836 27843203 27909598 66395
18 319 rs9941409 9006277 1 -0.00399255182777908 9006277 9006277 0
18 1530 rs6567383 61375683 2 -0.00396151891876366 61364844 61387389 22545
18 612 rs1017414 24405600 1 -0.00393240652626111 24405600 24414687 9087
18 955 rs7229024 39948375 1 0.00390005711726884 39936781 39954132 17351
18 1738 rs17083850 68848130 3 0.00388448549769511 68842243 68848130 5887
18 199 rs8088340 5836382 1 0.00383445823833474 5836382 5836382 0
18 121 rs12457197 3680476 1 0.0038256766481009 3678632 3680476 1844
18 1910 rs8086933 73870880 3 -0.00381411193932155 73865195 73870880 5685
18 1103 rs1038670 45898195 2 0.00379364170888632 45888124 45898195 10071
18 1686 rs2364201 67088062 2 -0.0037735195309507 67086620 67088062 1442
18 1458 rs1532486 58684235 1 0.00367474990974095 58679941 58717342 37401
18 1701 rs2575177 67468452 2 -0.00362826278354445 67451522 67469275 17753
18 1375 rs79863383 56246818 2 0.00355479979268519 56234031 56247976 13945
18 1344 rs4591234 55582254 2 0.00327060577677713 55582254 55584135 1881
18 1295 rs1985049 53633786 1 -0.00327044583836404 53633786 53640779 6993
18 203 rs6506355 5971493 1 0.00325985470882225 5971039 5973728 2689
18 690 rs8098127 27913203 3 0.00324101497785923 27913203 27935931 22728
18 515 rs11663645 21067076 1 0.00321469103309768 21067076 21068118 1042
18 478 rs785989 14902902 1 0.00310248040380874 14791236 14902902 111666
18 1403 rs10221422 56918480 2 -0.00305632838715471 56906961 56918480 11519
18 1222 rs9951523 49867224 1 0.0030466562893374 49867224 49892325 25101
18 1473 rs9964155 59287860 2 0.00297726016656338 59287860 59296381 8521
18 1294 rs9945732 53593297 2 0.0029548425298328 53577346 53606519 29173
18 1023 rs10502868 43153949 1 0.00291176357763104 43149243 43153949 4706
18 1265 rs545979 51819750 2 -0.00290583779600513 51795329 51915449 120120
18 491 rs1465501 19814796 3 0.00285859243620669 19786854 19823874 37020
18 1248 rs1431183 50822084 4 0.0028324347665542402 50792090 50824005 31915
18 1924 rs4365382 74356391 2 -0.00282512382618819 74351381 74356391 5010
18 108 rs16944782 3374132 2 -0.00278632354712651 3373062 3374132 1070
18 1188 rs9304408 48674356 1 -0.0027788276534711 48674356 48674356 0
18 1884 rs12458682 73097909 1 -0.00273369710649295 73097909 73097909 0
18 1405 rs9973070 56954004 2 0.00271653623448383 56946086 56963119 17033
18 136 rs1543229 4130516 1 0.00267482005051265 4130516 4130516 0
18 1338 rs2850243 55453784 1 0.00265057635510157 55453784 55453784 0
18 473 rs10513904 14023754 1 0.00262145773071371 14019830 14027616 7786
18 2006 rs2002842 76409597 1 -0.0026049934608023 76403650 76410533 6883
18 2026 rs2981423 76741423 2 -0.00253369300294921 76741423 76754549 13126
18 1181 rs17805042 48324575 1 0.00247539541788853 48290668 48324575 33907
18 411 rs16976596 11696613 1 0.0024694331770346 11696613 11696613 0
18 1109 rs11875657 46141721 1 -0.00246482220165014 46141721 46141721 0
18 1234 rs7236766 50222796 1 -0.00243283840593158 50204404 50224898 20494
18 1805 rs9319864 70885017 4 -0.00233676155504272 70868766 70885017 16251
18 360 rs206605 10335737 1 0.00230168429080668 10335737 10335737 0
18 1517 rs12457700 60860246 2 -0.00228727586981196 60857793 60860246 2453
18 1074 rs4939797 45033486 2 0.00228700342150111 45025095 45034007 8912
18 943 rs987380 39448009 1 0.00224656827475408 39428052 39448009 19957
18 873 rs2959219 35998626 1 0.00224104069602248 35998626 36021822 23196
18 683 rs7244666 27549727 1 -0.00223420210789805 27549727 27549727 0
18 1407 rs7243056 57021549 2 0.00223241878452673 56982982 57032653 49671
18 1024 rs12604591 43184311 1 -0.00221973189182015 43182342 43200062 17720
18 1906 rs17058811 73785500 2 -0.00221748590741565 73782636 73785500 2864
18 1941 rs966782 74772891 1 0.00218569796719387 74772891 74772891 0
18 950 rs10084013 39823817 1 -0.0021617941612666 39823817 39828781 4964
18 1747 rs595562 69188891 1 0.00214766946790765 69178153 69188891 10738
18 1670 rs9963985 66407942 3 -0.00213519143132577 66407942 66408427 485
18 327 rs1049553 9475146 1 -0.002094087797567 9473462 9475146 1684
18 414 rs787554 11862697 1 0.00204295951487229 11862697 11862697 0
18 629 rs608923 25144165 3 0.00199985924028256 25127608 25144165 16557
18 1765 rs8083807 69730343 1 -0.00199217659110709 69710731 69732595 21864
18 1052 rs34589386 44157764 1 0.00198948555266821 44157764 44170452 12688
18 1185 rs6508036 48359730 1 0.00187817430683124 48359730 48382668 22938
18 190 rs10502331 5658744 2 -0.00186494179147583 5658744 5676759 18015
18 1883 rs4891065 73089473 1 -0.00185968501706616 73086616 73094333 7717
18 526 rs4043679 21653838 1 0.00183940299356958 21653838 21665224 11386
18 1436 rs1893512 57787559 2 0.00183147015986453 57732689 57793209 60520
18 458 rs1940916 13510974 2 0.00181690569876078 13510974 13512266 1292
18 1445 rs9946357 58130414 2 -0.00179521045798535 58130376 58142042 11666
18 1811 rs6566715 70986258 1 0.00177364066300382 70984900 70986258 1358
18 1349 rs4528665 55715670 2 -0.00176905123461161 55709155 55723545 14390
18 205 rs565841 5990968 1 -0.00174713486715531 5986416 5990968 4552
18 381 rs1918672 10808723 4 0.00173571774150277 10784331 10809196 24865
18 74 rs2139661 2460332 1 0.00173024588339349 2460332 2463095 2763
18 153 rs8089250 4772807 1 0.00172051124283094 4772807 4772807 0
18 339 rs8082842 9814778 1 0.00170980212735124 9814778 9816653 1875
18 824 rs2000662 33966135 3 -0.00170054842663162 33955044 33989375 34331
18 1926 rs17564521 74374345 1 -0.00169455297521361 74372047 74378617 6570
18 429 rs11662319 12392308 1 -0.00168695853953349 12392308 12392308 0
18 775 rs1493917 31392833 1 -0.00166510694791238 31392833 31392833 0
18 1420 rs1652076 57368446 1 0.00164330228430554 57368446 57370181 1735
18 998 rs647155 42449305 2 -0.00163381408366033 42428724 42458434 29710
18 1823 rs17087818 71218924 1 -0.00159435581606805 71177276 71218924 41648
18 1521 rs2850761 60966397 1 0.00156295127882836 60966397 60966397 0
18 659 rs7231009 26218777 1 -0.00155982250401736 26215299 26256806 41507
18 678 rs11872736 27239696 1 -0.00155374880828555 27239696 27251606 11910
18 866 rs12458055 35726918 2 -0.00155244650256193 35713803 35754142 40339
18 30 rs1720464 1013959 2 -0.00153580920295027 968021 1013959 45938
18 593 rs2959356 23590203 2 -0.0015269790251425 23562519 23595985 33466
18 437 rs478582 12835976 2 -0.00152425733894369 12821593 12870038 48445
18 1447 rs12606949 58165167 1 0.00151107479906695 58165167 58177942 12775
18 861 rs12970162 35562926 4 0.00149044321965044 35557827 35562926 5099
18 1845 rs1540032 71700987 1 0.00141751037816171 71700987 71704019 3032
18 1267 rs8092229 51976374 1 -0.00140989357920525 51976374 52047714 71340
18 1553 rs2193860 62053185 1 0.00139110987023982 62053185 62053185 0
18 1310 rs7233847 54451284 1 0.00136551604207002 54419696 54451284 31588
18 335 rs7228240 9729894 3 0.001344008271662 9725787 9732627 6840
18 2013 rs2931024 76502001 1 0.00132467888806669 76502001 76502001 0
18 1657 rs546735 65873229 1 -0.00132170065077795 65873103 65887287 14184
18 374 rs7234687 10694410 1 0.00131394759908913 10691192 10696953 5761
18 1762 rs1487330 69656941 2 -0.0013047396305831 69651740 69656941 5201
18 1529 rs1020694 61264298 2 0.0012990286698802 61260510 61294936 34426
18 739 rs12606084 29558592 1 0.00127909117887878 29551711 29558592 6881
18 677 rs6508610 27217230 2 -0.00127632594874847 27205055 27223970 18915
18 474 rs3744821 14090271 1 0.00125978209938765 14090271 14090271 0
18 8 rs11663304 381704 2 0.00125552590478683 381704 381704 0
18 373 rs8095590 10674815 1 -0.00124271011809513 10674815 10676435 1620
18 527 rs4800546 21692882 1 -0.00119031456422117 21689394 21702106 12712
18 727 rs1791235 29126670 1 0.00118361519256845 29104055 29126670 22615
18 1090 rs9945161 45625272 2 0.00117398627264842 45624977 45625755 778
18 149 rs12958338 4483453 1 -0.00117220080777898 4483453 4488582 5129
18 168 rs599322 5148001 2 0.00116980158938269 5145389 5152737 7348
18 1195 rs321899 48910603 1 0.00116598147204469 48910603 48924702 14099
18 1564 rs2089299 62403677 1 -0.00116459982315985 62397699 62422290 24591
18 309 rs668620 8864811 1 0.00116206277297466 8864811 8869780 4969
18 594 rs9955678 23759474 3 0.00115217745141167 23716903 23776435 59532
18 1843 rs4552099 71610943 1 0.00111548706604101 71610943 71626962 16019
18 863 rs16969543 35602386 1 0.00109781331434813 35584240 35614071 29831
18 1718 rs17082769 68204223 2 0.00109451865452774 68199224 68215453 16229
18 717 rs9959147 28887090 1 0.00109113903279954 28850260 28898567 48307
18 31 rs789029 1053252 2 0.00108081960954421 1050812 1053252 2440
18 1376 rs7504154 56270997 1 0.00107765262619799 56261723 56270997 9274
18 1056 rs10502874 44226773 1 -0.00107052332146334 44222631 44229581 6950
18 589 rs17799466 23471816 3 0.00105517166196775 23471816 23493361 21545
18 1875 rs1828098 72857946 1 0.00101716130698072 72852959 72857946 4987
18 574 rs7240975 22989234 1 0.00101559905820361 22989234 22989234 0
18 55 rs9652942 1986263 1 -9.978453029877337e-4 1986214 1990397 4183
18 1514 rs17756073 60809783 1 -9.957099287294696e-4 60809783 60810812 1029
18 399 rs8091999 11288105 1 9.933316921307597e-4 11282319 11288105 5786
18 714 rs2246737 28737160 3 -9.92045493627404e-4 28732160 28765530 33370
18 918 rs1436997 38288514 3 -9.85313424213753e-4 38288249 38335303 47054
18 1742 rs2597831 68997002 1 9.830246829781754e-4 68997002 69033385 36383
18 737 rs11660777 29426669 1 9.780788103845625e-4 29413405 29432624 19219
18 388 rs7232149 10947468 1 -9.464020127204404e-4 10947468 10949093 1625
18 1264 rs588705 51763722 2 -9.425409012000068e-4 51763722 51773841 10119
18 1172 rs16952149 48084560 1 -9.409060688870056e-4 48075258 48104646 29388
18 361 rs12454438 10384633 1 9.369925852080256e-4 10378142 10385097 6955
18 1495 rs4524034 60028008 2 9.286427181117444e-4 60027171 60028655 1484
18 470 rs11873019 13907526 1 9.104300084636244e-4 13907526 13913563 6037
18 1989 rs1876021 75954881 2 9.094497169571408e-4 75954881 75967549 12668
18 147 rs16946716 4425743 1 9.047849557346744e-4 4425743 4425743 0
18 1368 rs4940693 56101171 1 -8.994169048977005e-4 56101171 56118999 17828
18 513 rs2878879 20940588 1 -8.909352567409596e-4 20921129 20970706 49577
18 1028 rs923073 43236346 2 -8.895930251032552e-4 43234904 43249693 14789
18 843 rs488797 34970627 1 -8.795136191172349e-4 34962842 34970627 7785
18 974 rs555267 40992698 2 -8.752575898893318e-4 40992698 41052235 59537
18 1489 rs17069506 59821843 1 -8.745429195930866e-4 59794491 59850686 56195
18 1449 rs614729 58229212 2 8.719993494234904e-4 58214288 58229503 15215
18 747 rs7237501 29919836 1 8.670483670657918e-4 29915261 29930576 15315
18 1474 rs17068758 59325637 1 -8.59774316592999e-4 59325637 59333108 7471
18 857 rs8092743 35279922 1 8.464435207420063e-4 35272360 35279922 7562
18 650 rs10775520 25765494 2 8.41351729458071e-4 25763595 25779542 15947
18 1691 rs9945742 67227276 1 -8.405386184877937e-4 67227276 67227276 0
18 338 rs7238421 9785042 1 -8.261394113160703e-4 9785042 9787464 2422
18 1966 rs4890964 75299209 3 -8.253261260399839e-4 75285146 75301069 15923
18 1501 rs11152344 60111781 1 8.1346417427477e-4 60111781 60114270 2489
18 711 rs9304077 28644841 1 8.072159518506799e-4 28644841 28656735 11894
18 595 rs12458331 23825857 3 8.067621502824674e-4 23825857 23877833 51976
18 798 rs11872966 32765310 1 7.96941852557681e-4 32740907 32765310 24403
18 1755 rs8088887 69334079 1 7.947958009351635e-4 69332402 69334079 1677
18 2 rs7226677 278796 1 7.934587183103942e-4 278796 286971 8175
18 516 rs11663558 21133937 1 7.875391289547213e-4 21112206 21162288 50082
18 1770 rs4268850 69892689 1 7.648921787835525e-4 69892689 69892689 0
18 875 rs10502693 36045712 1 -7.638462963247777e-4 36044726 36053643 8917
18 278 rs12965261 8218296 2 7.544135273176761e-4 8207445 8218296 10851
18 865 rs17536346 35667915 1 -7.512989554327072e-4 35664687 35701204 36517
18 1679 rs884006 66871719 1 7.506675936984608e-4 66871599 66873244 1645
18 213 rs882838 6429648 1 7.491040017000405e-4 6429648 6429648 0
18 156 rs8086761 4812752 1 7.449453751945281e-4 4809233 4824346 15113
18 948 rs824 39754490 3 -7.332362825844191e-4 39724275 39754490 30215
18 902 rs307078 37642885 2 7.27774584480715e-4 37642885 37660737 17852
18 1695 rs4891369 67321165 5 -7.271085581326578e-4 67319566 67323641 4075
18 878 rs2027730 36112086 1 7.258523438485662e-4 36112086 36122427 10341
18 1438 rs489693 57882787 2 7.256519643309271e-4 57882787 57884750 1963
18 942 rs1115001 39406192 1 7.19003352901664e-4 39406192 39408516 2324
18 1513 rs6567316 60717894 1 7.09248242880364e-4 60708726 60754772 46046
18 1897 rs1380711 73515143 1 7.051244753599762e-4 73515143 73515143 0
18 1351 rs1787771 55768995 1 -6.95935073432656e-4 55761864 55768995 7131
18 987 rs3819128 41795393 1 6.92049957682339e-4 41793595 41796551 2956
18 2040 rs891488 77637424 1 6.894552849007636e-4 77630073 77639585 9512
18 49 rs7227078 1804120 1 6.845356681136808e-4 1800231 1804120 3889
18 1868 rs17817969 72344238 1 -6.724210023334775e-4 72281289 72381068 99779
18 1184 rs9948324 48349191 2 6.633907359138519e-4 48345651 48349191 3540
18 874 rs12960442 36027495 1 -6.590334917316206e-4 36023210 36037878 14668
18 479 rs786045 14949001 1 6.483333496198419e-4 14949001 14978677 29676
18 1207 rs3894774 49278632 1 6.36735130462239e-4 49278632 49280868 2236
18 1560 rs8092484 62191825 1 6.254896453204968e-4 62181984 62194615 12631
18 1985 rs8084678 75858655 1 6.173961274087731e-4 75858655 75858892 237
18 1312 rs1657424 54662887 3 -6.09807222936292e-4 54658824 54666994 8170
18 1784 rs9966507 70308101 1 5.986253094258291e-4 70308101 70308101 0
18 337 rs9951109 9762933 1 5.928629097002838e-4 9762933 9762933 0
18 792 rs8098687 32519272 1 5.902409835240251e-4 32519272 32527959 8687
18 1213 rs10048311 49500742 1 5.88416029808069e-4 49500742 49524506 23764
18 810 rs767531 33357868 1 -5.819604719709095e-4 33332795 33357868 25073
18 674 rs4369752 27118814 1 5.819181350779504e-4 27118814 27150116 31302
18 788 rs7240718 32356810 1 5.752761889578776e-4 32350725 32386340 35615
18 331 rs676629 9648130 1 5.644611846007368e-4 9648130 9648419 289
18 1706 rs3862700 67862224 1 5.584559096867305e-4 67862224 67863844 1620
18 1297 rs1364417 53693949 1 5.577261456349324e-4 53686306 53693949 7643
18 1369 rs2003159 56142499 1 -5.482281291008257e-4 56138943 56151138 12195
18 1481 rs12604169 59583446 1 5.441000895900452e-4 59574836 59583446 8610
18 1048 rs11664831 44103392 3 5.428869263351863e-4 44103392 44126909 23517
18 644 rs6508522 25557873 1 -5.388169437719147e-4 25551892 25559158 7266
18 1279 rs2051293 52818009 1 5.371652489074416e-4 52769637 52821124 51487
18 357 rs12957808 10284623 1 5.359742335116374e-4 10284623 10295284 10661
18 763 rs76952832 30969567 1 5.351459943762647e-4 30969567 30969567 0
18 1721 rs9945065 68436810 1 -5.195116507627909e-4 68424195 68441007 16812
18 1761 rs9957008 69633468 2 5.165914257574707e-4 69633468 69640030 6562
18 1817 rs1943809 71065781 2 -5.130119755043607e-4 71062976 71067017 4041
18 784 rs2579799 32155796 1 -5.051493517575984e-4 32153364 32175059 21695
18 182 rs1965652 5448728 3 4.923324083074275e-4 5444240 5449746 5506
18 977 rs4144407 41191319 1 -4.921137942251657e-4 41183021 41207839 24818
18 1409 rs11152148 57107212 1 4.920508053303718e-4 57096896 57111114 14218
18 127 rs3915772 3848826 1 4.893674535511906e-4 3842566 3848826 6260
18 1698 rs9963608 67368356 1 -4.885551566811273e-4 67368356 67368356 0
18 464 rs3760533 13760290 1 4.881076972489874e-4 13745167 13780084 34917
18 288 rs12607517 8436239 2 4.838915361693997e-4 8436239 8439366 3127
18 938 rs16975050 39187170 1 4.8387957383905743e-4 39187170 39240054 52884
18 222 rs11081250 6640510 2 4.7901537477074304e-4 6635800 6640510 4710
18 2012 rs2015066 76496620 1 4.766000066818257e-4 76496620 76496620 0
18 1876 rs652015 72898905 1 4.657917128672918e-4 72898905 72914280 15375
18 1740 rs4243328 68886253 2 4.53854846586813e-4 68873558 68908351 34793
18 1242 rs2156283 50430275 2 4.5128567076306234e-4 50416229 50454613 38384
18 279 rs7232952 8247249 2 -4.4715234349823304e-4 8241986 8247249 5263
18 451 rs16940343 13309150 2 4.466108729469988e-4 13308950 13326749 17799
18 1022 rs13382004 43144642 1 -4.433940701155024e-4 43144642 43144684 42
18 1162 rs6507965 47662494 1 4.4033490122442594e-4 47641401 47678905 37504
18 1305 rs216556 54052170 1 -4.37052207969429e-4 54050693 54118551 67858
18 1419 rs12454887 57359432 1 4.316327796511798e-4 57356148 57359877 3729
18 567 rs4131294 22772210 1 4.2228803810872813e-4 22772069 22774712 2643
18 1615 rs9967525 64782143 1 4.150452044281387e-4 64767560 64782143 14583
18 1326 rs10503014 55160632 1 4.137316888394105e-4 55146682 55160689 14007
18 500 rs8095924 20160314 2 4.1353852139380473e-4 20160314 20223695 63381
18 991 rs11662373 42148160 1 -4.116268246527158e-4 42123551 42148160 24609
18 321 rs9973049 9055545 1 4.11339783743371e-4 9055545 9055545 0
18 1358 rs7243662 55859854 2 4.061427477824483e-4 55859854 55881103 21249
18 1135 rs1316937 47024513 1 -4.048654819009229e-4 47017820 47037399 19579
18 353 rs12954327 10199279 1 4.03506499876191e-4 10199279 10199279 0
18 1503 rs604880 60170601 1 -3.971296948699224e-4 60170601 60170601 0
18 1549 rs9952357 61920024 2 3.955107552754028e-4 61917239 61938066 20827
18 673 rs11083340 27085061 1 -3.945365788613864e-4 27081969 27107672 25703
18 1393 rs9948204 56756133 1 3.886949100100626e-4 56756133 56758171 2038
18 146 rs17436205 4402249 2 3.850958654627817e-4 4400387 4402249 1862
18 244 rs483480 7031103 2 3.8116696450574817e-4 7027438 7034508 7070
18 441 rs61740922 13057655 2 3.809065950248455e-4 12977206 13090982 113776
18 241 rs12961939 6997818 1 3.765279438070544e-4 6997818 6997818 0
18 93 rs3765623 3086065 1 -3.75239736365031e-4 3081210 3089522 8312
18 1406 rs11662475 56969154 2 -3.6491820558614543e-4 56966128 56973083 6955
18 755 rs1980034 30259109 1 3.5617637152881855e-4 30249433 30259109 9676
18 1820 rs1942788 71095826 1 3.54187613860812e-4 71095012 71108653 13641
18 624 rs7230264 24927434 2 3.519707000373983e-4 24922502 24927434 4932
18 1335 rs7234711 55408875 1 3.4031865094872774e-4 55395811 55417745 21934
18 1378 rs8082808 56318033 1 3.38669949798145e-4 56301610 56318033 16423
18 1642 rs633865 65526817 1 -3.3822531955571896e-4 65506232 65532262 26030
18 1097 rs4939771 45793917 1 -3.356668952864331e-4 45784926 45793917 8991
18 1019 rs1421181 43068786 1 -3.288538301715819e-4 43065107 43068786 3679
18 1247 rs3794923 50727518 2 -3.267360029184669e-4 50711414 50745236 33822
18 954 rs451873 39930036 2 3.2257850053495947e-4 39908413 39930036 21623
18 1580 rs681307 63126211 1 3.1003534936069056e-4 63126211 63196837 70626
18 1479 rs8085961 59508211 1 3.086383926390968e-4 59501188 59508211 7023
18 1321 rs990729 54979396 1 3.028313876560392e-4 54976972 54986641 9669
18 934 rs16974873 39109891 1 3.002081568916594e-4 39109891 39121474 11583
18 1176 rs2118369 48161483 2 2.979319220273642e-4 48154373 48166556 12183
18 1575 rs585878 63000384 1 2.974466350743292e-4 62990540 63011494 20954
18 688 rs9960874 27826653 1 -2.93979178378597e-4 27826653 27826653 0
18 571 rs4594329 22921715 1 2.896114145685041e-4 22914709 22921715 7006
18 782 rs1573408 32000277 1 2.8839366955836076e-4 31984392 32000277 15885
18 25 rs9950408 876569 1 -2.871040141728196e-4 876569 876569 0
18 1140 rs11664342 47146125 1 -2.849838845847625e-4 47146125 47146125 0
18 1095 rs1124349 45718309 2 -2.839066130240254e-4 45718309 45718309 0
18 1400 rs9955734 56863165 1 -2.81630394255622e-4 56863165 56863165 0
18 921 rs17678758 38422310 1 2.7866970936856085e-4 38422310 38422310 0
18 236 rs4470231 6969761 1 -2.783515002181507e-4 6969761 6969761 0
18 174 rs3184460 5244261 1 -2.7809946122360317e-4 5241170 5279960 38790
18 1493 rs9960450 60016875 1 2.7513393712534683e-4 60014463 60016875 2412
18 964 rs1835500 40332492 1 -2.7352736091705105e-4 40324824 40332492 7668
18 46 rs9635844 1692822 1 -2.649906870791372e-4 1681354 1718332 36978
18 287 rs9966297 8402646 1 2.6384790854852444e-4 8402646 8410522 7876
18 1446 rs500817 58154350 1 -2.5938609775017066e-4 58152634 58156977 4343
18 1238 rs10083941 50282122 1 2.5724277630337415e-4 50282122 50282122 0
18 1636 rs8083752 65359829 1 2.5652870435808917e-4 65359829 65365278 5449
18 1885 rs4891066 73099691 1 -2.4864102078309147e-4 73099691 73099691 0
18 20 rs1059393 672836 1 2.4299898883883416e-4 660383 683607 23224
18 219 rs8096595 6564322 1 -2.382906146538646e-4 6564322 6564322 0
18 929 rs1941566 38770460 1 -2.3487541428498815e-4 38770460 38812558 42098
18 99 rs1962519 3188976 1 2.3447670723437388e-4 3188976 3188976 0
18 1138 rs12604221 47123122 1 -2.3314385734117215e-4 47118923 47123122 4199
18 911 rs7238025 37945673 1 -2.3021087899358908e-4 37945427 37950651 5224
18 1639 rs17832178 65456609 2 -2.2157593937545617e-4 65455611 65467862 12251
18 1306 rs421544 54123365 1 2.215374767625733e-4 54123365 54152121 28756
18 1678 rs17080549 66862142 1 2.1715983233686208e-4 66838849 66862142 23293
18 1867 rs2887 72252137 1 -2.170375734552539e-4 72252137 72258127 5990
18 1976 rs2727046 75477351 1 -2.1679099014482056e-4 75477351 75485034 7683
18 1134 rs506426 46849333 1 2.1607750139335203e-4 46786058 46943301 157243
18 1289 rs17512836 53194961 1 2.144682129221965e-4 53193424 53201972 8548
18 558 rs8086988 22510457 1 -2.1302122465166612e-4 22510457 22510457 0
18 1629 rs1480673 65186331 1 -2.087014076448478e-4 65186331 65188166 1835
18 5 rs3810040 357247 1 2.022089995152518e-4 354439 357247 2808
18 808 rs998626 33257120 1 -1.9952742497084255e-4 33251159 33285609 34450
18 284 rs646684 8356972 1 -1.9748072141813304e-4 8353593 8356972 3379
18 1515 rs17070739 60819383 1 1.9741617250845387e-4 60819383 60819383 0
18 1608 rs9949882 64255420 1 1.9452759982851949e-4 64255420 64288596 33176
18 983 rs1380835 41493047 1 1.92094104294659e-4 41480527 41493047 12520
18 1457 rs11152273 58624573 1 -1.897544564399817e-4 58589127 58624573 35446
18 1462 rs9950956 58879662 1 1.8347621787476808e-4 58855021 58880641 25620
18 1092 rs8091725 45660778 2 -1.820332674333114e-4 45659367 45660778 1411
18 946 rs9948753 39491873 1 1.8097435965317457e-4 39485540 39491873 6333
18 1923 rs3829636 74335247 1 1.8053280040957167e-4 74335247 74335247 0
18 1705 rs283765 67747484 1 -1.784623502867547e-4 67747484 67847323 99839
18 1683 rs1500985 67007567 1 -1.7815062411625382e-4 67002545 67012528 9983
18 428 rs4797673 12316493 1 -1.7721346097026905e-4 12312075 12350505 38430
18 970 rs11664719 40640843 2 1.755217401227857e-4 40629416 40666892 37476
18 281 rs9949149 8298633 1 1.733692202189234e-4 8298633 8298633 0
18 315 rs7236054 8972284 1 1.6843428427687477e-4 8972284 8972284 0
18 472 rs1941095 13993454 1 -1.647403882281101e-4 13993454 13993454 0
18 586 rs1786746 23423078 1 -1.5866877259103324e-4 23421693 23431790 10097
18 1934 rs608433 74611127 1 1.583753078071665e-4 74562251 74627099 64848
18 631 rs11083221 25225559 1 1.5586791157186635e-4 25211720 25225633 13913
18 1907 rs7237886 73811509 2 1.500980252287195e-4 73791260 73811509 20249
18 2029 rs8082857 77021380 2 -1.4836933552064098e-4 77013918 77052242 38324
18 1837 rs9949880 71499534 1 -1.4831628797734906e-4 71499151 71499534 383
18 1327 rs7228132 55170369 1 -1.474554879395462e-4 55167385 55179142 11757
18 648 rs1662735 25674859 3 1.447657817526447e-4 25674859 25699060 24201
18 525 rs2337237 21631244 2 1.4409412336383753e-4 21631244 21631244 0
18 484 rs4632227 19513517 1 1.4145028915002212e-4 19513517 19540467 26950
18 1334 rs7231193 55357455 1 1.3960628991560955e-4 55357455 55364830 7375
18 1810 rs1943825 70977587 1 1.3271865969772327e-4 70974144 70978788 4644
18 477 rs12957575 14734475 1 -1.2462094104353155e-4 14727931 14735684 7753
18 913 rs10460060 37996055 1 -1.2082712360009544e-4 37995521 38009833 14312
18 962 rs11082289 40226942 1 1.1924432451038964e-4 40218068 40255279 37211
18 404 rs4796922 11417597 1 1.1800439216489736e-4 11417597 11422601 5004
18 27 rs12373400 923096 1 1.093881692451634e-4 920151 923230 3079
18 1778 rs17352438 70123101 1 -1.0678539590165556e-4 70123101 70123101 0
18 1381 rs11663212 56445257 1 1.0646613894045697e-4 56437043 56446902 9859
18 1669 rs7232428 66328837 1 -1.0584607729968552e-4 66327314 66328837 1523
18 634 rs2617939 25298983 2 1.050130320727874e-4 25298983 25298983 0
18 2021 rs4030882 76659706 1 1.0307129296133728e-4 76641125 76661677 20552
18 1869 rs479918 72396789 2 -1.0100420973719488e-4 72394849 72414096 19247
18 1268 rs9945556 52256493 1 -9.974295261210338e-5 52057489 52258548 201059
18 43 rs7233940 1602082 1 -9.69375378206474e-5 1579479 1602082 22603
18 1049 rs732109 44135050 1 -9.612075931812528e-5 44135050 44135050 0
18 1713 rs10513986 68081085 2 9.53961767185842e-5 68073690 68081085 7395
18 1566 rs2000739 62516332 2 -9.350087899405592e-5 62486236 62516332 30096
18 1947 rs2850855 74920707 1 9.18208574850638e-5 74919886 74923296 3410
18 453 rs8099000 13400714 1 -9.039131982653849e-5 13400714 13408960 8246
18 802 rs17561133 33063368 1 -8.633786476089475e-5 33063368 33063368 0
18 246 rs8088532 7082526 3 8.624606499111221e-5 7076464 7082526 6062
18 167 rs292367 5096936 1 8.601231835943728e-5 5096936 5097618 682
18 1448 rs489310 58183931 2 -8.324301717437259e-5 58183931 58211864 27933
18 898 rs503075 37283833 1 -8.099072621152358e-5 37238502 37286372 47870
18 1687 rs4255867 67130866 2 -8.01527962939468e-5 67110334 67134392 24058
18 1316 rs948651 54754936 1 -7.894928811323327e-5 54742153 54754936 12783
18 1964 rs11151064 75262263 1 7.685381471258786e-5 75262263 75262263 0
18 959 rs4633808 40158156 1 -7.443077888110306e-5 40156291 40158156 1865
18 1296 rs10048306 53654020 1 7.216145203671321e-5 53647447 53676203 28756
18 1777 rs9964306 70121997 1 7.171686870294586e-5 70107895 70121997 14102
18 1059 rs948570 44292598 1 7.020479800177616e-5 44292598 44292598 0
18 401 rs459329 11315010 1 7.01524963443286e-5 11315010 11320782 5772
18 134 rs11660659 4056012 1 6.445153753047079e-5 4056012 4056394 382
18 1791 rs4892042 70430087 1 -6.369494912921267e-5 70426355 70433629 7274
18 676 rs867955 27184496 1 -5.9077910727447094e-5 27184496 27188972 4476
18 806 rs1241077 33133859 1 -5.633674416208581e-5 33125529 33135111 9582
18 1588 rs2587406 63532187 2 5.256266975239019e-5 63530016 63546551 16535
18 1071 rs1036347 44983381 3 -5.133556715310693e-5 44983381 44986284 2903
18 303 rs603368 8792476 1 5.059606165330841e-5 8792044 8792476 432
18 56 rs1009238 2000079 1 4.5599550934471216e-5 1994943 2006123 11180
18 1716 rs8092443 68142414 1 -4.2977083817116725e-5 68140829 68160574 19745
18 1518 rs4987774 60892362 2 -4.034029782520063e-5 60890160 60892362 2202
18 1280 rs4800985 52829535 1 3.6524855994868525e-5 52829535 52829535 0
18 1372 rs7236716 56167136 1 -3.618666042229501e-5 56167136 56172283 5147
18 870 rs7227029 35938375 1 -3.59949943904943e-5 35895358 35938375 43017
18 1506 rs306220 60298738 1 -3.2672077132233877e-5 60298738 60306081 7343
18 2041 rs4081877 77721125 1 2.621915085301603e-5 77720079 77721125 1046
18 2007 rs12955300 76415963 1 2.5918737462304956e-5 76415963 76421267 5304
18 1037 rs590694 43562102 2 -2.5321061075886506e-5 43562102 43567199 5097
18 457 rs1785113 13483636 1 -2.501098993508295e-5 13483636 13487485 3849
18 1216 rs9963534 49642058 1 2.4862029805127415e-5 49642058 49664472 22414
18 1499 rs2957145 60076799 1 2.3270211183193968e-5 60068125 60082093 13968
18 1504 rs11152351 60247706 1 2.3256749603785384e-5 60224101 60253761 29660
18 531 rs9962319 21800299 1 -2.130771503480316e-5 21800299 21800299 0
18 1417 rs2851857 57244903 1 -2.1289675814948673e-5 57239997 57246293 6296
18 635 rs2851757 25313101 1 2.0986224895998016e-5 25313101 25316814 3713
18 842 rs2009759 34954021 1 1.6956393415235683e-5 34936882 34954021 17139
18 1582 rs13380899 63271502 1 -1.597059722996418e-5 63240014 63275241 35227
18 1325 rs667508 55139617 1 1.5357198008868947e-5 55139617 55144432 4815
18 745 rs16962974 29867091 1 1.2635444110603986e-5 29848028 29867091 19063
18 485 rs4267422 19608303 1 1.2622184805621988e-5 19585607 19608303 22696
18 98 rs9951849 3171473 1 9.061685292623346e-6 3171473 3176377 4904
18 1108 rs2175565 46079852 1 8.240646589556337e-6 46079852 46094791 14939
18 1870 rs17243024 72495759 1 7.668924795766896e-6 72490940 72519457 28517
18 881 rs7228974 36183823 1 6.873582210067784e-6 36164249 36183823 19574
18 2032 rs11661539 77287796 1 6.040826385206033e-6 77287796 77287796 0
18 1382 rs4940757 56461646 1 -5.429138203307115e-6 56457396 56461646 4250
18 1337 rs4941086 55448382 1 4.4246384053527835e-6 55448382 55448382 0
18 1696 rs10513972 67352445 3 -2.8566430498603505e-6 67343438 67359360 15922
18 1122 rs4939826 46453406 2 2.789157996173846e-6 46453406 46453929 523
18 867 rs8094570 35775236 3 6.44564104291276e-7 35767744 35776298 8554
