CHR Group SNP.lead BP.lead Size W BP.min BP.max BP.width
12 120 rs1800693 6440009 1 0.10750875366258576 6440009 6440009 0
12 1287 rs10774625 111910219 5 0.0982654441826412 111887659 112235783 348124
12 12 rs2075032 717138 5 0.04979598048143702 714224 783484 69260
12 697 rs10877013 58165085 2 0.03951911498429057 58157988 58260601 102613
12 1461 rs838878 125260645 4 0.03633632537594233 125260645 125261593 948
12 543 rs3747562 42854205 10 0.03620233926351745 42443484 42863801 420317
12 1439 rs585522 123550813 8 0.03544984808983573 123477311 123822711 345400
12 378 rs1487648 24887648 5 0.03126473850186225 24860035 24925239 65204
12 293 rs1471941 18961341 5 0.03009929477437308 18879599 18983362 103763
12 556 rs275605 43946204 3 0.02983369253066953 43707269 43973953 266684
12 78 rs873613 4232802 2 0.02923535651917885 4174675 4258438 83763
12 849 rs1705221 71575611 4 0.02850025838999771 71410182 71575611 165429
12 1250 rs12303478 108051406 3 -0.02754416734830227 108038203 108061806 23603
12 208 rs1797659 12186453 2 0.02723529760725158 12139231 12193013 53782
12 685 rs703822 56600528 6 -0.02676659324088175 56488913 56737973 249060
12 1288 rs11066301 112871372 7 -0.02603991649836058 112245170 112964070 718900
12 620 rs2640518 51561056 8 0.02557494822309885 51345265 51568505 223240
12 1462 rs3782287 125289265 2 0.02499173540078501 125289265 125289265 0
12 684 rs1701704 56412487 2 0.0238519761192111 56379298 56417403 38105
12 1423 rs482522 121194862 7 0.023435882419161 121113588 121371233 257645
12 1107 rs2075362 96606889 2 0.02274194789446981 96599780 96617304 17524
12 782 rs7300749 67015716 11 0.02224421074218104 66945123 67034328 89205
12 216 rs11834080 12617367 3 0.02219158713836376 12549503 12618690 69187
12 575 rs7313125 46464980 1 -0.02186855286851365 46439995 46487024 47029
12 1134 rs7954125 98762487 2 -0.02170300367753095 98745213 98762487 17274
12 1308 rs7960468 114241098 3 0.02104543550174127 114206142 114243728 37586
12 1359 rs11068090 117013350 3 0.02087313698971648 117013350 117033944 20594
12 250 rs11055989 14622002 6 0.02028952752162995 14477187 14653867 176680
12 165 ss1388110319 9811832 2 0.01998168828251737 9770355 9813867 43512
12 1444 rs863750 124505444 2 -0.01986846396733601 124505444 124624465 119021
12 515 rs17127129 39825613 3 -0.01985067688260417 39633558 40012297 378739
12 1076 rs17022716 94948299 4 0.01981177398759746 94934823 94955644 20821
12 932 rs11525598 79870126 5 0.01970999464965299 79776101 79944776 168675
12 862 rs7970417 72734174 2 0.0194589665412239 72705816 72791120 85304
12 239 rs17820480 13638977 7 0.01932440117983963 13582981 13645414 62433
12 219 rs11055015 12836679 4 0.01916559937823593 12814818 12858969 44151
12 981 rs1782934 85185396 5 0.01884683775981565 85165879 85233731 67852
12 1648 rs2306546 133358870 4 0.01870701743654878 133341344 133437240 95896
12 18 rs11061679 1384066 2 -0.01869491958660195 1374396 1493559 119163
12 691 rs1466535 57534470 6 0.01868962204717574 57489709 57539082 49373
12 511 rs7485262 38801746 2 -0.01860124081994985 38762141 39130885 368744
12 836 rs2870883 70561697 3 0.01851070762584553 70499773 70690085 190312
12 127 rs870849 6887020 2 0.01843106599481243 6887020 6899582 12562
12 1290 rs233716 113039943 1 0.01814530605222104 113036817 113125311 88494
12 1325 rs16944632 115224251 5 -0.01767858327862189 115188083 115236746 48663
12 1204 rs4255604 104573715 1 -0.01729104638647095 104477393 104645405 168012
12 176 rs7979266 10233077 3 0.01715733130020345 10224073 10262275 38202
12 236 rs10744020 13479485 1 0.01712966027180711 13472514 13491237 18723
12 110 rs6489661 5936315 2 0.01694510776039133 5898504 5936315 37811
12 1099 rs11610816 96275860 4 0.01677743379507715 96164160 96277800 113640
12 593 rs2285831 48125702 8 0.01635502102193925 47996550 48130578 134028
12 358 rs12227654 23688755 7 -0.01617743729203175 23666839 23732165 65326
12 1137 rs3815997 99071023 1 0.01573351740987951 98983214 99071023 87809
12 415 rs7138982 27502010 2 -0.01570374083208485 27464524 27529219 64695
12 261 rs1024843 15731744 1 0.01564868082670461 15698549 15763224 64675
12 272 rs726206 16650668 2 0.01555976168317609 16650668 16695762 45094
12 226 rs1056927 13070752 2 0.01540981129252471 13054234 13093342 39108
12 432 rs10771408 28300612 4 -0.01510045344929297 28244498 28340645 96147
12 1561 rs12818539 129439155 4 0.01497768629266139 129432789 129446921 14132
12 806 rs10878764 68564677 1 0.01494027120882418 68530956 68591685 60729
12 1503 rs1166248 127382533 2 -0.01489986318242046 127309053 127382533 73480
12 622 rs4762040 51713430 2 0.0147242614340256 51671129 51744867 73738
12 621 rs7399073 51614050 1 0.01472169844783936 51609600 51614050 4450
12 653 rs7300593 53790450 4 -0.01469326261199676 53637466 53866619 229153
12 333 rs10437776 21583242 6 0.01440907766675509 21578559 21678106 99547
12 1566 rs9645722 129554430 1 -0.01432392248670137 129547345 129560574 13229
12 1191 rs12310655 103628391 1 0.01416250544139837 103628391 103628391 0
12 548 rs7962745 43153849 3 0.013990805235524 43094326 43188454 94128
12 720 rs1383187 61321575 6 0.01395018235892551 61293929 61386860 92931
12 116 rs7139057 6169323 2 0.01394976236942422 6169323 6174729 5406
12 1021 rs6538248 91208211 6 -0.01356667395533215 91197897 91275998 78101
12 1645 rs12809358 133021634 1 -0.01355645702592076 133021634 133021634 0
12 629 rs2242106 52369300 2 0.01343608645945138 52320676 52369300 48624
12 1164 rs618278 101394344 4 0.01339573463876507 101375823 101421625 45802
12 947 rs7138951 81475633 10 0.01339498511958157 81350719 81527982 177263
12 749 rs4420319 63873009 5 0.01337189134512461 63689312 63897387 208075
12 1201 rs1043469 104166760 5 -0.01335605463798802 104166760 104227273 60513
12 809 rs11177160 68706883 4 -0.01317227188920684 68693242 68726857 33615
12 162 ss1388098938 9408619 5 0.01313793636958447 9352459 9433057 80598
12 945 rs7294577 81204764 3 0.01288368729805727 81201638 81270272 68634
12 390 rs1115093 25586533 7 0.01217120923078618 25548331 25590600 42269
12 242 rs2268118 13872044 4 0.0120455104958278 13822239 13872044 49805
12 1133 rs1480082 98676087 2 -0.01201741216081453 98623079 98678116 55037
12 766 rs1494505 65810174 6 0.01194479253350226 65711378 65910217 198839
12 652 rs10876405 53500021 2 0.0118605035967483 53500021 53552475 52454
12 1546 rs1683689 128858494 2 0.0118263096071302 128858494 128858494 0
12 1205 rs4411337 104695580 4 -0.01173332847489093 104658060 104775110 117050
12 334 rs7954395 21728260 2 -0.01171056213155964 21685108 21728260 43152
12 632 rs7299647 52544099 1 0.0117070039367415 52518795 52544099 25304
12 376 rs3110018 24697192 1 0.01167285075186343 24697192 24749874 52682
12 166 ss1388112199 9873365 8 0.01141754076201941 9833398 9882328 48930
12 805 rs7304878 68485984 4 0.01123579225339565 68481411 68504592 23181
12 1115 rs11837388 97475626 3 0.01121162355989797 97453340 97489165 35825
12 366 rs11047241 24210719 1 -0.01118011919707988 24166066 24223333 57267
12 1295 rs10774676 113362407 4 0.01113533595335777 113341598 113380008 38410
12 73 rs10774176 3969126 4 0.01092263766303653 3926800 3993809 67009
12 270 rs1042669 16517032 10 0.01091388230483782 16514609 16568746 54137
12 1366 rs10774898 117468873 2 -0.01079752220328857 117357445 117491703 134258
12 184 rs2617170 10560957 5 0.01073962744072436 10528568 10644877 116309
12 341 rs2216228 22365835 5 -0.01072332832651856 22327988 22396257 68269
12 1010 rs704061 89771903 2 0.01070808807520756 89743614 89771903 28289
12 1430 rs889970 121856217 5 0.01046894214975977 121847135 121933663 86528
12 1454 rs7133829 125089462 2 -0.01036975534529613 125089462 125089462 0
12 813 rs10083027 68845536 2 0.01030644943952418 68845536 68877237 31701
12 1334 rs7959298 115643608 2 0.01026345521831882 115634875 115659913 25038
12 104 rs10849261 5522556 6 -0.01000722327973132 5507548 5536065 28517
12 377 rs7972841 24838713 2 0.00995453271817442 24760247 24838934 78687
12 496 rs1909510 32778913 1 0.0099328731915164 32778913 32810721 31808
12 442 rs10734773 29558505 7 0.00990785262749705 29558505 29630081 71576
12 486 rs16919122 32134815 2 0.0097495931437651 32128219 32143302 15083
12 837 rs710652 70793516 3 0.00966050354253089 70717231 70803674 86443
12 1469 rs1080910 125608492 2 0.00951962280311935 125608492 125683903 75411
12 339 rs4762726 22237590 8 0.00949912547473296 22222505 22245880 23375
12 547 rs4288814 43067451 2 0.00944462722930837 43066023 43071393 5370
12 1440 rs4930714 124067197 4 0.00936946312884351 124053767 124104551 50784
12 674 rs9943768 55287990 4 0.00934640560823083 55273926 55316786 42860
12 84 rs11063088 4444742 4 0.00934525160346789 4433389 4496280 62891
12 1314 rs1896003 114738961 2 0.00928178376568729 114702099 114738961 36862
12 1139 rs936208 99205713 1 0.00924927019481817 99205713 99205713 0
12 619 rs12831858 51259197 4 0.00912167970014672 51236802 51286750 49948
12 1360 rs4767424 117056469 2 0.00900464659863712 117050611 117066501 15890
12 269 rs6488840 16492515 2 0.00893500075809793 16442500 16505296 62796
12 1421 rs606443 120910630 3 0.00885189020636001 120875790 120967364 91574
12 55 rs7969363 3303085 1 -0.00879045048015811 3303085 3303085 0
12 279 rs1163929 17602872 2 0.0087678994610102 17531638 17606289 74651
12 1153 rs2373116 100373107 2 -0.00874824375496163 100263518 100429769 166251
12 6 rs10735031 573870 1 0.00864965619271405 573870 594525 20655
12 252 rs11056101 14846187 4 -0.00862988942790476 14843835 14976063 132228
12 209 rs2909001 12208578 4 0.00862519444402469 12208578 12209844 1266
12 109 rs3782641 5846020 4 0.00855655848305681 5759609 5846020 86411
12 297 rs4598716 19225583 2 -0.00854193237239821 19191333 19225583 34250
12 654 rs12422531 54067827 4 -0.00850416529639497 53912961 54069803 156842
12 452 rs6487855 30042521 2 -0.0084470712800466 29970473 30077283 106810
12 1096 rs7959749 96051177 2 0.00813119830729957 96051177 96075523 24346
12 736 rs7966917 62939557 4 -0.00805145971365436 62748862 62986620 237758
12 1110 rs7967631 96866130 3 -0.00801639621788612 96856310 96958954 102644
12 50 rs3825364 3109873 3 0.00800971560964152 3099291 3113401 14110
12 1432 rs12832268 122222761 1 0.00799633664725173 122217507 122254713 37206
12 1232 rs1862028 106281355 3 0.00796431821258373 106271686 106339977 68291
12 844 rs7297717 71167528 2 -0.00796379836464425 71167528 71173080 5552
12 387 rs4281557 25449557 2 0.00787330075147889 25445122 25449557 4435
12 788 rs7488420 67370454 2 -0.00780112424976783 67370454 67428382 57928
12 448 rs302385 29872623 2 0.00778612242343212 29859352 29879301 19949
12 1086 rs35583 95422108 8 -0.00777951894132775 95362567 95531442 168875
12 892 rs17116093 76399611 3 -0.00776711143702122 76385805 76401140 15335
12 1129 rs10507095 98224654 4 0.00771831597247609 98219791 98259831 40040
12 1113 rs10860122 97416064 2 0.00764145635390668 97391684 97416064 24380
12 124 rs7300366 6652227 1 0.00760279120035732 6567907 6654050 86143
12 345 rs2728643 22878685 1 -0.00755903448038452 22873846 22878685 4839
12 235 rs12580887 13437268 2 0.00753088415704175 13430216 13458685 28469
12 273 rs12320148 16819159 4 -0.00742548994084278 16773372 16844634 71262
12 33 rs7312354 2334444 3 -0.00737978458884115 2332104 2384005 51901
12 355 rs1463438 23404163 1 -0.00736259879415247 23328320 23409070 80750
12 487 rs2594034 32194375 4 -0.00734313940854063 32185924 32206697 20773
12 136 ss1388038133 7475081 4 -0.00731091687287146 7376438 7505374 128936
12 662 rs10876528 54421476 3 0.00711661076319456 54384947 54422504 37557
12 770 rs7972091 66128647 2 0.00711179328379051 66127948 66160971 33023
12 1571 rs10847790 129674124 1 0.00708481936103427 129660335 129675423 15088
12 275 rs994883 17243041 1 0.00707650234115777 17141339 17246848 105509
12 776 rs10748036 66472284 3 0.00704594940763059 66459794 66606228 146434
12 970 rs12426701 83633084 4 -0.0070024002287056 83580357 83713285 132928
12 1092 rs10777704 95950130 3 0.00695705226233986 95948094 95969395 21301
12 1273 rs7305754 109854122 2 -0.00692902019553803 109826765 110038454 211689
12 990 rs2635060 87248804 3 0.0069228639282986 87177972 87308897 130925
12 353 rs12228181 23200441 3 -0.00690945949994815 23195088 23200441 5353
12 1429 rs2942076 121794748 2 0.00688872070778704 121755561 121794748 39187
12 545 rs2708040 42899879 1 0.00679959383348568 42895401 42932928 37527
12 924 rs12372696 79024724 2 -0.00678814102823786 78952841 79024724 71883
12 1246 rs11113292 107767730 3 -0.0067034153882529 107758017 107790783 32766
12 1628 rs1569019 131576191 3 0.00666778669980973 131542891 131600346 57455
12 1477 rs736438 126021888 1 0.00666130545093506 126021888 126036203 14315
12 1261 rs10861902 108765747 4 -0.00660751715811679 108765747 108863470 97723
12 1179 rs2288378 102830008 6 0.00658976844305831 102489302 102856474 367172
12 294 rs1490705 19007096 1 -0.00652906710006612 19007096 19072980 65884
12 196 rs2111049 11827629 2 0.00641256131601774 11825291 11850632 25341
12 95 rs996802 5099280 3 -0.00640688280707261 5086778 5107978 21200
12 812 rs6581824 68807832 3 -0.00637586000844343 68807832 68829232 21400
12 1176 rs6539019 102303086 4 -0.00625647084693818 102248565 102319781 71216
12 647 rs10876360 53240025 1 0.00624270970118746 53216950 53245591 28641
12 731 rs12823007 62367084 1 -0.0062062147474309 62333918 62367084 33166
12 256 rs10505784 15127141 2 0.00615888935691679 15127141 15205821 78680
12 350 rs79129189 23104620 2 0.00614484197967843 23079828 23104620 24792
12 1573 rs7304563 129705832 1 0.00605770163095459 129702720 129707854 5134
12 822 rs6581852 69504295 2 0.00604429105222721 69504295 69508022 3727
12 388 rs10842535 25479948 3 0.00598486208210559 25454578 25486908 32330
12 1553 rs11829045 129172019 1 -0.00597208842251058 129172019 129172019 0
12 1402 rs1525959 119482906 6 -0.00587012502852763 119438009 119510036 72027
12 1124 rs12579455 97875332 2 0.00586660033724138 97873725 97915869 42144
12 1501 rs1798816 127239259 1 -0.00585420073113984 127231835 127239259 7424
12 1170 rs2373455 101892921 1 0.00585343192033715 101890922 101892921 1999
12 3 rs4980814 443795 4 0.0057794934244036 349298 443795 94497
12 1211 rs11112109 104972207 2 -0.005696301500797 104969135 104989889 20754
12 1487 rs224773 126508567 3 0.00566254054813871 126508567 126534862 26295
12 1328 rs11067334 115386970 2 -0.00564301065966149 115386970 115428241 41271
12 501 rs12227043 33100678 2 0.00563796589013109 33085304 33210552 125248
12 228 rs1291359 13157267 3 -0.00562078022798218 13102576 13185401 82825
12 370 rs883569 24393365 2 -0.00559269628139105 24389660 24394579 4919
12 954 rs10506863 82453826 4 -0.00558955403976648 82426466 82468337 41871
12 1309 rs4767155 114324609 4 0.00558111898753938 114285113 114395651 110538
12 579 rs61748367 46758462 1 0.00556802554181554 46655287 46778881 123594
12 379 rs7964847 24959271 3 0.00553986505821296 24947105 24959594 12489
12 1361 rs7307249 117077849 2 -0.00553757530123088 117077849 117082846 4997
12 1050 rs963542 93563956 1 0.00550607962259721 93563956 93563956 0
12 546 rs4768424 43001116 7 0.00547148228368923 42946285 43042606 96321
12 1305 rs6489916 114127055 3 0.00545591323031066 114104782 114132363 27581
12 1165 rs12370673 101513845 2 -0.00544078886854927 101468352 101514633 46281
12 1625 rs7967973 131461618 3 0.00537271775718525 131461618 131488041 26423
12 207 rs11054568 12127785 2 0.00530733330236231 12126594 12127785 1191
12 617 rs11833608 50757628 8 -0.00523584082977197 50467769 50757628 289859
12 529 rs1584093 41122288 1 -0.00522221182249049 41040864 41122288 81424
12 1026 rs1994820 91729930 3 -0.00521904183746432 91649224 91750321 101097
12 1531 rs2031041 128427252 1 -0.00519739259723538 128427252 128449125 21873
12 793 rs10878614 67827394 1 -0.00509719274625973 67822732 67843093 20361
12 603 rs17238800 49061511 1 0.00503159772041792 49058814 49146947 88133
12 983 rs1581563 85397604 2 0.00501686651403317 85356954 85397604 40650
12 1172 rs10778129 102007420 2 -0.00500904885414525 101991750 102020446 28696
12 798 rs2620791 68045584 3 0.00500711471093274 68045584 68080822 35238
12 347 rs12581238 22976813 1 0.00499791344428757 22976813 22976813 0
12 1407 rs12146774 119673503 2 -0.00496894516457665 119673183 119679160 5977
12 277 rs1355697 17424298 3 0.00496416178919424 17376899 17472742 95843
12 299 rs7979433 19400586 2 -0.00495288948902003 19370768 19540094 169326
12 398 rs16929998 26215107 3 -0.00495110920148378 26133925 26215107 81182
12 928 rs17046094 79344826 1 -0.00492913304694244 79336964 79442837 105873
12 1218 rs7308568 105426689 3 -0.00490599187435839 105199038 105433607 234569
12 1552 rs3892329 129164603 3 0.00486595659693159 129153986 129165051 11065
12 786 rs1262101 67285768 2 -0.0048420887511725 67278255 67285768 7513
12 327 rs11045598 21071213 8 -0.00483593867792792 20996314 21163947 167633
12 549 rs7958980 43258744 1 -0.00480989337808703 43213948 43258744 44796
12 397 rs10842638 26093161 2 0.00477239053911144 26055082 26093161 38079
12 1097 rs2302895 96103930 2 -0.00473927956069853 96101271 96132100 30829
12 681 rs1474447 56029584 2 -0.00470922025614628 55974078 56036131 62053
12 704 rs7397895 58982588 4 0.00467652519994529 58979278 59001589 22311
12 363 rs16926727 23952345 1 0.00465605045338921 23952345 23952345 0
12 1020 rs17018277 91156974 1 0.00464009008841404 91077508 91156974 79466
12 850 rs4760919 71649818 3 0.0045598411777762 71593051 71666552 73501
12 1391 rs3847652 118565383 1 -0.00455395734499082 118564087 118886322 322235
12 518 rs11174343 40324306 4 -0.00454349344023685 40321846 40367128 45282
12 951 rs2471495 82191443 4 -0.00446826530518542 82119514 82202002 82488
12 128 ss1388023568 6919569 1 0.00445735314124045 6915906 6919569 3663
12 433 rs11049439 28349302 2 0.00443755687582418 28349302 28728836 379534
12 1240 rs61743416 107141265 1 -0.00441807855863408 106965482 107219308 253826
12 151 ss1388062797 8279784 1 0.00439391814816971 8240017 8279784 39767
12 1126 rs10860227 98016881 5 0.00439038576640105 97996553 98026477 29924
12 553 rs1865616 43507011 3 -0.00438769960767035 43460540 43507011 46471
12 461 rs10082827 30473418 2 -0.00438409445084338 30423056 30474937 51881
12 490 rs9651846 32297526 6 -0.00437971422091232 32275750 32322171 46421
12 1357 rs17499905 116920503 4 -0.00437167188912149 116904503 116966200 61697
12 167 ss1388113297 9910164 2 0.00428536300169939 9904352 9935582 31230
12 1417 rs11829123 120393756 4 0.00427927209463209 120393756 120538651 144895
12 871 rs2364223 74103167 4 0.00426856344199244 74010790 74116264 105474
12 1257 rs61740671 108686316 3 -0.00419462724955838 108655308 108686316 31008
12 211 rs10845479 12244301 2 -0.00418762925785395 12238317 12249224 10907
12 1411 rs4453294 119840837 1 -0.0041710257730929 119772742 119853272 80530
12 891 rs11180765 76344606 2 0.00415871057077849 76339221 76357686 18465
12 1063 rs10777556 94312091 2 0.00413860064594871 94295622 94313141 17519
12 698 rs17120203 58345606 4 0.00410756879078703 58293664 58439500 145836
12 702 rs3847706 58803912 3 -0.00410150921824694 58750305 58833530 83225
12 879 rs7970843 75447005 5 -0.00406301178927309 75405617 75464526 58909
12 995 rs1461282 88186449 2 -0.00405809957300164 88170640 88210962 40322
12 344 rs7311822 22867619 3 -0.00402466578134188 22867619 22870142 2523
12 609 rs78961476 49721015 2 -0.00401029355442719 49688057 49721015 32958
12 234 rs7299090 13411651 2 0.00400991151660141 13394006 13418697 24691
12 901 rs167470 77494492 2 -0.00400335381179992 77449790 77526094 76304
12 583 rs2408710 47440496 2 -0.00392907398474098 47372270 47450430 78160
12 82 rs4766227 4363350 1 0.00387769177013662 4355740 4363350 7610
12 904 rs10858750 77756615 3 -0.00387341293864044 77723577 77761458 37881
12 618 rs7136702 50880216 2 0.00386481156628777 50880216 51207704 327488
12 1119 rs10777849 97708108 1 -0.00383512656257353 97689188 97722814 33626
12 305 rs10841372 19974796 1 -0.00383438439749489 19947908 20000315 52407
12 912 rs7131741 78251906 1 0.00380986442954032 78229636 78253891 24255
12 854 rs11178845 71943537 3 0.00380523170004698 71943537 71978728 35191
12 365 rs1391782 24135408 1 -0.00375097494945083 24103479 24135408 31929
12 144 ss1388052765 7960852 3 -0.00373709093983065 7960852 7977773 16921
12 916 rs17224015 78488242 3 0.0037340860371304 78433775 78489827 56052
12 527 rs11176706 40848113 3 -0.00370776474500668 40840325 40995961 155636
12 70 rs2191537 3851710 1 0.00368770557655477 3840421 3851710 11289
12 625 rs747283 52060359 1 -0.00366721126702566 51952880 52060359 107479
12 1598 rs6486515 130527398 3 0.00366611751635506 130519664 130546009 26345
12 28 rs7967890 1952990 6 0.00366510838706879 1952990 2008799 55809
12 326 rs4762785 20945273 2 0.00362594807236008 20902288 20986061 83773
12 1378 rs487894 118112859 2 0.00361707130268479 118112859 118113339 480
12 436 rs993168 28999673 2 0.00356668368799256 28980279 29018318 38039
12 1312 rs1920589 114562443 2 -0.00348599195164274 114537940 114596678 58738
12 1162 rs1399445 101247547 1 -0.00347529175004546 101214177 101263905 49728
12 1323 rs6489972 115154891 2 -0.00347389575100805 115135430 115156530 21100
12 655 rs12309572 54074686 5 0.00347177062029523 54073069 54094036 20967
12 948 rs1921073 81622228 2 0.00345818880177462 81563766 81696487 132721
12 646 rs11833855 53209944 1 0.00345675092724678 53199883 53210998 11115
12 614 rs706795 50297670 1 0.00340582351994719 50297670 50316439 18769
12 404 rs11048495 26554608 2 0.00338651214316282 26554608 26593928 39320
12 217 rs17312912 12647608 4 -0.00338366308365589 12624241 12659894 35653
12 700 rs7308978 58579920 2 -0.00335155411061374 58569801 58661715 91914
12 416 rs306637 27620727 4 0.00331340660094429 27536031 27641473 105442
12 1426 rs7298521 121541831 3 -0.00327924066222195 121506154 121600238 94084
12 602 rs11830262 48860018 3 -0.00326731973041053 48808927 48954040 145113
12 600 rs7299704 48444488 6 0.0032672910815114 48393526 48592339 198813
12 1120 rs1013422 97737126 5 0.00323753162703681 97729032 97781590 52558
12 439 rs11049998 29194445 2 -0.00322099906382444 29184161 29283282 99121
12 690 rs117805856 57397876 1 0.003213382618947 57331087 57457959 126872
12 993 rs11832191 87841866 5 -0.00320872490190556 87741561 87874389 132828
12 688 rs1465081 57050174 3 -0.00320054309513192 56988342 57232836 244494
12 1363 rs11068157 117147566 1 0.00317888966593417 117138820 117147566 8746
12 1415 rs10849704 120326063 1 0.00317777788795029 120221636 120326063 104427
12 1128 rs737585 98165739 2 -0.0031770797653906 98142166 98205710 63544
12 414 rs841614 27304878 2 0.00314482968271663 27163343 27373096 209753
12 492 rs10844187 32486059 1 0.0031379245638551 32453932 32490275 36343
12 1304 rs1346192 114060096 3 -0.00308473506607323 114058640 114100333 41693
12 801 rs4103248 68275317 4 -0.00307803138787255 68249369 68275317 25948
12 458 rs10843602 30245450 1 -0.00306713586648005 30245450 30282288 36838
12 213 rs718403 12296956 5 -0.00302800573752836 12279361 12439062 159701
12 530 rs11178431 41190135 2 0.00302317507262259 41159789 41198144 38355
12 1427 rs3794208 121685784 6 -0.00302060794024742 121602238 121691096 88858
12 1296 rs2072135 113399179 1 0.00299452888547115 113390679 113448288 57609
12 820 rs10878883 69375536 1 0.00297584126022505 69370756 69395011 24255
12 1428 rs28360477 121712301 1 0.00297024454543879 121712301 121712301 0
12 712 rs7957738 59771041 1 -0.00296475732744117 59585251 59809256 224005
12 318 rs1373573 20533594 3 -0.00296355161739443 20529327 20565960 36633
12 1475 rs10846906 125986482 2 0.00296262407718541 125959440 125994065 34625
12 896 rs6539583 77088881 5 -0.00295437355401032 76822034 77095868 273834
12 808 rs4913287 68658270 2 0.00293886017838179 68648622 68664458 15836
12 1193 rs11111594 103865525 4 -0.00293298008233909 103786515 103866497 79982
12 1022 rs11105943 91437199 1 0.00292768379725654 91286975 91438218 151243
12 802 rs7314707 68289536 4 0.00288732659987994 68281406 68315996 34590
12 164 ss1388107924 9736279 3 0.00283848977009707 9531055 9748766 217711
12 1094 rs17356067 96007582 2 -0.00282484104577195 96007582 96019118 11536
12 1470 rs11610234 125732246 1 0.00282471381344835 125732246 125732246 0
12 1171 rs1566557 101944677 2 -0.00280832480933035 101944579 101966423 21844
12 504 rs1905414 33524082 4 0.00280027036466687 33458768 33563298 104530
12 1037 rs408809 92696131 1 0.00277727941167921 92696131 92697178 1047
12 524 rs11175769 40656179 4 -0.00274046889400084 40652520 40727779 75259
12 81 rs10849023 4332478 1 -0.00273318603748382 4332478 4333919 1441
12 323 rs4583026 20794191 1 0.00272722610465306 20794191 20794191 0
12 975 rs7955708 84382650 2 0.00272688914808716 84369765 84579418 209653
12 427 rs258436 28039023 3 0.00271427360753972 28037859 28075600 37741
12 389 rs11047987 25535059 2 -0.00270600832360172 25535059 25541493 6434
12 628 rs3847859 52293500 2 0.00268849988744955 52282748 52293500 10752
12 876 rs12320234 75141699 1 -0.00268187128675876 75053794 75169675 115881
12 89 rs12821116 4890114 3 0.00265857589058913 4778627 4890114 111487
12 1 rs7955954 264136 1 -0.00265173656944692 257695 264136 6441
12 1254 rs4402352 108323947 1 -0.00264607129330942 108304088 108405763 101675
12 1065 rs7953863 94437395 2 0.00264292807889539 94387329 94437395 50066
12 1339 rs10507262 115909588 1 -0.0026386031424279 115867269 115910853 43584
12 594 rs7135791 48159721 1 0.00260934888984368 48142151 48177238 35087
12 1229 rs3741635 106136330 2 -0.00257620250296572 106120528 106154088 33560
12 1016 rs1344963 90671979 1 0.00257382999963935 90607109 90719672 112563
12 996 rs10777077 88291601 2 -0.00257296125781768 88238938 88294483 55545
12 1332 rs2384569 115560137 1 0.00256936999783309 115559373 115575544 16171
12 558 rs4251580 44174766 2 -0.00253856724764156 44045747 44180295 134548
12 488 rs16919225 32223555 2 -0.00252623204209913 32223555 32239358 15803
12 1583 rs10847896 130017313 1 -0.00251030544602608 130014666 130053146 38480
12 1499 rs1706487 127147035 1 -0.00250181376433196 127121358 127147035 25677
12 384 rs10743535 25225335 1 0.00249364416647619 25213582 25241297 27715
12 1590 rs2398469 130204943 3 -0.00248257932799379 130204720 130247031 42311
12 426 rs258402 28008791 2 -0.00247098360656557 27983429 28008791 25362
12 1313 rs7971457 114615807 2 0.00246425217217616 114610142 114674261 64119
12 1642 rs7136649 132598995 1 -0.00245658976738268 132560957 132624310 63353
12 1526 rs7309553 128248503 1 -0.00244029608936269 128247906 128259580 11674
12 83 rs3217830 4392530 1 0.00243335437313706 4392530 4402817 10287
12 1131 rs1504560 98559807 2 0.00240244132304055 98520552 98578617 58065
12 1116 rs12231308 97517174 2 -0.00238922748467192 97493165 97538337 45172
12 1038 rs3890018 92780270 3 0.00238205537037788 92716882 92788695 71813
12 1270 rs7135947 109629457 4 -0.00238174644767754 109552849 109635246 82397
12 203 rs2710278 12045185 1 0.00235735899824721 12045185 12055043 9858
12 783 rs12581526 67064405 1 0.00234893552545086 67044058 67066139 22081
12 1203 rs3751209 104373600 12 0.00232708156208435 104332224 104453196 120972
12 223 rs10845646 12989427 1 -0.00232353844843054 12989427 13009379 19952
12 1385 rs10850933 118340875 1 -0.00232111203816495 118327310 118340875 13565
12 1412 rs2519543 119921535 2 -0.00229917968731725 119866533 119921535 55002
12 1052 rs7976742 93721801 1 0.00229369242630467 93694640 93751933 57293
12 1468 rs6488977 125519849 2 -0.00228352415748895 125519684 125540106 20422
12 282 rs10840859 17947648 3 -0.00227554403437172 17927602 18018289 90687
12 1326 rs4766746 115299388 2 -0.00223712496614041 115272875 115320513 47638
12 25 rs2010851 1756642 1 0.00222882492641137 1753356 1760478 7122
12 1435 rs11057405 122781897 2 -0.00221327740917914 122765554 122781897 16343
12 1437 rs10847446 123160304 1 0.0021992321777131 123160304 123207805 47501
12 1166 rs164365 101560328 1 -0.00219502670108836 101549838 101613488 63650
12 863 rs11179298 73034816 3 0.00218710697889622 72924295 73062596 138301
12 199 rs16907305 11964940 1 -0.00218703338503863 11964940 11965477 537
12 141 ss1388047653 7815751 2 -0.00217293286944334 7794736 7821692 26956
12 689 rs10783807 57266313 3 -0.00217112469674331 57266313 57326321 60008
12 1572 rs10847798 129693687 3 0.00216961610972309 129693530 129693687 157
12 88 rs2072357 4735894 1 -0.00216040037283149 4699232 4768716 69484
12 973 rs10437866 84140558 4 -0.00215967765585629 83963186 84167218 204032
12 502 rs17624773 33245313 3 -0.00215036970635801 33244179 33334261 90082
12 132 ss1388028973 7092665 2 0.00214867338587706 7085171 7124522 39351
12 942 rs7963490 81007139 2 0.00214276657088182 81007139 81009229 2090
12 1375 rs6490128 117975866 5 0.00213861515443549 117973118 117988786 15668
12 644 rs4600258 53147863 3 -0.00212349906392595 53102196 53156064 53868
12 16 rs3088378 1084783 2 -0.00211075107277265 1084783 1157340 72557
12 459 rs7295022 30334451 2 0.00210804572494535 30301686 30337790 36104
12 314 rs9669759 20346064 3 0.00208965697295187 20346064 20372499 26435
12 251 rs7954515 14705355 3 0.00208499239358781 14673715 14720554 46839
12 1390 rs10850957 118526648 4 0.00207757825084199 118518306 118527534 9228
12 1279 rs147434959 110496788 1 -0.00205449847422953 110496788 110778383 281595
12 381 rs16928217 25093004 5 0.00205072916422434 25077205 25096090 18885
12 959 rs12425131 82984879 3 0.00200917360975052 82984879 83019188 34309
12 1127 rs248820 98084420 1 0.00199626786060063 98029258 98115143 85885
12 728 rs1031579 62264022 2 -0.00199382312623777 62059096 62264022 204926
12 1396 rs2730753 119171974 2 -0.00197642643007475 119064852 119172763 107911
12 580 rs12316767 47170621 2 0.00196448201254335 46876405 47173662 297257
12 1074 rs8553 94701318 1 0.00194074945379799 94693791 94859009 165218
12 1548 rs1683723 128900005 2 0.00192073837063311 128896474 128902895 6421
12 641 rs143856828 52962167 1 -0.00191969106950198 52959576 52977084 17508
12 538 rs286996 42022186 1 0.00188069254481304 41999396 42118062 118666
12 1060 rs9788269 94194890 1 -0.00183882325830113 94194890 94194890 0
12 1142 rs11109655 99286617 3 -0.00183557558744261 99278931 99286617 7686
12 1101 rs10859990 96336039 6 0.00183526571320823 96315487 96388052 72565
12 1081 rs7306517 95136893 1 0.00182318486190279 95136893 95138070 1177
12 1557 rs12305142 129277490 6 0.00180833019107892 129266496 129314523 48027
12 411 rs11048716 26989775 1 -0.00179422980262416 26989021 27007985 18964
12 1342 rs7311906 116014366 2 0.00176878592050327 116011729 116018440 6711
12 1340 rs2384616 115951160 2 0.00176560863022446 115927945 115954822 26877
12 730 rs10877760 62282739 1 0.00174695093309133 62282739 62297301 14562
12 949 rs12582634 81861791 4 -0.00174369237643602 81702982 81861791 158809
12 410 rs11048689 26957401 3 0.00172210254325551 26883825 26957401 73576
12 210 rs2287153 12223868 1 0.00171492602537455 12223868 12223868 0
12 1145 rs2201161 99631219 5 -0.00171015187590016 99444432 99631219 186787
12 612 rs10875969 50206723 3 0.00170434101389105 50187579 50259529 71950
12 368 rs11047284 24308717 2 0.00170367490980484 24308717 24358865 50148
12 1190 rs11111494 103603439 1 -0.00170213772521422 103575787 103615323 39536
12 1178 rs3751130 102350785 1 -0.0017010096786162 102350785 102352707 1922
12 134 ss1388032708 7281317 4 0.00169261916674498 7248556 7298327 49771
12 723 rs17124819 61744621 1 0.00169229127910842 61744621 61756110 11489
12 828 rs485288 69980028 1 0.00168329559042463 69887817 70012260 124443
12 280 rs1706673 17744821 3 -0.00168195440391887 17638662 17760920 122258
12 324 rs14083 20836856 4 0.00167515112662178 20810511 20860093 49582
12 1619 rs7137937 131228645 1 -0.00167412703288072 131226142 131252551 26409
12 1569 rs7961192 129612338 2 -0.00167147648325875 129612338 129631493 19155
12 792 rs7133608 67803505 2 -0.00165542605923051 67671759 67803505 131746
12 523 rs11175593 40601940 1 0.00165087180245781 40601708 40640626 38918
12 2 rs2284329 303320 1 -0.00164286537817269 303320 310334 7014
12 471 rs35083 31139301 2 -0.00162702342931371 31133420 31139301 5881
12 1516 rs1485862 127905639 2 0.00162549875593899 127905639 127917085 11446
12 1456 rs11057712 125113491 1 -0.0016249198040356 125113491 125157640 44149
12 255 rs918125 15112899 1 0.00162259471282559 15101478 15112899 11421
12 803 rs1905452 68358585 4 -0.00161739176815191 68322538 68421622 99084
12 71 rs10848922 3861281 1 -0.00161167549815568 3861281 3867471 6190
12 1198 rs7973658 104069795 1 -0.00161009157780809 104056322 104086040 29718
12 1441 rs11837144 124209352 3 0.00160892704386069 124130128 124241506 111378
12 485 rs1259771 32076823 1 0.00160563971343748 32047688 32076823 29135
12 1161 rs7957624 101164284 3 -0.00160279874523546 101144628 101203535 58907
12 1253 rs2374728 108227299 2 0.00159267977583547 108207233 108240832 33599
12 330 rs12829704 21388621 1 -0.00158526016791425 21317791 21408845 91054
12 817 rs7971479 69247483 2 0.00158007653227223 69247483 69247483 0
12 1345 rs11614245 116159429 2 -0.00157010633856144 116155595 116178812 23217
12 113 rs917859 6082113 1 -0.00156798457731763 6082113 6082113 0
12 831 rs775466 70101023 4 0.00156669514673952 70101023 70241373 140350
12 90 rs7958195 4931748 3 -0.00156657205174993 4915652 4942175 26523
12 198 rs11054443 11908529 2 -0.00155666004078669 11908529 11934852 26323
12 590 rs1029429 47879568 2 -0.00152939417943095 47796718 47879568 82850
12 1372 rs1552230 117822385 2 0.00152910501955944 117822187 117861069 38882
12 1498 rs4765418 127092972 1 0.00152286106628599 127092972 127092972 0
12 1023 rs10859106 91476568 4 0.00148996903363738 91448912 91479154 30242
12 608 rs10875943 49676010 1 -0.0014898402588774 49664786 49676010 11224
12 834 rs17813959 70384648 3 -0.00148539775080746 70327705 70394560 66855
12 64 rs11062666 3582651 1 0.00147919714558984 3582651 3628473 45822
12 1605 rs1798296 130764940 1 -0.00146766447350796 130753999 130764940 10941
12 1585 rs155681 130077125 2 -0.00145556022634258 130075335 130077125 1790
12 1169 rs11609579 101843240 1 0.00145525587659589 101843240 101843240 0
12 495 rs6488068 32742369 3 0.00144653086030966 32723323 32744672 21349
12 494 rs7967302 32689580 2 -0.00143282766538313 32649190 32706316 57126
12 155 ss1388081073 8808006 1 0.00140943082782899 8808006 8808006 0
12 751 rs1983148 64168113 1 0.00139426044448961 64151350 64168113 16763
12 1343 rs12227873 116079148 2 0.00139113117822523 116041932 116100867 58935
12 1264 rs2228315 109017898 1 0.00138213410444948 108980536 109017898 37362
12 100 rs500677 5295504 1 0.00138091446088293 5282279 5309827 27548
12 941 rs60216135 80838175 4 0.00137682687926867 80832606 80943669 111063
12 962 rs7979743 83171936 3 -0.00137665482093847 83160190 83203742 43552
12 895 rs2037248 76652037 3 -0.00137663147907191 76643364 76683856 40492
12 816 rs1470383 69207162 3 -0.0013718930668013 69170840 69233215 62375
12 243 rs1075010 13918341 1 0.00136976898209998 13918341 13918341 0
12 1647 rs75585377 133196037 3 0.00136918349667396 133182818 133331537 148719
12 291 rs2931484 18803034 1 0.00136307957375371 18797296 18808012 10716
12 800 rs11176893 68236562 4 0.00134441149574063 68179936 68236562 56626
12 1424 rs12815613 121407256 2 -0.00133357539360325 121388962 121426545 37583
12 443 rs7301855 29661473 3 0.00133000428903608 29656604 29661473 4869
12 634 rs6580870 52631313 3 0.00132541810911817 52605163 52632573 27410
12 1071 rs870034 94640095 1 0.00132488287411463 94640095 94640095 0
12 1175 rs10860779 102127262 1 -0.00131764320559593 102108345 102238129 129784
12 332 rs11046012 21545356 3 0.00130276768252272 21531437 21567793 36356
12 908 rs1716597 77960875 2 -0.00129762515479315 77934303 77995508 61205
12 470 rs11613187 31082324 2 -0.00129703129352437 31082324 31089672 7348
12 1555 rs4760557 129228730 1 0.00129566676510555 129228730 129228730 0
12 1519 rs4760974 128037474 1 -0.0012556142713253 128037474 128040502 3028
12 1433 rs34768683 122380838 3 0.00125009781077441 122283781 122468687 184906
12 1151 rs10745876 100214277 1 0.00125000079750091 100059825 100215417 155592
12 884 rs17115456 76053418 1 -0.00124769618558117 76048838 76053418 4580
12 309 rs2244740 20177450 2 -0.00123649725508342 20154110 20190268 36158
12 520 rs10784356 40442976 1 -0.00123638273532572 40406512 40460527 54015
12 1059 rs2364871 94102129 2 0.0012285878345763 94091999 94178498 86499
12 1511 rs906737 127763342 1 0.0012279496364896 127763342 127796546 33204
12 445 rs2288228 29724617 1 -0.00121886666264648 29720014 29762976 42962
12 657 rs6580960 54159380 1 0.00121778137121774 54159277 54187582 28305
12 1105 rs4762274 96539484 1 -0.00121445697496305 96539484 96539484 0
12 372 rs7302658 24509972 1 -0.00121257778767231 24471815 24509972 38157
12 150 ss1388061460 8230161 2 0.001211874580461 8230161 8230161 0
12 1089 rs2046729 95748925 2 -0.00120924619792518 95744993 95785039 40046
12 939 rs6539493 80565946 1 0.00120901745048163 80565946 80614851 48905
12 953 rs11829752 82395279 1 0.00119312236673571 82343899 82411055 67156
12 1459 rs838853 125204372 1 0.00118577785242978 125201015 125221983 20968
12 440 rs11050103 29339378 5 -0.001174931327864 29299549 29364807 65258
12 67 rs12819679 3744487 1 -0.00116870606773398 3724583 3744487 19904
12 1012 rs17017109 90004107 1 0.00116769579650429 90004107 90107725 103618
12 568 rs1506681 45289602 2 0.00116012362684216 45231387 45426516 195129
12 1035 rs1013848 92516807 1 0.0011430288375522 92505932 92615593 109661
12 1272 rs2075263 109704325 3 -0.0011428040141288 109692053 109751210 59157
12 572 rs7303050 45933519 4 -0.00112773794456294 45869279 45942344 73065
12 883 rs10879947 76022475 3 -0.00112735056930943 75972957 76035445 62488
12 742 rs2839798 63265984 2 0.00112582259070282 63256210 63266848 10638
12 1249 rs12300822 107909267 2 0.00112012592467245 107901182 108012066 110884
12 320 rs11045265 20614084 1 0.00111349735938887 20599454 20629739 30285
12 9 rs748125 632922 3 0.00110962550768958 632645 634632 1987
12 1434 rs9668430 122623595 2 -0.00110799067781099 122494809 122668091 173282
12 1609 rs12229898 130888284 4 -0.00110119835434749 130888284 130899033 10749
12 66 rs11062734 3708546 2 0.00108690699826385 3682483 3709164 26681
12 1327 rs2891538 115374162 2 -0.00108425588666165 115346424 115380393 33969
12 491 rs11051890 32423991 4 -0.00105439572101458 32370224 32447723 77499
12 971 rs4084722 83854627 2 0.00104661637538015 83726922 83856696 129774
12 244 rs11055625 13952894 3 -0.00102870699762919 13941779 14015706 73927
12 1187 rs1464789 103211059 2 0.00102758690126346 103211059 103271193 60134
12 276 rs7135970 17319646 2 -0.0010264447980615 17264337 17319646 55309
12 1635 rs11061544 131941961 1 0.0010174740737641 131927974 131945403 17429
12 1575 rs4759592 129757801 3 0.00101617525439627 129738102 129767505 29403
12 1260 rs952584 108724296 1 0.00101548851865076 108724296 108750121 25825
12 534 rs10880029 41715800 1 0.00101178987882625 41698342 41721430 23088
12 1030 rs4240750 92299169 2 0.00100857592892213 92248851 92326500 77649
12 175 rs7315231 10206925 1 0.00100496294811988 10186284 10207771 21487
12 984 rs4074726 85671452 1 -0.00100491107878346 85406066 85698817 292751
12 888 rs1275599 76262797 6 0.00100453811053323 76210525 76264502 53977
12 1388 rs5745879 118467645 3 9.993507375549678e-4 118455759 118477182 21423
12 428 rs39635 28126245 2 9.99256232906204e-4 28090871 28126245 35374
12 1466 rs10846783 125443020 2 9.990168889024444e-4 125432618 125446436 13818
12 315 rs274962 20426588 4 9.9529167017468e-4 20398906 20473758 74852
12 1286 rs61745424 111785515 1 -9.935212406075914e-4 111738287 111788402 50115
12 1044 rs12302020 93201015 2 -9.862391286316996e-4 93092717 93274860 182143
12 716 rs2131541 60439685 3 -9.849631763731385e-4 60274570 60470033 195463
12 156 ss1388083997 8904132 3 9.772292349096347e-4 8832203 8964708 132505
12 535 rs12299762 41859112 1 9.672418203807654e-4 41747428 41859112 111684
12 1504 rs1147253 127400345 2 -9.665707350874956e-4 127388659 127430069 41410
12 1465 rs7134003 125380714 2 9.620614608511336e-4 125351116 125385572 34456
12 829 rs17106884 70048829 2 -9.61722555510302e-4 70021405 70056834 35429
12 1377 rs4767571 118018700 2 9.480041569836548e-4 118018700 118080746 62046
12 1370 rs532967 117732339 2 9.46723075851806e-4 117720185 117756502 36317
12 960 rs4242869 83056154 1 9.450507892813566e-4 83041884 83072312 30428
12 1634 rs11061491 131860450 5 -9.43288907909502e-4 131855990 131914777 58787
12 918 rs169949 78601978 1 9.25794158478173e-4 78577755 78636050 58295
12 935 rs10862036 80429390 1 9.25700777519127e-4 80411972 80429390 17418
12 672 rs10876578 55048199 1 9.23428223958374e-4 55019657 55091438 71781
12 611 rs17123927 50149347 1 -9.218279073543344e-4 49968426 50149347 180921
12 745 rs772540 63353458 2 -9.217769254252252e-4 63351841 63418786 66945
12 1344 rs12367347 116124516 2 -9.2015685314951e-4 116116243 116139373 23130
12 923 rs1717355 78927648 1 9.195673585562516e-4 78927648 78927648 0
12 710 rs12367511 59484069 2 9.11953234701184e-4 59420919 59536329 115410
12 412 rs2881007 27025573 1 8.916373417423842e-4 27015543 27090550 75007
12 451 rs302358 29949915 1 8.915613399899968e-4 29943923 29949915 5992
12 336 rs1914361 22045853 3 -8.847386397858782e-4 22015768 22075960 60192
12 561 rs17094119 44512431 3 8.843054084829985e-4 44487061 44618008 130947
12 1617 rs6486574 131201678 1 -8.795758248241862e-4 131180387 131202551 22164
12 257 rs4763417 15297057 1 8.75289906039268e-4 15253372 15316251 62879
12 521 rs12581285 40509341 2 8.744354076859753e-4 40463668 40509341 45673
12 1352 rs7314113 116498873 1 -8.719902800731994e-4 116498873 116746302 247429
12 1148 rs7313735 99900435 1 8.565333821875446e-4 99855732 99904301 48569
12 1018 rs12369618 90923654 3 -8.554447885078797e-4 90842816 91016143 173327
12 295 rs12811083 19109604 2 -8.538501304022737e-4 19091386 19109604 18218
12 832 rs7309381 70279419 1 -8.493600770284746e-4 70270222 70311069 40847
12 187 rs17809949 10894663 3 -8.486534886732012e-4 10845947 10894663 48716
12 45 rs10848704 2882544 2 8.377184822545958e-4 2882544 2882544 0
12 775 rs11836463 66449972 1 -8.345906559076875e-4 66449972 66449972 0
12 1212 rs875679 105013796 1 8.287925819492183e-4 104994447 105017164 22717
12 41 rs2302727 2774601 1 -8.2187820839811e-4 2749812 2774601 24789
12 1367 rs12301568 117527177 1 -8.139448040019911e-4 117526989 117539934 12945
12 142 ss1388049467 7872595 2 -8.118565840080643e-4 7850431 7872595 22164
12 1418 rs4767884 120661977 1 8.036969724331798e-4 120579669 120705828 126159
12 86 rs11613495 4554630 1 -8.034951349399329e-4 4536096 4554630 18534
12 733 rs1146077 62483409 4 7.973564818916274e-4 62423566 62492037 68471
12 56 rs3741947 3325665 2 7.858233956277985e-4 3321967 3326187 4220
12 221 rs7956578 12932281 1 7.766303278238637e-4 12932281 12934454 2173
12 768 rs3844551 66105203 1 -7.765019257491483e-4 66099730 66106847 7117
12 826 rs1975944 69808396 4 -7.733274925334234e-4 69697366 69811369 114003
12 755 rs11175240 64442435 2 7.72316764686423e-4 64437008 64538378 101370
12 1184 rs703575 103025729 2 -7.60664624793138e-4 103025729 103077198 51469
12 533 rs7304429 41685271 1 -7.606418132911217e-4 41561374 41685895 124521
12 248 rs10772747 14352318 3 7.597878505014231e-4 14325852 14404281 78429
12 188 rs143804727 10958896 1 -7.573608310858657e-4 10953057 11184140 231083
12 919 rs952367 78643490 2 -7.535383858806142e-4 78643490 78643490 0
12 1306 rs11066719 114177890 1 7.496661224006883e-4 114135295 114177890 42595
12 335 rs117295320 21951107 3 -7.494644611501309e-4 21951107 21996045 44938
12 703 rs6581194 58875963 2 7.448838170845428e-4 58846726 58962959 116233
12 1048 rs10777471 93513899 1 7.440006115535206e-4 93513096 93519865 6769
12 1329 rs7972261 115463839 1 -7.431454038012259e-4 115452473 115463839 11366
12 1320 rs838334 115000120 1 -7.420859276347587e-4 114998551 115030724 32173
12 1040 rs17530 92843638 1 7.23702387999007e-4 92843638 92860820 17182
12 1629 rs10848295 131632326 1 7.150718774469671e-4 131617417 131642228 24811
12 158 ss1388087861 9013755 2 7.117002734266079e-4 9010671 9027429 16758
12 785 rs10506503 67225980 1 -7.037544272016638e-4 67192442 67257435 64993
12 735 rs11174364 62580013 1 7.0312578825626e-4 62567495 62611260 43765
12 1046 rs3825179 93413041 1 -7.030084048180109e-4 93413041 93433853 20812
12 771 rs189339 66252294 2 -7.02464717555344e-4 66170163 66252294 82131
12 824 rs12829970 69577933 1 7.003179379217365e-4 69526932 69577933 51001
12 1163 rs12821115 101353158 5 -6.981033597817697e-4 101279712 101368024 88312
12 1236 rs2173595 106593949 1 6.978160051049029e-4 106592207 106600420 8213
12 290 rs508378 18787403 2 -6.89152252179658e-4 18733250 18787403 54153
12 391 rs11048057 25623972 1 6.886376094691952e-4 25613164 25623972 10808
12 1315 rs1946298 114777249 2 6.883437321719291e-4 114764762 114810656 45894
12 1136 rs10860341 98936974 1 -6.877281633904459e-4 98818302 98936974 118672
12 1275 rs714880 110093847 2 6.822848336436754e-4 110092088 110108063 15975
12 465 rs7974251 30772129 1 6.80647578196884e-4 30723966 30906358 182392
12 7 rs10774240 598125 2 6.77466540166658e-4 598125 607480 9355
12 1353 rs6490057 116777570 1 6.759390892171213e-4 116769723 116784611 14888
12 1266 rs11830725 109287728 1 -6.747069471985062e-4 109284478 109287984 3506
12 253 rs1800801 15038788 1 6.726619035079156e-4 14992235 15038788 46553
12 401 rs1464054 26406081 1 -6.726264661846334e-4 26406081 26428677 22596
12 1220 rs1864892 105709809 1 6.723828955668856e-4 105678158 105719138 40980
12 667 rs6580981 54723028 1 6.695981550385651e-4 54712308 54774379 62071
12 362 rs10842220 23896612 1 6.692536202951014e-4 23853069 23898340 45271
12 1637 rs7397935 132058029 2 -6.680676445453873e-4 132039877 132058029 18152
12 818 rs7315435 69284330 1 -6.653679804499256e-4 69266407 69285094 18687
12 68 rs17836207 3761063 1 6.60769141355515e-4 3757923 3774947 17024
12 259 rs1461039 15577935 2 6.606679298829187e-4 15577635 15661564 83929
12 177 rs7298416 10285984 1 -6.594674769623718e-4 10269332 10285984 16652
12 1066 rs1434704 94483206 1 -6.539146680767736e-4 94483206 94491385 8179
12 853 rs12829521 71861186 2 -6.447693606262674e-4 71849276 71934790 85514
12 1488 rs10847061 126565356 1 6.430705296665334e-4 126548335 126592053 43718
12 591 rs10875649 47903997 2 -6.376821793577854e-4 47891755 47935320 43565
12 36 rs2239074 2538549 1 6.363973590485822e-4 2528984 2538941 9957
12 1543 rs1193373 128745755 1 6.348661531218328e-4 128737017 128746912 9895
12 665 rs12425539 54612871 2 -6.312911137497018e-4 54598367 54616729 18362
12 460 rs10400585 30388979 1 6.295456810948492e-4 30368441 30411299 42858
12 1017 rs704106 90790100 2 -6.275526569499386e-4 90742720 90790100 47380
12 1028 rs1489899 91935101 4 6.25473232585548e-4 91873016 92050203 177187
12 1156 rs17030162 100850107 1 -6.218451714234301e-4 100800193 100874070 73877
12 977 rs17041890 84834124 1 6.210515297066852e-4 84830157 84988116 157959
12 14 rs1563619 832925 1 -6.167531150243027e-4 832925 854331 21406
12 1578 rs11060281 129852893 1 6.148848989852354e-4 129839544 129854428 14884
12 380 rs12230878 25001100 2 -6.119642825555444e-4 24970588 25047720 77132
12 94 rs4766312 5031590 1 -6.098831179876552e-4 5006379 5038334 31955
12 483 rs4931564 31959514 2 6.07893995917084e-4 31959514 32007106 47592
12 739 rs4763026 63088455 1 -6.078401677323234e-4 63088455 63098595 10140
12 964 rs11115492 83322071 3 5.928451191604257e-4 83322071 83349196 27125
12 635 rs1902763 52657665 1 -5.881097234511125e-4 52657665 52677709 20044
12 643 rs11613368 53050352 1 -5.868245163561488e-4 53044267 53094939 50672
12 308 rs17290442 20122534 1 -5.831051262615728e-4 20087157 20143133 55976
12 1633 rs4614547 131837938 1 5.814363391922021e-4 131836281 131837938 1657
12 392 rs1479509 25652442 3 5.789768085279988e-4 25634138 25702478 68340
12 1209 rs10778338 104894402 2 -5.718523306037545e-4 104879273 104916224 36951
12 1514 rs1910777 127854484 2 -5.69068483455566e-4 127846842 127860333 13491
12 762 rs11175577 65264090 3 -5.685982855616395e-4 65146676 65269047 122371
12 54 rs7314045 3253569 1 -5.678982804222919e-4 3253569 3290605 37036
12 944 rs1305281 81140284 1 5.66801490845765e-4 81137591 81173501 35910
12 435 rs1398373 28819034 1 -5.649752663694305e-4 28790240 28978308 188068
12 878 rs7302339 75298553 2 5.490743297433044e-4 75291946 75378368 86422
12 304 rs11044839 19909772 1 -5.442110309816959e-4 19866642 19909772 43130
12 1108 rs11108452 96673764 1 -5.385755032162382e-4 96647487 96732305 84818
12 578 rs11183397 46608027 1 -5.302291469648485e-4 46607280 46619130 11850
12 348 rs7137690 22993265 2 -5.259843023929573e-4 22988849 23001124 12275
12 1577 rs3850005 129810707 1 5.202267023830696e-4 129784881 129810707 25826
12 1053 rs17790482 93791233 1 -5.133369686578384e-4 93767568 93791233 23665
12 799 rs4913255 68157051 1 -5.122335993677283e-4 68137284 68157051 19767
12 285 rs4340104 18315949 1 5.103837095074019e-4 18304086 18344802 40716
12 1215 rs835480 105074764 1 -5.08429458501722e-4 105067844 105081014 13170
12 976 rs12821359 84721592 2 5.063313865088276e-4 84638958 84721592 82634
12 1085 rs249184 95340146 2 5.057215403793838e-4 95340146 95355541 15395
12 72 rs7306879 3880935 1 -5.055405047933576e-4 3878659 3880935 2276
12 1078 rs2292007 95009655 2 5.013297990324823e-4 94980601 95023405 42804
12 1483 rs150918 126388829 3 -4.991032631014929e-4 126366825 126389049 22224
12 477 rs10843928 31502991 1 4.952183771271812e-4 31499671 31513999 14328
12 559 rs1531402 44243739 1 -4.928646743074639e-4 44215732 44331841 116109
12 1368 rs11068393 117623136 1 4.906455040461395e-4 117594254 117623136 28882
12 1041 rs7301270 92895170 1 -4.887990922144428e-4 92885667 92895170 9503
12 940 rs61735664 80735737 1 4.8762476073786e-4 80699475 80815495 116020
12 163 ss1388101546 9493282 4 -4.8661140419481745e-4 9477738 9515054 37316
12 316 rs7955516 20498036 1 4.8334465149591497e-4 20480437 20518025 37588
12 1495 rs7308273 126956126 1 4.722009121692843e-4 126953092 126956980 3888
12 903 rs11104350 77627677 1 4.705955102256689e-4 77618000 77696624 78624
12 402 rs11048452 26453917 1 4.6606846184182497e-4 26442052 26489544 47492
12 517 rs11174235 40301611 1 -4.6515778749226026e-4 40277086 40317017 39931
12 1452 rs1243888 124930214 2 4.6493951138866984e-4 124930214 124930214 0
12 687 rs2657887 56943533 1 4.63176221085677e-4 56929364 56956213 26849
12 1544 rs7307538 128777013 2 4.610415215639951e-4 128773787 128785587 11800
12 877 rs7132640 75275217 1 4.5883161461063104e-4 75215265 75275217 59952
12 958 rs4471506 82738459 1 4.52781490772904e-4 82738459 82792949 54490
12 40 rs216013 2729632 1 4.4913532018329695e-4 2705356 2729632 24276
12 541 rs17090789 42250561 3 4.480231780751244e-4 42227928 42282181 54253
12 512 rs10160990 39217830 2 -4.478755339907298e-4 39159441 39406179 246738
12 1539 rs4268573 128645217 1 4.355911416865728e-4 128643267 128645821 2554
12 564 rs17094695 44886633 1 4.352385534736461e-4 44835241 44886633 51392
12 399 rs2137547 26261873 1 4.189435138678402e-4 26261873 26330940 69067
12 906 rs10777158 77835446 1 4.186778680758672e-4 77824524 77835446 10922
12 683 rs772262 56163734 2 -4.1722061334724245e-4 56163734 56163734 0
12 240 rs10772689 13657684 1 -4.161532498340362e-4 13657684 13675196 17512
12 133 ss1388031557 7188562 1 4.149634178424195e-4 7165114 7188562 23448
12 855 rs7967428 72089040 1 4.1452681799591e-4 72006799 72125285 118486
12 108 rs4930766 5712164 1 4.104386737871318e-4 5706127 5747963 41836
12 1522 rs1872521 128087693 1 -4.086211952871067e-4 128076163 128128048 51885
12 1318 rs3858620 114929252 1 -4.059895849450802e-4 114894728 114939288 44560
12 146 ss1388056955 8086083 1 -4.016596266429443e-4 8068881 8086083 17202
12 493 rs7132461 32610592 1 -3.9959966244154974e-4 32491626 32642023 150397
12 191 rs11835196 11411923 1 3.959709049281666e-4 11377889 11460063 82174
12 1042 rs7306076 92910173 1 3.8935091167100134e-4 92910173 92968457 58284
12 598 rs4237855 48287203 1 -3.882356928959559e-4 48287203 48320109 32906
12 247 rs11055792 14291300 1 3.864781460628047e-4 14288015 14293118 5103
12 111 rs11063885 5961301 1 -3.8535269286473834e-4 5961301 5971176 9875
12 582 rs11183625 47227022 3 -3.8026180313795903e-4 47220968 47336910 115942
12 525 rs4768245 40777247 2 3.739507530163193e-4 40732394 40795865 63471
12 701 rs4760205 58736107 1 -3.718393123829969e-4 58676727 58748272 71545
12 1389 rs8239 118502467 1 -3.698518465603159e-4 118502467 118509191 6724
12 1472 rs326387 125805148 1 3.679384613249083e-4 125802173 125809988 7815
12 126 rs2178692 6836051 1 3.678720126444405e-4 6836051 6836051 0
12 482 rs10506079 31942106 1 -3.6428148912277184e-4 31929393 31944985 15592
12 642 rs7295084 52990150 2 3.534865538638184e-4 52979107 53036090 56983
12 1130 rs10735356 98486735 2 3.519599977892206e-4 98339387 98498625 159238
12 1070 rs12099862 94621957 1 -3.4938031753384654e-4 94594559 94624513 29954
12 306 rs941223 20021125 2 -3.463983275490521e-4 20018222 20028378 10156
12 882 rs7979548 75750513 2 3.451321218363787e-4 75692968 75910307 217339
12 873 rs12426157 74576059 1 3.424275557062282e-4 74505531 74706651 201120
12 218 rs12822507 12773521 1 3.4137698053603285e-4 12765603 12810654 45051
12 989 rs10858469 87126108 1 3.387911738728336e-4 86941569 87156713 215144
12 484 rs10844047 32041169 1 -3.358736982561308e-4 32012466 32041169 28703
12 890 rs4334090 76313528 1 -3.3163036740496737e-4 76312596 76313528 932
12 1630 rs10773856 131662218 1 3.313485061098926e-4 131662218 131662218 0
12 91 rs7957246 4951297 2 -3.2651680033537946e-4 4947598 4960449 12851
12 1594 rs12306127 130332478 1 3.248988550142007e-4 130320249 130361533 41284
12 757 rs11175348 64740578 1 3.246590373096706e-4 64711766 64740578 28812
12 1518 rs11059209 127976657 1 3.2004915071846243e-4 127976657 127999665 23008
12 586 rs10881069 47582724 3 -3.1449926148384064e-4 47582724 47618366 35642
12 197 rs2856321 11855773 1 3.139332088998399e-4 11855624 11888423 32799
12 274 rs16912235 16963281 1 3.11652971186563e-4 16893686 17057423 163737
12 1413 rs2711746 120001334 1 3.0499004206899986e-4 119949362 120001334 51972
12 1494 rs6489076 126908667 2 3.0180744312025335e-4 126895488 126944404 48916
12 1338 rs10850508 115852583 1 -2.982056949195657e-4 115840082 115852583 12501
12 639 rs61735042 52818419 4 -2.981696114025819e-4 52815465 52913668 98203
12 1607 rs11060822 130792781 1 2.965665621137852e-4 130792781 130817853 25072
12 172 rs688577 10074626 5 2.958239349673778e-4 10069166 10092173 23007
12 1043 rs7979357 93009553 2 2.95707747392742e-4 93002195 93070936 68741
12 830 rs17813563 70069447 1 -2.8896455598795864e-4 70063641 70091452 27811
12 1547 rs1401098 128884559 2 2.850807075425746e-4 128872849 128884559 11710
12 1447 rs11057530 124718558 1 -2.8394091483913695e-4 124718558 124721371 2813
12 1533 rs6489224 128531821 1 -2.835434755791486e-4 128522433 128531821 9388
12 1521 rs1967060 128071611 1 2.8329713856808925e-4 128070724 128071611 887
12 125 rs1045553 6747295 1 -2.798107716108546e-4 6691452 6747295 55843
12 245 rs219922 14101954 1 2.791447892609393e-4 14035011 14101954 66943
12 943 rs1920446 81063347 2 2.688853412999786e-4 81031055 81112882 81827
12 87 rs7302664 4664821 1 2.674007963795189e-4 4576961 4664821 87860
12 117 rs11829713 6202859 1 -2.652684688253039e-4 6202049 6202859 810
12 1222 rs7970980 105820253 2 2.6305116216153223e-4 105810903 105842283 31380
12 1626 rs7300592 131503864 1 -2.618358988488051e-4 131498102 131505066 6964
12 516 rs12229418 40155090 1 2.613022111390583e-4 40118249 40155090 36841
12 1180 rs10492320 102917436 1 2.573171926219679e-4 102875569 102917436 41867
12 375 rs12810481 24612623 1 -2.5555564333206327e-4 24578672 24657547 78875
12 1192 rs12309358 103740464 1 2.540940562278551e-4 103666272 103762406 96134
12 263 rs17415853 15930805 1 2.5218090817595725e-4 15930805 16014695 83890
12 601 rs2054902 48724778 3 2.4619698741766045e-4 48596241 48773129 176888
12 1244 rs1991310 107722780 1 2.409718465480438e-4 107708566 107722780 14214
12 1640 rs79031981 132262713 2 -2.378320423139987e-4 132190958 132302324 111366
12 758 rs11837890 64863983 1 2.3633840174773447e-4 64810247 64863983 53736
12 173 rs553104 10127344 1 2.3481819216819507e-4 10108433 10153026 44593
12 734 rs11174335 62521096 1 2.3307995150585116e-4 62516560 62550765 34205
12 1414 rs7978341 120058092 1 2.320547435215302e-4 120021728 120167155 145427
12 676 rs7978952 55397643 3 -2.3027708070555127e-4 55343628 55403194 59566
12 952 rs7955253 82236828 1 2.2734269889379863e-4 82219094 82338356 119262
12 1225 rs2694405 105965029 1 -2.238726644427852e-4 105944216 106005038 60822
12 1449 rs2271139 124839540 1 2.225544165272472e-4 124798811 124839540 40729
12 1611 rs7315262 130980401 1 -2.2170391079676588e-4 130973085 130980401 7316
12 915 rs1269394 78402567 1 -2.2034028611784995e-4 78402567 78408770 6203
12 1448 rs12370364 124743112 1 2.1688604695324488e-4 124724776 124754676 29900
12 383 rs11047761 25172884 1 2.157721605397139e-4 25172884 25192784 19900
12 1027 rs7303800 91804510 1 2.1494701171784e-4 91790720 91804510 13790
12 894 rs12826452 76573858 1 2.135033060269147e-4 76543066 76599763 56697
12 531 rs12581462 41282505 3 -2.127504311594208e-4 41222390 41355421 133031
12 870 rs1520555 73828862 3 -2.1151438142432737e-4 73828862 73977824 148962
12 1255 rs6539407 108420518 2 -2.0933976829843448e-4 108418307 108496508 78201
12 1616 rs7967173 131143201 1 2.092446121225549e-4 131142912 131164897 21985
12 271 rs1541588 16628774 3 2.089252400368303e-4 16590311 16628774 38463
12 241 rs1806203 13718971 4 2.0390337011938616e-4 13714181 13788827 74646
12 987 rs10779233 86469798 1 2.0164391571304857e-4 86337816 86469798 131982
12 752 rs11175194 64264837 1 -2.0135702210842852e-4 64246666 64284283 37617
12 1631 rs10773860 131675350 1 1.993443425006428e-4 131675350 131709245 33895
12 1100 rs12368787 96312686 1 -1.9663923545064932e-4 96280312 96312686 32374
12 804 rs7316826 68464082 1 1.954135701947989e-4 68444971 68464082 19111
12 179 rs11053685 10364170 2 1.944190892785102e-4 10339210 10364362 25152
12 1355 rs1732334 116826177 1 -1.92058555897814e-4 116826177 116863241 37064
12 858 rs7133320 72436473 1 -1.9079321028016717e-4 72436473 72499323 62850
12 1122 rs17026926 97814055 1 1.8947463370805505e-4 97814055 97827796 13741
12 343 rs17341505 22777844 1 1.8757919645054404e-4 22500419 22777844 277425
12 880 rs10506673 75521094 2 -1.8698546465912465e-4 75520906 75521362 456
12 385 rs17387019 25264259 2 -1.8627108504738177e-4 25245604 25367669 122065
12 1384 rs10850908 118280475 1 -1.8477371751897417e-4 118266429 118280475 14046
12 1586 rs12229466 130100796 1 -1.8324977549439496e-4 130100796 130109564 8768
12 434 rs7296206 28776755 2 -1.8058181125023756e-4 28776755 28780658 3903
12 498 rs10844370 32984330 1 1.7946310277173165e-4 32965916 32989235 23319
12 992 rs10858583 87728443 1 1.776016501022049e-4 87728443 87728443 0
12 1505 rs11058920 127502469 2 -1.7718337393602844e-4 127466386 127502469 36083
12 1079 rs2366632 95071134 1 1.6605788095751549e-4 95053555 95071134 17579
12 1069 rs2365736 94563918 1 1.619225939415776e-4 94563918 94580437 16519
12 1597 rs2454743 130499657 1 -1.5632135880606836e-4 130496976 130508361 11385
12 1606 rs1874520 130771845 1 -1.559967670312006e-4 130766950 130779412 12462
12 1197 rs1677979 104027585 3 1.5382027003714872e-4 104020232 104048592 28360
12 180 rs2617135 10424627 1 -1.5322654204988042e-4 10373881 10435987 62106
12 159 ss1388091865 9153932 1 1.5266347698353132e-4 9045670 9153932 108262
12 1233 rs2436616 106384231 1 -1.523594319310236e-4 106367904 106415328 47424
12 1408 rs2251190 119708088 3 -1.5180681580965398e-4 119708088 119725401 17313
12 463 rs17482593 30583448 2 1.511383050147669e-4 30563395 30652042 88647
12 673 rs1795811 55126449 2 -1.4906412267210416e-4 55126449 55126449 0
12 119 rs797773 6307566 1 1.3985230947759583e-4 6307566 6349328 41762
12 1188 rs9782 103351826 1 -1.380405163106933e-4 103351826 103361379 9553
12 1284 rs3809290 111647453 1 -1.3544042372168734e-4 111618332 111670682 52350
12 825 rs7961157 69598436 1 -1.3492557546084574e-4 69586439 69606218 19779
12 1336 rs1616047 115732157 1 1.333823065581861e-4 115718410 115765823 47413
12 1542 rs7953232 128731546 2 1.3294968328131303e-4 128716220 128731546 15326
12 841 rs11178343 71038286 1 -1.326994977762536e-4 71027723 71078528 50805
12 1580 rs9805015 129906421 1 1.3073501207386143e-4 129892525 129932796 40271
12 1301 rs4766686 113945818 1 -1.273530394259202e-4 113938443 113945818 7375
12 536 rs285571 41914211 3 -1.260641964810097e-4 41870871 41946539 75668
12 1541 rs10847559 128672901 5 -1.219937734467612e-4 128659722 128696981 37259
12 724 rs12370484 61844049 1 -1.196842364471266e-4 61768055 61844049 75994
12 105 rs2052355 5576943 1 1.1627040270764347e-4 5554678 5594403 39725
12 708 rs10877184 59293658 1 -1.116405163146e-4 59293658 59307299 13641
12 1410 rs4238061 119763890 1 1.104026028174612e-4 119763890 119765665 1775
12 965 rs2019662 83381819 1 -1.0875219984554637e-4 83370713 83423340 52627
12 408 rs1482978 26787373 1 -1.083166157176425e-4 26763273 26790518 27245
12 1202 rs1866069 104310545 3 1.064295262575439e-4 104253514 104325871 72357
12 605 rs2453472 49226743 1 -1.0581511983170622e-4 49218171 49226743 8572
12 513 rs4768592 39543989 2 -1.0084859496186456e-4 39416406 39543989 127583
12 193 rs2178531 11621349 1 -9.767746320724945e-5 11598347 11667151 68804
12 237 rs1993511 13513502 1 -9.612485458898668e-5 13510504 13537838 27334
12 286 rs11044004 18435452 1 8.603061064326638e-5 18377353 18465255 87902
12 1612 rs12578145 131044757 2 8.57729200682807e-5 131036662 131045190 8528
12 677 rs10506339 55430402 1 8.178230816936292e-5 55428818 55431990 3172
12 140 ss1388044932 7727544 4 8.115549510158155e-5 7727544 7777197 49653
12 693 rs1106766 57809456 1 7.897692156821844e-5 57649840 57829129 179289
12 1570 rs7303187 129654318 1 -7.79016721563997e-5 129654318 129654318 0
12 956 rs10862450 82532990 1 -7.634685428533597e-5 82532151 82570636 38485
12 1135 rs734307 98791382 1 -7.312308409998901e-5 98791382 98810306 18924
12 1058 rs11830104 94030479 1 7.000036319829388e-5 94013143 94030479 17336
12 1265 rs10861970 109221013 1 6.954066769106974e-5 109133588 109227765 94177
12 1111 rs2371228 97096489 1 6.792641972717024e-5 96977593 97136239 158646
12 1157 rs7960501 100897758 1 6.686095602509835e-5 100887301 100899427 12126
12 778 rs11176137 66701001 1 -6.627604792744042e-5 66687645 66748664 61019
12 692 rs34577247 57578673 2 -6.561265884350614e-5 57578673 57588433 9760
12 581 rs2429467 47186770 1 6.527474504242077e-5 47184783 47217628 32845
12 922 rs2090836 78881510 1 -6.091844247233428e-5 78860383 78894384 34001
12 872 rs67037645 74246294 1 6.080791681139658e-5 74133672 74456882 323210
12 1400 rs4238058 119385260 1 6.060653360311944e-5 119335124 119387918 52794
12 765 rs17101043 65504970 1 5.97760137488586e-5 65475201 65670821 195620
12 866 rs10879526 73363957 1 5.501335549088888e-5 73352221 73417263 65042
12 666 rs10506328 54687232 1 5.435350748437687e-5 54687232 54687232 0
12 576 rs10785611 46517922 2 -4.9958624077794635e-5 46517922 46543441 25519
12 1493 rs11058596 126759753 1 4.915825727027913e-5 126759053 126823845 64792
12 780 rs3891950 66863842 1 -4.803204753385974e-5 66846562 66864291 17729
12 741 rs549433 63180816 1 4.757362453610324e-5 63180816 63224547 43731
12 1457 rs4765600 125164506 2 4.7352055997000104e-5 125164506 125169957 5451
12 431 rs580596 28226865 1 4.678416892173054e-5 28219334 28236948 17614
12 215 rs3825259 12496635 1 -4.6246265385618514e-5 12480088 12514842 34754
12 1442 rs75173589 124333367 1 -4.5573262542736567e-5 124288264 124353657 65393
12 1358 rs2102294 116991459 3 -4.358102975056053e-5 116985634 117002658 17024
12 1168 rs824312 101671485 4 4.313135802125323e-5 101637203 101761753 124550
12 478 rs793176 31641592 1 -4.1968585285072376e-5 31516706 31691079 174373
12 1159 rs6538968 101089055 1 4.175493941019225e-5 101068483 101089055 20572
12 615 rs3741559 50344976 2 4.119634046984374e-5 50341465 50344976 3511
12 1395 rs2049128 119047482 1 4.045906996452e-5 119014508 119060152 45644
12 865 rs6582124 73275400 1 -3.917113949289253e-5 73170582 73275400 104818
12 1623 rs1316893 131415831 1 3.527955125405791e-5 131415831 131423351 7520
12 790 rs1569021 67534201 1 -3.465460199152275e-5 67497102 67536659 39557
12 1491 rs10773257 126726530 2 3.434731835894153e-5 126703253 126726530 23277
12 58 rs645722 3356234 1 3.153825818676479e-5 3356234 3356234 0
12 978 rs10779113 85012313 1 2.9475858561781553e-5 85012313 85012313 0
12 743 rs7296020 63309327 1 2.9436045811792105e-5 63276875 63309327 32452
12 1620 rs7311067 131321214 1 -2.8709498440614828e-5 131269188 131332064 62876
12 1146 rs1032390 99693251 2 2.791256020661818e-5 99693251 99808128 114877
12 400 rs748889 26366830 2 2.5101860638026885e-5 26337360 26383959 46599
12 114 rs216873 6095274 1 2.265682890135714e-5 6090303 6106018 15715
12 718 rs4758871 60971215 1 -2.0958196942730538e-5 60861783 60987363 125580
12 1299 rs1048889 113596866 1 -1.98388885126618e-5 113528588 113672577 143989
12 302 rs11044699 19727962 1 1.9509017455007968e-5 19727962 19746587 18625
12 1008 rs11105217 89639948 5 1.82601095466378e-5 89546754 89655786 109032
12 1362 rs10850694 117093237 1 1.769126673293044e-5 117093237 117093237 0
12 737 rs11174573 63025102 2 1.7206244338724462e-5 63004002 63055620 51618
12 278 rs1405973 17496247 1 1.454113208993794e-5 17485986 17524258 38272
12 1502 rs10773327 127284785 1 -1.343380387322274e-5 127272424 127294926 22502
12 1636 rs10773903 131979463 1 1.2859234171196589e-5 131963879 132010067 46188
12 99 rs12423406 5244645 1 1.2589349801814357e-5 5210761 5264252 53491
12 567 rs1551082 45159485 3 1.1979184843863863e-5 45159485 45195228 35743
12 852 rs117324318 71834037 2 8.887308775465955e-6 71765103 71834037 68934
12 1210 rs1795867 104938727 1 3.4289750721252257e-6 104925884 104948566 22682
12 289 rs1992838 18692675 1 3.3409435603440213e-6 18641138 18693226 52088
12 1405 rs7304005 119622865 1 -2.11920333566402e-6 119585950 119622865 36915
12 815 rs7962663 69133950 1 9.906415896558075e-7 68925433 69163852 238419
12 1603 rs10848032 130681300 1 6.975950306749581e-7 130680437 130693253 12816
