CHR Group SNP.lead BP.lead Size W BP.min BP.max BP.width
7 165 rs10488631 128594183 13 0.27326378163513526 127999459 129148058 1148599
7 40 rs17365098 20408459 13 0.10248683203216977 20326797 20703948 377151
7 71 rs11984075 37436854 10 0.07309829476941825 36985541 37473071 487530
7 121 rs11976258 84595806 9 0.04819316287080753 83986207 85560522 1574315
7 103 rs17145817 73046779 12 0.04728350140495562 71918506 73313856 1395350
7 67 rs10237930 34681220 14 0.04633276839616995 34448659 35326018 877359
7 105 rs13238568 74076493 5 0.03646788602724708 74076493 74115258 38765
7 180 rs10273974 138735512 10 0.03482186969105959 138436480 138735734 299254
7 197 rs10229125 149015443 5 0.03384017390304206 148680989 149072406 391417
7 223 rs3763412 158525086 15 0.03229466463628831 158038989 158914795 875806
7 44 rs10155981 22756463 13 0.0311545860041049 22169078 22807473 638395
7 6 rs6961561 3910657 15 0.03058495798401335 3295229 4328870 1033641
7 73 rs2043260 38657224 14 0.02922229944512083 38217555 38933942 716387
7 128 rs2078032 93334446 7 0.02738392134233074 92695002 93339775 644773
7 123 rs2263064 88208465 11 0.02691608170241596 87908388 88686705 778317
7 154 rs1799999 113518434 7 0.02681100602996145 113377065 114905432 1528367
7 122 rs11771901 86681257 20 0.02652711137127927 85593562 87820419 2226857
7 136 rs9297145 98759117 6 0.02456808540376054 98759117 100512119 1753002
7 25 rs10488260 13325060 17 0.02306753799592515 12972685 13659764 687079
7 161 rs740812 122186974 22 0.02209030321885926 121967298 124144999 2177701
7 18 rs9886212 9045876 9 0.02085667671101879 9022706 9368357 345651
7 66 rs10486625 34022301 5 0.02072385696674285 33824673 34416608 591935
7 87 rs1396277 50010988 4 0.02057344556752051 49638772 50361683 722911
7 95 rs11763777 64075291 16 0.01986980501022302 63383123 67237875 3854752
7 107 rs7799638 76040527 5 0.01975364063653223 75452584 76432653 980069
7 37 rs2074633 19035920 4 0.01970284394301987 18979516 19067252 87736
7 7 rs10276022 4560681 10 0.0194832278025141 4352417 4667201 314784
7 141 rs2073791 104122989 6 0.01883810191212575 103584701 105076977 1492276
7 187 rs916011 141947082 7 0.01860209497262451 141896059 142954903 1058844
7 134 rs16869462 97758335 3 0.01824834521170318 97635841 98136310 500469
7 127 rs1004051 92328956 4 0.01797229976193917 92132493 92670860 538367
7 138 rs7810922 101597464 5 0.01744646694072838 101200595 101724053 523458
7 155 rs11983531 115169187 8 0.01703054966667194 114946569 115490279 543710
7 17 rs4725148 8997725 5 0.01695843469817122 8729206 9009281 280075
7 70 rs3807162 36908551 6 0.01661118808853508 36556478 36972188 415710
7 38 rs10239147 19787459 17 -0.01654436235242835 19193072 20006793 813721
7 86 rs12718168 49312703 7 0.01652731329237976 49145008 49621833 476825
7 162 rs10259429 125001250 12 -0.01616061680354966 124164127 125321117 1156990
7 208 rs4410821 153350882 3 0.01611735155046654 153248772 153402084 153312
7 199 rs1104881 150141809 12 0.0161155109458123 150017408 150491084 473676
7 104 rs6948963 73425238 4 0.01584832710417606 73410408 73944185 533777
7 108 rs11764672 76949191 13 -0.01533221140369408 76557212 77661138 1103926
7 41 rs6947953 20930177 7 0.01530219541119101 20739465 21378687 639222
7 149 rs2249789 109703062 3 -0.01517679204245008 108762225 109809055 1046830
7 94 rs2894771 57417569 3 0.01458666292695436 57256128 63249780 5993652
7 91 rs6963388 53920963 11 -0.01458118549666226 52793270 54135851 1342581
7 12 rs724254 7186554 9 0.01448489456157053 7054045 7349495 295450
7 140 rs3914132 103527369 4 0.01435850206618249 103207234 103562551 355317
7 152 rs7781871 112469673 4 0.01433548526959115 111794368 112697690 903322
7 196 rs2041074 148355456 2 -0.01428721721447113 148270503 148620581 350078
7 74 rs6951760 39796229 8 0.01410638499007227 38990205 40918070 1927865
7 190 rs1406716 144588780 10 0.01393721640958398 144368758 145363652 994894
7 11 rs6962026 6246523 7 0.01382451894534313 6035507 6870635 835128
7 79 rs2908290 44216137 13 0.01375685348707614 43495098 44966771 1471673
7 92 rs10499751 54893417 10 -0.01327473529904193 54165227 55160538 995311
7 85 rs6463462 48142194 12 0.01308287261688614 47927744 49103406 1175662
7 189 rs12703545 143645824 2 0.01296005713252552 143572286 144220783 648497
7 63 rs3807626 31834751 8 -0.01279275840443817 31834751 32220641 385890
7 14 rs2058519 8214574 4 0.01251005663271549 7938344 8214574 276230
7 68 rs10273448 35771503 12 -0.01230163819341155 35366205 36211147 844942
7 131 rs7777424 95259612 5 0.01216937053919703 95213702 96065364 851662
7 203 rs9640300 151558997 7 0.01206236301826044 151503301 151694438 191137
7 211 rs902743 154248268 4 -0.01185674633630006 154172823 154406965 234142
7 158 rs11981239 117869066 8 0.0117640621672046 117496144 119579473 2083329
7 145 rs41805 106234010 2 0.01135905859235117 106064558 106454351 389793
7 81 rs1085924 46155974 8 0.01123766214379325 45553681 46242583 688902
7 124 rs1013540 88974907 7 0.01122576012374958 88747694 89724772 977078
7 20 rs1681284 11028674 7 -0.01119916929645077 10137638 11220846 1083208
7 98 rs767638 68514117 10 -0.01059877175128372 68235087 68724055 488968
7 19 rs12702978 10124331 10 -0.0101547942870919 9448142 10125808 677666
7 177 rs889869 137506041 4 -0.00971746267340559 137356651 137647262 290611
7 101 rs4236247 70911123 8 0.00945668619423555 70649545 71196604 547059
7 219 rs878715 156383237 4 -0.00941282743712178 156172079 156772542 600463
7 184 rs6948262 139976963 5 0.00917909092181536 139969051 140155296 186245
7 132 rs3757493 96656572 15 -0.00915079033293194 96076927 97044705 967778
7 21 rs10950342 11285157 7 0.00904745881286012 11246692 11544610 297918
7 166 rs34752500 129668746 5 0.00899629020527375 129165838 129863730 697892
7 173 rs1377297 134546119 12 0.0089666899998081 134328370 134923406 595036
7 29 rs10277424 14795781 8 -0.00888768400654957 14404866 15064984 660118
7 52 rs10486474 26784880 12 0.00884621674092255 26663492 27499198 835706
7 3 rs6967286 2212758 5 0.00884376587876661 1806723 2528599 721876
7 146 rs10264687 106900341 9 0.00882556408407373 106480649 107580839 1100190
7 53 rs3779472 27823243 11 0.00868679685893762 27516318 28319962 803644
7 210 rs12531152 154028052 3 -0.00852485933536389 153884957 154156519 271562
7 42 rs7803642 21641629 8 0.00818197235708104 21406569 21716567 309998
7 160 rs6959329 121339238 15 0.00798995424248202 121132213 121897109 764896
7 144 rs2106303 105970988 2 -0.00788794318564632 105658451 105971434 312983
7 221 rs6944306 157700614 2 0.00771672073350405 157644152 157754482 110330
7 33 rs1168059 16776509 9 -0.00770260166350746 16740554 17116201 375647
7 181 rs140343844 138946363 3 0.00762430952735824 138771905 139197147 425242
7 55 rs216747 28603405 3 -0.00730645097909938 28573565 28891257 317692
7 218 rs9638077 156048322 4 0.0072001316555043 155819301 156142454 323153
7 183 rs35456446 139734069 7 0.00712110155613865 139372966 139839774 466808
7 117 rs12668403 81585921 10 0.00711723298554847 81308396 81972795 664399
7 163 rs2107093 125481946 7 -0.00695782572588645 125434707 126932944 1498237
7 179 rs1874326 138157390 1 0.00667888133906323 138157390 138411425 254035
7 61 rs17159921 31157200 12 -0.00659593530712334 31121501 31434405 312904
7 175 rs11767346 136205020 12 0.00656147435720029 135768477 136549033 780556
7 99 rs12667664 68790622 1 0.00651778660787078 68785411 70116973 1331562
7 111 rs10224582 78659092 8 0.00650782381292232 78249193 78678354 429161
7 36 rs625733 18328568 7 0.00632726709908467 18150005 18928503 778498
7 58 rs3793251 29538924 6 0.00631068675961054 29438109 30129125 691016
7 113 rs6945349 79723943 4 0.00628703483008858 79168005 80055910 887905
7 119 rs6966242 83211117 6 0.0062578947171524 82385732 83406694 1020962
7 22 rs10280808 11595832 12 -0.00624685676952543 11555918 12074909 518991
7 51 rs7776941 26519717 10 0.00616211233447865 26182214 26654077 471863
7 88 rs880028 50570136 15 -0.00614896844084195 50417522 50894054 476532
7 133 rs2136704 97446702 5 0.00605751395778354 97087089 97595184 508095
7 78 rs7808837 43393057 9 0.00597163272220696 42498852 43433030 934178
7 100 rs3923606 70171159 4 0.00593393514701464 70171159 70577001 405842
7 156 rs6968419 115823384 17 0.00592803145409855 115566788 116718958 1152170
7 169 rs10155893 131281224 1 0.00574661546716209 130973720 131455563 481843
7 150 rs2091309 110376327 4 0.00571272199615582 109900921 111395987 1495066
7 76 rs273209 41469325 5 0.00570339619242967 41337044 41839311 502267
7 222 rs11772608 157819325 5 0.00569176582796591 157769055 158020147 251092
7 195 rs6464907 148188533 3 0.00561945188165757 148000692 148245573 244881
7 217 rs1151790 155629975 3 0.00550987188934848 155619980 155768061 148081
7 206 rs954359 152737733 1 -0.00545903663294003 152682512 152758166 75654
7 77 rs4724100 42264679 7 0.00538482705548146 41866396 42489711 623315
7 109 rs3807761 77692131 3 -0.00532412504700081 77668741 78057840 389099
7 220 rs746508 156847704 7 -0.0049376910024637 156847704 157543338 695634
7 84 rs4724619 47782640 12 0.00484665509878114 47577952 47917087 339135
7 164 rs12706812 127146156 9 -0.00483194221776788 126958628 127929066 970438
7 214 rs2951012 154975445 3 0.00474580337311698 154925087 155103781 178694
7 114 rs1058425 80387766 2 0.00460591523750742 80065677 80418689 353012
7 172 rs1646667 134035080 8 0.00436961571736973 132379644 134298890 1919246
7 207 rs11976958 152847328 5 -0.0040893906730415 152800787 153240425 439638
7 159 rs6944490 120339674 9 0.00401940580344386 119695355 121084920 1389565
7 82 rs13226636 46295568 11 -0.00397686181484425 46259925 46976865 716940
7 89 rs7803708 51148028 22 0.00380274904966616 50903714 51935434 1031720
7 10 rs308080 5888663 1 0.0037375978872036 5516293 5888663 372370
7 45 rs6973118 22883518 5 0.00363665067008148 22813879 23389751 575872
7 194 rs10235838 147798729 2 -0.00356865571587766 147791788 147990737 198949
7 139 rs12669274 102076562 3 -0.00350330788283187 101736364 103185877 1449513
7 30 rs2908320 15191273 6 -0.00343420986027932 15073547 15402966 329419
7 185 rs1285946 141639589 9 -0.00341932817025938 140227293 141672705 1445412
7 46 rs16210 24267358 14 0.00339481822872952 23483815 24385049 901234
7 35 rs4486086 17743719 5 0.0033141029095294 17605070 18110113 505043
7 178 rs4732279 137682674 5 -0.00318226278424089 137678762 138079079 400317
7 54 rs217519 28523442 2 -0.00311808043985322 28366100 28551960 185860
7 62 rs218092 31504969 4 0.00310199681410703 31468306 31821769 353463
7 9 rs4357206 5402606 4 0.00294824545193496 5177152 5427128 249976
7 176 rs11980852 136880693 7 -0.00293211784950369 136584075 137229997 645922
7 72 rs10488660 37708712 6 -0.0029053948230725 37509747 38153390 643643
7 116 rs11531619 81000965 2 0.00278439149500853 80857196 81276415 419219
7 83 rs12702305 47165732 11 -0.00269489389620351 47005740 47531634 525894
7 13 rs2348763 7897715 4 0.00264516947008961 7427535 7918642 491107
7 147 rs10487840 107771288 7 0.00263415281948871 107622150 108258793 636643
7 191 rs10952662 146497318 11 0.00261926278233791 145492986 146571183 1078197
7 1 rs6959783 1192018 1 0.00229428867176044 833878 1348538 514660
7 57 rs3793306 29314083 3 -0.00219399461439623 29160604 29413879 253275
7 59 rs2267716 30716643 2 0.00208248085843132 30195058 30737133 542075
7 198 rs11982494 149365696 5 0.0020369762313273 149145139 149565489 420350
7 75 rs756439 41242812 3 0.00201862465381361 40954481 41294684 340203
7 50 rs1451389 25914286 9 -0.00200111164054261 25687574 26120798 433224
7 96 rs6977786 67590626 5 -0.00196943721503942 67258286 67625408 367122
7 125 rs3808242 90545729 5 0.00194547325925769 89848991 90726315 877324
7 171 rs2198051 131886839 9 -0.00190587512977581 131867842 132351489 483647
7 8 rs2137502 4975010 4 0.00189626757107884 4825314 5146319 321005
7 93 rs12536061 55292883 11 -0.00185655463638949 55202598 56755583 1552985
7 106 rs6978786 75370368 2 0.00183980503238494 75163169 75370368 207199
7 39 rs38152 20047575 3 0.00183540601769934 20047011 20228202 181191
7 153 rs2272260 112757862 6 0.00179154569133384 112734225 113322649 588424
7 118 rs17156429 82194982 7 -0.00157368032312418 82103053 82371376 268323
7 65 rs921413 33738345 1 -0.00154522234796668 33586725 33816709 229984
7 212 rs7798314 154472375 7 -0.00145724079014806 154414361 154566409 152048
7 192 rs10266867 147200383 11 -0.00145058458659691 146586456 147203767 617311
7 15 rs9472 8302284 1 0.00141236911245639 8253685 8302284 48599
7 168 rs1863011 130890470 2 0.00126697868665971 130622295 130924955 302660
7 32 rs1942645 15906295 19 -0.0012549282964658 15889830 16724005 834175
7 90 rs10227880 52666192 14 -0.00124056556477375 51954436 52790428 835992
7 80 rs10278144 45171410 10 -0.00119308806767877 45023302 45498400 475098
7 115 rs17154583 80522906 2 0.00117689729221498 80474046 80831501 357455
7 47 rs2285690 24902762 5 -0.0011751618942634 24406877 24969081 562204
7 49 rs11762772 25344021 5 -0.00114721923394767 25343429 25662742 319313
7 167 rs5011386 130017309 6 0.00114649322956343 129950740 130589791 639051
7 143 rs2067537 105524649 4 -9.994892229397937e-4 105431876 105653867 221991
7 120 rs2691699 83717020 4 -9.735980631004104e-4 83424108 83936564 512456
7 64 rs17724206 33423761 10 9.67602912457688e-4 32248744 33554216 1305472
7 193 rs11769191 147588768 8 -9.651251222382324e-4 147226891 147735399 508508
7 137 rs2898568 100810983 9 9.423422035975092e-4 100627938 101185166 557228
7 4 rs1182206 2811543 1 8.75255376614804e-4 2609309 2911972 302663
7 170 rs1399090 131829128 5 7.796688109310068e-4 131496807 131855165 358358
7 200 rs2288649 150888788 10 7.776396163129812e-4 150512100 150888788 376688
7 31 rs7787043 15698178 5 7.763462272786079e-4 15434633 15868471 433838
7 23 rs10249671 12547917 10 -7.756240450525051e-4 12091807 12682919 591112
7 60 rs255152 30761852 4 6.941465754302825e-4 30754949 31074214 319265
7 48 rs17150982 25182373 6 -6.882985151423214e-4 25012699 25304791 292092
7 5 rs10951010 3076053 2 6.470593129804709e-4 2968361 3257986 289625
7 201 rs6964824 151351232 5 -6.289886980578984e-4 150912786 151387531 474745
7 151 rs6466401 111782891 1 5.203591143698394e-4 111473040 111782891 309851
7 135 rs9986780 98376458 1 4.462006007748295e-4 98210558 98681222 470664
7 24 rs10488228 12714577 1 -4.338233575408132e-4 12697797 12958992 261195
7 130 rs1527721 94823371 12 4.3125481395035834e-4 93995008 95131967 1136959
7 213 rs1047064 154685805 2 -4.230461751765575e-4 154596517 154889716 293199
7 69 rs196543 36285305 1 3.589666751548237e-4 36229407 36530276 300869
7 209 rs10155813 153623251 2 3.5646314504495294e-4 153522368 153652188 129820
7 56 rs117744081 29132279 1 3.320221483835322e-4 28961321 29141558 180237
7 112 rs4730806 79030922 2 3.0408673085504436e-4 78742376 79136577 394201
7 142 rs672416 105376750 2 2.6279849081391356e-4 105110990 105386461 275471
7 16 rs6978212 8532844 1 1.94019410548108e-4 8337432 8635885 298453
7 43 rs2072220 21775387 7 1.7817109474036093e-4 21747947 22148016 400069
7 34 rs17779352 17349626 3 1.533138409224557e-4 17163262 17588072 424810
7 126 rs2157998 91320854 2 1.2867355846536916e-4 90800787 92055272 1254485
7 102 rs10950298 71603773 4 9.204599510271096e-5 71248676 71908651 659975
7 27 rs6962343 13910748 1 8.15337525750378e-5 13889107 14170925 281818
7 28 rs17168036 14308206 3 -7.010006464703872e-5 14192611 14379251 186640
7 97 rs2527670 68218637 3 -5.946989150564086e-5 67633440 68229868 596428
7 205 rs6955085 152320069 2 4.302574756042867e-5 152272282 152607732 335450
7 129 rs10269012 93447327 1 3.3966200870852124e-5 93403525 93963296 559771
7 174 rs6467623 135688926 16 -2.853603928607527e-5 134946179 135715070 768891
7 182 rs7799361 139231393 1 -2.767538113623464e-5 139231393 139310477 79084
7 110 rs2192883 78096656 3 -1.8631394470710293e-6 78069787 78217826 148039
