CHR Group SNP.lead BP.lead Size W BP.min BP.max BP.width
18 113 rs1790588 67535184 3 0.05081241725572795 67493884 68027361 533477
18 49 rs35693789 21747400 14 0.03187925772962369 20879217 21762678 883461
18 91 rs8082808 56318033 17 0.03147404470436094 55859854 56518513 658659
18 65 rs61735998 34289285 10 0.02456585917076719 33802526 34810178 1007652
18 95 rs17773430 57963117 6 0.02168730205644949 57529291 58067037 537746
18 111 rs17080654 66898945 11 0.01993651813136465 66800137 67160595 360458
18 64 rs1540043 33691313 3 0.01704601891034101 33063368 33781725 718357
18 70 rs1835499 40335882 9 0.0153130632349297 39428052 41083535 1655483
18 109 rs17078903 65982452 5 0.01391921756946634 65848177 66175662 327485
18 68 rs4799285 37733933 11 -0.01352422859819636 36083127 37896596 1813469
18 57 rs8088478 26413621 11 0.01302296900194922 25941461 27223970 1282509
18 8 rs11665524 2978535 2 0.01253211449453274 2951876 3133302 181426
18 45 rs3859299 13462726 10 0.01138073166137612 13458063 14090271 632208
18 31 rs4798712 8890011 3 0.01110290694153435 8711942 8950560 238618
18 78 rs12454113 46044052 7 0.01035499127665014 45821540 46217774 396234
18 92 rs17835556 56818766 6 0.01009884739283731 56578953 56828687 249734
18 106 rs12455246 63498880 10 0.00982846713484837 63204981 64205891 1000910
18 14 rs8085726 4370882 1 0.00818908130049234 4237574 4376022 138448
18 115 rs649809 69160304 8 0.00776096477396592 68723356 69334079 610723
18 40 rs7239176 11452145 5 0.00775144750066005 11232515 11583447 350932
18 122 rs1573486 71955979 5 0.00760093966405642 71671333 72073178 401845
18 80 rs2000813 47093864 9 0.00688680981823104 46564559 47521160 956601
18 125 rs7228334 73500233 8 0.00645513060540835 72943863 73515143 571280
18 9 rs1785272 3314310 4 0.00644860422357583 3162390 3347813 185423
18 19 rs7242770 5647875 4 0.00637048989455457 5643417 5843069 199652
18 48 rs2278452 20774097 4 0.0061331901010865 20010336 20819090 808754
18 5 rs508857 2101958 3 -0.00612092309795945 1970379 2200876 230497
18 25 rs8088532 7082526 1 0.00587046869182444 7054431 7169723 115292
18 43 rs2096847 12415136 7 0.00577956343353051 12300936 13271319 970383
18 61 rs168058 29621938 2 -0.00566574879474521 29621938 30259109 637171
18 28 rs1441002 7887531 1 0.00525781450284811 7706347 8135770 429423
18 102 rs1589593 61398078 8 0.00519324952149232 60966397 61631447 665050
18 116 rs4572503 69935826 4 0.00514162264493688 69401163 70054042 652879
18 83 rs11082909 49647026 6 -0.00483365950499356 49043350 49777309 733959
18 128 rs4891184 74380643 7 -0.00464985830414944 74327084 74449883 122799
18 58 rs1997021 27676662 7 0.00451279797161935 27239696 28545570 1305874
18 32 rs16955101 9429811 3 0.00436345511948283 8972284 9685268 712984
18 38 rs12608436 10797856 4 0.00415882351882011 10663094 10843483 180389
18 100 rs6567313 60702324 7 0.00389105911923388 60014463 60754772 740309
18 108 rs2448731 65376601 5 0.00362993287584529 65290714 65804001 513287
18 96 rs12606949 58165167 4 0.00336870536533644 58104556 58809023 704467
18 99 rs567629 59641926 6 0.00309142429119345 59472346 60000477 528131
18 62 rs4584903 31718525 7 -0.0026498396432961 30268788 31763797 1495009
18 47 rs1465501 19814796 5 0.00264114981157341 18570235 19954143 1383908
18 134 rs12955300 76415963 5 -0.00253379729891509 76242139 76502001 259862
18 82 rs321899 48910603 5 0.00249750500033205 48250288 48974344 724056
18 93 rs478163 56946086 12 -0.00225897629508936 56849429 57212391 362962
18 11 rs12457197 3680476 1 0.00216300449749064 3606272 3693772 87500
18 41 rs16976596 11696613 2 0.00210917915847638 11666215 11878535 212320
18 51 rs6508330 22379964 2 0.00207189425377889 22135024 22731360 596336
18 13 rs1543229 4130516 2 0.00181533956155631 4056012 4201153 145141
18 105 rs9958055 62895315 1 -0.00173981884860845 62608159 63196837 588678
18 84 rs9951523 49867224 1 0.00151670723943759 49804768 50135346 330578
18 114 rs17082769 68204223 2 0.00150773510367366 68062874 68695033 632159
18 77 rs1124349 45718309 3 0.00145812390129224 45624977 45793917 168940
18 120 rs7229650 71341410 1 -0.0014383539210078 71294169 71472843 178674
18 74 rs34589386 44157764 2 0.00142293706894063 43897107 44292598 395491
18 89 rs2850232 55495208 5 0.00137545116608399 55247454 55682592 435138
18 50 rs17187632 22076977 1 -0.00134346106316957 21800299 22124418 324119
18 37 rs206605 10335737 2 0.0013426219529243 10323659 10597874 274215
18 10 rs8083633 3522006 2 0.00133549002023612 3373062 3522006 148944
18 129 rs4552096 74518951 3 -0.00133389739332742 74496416 74782069 285653
18 63 rs11872966 32765310 3 0.0013117969202049 31906011 32891656 985645
18 60 rs8094212 29034304 6 0.00130805891732295 29018114 29558592 540478
18 44 rs16940343 13309150 1 0.0012959791619341 13294262 13434152 139890
18 56 rs1158983 25478085 3 -0.0012614736491761 25313101 25904868 591767
18 112 rs10084094 67279748 3 -0.001257005618034 67180067 67469275 289208
18 119 rs4627461 71076298 7 -0.00124953308819507 70741699 71239581 497882
18 67 rs2959219 35998626 11 -0.00122602284823201 35078723 36060187 981464
18 6 rs2139661 2460332 1 0.00122105467270018 2308245 2639451 331206
18 20 rs6506355 5971493 1 0.00119352874266687 5926216 6092335 166119
18 24 rs552219 6984699 7 -0.00115044115743758 6851557 7034508 182951
18 88 rs1657381 54703519 6 -0.00114645309720262 54265847 55201461 935614
18 94 rs1788841 57453034 3 -0.00109768971320764 57218840 57503378 284538
18 66 rs17750143 35038483 2 -0.00107995531001484 34882659 35062163 179504
18 124 rs1828098 72857946 3 0.00104899355842057 72813958 72933187 119229
18 71 rs12455397 41231361 4 -9.579846558817188e-4 41168311 42298323 1130012
18 73 rs10502868 43153949 3 9.038382789111572e-4 42973922 43840064 866142
18 33 rs7228240 9729894 2 8.908064908103195e-4 9710554 9787464 76910
18 110 rs9963985 66407942 1 8.85400304695393e-4 66234749 66600079 365330
18 75 rs11662966 45032552 6 7.91691431573253e-4 44335724 45118805 783081
18 98 rs17068764 59330019 3 -7.774596019330622e-4 59246069 59404286 158217
18 53 rs12458331 23825857 7 7.051482798812276e-4 23014701 24062211 1047510
18 126 rs2116283 73869891 8 6.964859888571968e-4 73528080 74055588 527508
18 69 rs6507413 38969800 3 -6.886983169413802e-4 37945427 39408516 1463089
18 21 rs882838 6429648 1 6.536438629757106e-4 6283038 6487465 204427
18 34 rs8082842 9814778 1 5.95863206785278e-4 9814778 10029510 214732
18 0 rs618671 362199 5 5.598965928557834e-4 139767 491967 352200
18 15 rs16946716 4425743 7 -4.884975134364926e-4 4400387 4718609 318222
18 29 rs12965261 8218296 3 4.737683310561463e-4 8207445 8410522 203077
18 136 rs7228520 77385879 2 -4.564089480914763e-4 77232709 77916015 683306
18 104 rs8092484 62191825 2 4.536319398400677e-4 62100203 62540568 440365
18 17 rs599322 5148001 3 4.1804462869900227e-4 5096936 5298759 201823
18 85 rs1431183 50822084 7 4.171691208918974e-4 50158120 51183679 1025559
18 90 rs1624292 55772235 2 -4.152185555236793e-4 55709155 55839162 130007
18 107 rs8089263 64443167 2 -4.1299518252555054e-4 64255420 65263773 1008353
18 132 rs12961272 75455105 1 -3.896198740498596e-4 75390648 75822359 431711
18 3 rs2027669 939338 2 -3.849283289669075e-4 920151 1466512 546361
18 72 rs13381286 42679318 2 -3.678679955772435e-4 42313262 42966587 653325
18 117 rs9966507 70308101 1 3.629441811248315e-4 70099656 70488219 388563
18 46 rs3879098 14727931 3 -3.518457549466403e-4 14352092 14978677 626585
18 101 rs12457700 60860246 2 3.442610630082894e-4 60809783 60936047 126264
18 79 rs4939826 46453406 1 3.305583317821528e-4 46263316 46539469 276153
18 81 rs11082811 47763296 12 -3.1968490876629636e-4 47566647 48226068 659421
18 18 rs6506308 5497894 3 -2.9188331496968146e-4 5351610 5590926 239316
18 135 rs8082857 77021380 2 2.738533079814682e-4 76512308 77147472 635164
18 123 rs516410 72407862 2 2.5617811419166044e-4 72081736 72774673 692937
18 133 rs8084678 75858655 2 2.452254316793149e-4 75858655 76187084 328429
18 52 rs7240975 22989234 1 2.3960440839989293e-4 22772069 22989234 217165
18 16 rs7229568 4824081 3 -2.250526095482189e-4 4772807 5079328 306521
18 103 rs2193860 62053185 1 1.5853251574316326e-4 61663317 62085800 422483
18 30 rs12607517 8436239 2 1.2772853788514796e-4 8436239 8656598 220359
18 4 rs8090522 1542523 6 1.2581306469218025e-4 1481898 1901534 419636
18 76 rs7243521 45578935 1 -9.242291719633116e-5 45132081 45599434 467353
18 23 rs11081250 6640510 1 8.135816209406304e-5 6635800 6834651 198851
18 59 rs9959147 28887090 1 7.210673115861308e-5 28584556 28988468 403912
18 2 rs1059393 672836 1 6.0675061022246715e-5 631435 900789 269354
18 86 rs588705 51763722 13 4.7170438296897065e-5 51213366 53729156 2515790
18 121 rs4552099 71610943 1 1.63950776988785e-5 71499151 71626962 127811
18 130 rs12373267 74995122 3 6.663128723741912e-6 74848698 75108039 259341
18 7 rs11664521 2831496 1 -5.930434610033275e-6 2787776 2881839 94063
18 55 rs608923 25144165 2 1.7517762180589355e-6 24489062 25298983 809921
