CHR Group SNP.lead BP.lead Size W BP.min BP.max BP.width
1 110 rs3790566 67814440 19 0.28020940628879165 67412261 68106197 693936
1 233 rs2488401 197702401 13 0.12028526757669555 196186750 197919693 1732943
1 185 rs3761959 157669278 15 0.06704760767624493 157485504 158073254 587750
1 2 rs3748816 2526746 9 0.05843877258843672 2513216 2944527 431311
1 274 rs3949347 225582816 27 0.05614527594682895 224454099 226015116 1561017
1 236 rs3767498 201020727 16 0.0528970762607284 200154474 201052199 897725
1 271 rs11118895 222093006 16 0.05209140128021422 221864710 222595058 730348
1 255 rs2272866 209929453 18 0.0502819821627722 209844517 210736508 891991
1 249 rs3024505 206939904 8 0.04945955970508509 206595069 207035647 440578
1 279 rs2036775 229377038 3 0.04500571965042875 229377014 230207433 830419
1 212 rs10489267 173170152 22 0.04391022624999065 173103273 175378694 2275421
1 168 rs10924106 117053745 5 0.04178795804801064 116768898 117127417 358519
1 184 rs822431 156902281 12 0.04086395645969584 156862126 157463366 601240
1 221 rs1689797 182150978 11 0.03893212457427325 181841744 182746231 904487
1 51 rs12401982 24372971 9 0.03654174053860376 23937261 24519920 582659
1 269 rs4240926 219983926 17 0.03642173982298087 219298539 220568157 1269618
1 19 rs7524046 9307033 8 0.03616807558853081 9073801 9341038 267237
1 260 rs340839 214161820 7 0.03502417236359977 213854151 214161820 307669
1 55 rs11247963 26855401 11 0.03410363928808667 26741106 27800482 1059376
1 61 rs4949294 31235936 6 0.03330681092436757 31231680 32019153 787473
