CHR Group SNP.lead BP.lead Size W BP.min BP.max BP.width
16 6356 rs11117432 86019271 1 0.11590698182379588 86019271 86019271 0
16 1135 rs12924729 11187783 1 0.05893100520036901 11187783 11187783 0
16 2374 rs1859308 27397998 1 0.0562660478287547 27397998 27397998 0
16 1130 rs16958021 11170047 2 0.04175028180136866 11170047 11170047 0
16 1170 rs12927773 11403963 1 -0.03458791277916333 11403963 11403963 0
16 4287 rs255052 68024995 1 0.03172173475530802 68024995 68024995 0
16 6332 rs1044873 85955671 2 -0.03170240751756122 85955671 85955671 0
16 5694 rs1143687 81922813 1 0.02880233733787703 81922813 81922813 0
16 3485 rs2731780 58254730 1 0.02441607061199865 58254730 58254730 0
16 5354 rs11150189 79734227 1 0.0242139624739103 79734227 79734227 0
16 2877 rs1592490 52105848 1 0.0232933222942169 52105848 52105848 0
16 4927 rs17769233 77263286 1 0.02242055342187728 77263286 77263286 0
16 4843 rs7196955 76635963 2 0.02220680621092004 76635963 76635963 0
16 3390 rs9932757 57148055 1 0.02217376139732334 57148055 57148055 0
16 2073 rs2299671 24269658 1 -0.02019820033249617 24269658 24269658 0
16 479 rs2131226 6927242 1 -0.01933376146088174 6927242 6927242 0
16 1207 rs3743582 11650325 2 0.01930616031102133 11650325 11650325 0
16 4592 rs16971718 73367592 1 0.01626461056043966 73367592 73367592 0
16 2832 rs2720400 51620225 2 -0.01595362301956364 51620225 51620225 0
16 5318 rs4888967 79434027 1 0.01515488150759149 79434027 79434027 0
16 5627 rs6564838 81242194 1 -0.01499353080943816 81242194 81242194 0
16 1664 rs16968288 17096476 1 -0.0146974269671086 17096476 17096476 0
16 2036 rs3760106 23845796 1 0.0142326084861872 23845796 23845796 0
16 3483 rs2731783 58253460 1 0.01419363500406694 58253460 58253460 0
16 5685 rs7192266 81888874 1 0.01415136699222236 81888874 81888874 0
16 5025 rs17716245 77694411 1 0.01406420978368643 77694411 77694411 0
16 4194 rs7203339 66373704 1 0.01404392109526386 66373704 66373704 0
16 3728 rs11640107 60928740 1 0.01401819438576326 60928740 60928740 0
16 517 rs12709171 7122301 2 -0.01389716089908825 7122301 7122301 0
16 209 rs78074706 4755108 1 0.01380375963493062 4755108 4755108 0
16 1134 rs12708716 11179873 1 0.01366012360528233 11179873 11179873 0
16 4294 rs6499165 68326200 1 0.01353489324790574 68326200 68326200 0
16 5676 rs12932714 81762739 1 0.01342215476310471 81762739 81762739 0
16 6216 rs2914830 84616157 1 -0.01329697547957706 84616157 84616157 0
16 1163 rs4451969 11383519 2 0.01321302776254423 11383519 11383519 0
16 609 rs9933137 7402541 1 0.01295241517427587 7402541 7402541 0
16 6340 rs11644034 85972612 1 0.01283145833844964 85972612 85972612 0
16 4167 rs1308841 66159066 1 -0.01282568192832307 66159066 66159066 0
16 1169 rs12928822 11403893 1 -0.01281174434443216 11403893 11403893 0
16 3508 rs12447862 58672763 1 -0.01277569355779637 58672763 58672763 0
16 4282 rs16942887 67928042 1 0.01264170191892894 67928042 67928042 0
16 6417 rs1728369 86386213 2 0.0126181044874654 86386213 86386213 0
16 2443 rs12931589 28979297 2 0.01243611448663543 28979297 28979297 0
16 1723 rs9284326 18165043 1 -0.01239794878453007 18165043 18165043 0
16 4288 rs12448227 68068627 1 0.01234918582111919 68068627 68068627 0
16 1587 rs246226 16136229 1 -0.01227236215940701 16136229 16136229 0
16 6488 rs1867485 86681031 1 0.01219045349476853 86681031 86681031 0
16 3391 rs4784771 57159248 1 0.01215709293311395 57159248 57159248 0
16 2289 rs237130 26639714 2 0.01176209616570312 26639714 26639714 0
16 2312 rs11647759 26786951 1 -0.01170446552495549 26786951 26786951 0
16 3569 rs17185893 59310833 2 -0.01132467052478461 59310833 59310833 0
16 1152 rs243325 11354497 2 -0.0113235814578705 11354497 11354497 0
16 2510 rs11574637 31368874 1 -0.01130971138421808 31368874 31368874 0
16 5592 rs3803570 81156993 1 0.01113721381399901 81156993 81156993 0
16 3899 rs2966012 63623993 1 -0.0109529643874705 63623993 63623993 0
16 5736 rs4130102 82285261 1 0.01095112989623163 82285261 82285261 0
16 3540 rs9926537 58935559 1 -0.01090614806588683 58935559 58935559 0
16 1244 rs1632455 12222225 1 0.01088283517139854 12222225 12222225 0
16 5673 rs6564894 81632769 2 0.01071993065325054 81632769 81632769 0
16 3403 rs170361 57414623 2 -0.01068683229859607 57414623 57414623 0
16 1972 rs1989806 22866683 1 -0.0102876622271031 22866683 22866683 0
16 728 rs12443671 8017909 1 0.01009717954109194 8017909 8017909 0
16 38 rs116934818 1143605 1 0.01002870935989387 1143605 1143605 0
16 383 rs2795532 6389517 1 0.01001211762022826 6389517 6389517 0
16 2720 rs16947973 49817577 1 0.0097186975556467 49817577 49817577 0
16 5946 rs9332462 83317729 1 0.00970623792383233 83317729 83317729 0
16 1633 rs2890050 16924671 1 0.00966746464697334 16924671 16924671 0
16 5338 rs889472 79645989 2 0.0095425357181709 79645989 79645989 0
16 3155 rs7187108 55199498 1 -0.00953131547092444 55199498 55199498 0
16 6159 rs244866 84314198 1 0.00951488958316004 84314198 84314198 0
16 5845 rs7189966 82814003 1 0.00949295692559161 82814003 82814003 0
16 1129 rs725613 11169683 1 0.00929831282528453 11169683 11169683 0
16 3234 rs3785157 55729836 1 -0.00925770571504008 55729836 55729836 0
16 5027 rs4888659 77699400 2 0.00925420045280864 77699400 77699400 0
16 4855 rs13330107 76878862 1 0.00903651083429123 76878862 76878862 0
16 2309 rs763584 26762221 1 0.00902362352503377 26762221 26762221 0
16 929 rs11645816 9772106 1 0.00898686679122177 9772106 9772106 0
16 6659 rs55974122 89294827 1 0.00890689576014011 89294827 89294827 0
16 2754 rs4785437 50598798 1 -0.00879863043914789 50598798 50598798 0
16 2146 rs962974 25224437 1 -0.00875491385189814 25224437 25224437 0
16 2449 rs252308 29221318 2 -0.00864798392839436 29221318 29221318 0
16 4562 rs1858801 73019560 1 0.0085509257818623 73019560 73019560 0
16 4628 rs16972039 73529292 1 0.00842997266140268 73529292 73529292 0
16 3837 rs4784206 62720635 1 0.00841489332999789 62720635 62720635 0
16 4091 rs7197514 65652630 1 0.00840031521377116 65652630 65652630 0
16 93 rs61729118 2030127 1 -0.0083004052895308 2030127 2030127 0
16 2679 rs12598511 49434930 1 0.00804340396799534 49434930 49434930 0
16 6631 rs34679131 88786063 1 0.00800262309036724 88786063 88786063 0
16 4905 rs9937191 77163008 2 0.00791497475626504 77163008 77163008 0
16 3266 rs995948 56166587 2 0.00785116022909987 56166587 56166587 0
16 5507 rs7189522 80498094 2 -0.00779422845760597 80498094 80498094 0
16 2105 rs1991474 24562919 1 -0.00764031965060467 24562919 24562919 0
16 4634 rs4887870 73650853 2 0.00756160520876941 73650853 73650853 0
16 2665 rs2356262 49356011 1 -0.00748032088330502 49356011 49356011 0
16 2803 rs4445901 51259725 1 0.00747321015079065 51259725 51259725 0
16 3024 rs7194907 54003483 1 0.00745700999711583 54003483 54003483 0
16 1341 rs1713471 12768284 1 -0.00719831405108349 12768284 12768284 0
16 3314 rs8052106 56635101 1 -0.00717492060420168 56635101 56635101 0
16 3096 rs4588402 54623258 1 -0.00691371474071985 54623258 54623258 0
16 6376 rs1874697 86153116 2 -0.00686078528610858 86153116 86153116 0
16 5778 rs4783222 82583110 1 -0.00684339660633744 82583110 82583110 0
16 1182 rs7203055 11473656 1 0.00669259715890977 11473656 11473656 0
16 3382 rs117950337 57093436 1 0.00665410770664309 57093436 57093436 0
16 1154 rs243323 11361202 1 0.00664159885649728 11361202 11361202 0
16 1382 rs415232 13316427 1 0.00663291945130244 13316427 13316427 0
16 1178 rs6498184 11435990 1 -0.00662337788114901 11435990 11435990 0
16 5487 rs9940469 80398920 1 0.00658098308699096 80398920 80398920 0
16 373 rs9935712 6306931 2 0.0065809589046396 6306931 6306931 0
16 74 rs12922553 1760091 1 -0.00654130285544897 1760091 1760091 0
16 1513 rs12924081 14408175 2 -0.0065120857335605 14408175 14408175 0
16 4700 rs1076251 74768812 1 0.0064655746152586 74768812 74768812 0
16 3502 rs37060 58566304 1 0.00643158068955805 58566304 58566304 0
16 1099 rs2541522 10750548 1 0.00642089038344217 10750548 10750548 0
16 6706 rs4785763 90066936 1 -0.00633784096371697 90066936 90066936 0
16 2467 rs12325539 30033633 1 -0.00632287344410121 30033633 30033633 0
16 3711 rs1364322 60803316 1 0.00621350278293253 60803316 60803316 0
16 1579 rs246240 16119024 1 0.00618145025674066 16119024 16119024 0
16 6303 rs372395 85774917 1 -0.00608405182280905 85774917 85774917 0
16 1944 rs61744122 22157582 1 0.0060761316912009 22157582 22157582 0
16 204 rs841204 4610567 1 -0.00606977298428666 4610567 4610567 0
16 534 rs17669916 7198477 1 -0.00603986728278098 7198477 7198477 0
16 811 rs2312949 8701636 1 -0.00601268447993865 8701636 8701636 0
16 6202 rs2326274 84546108 1 -0.00598365407335087 84546108 84546108 0
16 6249 rs17189653 84984350 1 0.00592514329313394 84984350 84984350 0
16 5871 rs4783295 82923022 1 -0.00588310204803455 82923022 82923022 0
16 99 rs11642783 2705523 2 0.00572595766164261 2705523 2705523 0
16 73 rs9888765 1744026 2 0.00572280901467762 1744026 1744026 0
16 6462 rs2303229 86580891 1 -0.00569337612107972 86580891 86580891 0
16 6220 rs2966318 84643693 1 -0.00565763697956288 84643693 84643693 0
16 6283 rs4445886 85248324 1 0.00564253863397682 85248324 85248324 0
16 6683 rs258322 89755903 1 -0.00557188047681929 89755903 89755903 0
16 2585 rs12443685 48226479 1 0.00541399080099432 48226479 48226479 0
16 1283 rs2269447 12621438 1 0.00540418472805047 12621438 12621438 0
16 5576 rs7188127 80970327 1 0.00536382335439778 80970327 80970327 0
16 2349 rs7193248 27113695 1 0.00535447393245996 27113695 27113695 0
16 3171 rs9928598 55264697 2 0.00525162906597184 55264697 55264697 0
16 2718 rs10521192 49796534 1 0.00523149733573927 49796534 49796534 0
16 2468 rs7204270 30156963 2 -0.00522808013999851 30156963 30156963 0
16 3268 rs8050235 56178062 1 -0.00522045919856122 56178062 56178062 0
16 6703 rs4424910 90038786 1 -0.00520391137919652 90038786 90038786 0
16 2085 rs9929254 24357983 1 0.00519716245914643 24357983 24357983 0
16 4081 rs4294817 65571657 1 -0.0051382454789175 65571657 65571657 0
16 743 rs6501060 8091952 1 -0.00513670871289431 8091952 8091952 0
16 5183 rs16947913 78554218 1 0.00509108186558133 78554218 78554218 0
16 1979 rs6497614 22957866 1 -0.00507561520082096 22957866 22957866 0
16 172 rs11543317 4016049 1 0.00504132035982578 4016049 4016049 0
16 3536 rs9932019 58886531 1 0.00494790454699111 58886531 58886531 0
16 671 rs3785229 7670999 1 -0.00491708315988776 7670999 7670999 0
16 3552 rs990813 59070616 1 0.00484659858793704 59070616 59070616 0
16 4587 rs7193833 73220771 1 0.00483912426473021 73220771 73220771 0
16 6395 rs1693947 86261733 2 0.00477557905277549 86261733 86261733 0
16 161 rs11076781 3663231 2 0.0047653894464084 3663231 3663231 0
16 1472 rs7200773 13845690 1 -0.00474503592633595 13845690 13845690 0
16 6321 rs7193803 85925673 1 -0.00473257009855006 85925673 85925673 0
16 6601 rs7200184 87852172 1 0.00471723486442333 87852172 87852172 0
16 4510 rs72787072 72154010 2 -0.00463344864831456 72154010 72154010 0
16 3274 rs4783932 56274501 1 0.00460326215008841 56274501 56274501 0
16 1994 rs6497618 23008602 2 -0.00455177657866626 23008602 23008602 0
16 5273 rs9930132 79104622 1 -0.00451932463414379 79104622 79104622 0
16 6364 rs7203149 86098410 1 0.00448515816054891 86098410 86098410 0
16 4903 rs7500211 77151891 1 -0.00445299170374409 77151891 77151891 0
16 4980 rs4144677 77527427 1 0.00443113302176614 77527427 77527427 0
16 3670 rs1862746 60462358 2 -0.00442421941861339 60462358 60462358 0
16 2179 rs7188668 25711358 1 -0.00441405176864636 25711358 25711358 0
16 636 rs10459845 7585001 1 0.00439028025977348 7585001 7585001 0
16 5970 rs9319442 83451606 2 0.00437501375885111 83451606 83451606 0
16 4957 rs8044972 77400082 1 0.00432400594571476 77400082 77400082 0
16 6609 rs8051149 87878822 2 0.00431916502543558 87878822 87878822 0
16 2262 rs2214028 26489004 1 -0.00430676142887726 26489004 26489004 0
16 333 rs1035563 6110366 1 -0.00429656346000082 6110366 6110366 0
16 6478 rs1109813 86662310 2 0.00425625291120674 86662310 86662310 0
16 5665 rs2966097 81549708 1 0.00424780115827575 81549708 81549708 0
16 3424 rs11076196 57632536 1 0.00424771244341238 57632536 57632536 0
16 2344 rs2203512 27056455 1 -0.00424545840548178 27056455 27056455 0
16 3900 rs6498908 63633828 1 -0.00424026448475102 63633828 63633828 0
16 2905 rs187680 52424157 1 0.004213378670003 52424157 52424157 0
16 1943 rs9937453 22155629 1 0.00416575443497789 22155629 22155629 0
16 1878 rs59025904 20432605 2 0.00415627737149322 20432605 20432605 0
16 1884 rs77863699 20563528 2 0.00412129658718821 20563528 20563528 0
16 4238 rs8192925 66977997 1 0.00409197012569159 66977997 66977997 0
16 2033 rs2520027 23818502 2 -0.00404441466885693 23818502 23818502 0
16 346 rs7403856 6156326 1 0.00394105268658938 6156326 6156326 0
16 4961 rs1948717 77403154 1 0.00392635482172959 77403154 77403154 0
16 615 rs12709198 7444527 1 -0.00391793405376341 7444527 7444527 0
16 1048 rs2016202 10286633 1 0.00387235355888694 10286633 10286633 0
16 2735 rs4785201 50089192 2 0.00387210296976912 50089192 50089192 0
16 844 rs9926522 9216948 2 -0.00386819309825325 9216948 9216948 0
16 2626 rs3095647 48893630 1 0.0038425913441957 48893630 48893630 0
16 2716 rs4785338 49779455 1 -0.00383064504465804 49779455 49779455 0
16 2475 rs8046001 30833321 1 0.00380086209733592 30833321 30833321 0
16 5555 rs1981866 80923598 1 0.00378994548488279 80923598 80923598 0
16 3425 rs8050713 57635017 2 -0.00372134333813114 57635017 57635017 0
16 2888 rs3859116 52251742 1 -0.00372060191834294 52251742 52251742 0
16 3786 rs8058677 61968305 1 -0.00371353850475681 61968305 61968305 0
16 3988 rs13332608 64563109 1 -0.00366430611499193 64563109 64563109 0
16 3919 rs4949141 63754165 2 -0.00365538245492142 63754165 63754165 0
16 3449 rs2967162 57810090 2 0.0035984680491426 57810090 57810090 0
16 3044 rs11863548 54123512 1 -0.00356123356460369 54123512 54123512 0
16 5841 rs11640522 82800368 1 -0.0035209120650336 82800368 82800368 0
16 5958 rs889713 83419339 1 -0.00352005657128473 83419339 83419339 0
16 6628 rs4782505 88656638 1 -0.00351130357468969 88656638 88656638 0
16 1902 rs2301620 20959918 1 0.00347800626087292 20959918 20959918 0
16 6230 rs774294 84802623 2 -0.00347143014702123 84802623 84802623 0
16 5030 rs4887918 77735474 1 0.00345977474575992 77735474 77735474 0
16 3952 rs2053209 64120435 1 0.00341780872567242 64120435 64120435 0
16 3627 rs12598252 59882680 1 0.00340972690823502 59882680 59882680 0
16 6449 rs8055638 86491267 2 -0.00336136953831452 86491267 86491267 0
16 6464 rs7199466 86608609 1 0.00324378100281657 86608609 86608609 0
16 3395 rs4293366 57311812 1 -0.00317288553748543 57311812 57311812 0
16 4868 rs2134337 76991280 2 -0.0031451274108736 76991280 76991280 0
16 5130 rs16947307 78270078 2 -0.00313962040893471 78270078 78270078 0
16 3143 rs7197624 55110037 1 0.00313285787888523 55110037 55110037 0
16 2258 rs17504601 26454266 1 -0.00313136599987006 26454266 26454266 0
16 1875 rs11864909 20400839 1 0.00312723204467031 20400839 20400839 0
16 6347 rs11642873 85991705 2 0.00312452003550045 85991705 85991705 0
16 6138 rs4150161 84214236 2 0.00310673667774879 84214236 84214236 0
16 4272 rs12449157 67708897 1 0.00310148247562511 67708897 67708897 0
16 2206 rs8050730 25965289 1 0.00308342908235204 25965289 25965289 0
16 5242 rs2656630 78911326 1 -0.00308258562270924 78911326 78911326 0
16 3918 rs6498920 63753550 1 0.00306285402419224 63753550 63753550 0
16 2600 rs9302760 48471330 1 -0.00302291488168675 48471330 48471330 0
16 6479 rs12051337 86663934 1 -0.00301203099741585 86663934 86663934 0
16 2649 rs12928871 49082930 1 0.0030074883138602 49082930 49082930 0
16 6126 rs884492 84122442 1 -0.00300319593768649 84122442 84122442 0
16 4812 rs2052866 76348997 1 0.0029955102122767 76348997 76348997 0
16 5990 rs4782812 83563611 1 0.00294608654908531 83563611 83563611 0
16 6379 rs7499519 86167132 1 -0.00293808786942693 86167132 86167132 0
16 1100 rs1548956 10757192 1 -0.00293270970972444 10757192 10757192 0
16 697 rs4787088 7864620 1 -0.00292430308079573 7864620 7864620 0
16 3796 rs11645947 62222294 1 -0.00290519578172288 62222294 62222294 0
16 6446 rs2353695 86467111 2 0.00285416611881506 86467111 86467111 0
16 5524 rs2316184 80647384 1 0.00285209907260564 80647384 80647384 0
16 2354 rs4787923 27139829 1 0.00283765049175579 27139829 27139829 0
16 6562 rs2059883 87299332 1 0.00280346096798455 87299332 87299332 0
16 4582 rs11863839 73181874 1 0.00279075529403609 73181874 73181874 0
16 1246 rs350277 12232547 1 -0.00278071523908678 12232547 12232547 0
16 1849 rs7199599 20130754 1 -0.00275942706321376 20130754 20130754 0
16 165 rs6500550 3746241 2 0.00274659143829989 3746241 3746241 0
16 6705 rs45456401 90048327 1 -0.00272707952293502 90048327 90048327 0
16 5748 rs12927083 82460729 2 -0.00272230822458794 82460729 82460729 0
16 1746 rs1023442 19331565 2 -0.00271448415424486 19331565 19331565 0
16 6563 rs1864145 87299885 2 -0.00271060215807246 87299885 87299885 0
16 16 rs2071915 426432 2 -0.0027084073239293 426432 426432 0
16 5238 rs8060856 78885182 1 0.00269954989188459 78885182 78885182 0
16 3790 rs1304648 62025800 1 0.00269189820046403 62025800 62025800 0
16 3591 rs12709027 59543339 1 -0.00268507021229424 59543339 59543339 0
16 2446 rs8053800 29043450 2 0.00267935337809022 29043450 29043450 0
16 5067 rs8058686 77963712 1 -0.00265856665754308 77963712 77963712 0
16 2062 rs2470688 24117477 2 0.00263785511380913 24117477 24117477 0
16 2499 rs9888739 31313253 1 -0.00263238195497778 31313253 31313253 0
16 5103 rs7201557 78110059 1 0.0026302000836186 78110059 78110059 0
16 5843 rs12933997 82808289 1 0.00261125627820998 82808289 82808289 0
16 129 rs757108 3362017 1 0.00260681925629543 3362017 3362017 0
16 1386 rs8059366 13351740 1 0.00260256655090749 13351740 13351740 0
16 3365 rs289747 57023938 1 0.00259878136058731 57023938 57023938 0
16 2194 rs11640710 25913837 1 -0.00259508289227804 25913837 25913837 0
16 431 rs12386044 6721013 1 -0.00257963821451701 6721013 6721013 0
16 5510 rs11863941 80503505 1 0.00257785722512317 80503505 80503505 0
16 6269 rs16975222 85126460 1 -0.0025651656883196 85126460 85126460 0
16 4844 rs4369705 76640703 1 0.00256398636549426 76640703 76640703 0
16 3839 rs4784207 62747830 1 -0.00255896990899242 62747830 62747830 0
16 6500 rs1562109 86725305 1 -0.00253055853470983 86725305 86725305 0
16 4732 rs6624 75327916 1 -0.00251955188016339 75327916 75327916 0
16 4112 rs9635520 65891847 1 0.00250997184197044 65891847 65891847 0
16 1596 rs35623 16169465 1 -0.00249560032612236 16169465 16169465 0
16 399 rs802695 6556585 1 0.00247659061275879 6556585 6556585 0
16 5681 rs4405545 81858172 2 -0.00246434654104173 81858172 81858172 0
16 11 rs2685127 335373 1 0.00246354922714448 335373 335373 0
16 1614 rs2299670 16220858 1 0.00244833332456568 16220858 16220858 0
16 665 rs7193902 7666326 1 0.00242990761230033 7666326 7666326 0
16 6013 rs16961072 83662293 1 0.00242713023282022 83662293 83662293 0
16 437 rs10492841 6739933 2 0.00239183139254452 6739933 6739933 0
16 3100 rs8044756 54676323 1 -0.00238697857699664 54676323 54676323 0
16 3398 rs591940 57368178 2 -0.00237325928600961 57368178 57368178 0
16 3381 rs117587884 57091999 1 0.00234102036555561 57091999 57091999 0
16 918 rs2315080 9717408 1 -0.00230823571469911 9717408 9717408 0
16 1733 rs229015 19218144 2 0.00230495612143238 19218144 19218144 0
16 5573 rs2161295 80961660 1 0.00229766519698216 80961660 80961660 0
16 1532 rs12921356 15720450 1 0.00229249846791518 15720450 15720450 0
16 1639 rs1563093 16944296 1 -0.00229239137127207 16944296 16944296 0
16 2352 rs1028133 27138785 1 0.00227378281088699 27138785 27138785 0
16 5697 rs4889444 81974754 1 -0.00227071474268317 81974754 81974754 0
16 3285 rs4783937 56377045 1 0.00225257556598206 56377045 56377045 0
16 573 rs1317040 7269719 1 -0.00225037835590929 7269719 7269719 0
16 36 rs428233 1085393 1 -0.00224944823760808 1085393 1085393 0
16 930 rs4063490 9772573 2 -0.00224921612268547 9772573 9772573 0
16 452 rs11641284 6774696 1 -0.00224721574541336 6774696 6774696 0
16 3372 rs1684575 57057619 1 -0.00223729095788955 57057619 57057619 0
16 5560 rs7191668 80934813 1 0.00222662905512784 80934813 80934813 0
16 5735 rs4782713 82284056 1 0.00221069410069349 82284056 82284056 0
16 2687 rs16947530 49537697 1 -0.00221022290386113 49537697 49537697 0
16 4705 rs11643354 74884097 1 0.00220377897913462 74884097 74884097 0
16 2045 rs976355 23936307 1 0.00220186145708379 23936307 23936307 0
16 3051 rs907007 54249150 1 0.00219940214510257 54249150 54249150 0
16 5125 rs17652533 78251616 2 -0.00219909185395477 78251616 78251616 0
16 6163 rs12933084 84360533 1 0.00217959515889576 84360533 84360533 0
16 3647 rs11642278 60266632 1 0.00217738097043641 60266632 60266632 0
16 245 rs12927295 5246014 1 -0.00217708903312846 5246014 5246014 0
16 5551 rs2549908 80913669 1 0.00217604054428518 80913669 80913669 0
16 3841 rs2962461 62796921 1 0.00216238373141921 62796921 62796921 0
16 4441 rs148657245 71570847 1 -0.00215525979347516 71570847 71570847 0
16 2270 rs8057348 26512039 1 -0.00215203349468076 26512039 26512039 0
16 1619 rs3902401 16243973 1 0.00214412398883349 16243973 16243973 0
16 5495 rs9935300 80442198 1 0.0021379100543694 80442198 80442198 0
16 4801 rs1019531 76191537 1 -0.00211940944021676 76191537 76191537 0
16 5768 rs9937823 82573032 1 0.00211605485510196 82573032 82573032 0
16 1088 rs1990716 10695871 1 -0.00210766798730816 10695871 10695871 0
16 4443 rs6499526 71648299 1 -0.00210034533826335 71648299 71648299 0
16 6363 rs7193170 86097959 1 0.00208976545078465 86097959 86097959 0
16 6445 rs1881223 86465914 1 -0.00208330376105218 86465914 86465914 0
16 173 rs61731445 4016377 1 0.0020758818286882 4016377 4016377 0
16 4466 rs16973500 71965196 1 -0.00207139229891555 71965196 71965196 0
16 6095 rs391114 83882526 1 -0.0020705636849763 83882526 83882526 0
16 3709 rs8052964 60781112 1 0.0020553044897832 60781112 60781112 0
16 5115 rs7206273 78190234 1 -0.002054524212855 78190234 78190234 0
16 2267 rs1858860 26506529 1 -0.00205365494468057 26506529 26506529 0
16 4170 rs255204 66162564 2 -0.00204517701725822 66162564 66162564 0
16 3438 rs8051301 57721952 2 0.00204098035532652 57721952 57721952 0
16 1313 rs17224848 12677946 1 -0.002038646569178 12677946 12677946 0
16 3659 rs17821987 60402342 2 0.00201754701953495 60402342 60402342 0
16 4920 rs4888608 77237983 1 0.00200755041095225 77237983 77237983 0
16 3400 rs4359426 57392733 1 -0.00200114685132546 57392733 57392733 0
16 5639 rs6564862 81278265 1 -0.00199731735398816 81278265 81278265 0
16 5661 rs2927322 81514505 1 -0.00197560398691414 81514505 81514505 0
16 3416 rs8050345 57575812 1 -0.00196437949195812 57575812 57575812 0
16 205 rs6500619 4643452 1 -0.00196203599823843 4643452 4643452 0
16 3370 rs12373120 57055414 1 0.00192985820242501 57055414 57055414 0
16 3224 rs2088926 55663800 2 -0.00191878523013352 55663800 55663800 0
16 3605 rs8052931 59722482 2 0.00191818762236079 59722482 59722482 0
16 6153 rs12103024 84277473 1 -0.00191263730910925 84277473 84277473 0
16 5221 rs7190803 78818322 1 -0.00190839351305366 78818322 78818322 0
16 6434 rs902552 86410738 2 -0.00190739183797922 86410738 86410738 0
16 6496 rs12444333 86699196 1 0.00188482578558703 86699196 86699196 0
16 2648 rs8050477 49071194 1 0.00183822815036919 49071194 49071194 0
16 5341 rs12051063 79673405 1 0.00183642192338172 79673405 79673405 0
16 3558 rs4133362 59097976 1 0.00183438873496272 59097976 59097976 0
16 5446 rs17726892 80177656 1 0.00182959322287867 80177656 80177656 0
16 4717 rs9928718 75076738 1 0.00182343478273608 75076738 75076738 0
16 3819 rs9927171 62615993 1 -0.00180824474806867 62615993 62615993 0
16 2438 rs4788073 28594549 1 0.00180497842964201 28594549 28594549 0
16 4341 rs8062856 69082817 1 0.00180124311835656 69082817 69082817 0
16 6618 rs4843811 88171363 1 0.00179726308584319 88171363 88171363 0
16 624 rs12598611 7454984 1 -0.0017941172806425 7454984 7454984 0
16 6430 rs16941019 86408537 1 -0.00176873654379742 86408537 86408537 0
16 4989 rs11864177 77567809 2 0.00174736971895482 77567809 77567809 0
16 3527 rs8062792 58834219 1 -0.00174405954274579 58834219 58834219 0
16 5116 rs12932880 78195893 1 -0.00173061706756549 78195893 78195893 0
16 3898 rs2911167 63621735 1 0.00172915793618376 63621735 63621735 0
16 3078 rs4783845 54497854 1 0.00172044940919887 54497854 54497854 0
16 1806 rs957675 19680414 1 0.00171903843951081 19680414 19680414 0
16 3953 rs1458576 64126301 1 0.00171734705562834 64126301 64126301 0
16 2743 rs8052403 50415011 2 -0.00171093392006996 50415011 50415011 0
16 4025 rs3760056 65040328 1 -0.00170193985475927 65040328 65040328 0
16 1686 rs8043831 17549067 1 0.00169430138764907 17549067 17549067 0
16 5468 rs8060563 80265287 1 -0.00169427552665109 80265287 80265287 0
16 6589 rs2544630 87648197 1 -0.00168960651314777 87648197 87648197 0
16 2161 rs7189168 25506954 1 -0.00168781733269175 25506954 25506954 0
16 6210 rs9924978 84580983 1 0.00168737807179616 84580983 84580983 0
16 3422 rs2167183 57630454 1 -0.00168060693037274 57630454 57630454 0
16 6019 rs17688628 83664642 1 -0.00165397381532858 83664642 83664642 0
16 2213 rs3923425 25974037 1 0.00165209539158506 25974037 25974037 0
16 6508 rs7498878 86823486 1 -0.0016514447163509 86823486 86823486 0
16 2304 rs4787866 26729319 2 0.00165058702294834 26729319 26729319 0
16 2366 rs4787423 27367334 1 -0.00164939785397752 27367334 27367334 0
16 6641 rs7184784 89170171 1 -0.00162834573195196 89170171 89170171 0
16 1073 rs2047924 10531310 1 -0.00162305700287 10531310 10531310 0
16 167 rs3025697 3831602 1 0.00161507972404735 3831602 3831602 0
16 4789 rs1391408 76026681 1 0.00161359022616334 76026681 76026681 0
16 2338 rs8058203 27005455 2 -0.00161162786955956 27005455 27005455 0
16 4825 rs35363016 76482001 1 0.00159274501157691 76482001 76482001 0
16 5147 rs8064138 78390452 1 -0.00158761060118933 78390452 78390452 0
16 2140 rs7202826 25106206 2 -0.00158673384769105 25106206 25106206 0
16 4409 rs9889153 71327334 1 0.00158483056281958 71327334 71327334 0
16 5234 rs1554983 78867839 1 -0.00158257170468169 78867839 78867839 0
16 6542 rs9937888 87145145 1 -0.00158123139635192 87145145 87145145 0
16 2685 rs10852596 49532716 2 0.00157961020615057 49532716 49532716 0
16 5872 rs11150514 82923464 1 -0.00157906037855985 82923464 82923464 0
16 2967 rs9922011 53412272 1 0.00157858708722451 53412272 53412272 0
16 6711 rs7498985 90103117 1 -0.0015781057369523 90103117 90103117 0
16 2719 rs16947955 49800318 1 -0.00156796967897093 49800318 49800318 0
16 5899 rs16959005 83017585 1 -0.00156734811510874 83017585 83017585 0
16 5700 rs4611452 81977364 1 -0.0015660673500297 81977364 81977364 0
16 2781 rs11647703 50913577 1 0.00154821371368798 50913577 50913577 0
16 1599 rs4148351 16170568 1 0.00154625688936703 16170568 16170568 0
16 3310 rs8062645 56606138 1 0.00154415355624367 56606138 56606138 0
16 2032 rs194790 23792157 1 -0.00153504512388466 23792157 23792157 0
16 6344 rs7202472 85977502 1 0.0015226441200882 85977502 85977502 0
16 775 rs1015989 8342171 2 0.00152205987803361 8342171 8342171 0
16 3214 rs17301608 55518610 1 -0.00151475730797041 55518610 55518610 0
16 2508 rs11863903 31364909 1 0.00151156925410752 31364909 31364909 0
16 511 rs10500345 7108170 1 0.00150961121332959 7108170 7108170 0
16 5617 rs61734110 81232294 1 0.00150242032658892 81232294 81232294 0
16 426 rs8047273 6713497 2 0.00150168827916139 6713497 6713497 0
16 905 rs7190913 9642477 1 0.0015009246993179 9642477 9642477 0
16 2470 rs4787643 30393660 1 -0.00149599733176074 30393660 30393660 0
16 597 rs9924759 7321664 2 0.00148792135800373 7321664 7321664 0
16 5212 rs4887979 78787891 1 -0.00148454670611363 78787891 78787891 0
16 2633 rs1990687 48975044 2 -0.00148147551559086 48975044 48975044 0
16 2535 rs1919040 31676924 1 0.00145565748166677 31676924 31676924 0
16 3684 rs9746438 60598610 1 -0.00145156923781149 60598610 60598610 0
16 1589 rs246221 16138322 1 -0.00144945504226009 16138322 16138322 0
16 3609 rs16961303 59725768 1 0.00144383906735389 59725768 59725768 0
16 5334 rs173645 79594409 2 -0.00143999160773792 79594409 79594409 0
16 5915 rs4783324 83152148 1 -0.00143807035821796 83152148 83152148 0
16 1603 rs4148353 16171148 1 0.00142963749925676 16171148 16171148 0
16 1133 rs2041670 11174652 1 -0.00142075567507732 11174652 11174652 0
16 2089 rs11645709 24384619 1 -0.00141186330812242 24384619 24384619 0
16 5543 rs7187075 80768727 1 0.001410382878989 80768727 80768727 0
16 4403 rs9936354 71314097 1 0.00140899104974034 71314097 71314097 0
16 2751 rs11647532 50587593 1 -0.00140740808065288 50587593 50587593 0
16 2386 rs733683 27799740 1 -0.00138993919578658 27799740 27799740 0
16 5325 rs3923760 79460198 1 0.00138662185968526 79460198 79460198 0
16 6021 rs16961122 83677291 1 0.00138481614583039 83677291 83677291 0
16 1333 rs10500388 12715480 1 0.00138394591268647 12715480 12715480 0
16 6564 rs7196881 87301665 2 -0.00138353663054498 87301665 87301665 0
16 5158 rs12051258 78487877 1 -0.00137575579455232 78487877 78487877 0
16 6608 rs4843718 87878476 1 0.00137490839490254 87878476 87878476 0
16 6299 rs419504 85762615 1 -0.00137319346139986 85762615 85762615 0
16 2862 rs9938713 51909122 1 -0.00137171117508406 51909122 51909122 0
16 4385 rs904809 69951291 1 -0.00136564636532153 69951291 69951291 0
16 4169 rs255205 66162229 1 0.00136148222076462 66162229 66162229 0
16 4456 rs7203231 71837477 1 0.0013547195503636 71837477 71837477 0
16 5595 rs8050204 81157385 2 0.0013539804978939 81157385 81157385 0
16 5250 rs11859772 78965188 1 0.00135208375616447 78965188 78965188 0
16 2358 rs16952011 27167481 1 0.00135151567713688 27167481 27167481 0
16 1143 rs11074952 11218606 2 -0.00134254619132724 11218606 11218606 0
16 4435 rs10500557 71509779 1 0.00134243865572167 71509779 71509779 0
16 2806 rs4416010 51289687 1 0.00133710247205214 51289687 51289687 0
16 5102 rs7193020 78106440 1 0.00133693590910746 78106440 78106440 0
16 2297 rs235799 26695422 1 -0.00133562230675549 26695422 26695422 0
16 1415 rs7199302 13577456 1 -0.00132618918873268 13577456 13577456 0
16 3188 rs7196813 55410269 1 -0.00132389890756106 55410269 55410269 0
16 2263 rs2188347 26489150 1 0.00132099839662329 26489150 26489150 0
16 4838 rs4533312 76568849 2 -0.00130778920151003 76568849 76568849 0
16 5905 rs7201956 83100661 1 0.00130061750403184 83100661 83100661 0
16 5945 rs17679225 83304743 1 0.00128069360210959 83304743 83304743 0
16 1122 rs8062322 11092319 1 -0.00127725403048655 11092319 11092319 0
16 420 rs12596029 6678811 1 -0.00127413741314632 6678811 6678811 0
16 5678 rs12444183 81773209 1 0.0012740393162174 81773209 81773209 0
16 2102 rs890845 24507139 1 -0.00127071635764984 24507139 24507139 0
16 689 rs3112740 7836297 1 0.00126145459688356 7836297 7836297 0
16 5811 rs3910222 82691564 1 0.00125669074787244 82691564 82691564 0
16 163 rs1053874 3707747 1 0.00125646193625827 3707747 3707747 0
16 2805 rs7185437 51289593 2 0.00125075865550798 51289593 51289593 0
16 146 rs40363 3509056 1 0.00124878052323438 3509056 3509056 0
16 4449 rs139380794 71686754 1 0.00124348905244356 71686754 71686754 0
16 4087 rs4785838 65609704 1 0.00124222587077139 65609704 65609704 0
16 1774 rs61737709 19475099 1 -0.00124065938793878 19475099 19475099 0
16 2372 rs6498016 27391788 1 0.00123552852843137 27391788 27391788 0
16 5184 rs9928512 78556999 1 0.00123136528802627 78556999 78556999 0
16 503 rs2061815 7070643 1 -0.00122917115894915 7070643 7070643 0
16 2051 rs7192816 24013524 1 0.00122758967750015 24013524 24013524 0
16 6320 rs9308363 85924065 2 0.00121631645653991 85924065 85924065 0
16 6094 rs824544 83876991 1 -0.0012119947648519 83876991 83876991 0
16 849 rs9939864 9351258 1 -0.00121032212266509 9351258 9351258 0
16 6648 rs11076770 89205510 1 0.00120713369418769 89205510 89205510 0
16 5035 rs3743756 77759136 1 0.00120639262279066 77759136 77759136 0
16 4376 rs4985547 69829875 1 0.00120475618101784 69829875 69829875 0
16 1429 rs8056716 13643974 1 -0.00119436741051273 13643974 13643974 0
16 627 rs7198251 7471606 1 0.00119155740324269 7471606 7471606 0
16 2152 rs2157856 25433129 1 0.00118444707297464 25433129 25433129 0
16 6595 rs4843654 87687924 1 -0.00118119840407651 87687924 87687924 0
16 2340 rs1515879 27028924 1 -0.00117606252828346 27028924 27028924 0
16 305 rs6500721 5846135 1 0.00117582267886273 5846135 5846135 0
16 4343 rs61185783 69201050 2 -0.00117392014113712 69201050 69201050 0
16 4794 rs2454141 76090200 1 0.00116675568922488 76090200 76090200 0
16 4963 rs13332995 77407774 1 0.00116403285037058 77407774 77407774 0
16 729 rs1507032 8022176 1 0.00115325743958281 8022176 8022176 0
16 2800 rs10521222 51158710 1 -0.00114934530311728 51158710 51158710 0
16 3097 rs11861365 54623529 1 -0.00114234875167678 54623529 54623529 0
16 1157 rs1559393 11368749 1 0.00114063220934646 11368749 11368749 0
16 6511 rs4843465 86842116 1 0.00113756708178973 86842116 86842116 0
16 4802 rs16943934 76210722 1 0.00113666526181947 76210722 76210722 0
16 1086 rs4780954 10681997 1 -0.00113132032652845 10681997 10681997 0
16 1359 rs4781368 13065017 1 0.00113054367557905 13065017 13065017 0
16 4437 rs7187165 71524543 2 0.00112978807037103 71524543 71524543 0
16 2090 rs9935277 24384711 1 0.00112836951854037 24384711 24384711 0
16 3302 rs603008 56574971 2 0.00112674881075077 56574971 56574971 0
16 5919 rs8059249 83181532 1 -0.00112529612992496 83181532 83181532 0
16 5621 rs7192688 81238690 1 -0.00112482551204504 81238690 81238690 0
16 2447 rs1646122 29143040 1 0.00111280909763351 29143040 29143040 0
16 4513 rs4788606 72157384 1 0.00111218678658804 72157384 72157384 0
16 4895 rs284982 77135683 2 0.001111861224833 77135683 77135683 0
16 3878 rs7404896 63287549 1 0.00110542667819399 63287549 63287549 0
16 940 rs2215919 9811679 1 -0.00110314822024626 9811679 9811679 0
16 2785 rs1874494 50922120 2 -0.00109469367216448 50922120 50922120 0
16 4599 rs7189063 73397640 1 -0.00109178302469952 73397640 73397640 0
16 5488 rs9931203 80398965 1 0.00109094543541647 80398965 80398965 0
16 5435 rs2016206 80159229 1 0.00108182260595324 80159229 80159229 0
16 101 rs3112686 2823570 1 -0.00106290417664527 2823570 2823570 0
16 5022 rs282949 77680645 2 -0.00106198199015299 77680645 77680645 0
16 2591 rs9939742 48253986 1 0.0010611142487078 48253986 48253986 0
16 2564 rs13332786 47411203 1 0.00105819080739219 47411203 47411203 0
16 46 rs8050166 1522224 1 -0.00105781204487155 1522224 1522224 0
16 56 rs8049972 1593606 1 0.0010553372483548 1593606 1593606 0
16 565 rs7188981 7250111 1 0.0010546188074531 7250111 7250111 0
16 178 rs11649287 4039968 1 0.00105015980682671 4039968 4039968 0
16 1607 rs8187863 16173221 1 -0.00104005254733241 16173221 16173221 0
16 1089 rs4780957 10696559 1 -0.00103284822362378 10696559 10696559 0
16 2731 rs4785367 49956194 1 0.00103279730363805 49956194 49956194 0
16 3369 rs16965070 57051984 1 -0.00102794938395827 57051984 57051984 0
16 1490 rs2113334 13976356 1 0.00102091743099462 13976356 13976356 0
16 3568 rs1820258 59270830 1 0.00101733973097361 59270830 59270830 0
16 821 rs8046201 8853987 1 0.00101393416388018 8853987 8853987 0
16 878 rs16965238 9522660 1 0.00101051705061875 9522660 9522660 0
16 2076 rs9921802 24297521 2 0.00100998385035316 24297521 24297521 0
16 365 rs17139612 6281293 1 0.00100885117565949 6281293 6281293 0
16 2870 rs7185294 51989927 1 -0.00100721950969656 51989927 51989927 0
16 3004 rs7190492 53828752 1 -0.00100453980960665 53828752 53828752 0
16 2867 rs4784888 51969082 1 -0.00100378645240407 51969082 51969082 0
16 3332 rs1561138 56852311 1 -0.00100262673005176 56852311 56852311 0
16 4810 rs1428759 76336609 2 0.00100079177921072 76336609 76336609 0
16 2391 rs6498039 27869093 2 -0.00100048687519979 27869093 27869093 0
16 6414 rs16940784 86337062 1 9.996857151562276e-4 86337062 86337062 0
16 2814 rs1507041 51413204 1 9.99640363668289e-4 51413204 51413204 0
16 6409 rs2665336 86306097 1 9.976515744071217e-4 86306097 86306097 0
16 2291 rs12931713 26640975 1 9.875510712141745e-4 26640975 26640975 0
16 5572 rs7199467 80951145 1 -9.833359775207305e-4 80951145 80951145 0
16 3294 rs11644679 56490549 1 -9.829372767138674e-4 56490549 56490549 0
16 1486 rs11865632 13957323 1 9.807642788038037e-4 13957323 13957323 0
16 5740 rs9924628 82306551 1 -9.752969566144388e-4 82306551 82306551 0
16 5686 rs7185362 81888905 1 9.733633265789678e-4 81888905 81888905 0
16 1981 rs16974808 22968425 1 -9.687051693009328e-4 22968425 22968425 0
16 3537 rs9935959 58888023 1 9.660272191757376e-4 58888023 58888023 0
16 4650 rs328311 73890763 1 -9.621642477326272e-4 73890763 73890763 0
16 3284 rs12930151 56373308 2 -9.589336776937458e-4 56373308 56373308 0
16 3458 rs9934916 57916776 1 9.540026026381964e-4 57916776 57916776 0
16 3240 rs8045220 55766345 1 9.459544206543274e-4 55766345 55766345 0
16 3810 rs1834088 62456481 2 9.443964378589944e-4 62456481 62456481 0
16 3504 rs1549607 58583975 2 9.430380528162136e-4 58583975 58583975 0
16 6008 rs8055119 83638982 1 -9.42034486956048e-4 83638982 83638982 0
16 6 rs6600191 295795 1 9.416479989394414e-4 295795 295795 0
16 1340 rs1713480 12758966 2 9.4030990337997e-4 12758966 12758966 0
16 3906 rs7205517 63673032 2 -9.38029800966749e-4 63673032 63673032 0
16 4718 rs8058376 75088780 1 9.340288212172416e-4 75088780 75088780 0
16 1512 rs30226 14405892 2 9.308046585558282e-4 14405892 14405892 0
16 170 rs17256169 3993253 1 9.297022756341485e-4 3993253 3993253 0
16 1388 rs9302496 13364255 1 -9.249406850511928e-4 13364255 13364255 0
16 66 rs9934342 1632965 1 -9.222588056838856e-4 1632965 1632965 0
16 3262 rs1376204 56146367 1 -9.212660718255552e-4 56146367 56146367 0
16 5301 rs8054305 79308240 1 -9.184629507641288e-4 79308240 79308240 0
16 2710 rs8062654 49708845 1 -9.15336313837383e-4 49708845 49708845 0
16 3843 rs8048343 62802365 1 -9.151883693256432e-4 62802365 62802365 0
16 6107 rs11649200 83941401 1 -9.132434039266378e-4 83941401 83941401 0
16 1127 rs876457 11143726 1 9.111765174224882e-4 11143726 11143726 0
16 2078 rs12599474 24313653 1 9.101181770566696e-4 24313653 24313653 0
16 5224 rs6564588 78831587 1 9.096922693549296e-4 78831587 78831587 0
16 1164 rs181694 11384829 1 9.09111609044156e-4 11384829 11384829 0
16 6546 rs4843534 87172625 1 9.068166838423124e-4 87172625 87172625 0
16 5571 rs7198711 80951119 1 8.986462385577075e-4 80951119 80951119 0
16 1637 rs16968824 16934295 1 8.966523164001242e-4 16934295 16934295 0
16 5296 rs9937891 79288234 1 -8.963078656391343e-4 79288234 79288234 0
16 4021 rs11647164 65004496 1 8.901117338744865e-4 65004496 65004496 0
16 226 rs1029966 4972963 1 8.895664618714936e-4 4972963 4972963 0
16 1768 rs727187 19451190 1 8.881705721700666e-4 19451190 19451190 0
16 6529 rs11648116 87051764 1 -8.867125935086366e-4 87051764 87051764 0
16 3541 rs11076279 58935890 1 -8.866051236845142e-4 58935890 58935890 0
16 4928 rs6564416 77265674 1 8.838040452099121e-4 77265674 77265674 0
16 5951 rs2325934 83342497 1 -8.816108957638005e-4 83342497 83342497 0
16 6652 rs28417933 89293271 1 8.794880599169082e-4 89293271 89293271 0
16 4618 rs7201998 73469645 1 -8.750928790627235e-4 73469645 73469645 0
16 4359 rs11075721 69497810 1 -8.733003711517187e-4 69497810 69497810 0
16 3751 rs985184 61117063 1 8.668609967696485e-4 61117063 61117063 0
16 5911 rs6565126 83140243 1 8.624353683612427e-4 83140243 83140243 0
16 272 rs2342529 5604636 1 -8.595890578632576e-4 5604636 5604636 0
16 6419 rs1728362 86390282 1 8.546503655828877e-4 86390282 86390282 0
16 3546 rs16960653 58979874 1 8.514364171679776e-4 58979874 58979874 0
16 5597 rs6564827 81160066 1 8.496011541122706e-4 81160066 81160066 0
16 6474 rs12600123 86638949 1 8.485741786822458e-4 86638949 86638949 0
16 6089 rs11643607 83840892 1 8.449715363698449e-4 83840892 83840892 0
16 2010 rs12162045 23331743 1 8.447051981927172e-4 23331743 23331743 0
16 2390 rs1709789 27851773 2 8.41497116496879e-4 27851773 27851773 0
16 5847 rs11642248 82817263 1 8.412623960831993e-4 82817263 82817263 0
16 5033 rs4567733 77745350 1 8.407400788494714e-4 77745350 77745350 0
16 1096 rs7203029 10732319 1 8.389126227364523e-4 10732319 10732319 0
16 1371 rs11859818 13144001 1 8.379564101347374e-4 13144001 13144001 0
16 6656 rs28415940 89294381 1 8.352425561799065e-4 89294381 89294381 0
16 2904 rs12444777 52422842 1 8.351506577757477e-4 52422842 52422842 0
16 1880 rs12927344 20440175 1 -8.328952895101697e-4 20440175 20440175 0
16 1608 rs45511401 16173232 1 8.314283378949384e-4 16173232 16173232 0
16 3114 rs4440156 54794101 1 8.299214197918061e-4 54794101 54794101 0
16 5297 rs13335710 79289673 1 8.294285629550459e-4 79289673 79289673 0
16 3529 rs7199076 58854036 1 -8.261613922544255e-4 58854036 58854036 0
16 5750 rs9889106 82481949 1 8.259088538682628e-4 82481949 82481949 0
16 4870 rs12922189 77004779 1 8.230291659657284e-4 77004779 77004779 0
16 4574 rs12597935 73147484 1 -8.227605699303181e-4 73147484 73147484 0
16 4413 rs2356417 71356135 1 8.197918999158546e-4 71356135 71356135 0
16 678 rs10492760 7717328 1 8.172526021665583e-4 7717328 7717328 0
16 4734 rs10514393 75344476 1 8.127447543513515e-4 75344476 75344476 0
16 3652 rs2165345 60302048 1 8.111252274979414e-4 60302048 60302048 0
16 6055 rs3784956 83748952 1 -8.103609420767445e-4 83748952 83748952 0
16 2675 rs72776789 49430534 1 8.069776986307781e-4 49430534 49430534 0
16 1862 rs9933126 20312192 1 8.061123806685187e-4 20312192 20312192 0
16 4373 rs1131341 69748869 1 8.05752733735996e-4 69748869 69748869 0
16 872 rs487592 9496186 1 8.048110586489282e-4 9496186 9496186 0
16 674 rs2079753 7692186 1 8.046700827535425e-4 7692186 7692186 0
16 3614 rs8053284 59731455 1 8.009910061060651e-4 59731455 59731455 0
16 2736 rs9932240 50094227 1 -7.949088881382998e-4 50094227 50094227 0
16 1229 rs9938283 12151437 1 -7.93775889848323e-4 12151437 12151437 0
16 6358 rs7196849 86033810 1 -7.927674837152479e-4 86033810 86033810 0
16 5316 rs4888953 79381028 1 -7.921159520303013e-4 79381028 79381028 0
16 3816 rs1394553 62536176 1 7.803473604188468e-4 62536176 62536176 0
16 184 rs1075581 4135898 1 -7.799213508561791e-4 4135898 4135898 0
16 5029 rs8051539 77710724 1 7.725324238657537e-4 77710724 77710724 0
16 1183 rs4076823 11481845 1 7.638616371552517e-4 11481845 11481845 0
16 3551 rs1370260 59039108 1 -7.626994998571937e-4 59039108 59039108 0
16 5157 rs7189823 78482142 2 7.612438356360783e-4 78482142 78482142 0
16 6630 rs12709102 88712319 1 7.57200059130329e-4 88712319 88712319 0
16 6294 rs4783187 85415838 1 7.566293974868819e-4 85415838 85415838 0
16 4958 rs11643211 77401545 1 -7.561800547478478e-4 77401545 77401545 0
16 196 rs6500596 4470027 1 -7.54765802303358e-4 4470027 4470027 0
16 6032 rs11644204 83711062 1 7.547439777092485e-4 83711062 83711062 0
16 1750 rs1004101 19346639 1 -7.46197883570151e-4 19346639 19346639 0
16 280 rs9936062 5639772 1 7.4579343875371e-4 5639772 5639772 0
16 666 rs3826209 7668003 2 7.395924851631878e-4 7668003 7668003 0
16 6133 rs149158199 84203737 2 7.384564453622676e-4 84203737 84203737 0
16 2988 rs2302677 53682949 1 -7.364881445650173e-4 53682949 53682949 0
16 1735 rs2072076 19236181 1 -7.3252046543001e-4 19236181 19236181 0
16 1813 rs12933291 19842735 1 7.323396989970267e-4 19842735 19842735 0
16 4827 rs11149905 76509237 1 -7.322773136675567e-4 76509237 76509237 0
16 3484 rs2550374 58254448 1 -7.320068358119224e-4 58254448 58254448 0
16 1738 rs8049775 19277480 1 -7.319640448330021e-4 19277480 19277480 0
16 2661 rs41195 49277250 1 7.316241376760402e-4 49277250 49277250 0
16 2300 rs321452 26709540 1 -7.269985269832541e-4 26709540 26709540 0
16 67 rs9927202 1633100 1 -7.252876896961212e-4 1633100 1633100 0
16 3103 rs1420553 54745610 1 -7.202594679053276e-4 54745610 54745610 0
16 300 rs9302806 5793163 1 7.185780842482263e-4 5793163 5793163 0
16 325 rs12709148 6046935 1 7.134776210183754e-4 6046935 6046935 0
16 2153 rs2018465 25438088 1 7.132170268466803e-4 25438088 25438088 0
16 2311 rs9921777 26769180 1 7.075775744973046e-4 26769180 26769180 0
16 6352 rs16940186 86009740 1 -7.04881428270119e-4 86009740 86009740 0
16 369 rs17817199 6283228 1 7.038551266652641e-4 6283228 6283228 0
16 5042 rs12927467 77814179 1 7.029089395075289e-4 77814179 77814179 0
16 3901 rs2965999 63636398 2 -6.950946124212261e-4 63636398 63636398 0
16 5881 rs17674675 82935671 1 -6.948823532723607e-4 82935671 82935671 0
16 5875 rs7186665 82925521 1 6.926513799035767e-4 82925521 82925521 0
16 6201 rs247849 84546087 2 6.905763915504293e-4 84546087 84546087 0
16 3975 rs8054941 64439176 1 -6.889973228317717e-4 64439176 64439176 0
16 1118 rs8047250 10948792 1 -6.839700625597351e-4 10948792 10948792 0
16 2750 rs4785426 50493430 1 6.761998802565689e-4 50493430 50493430 0
16 2334 rs17638206 26972093 1 -6.738971430197454e-4 26972093 26972093 0
16 793 rs935807 8505587 1 -6.718720311701597e-4 8505587 8505587 0
16 4583 rs4451977 73183339 1 -6.718615464183896e-4 73183339 73183339 0
16 6687 rs8058895 89814807 1 6.700050999311806e-4 89814807 89814807 0
16 5064 rs397404 77926189 1 -6.663010926163343e-4 77926189 77926189 0
16 2466 rs11150581 30030699 2 -6.640232003711216e-4 30030699 30030699 0
16 6704 rs3803684 90046373 1 -6.637797951631594e-4 90046373 90046373 0
16 5021 rs380844 77677626 1 6.610534120808877e-4 77677626 77677626 0
16 4758 rs77029992 75642801 1 6.608715433828957e-4 75642801 75642801 0
16 5260 rs12929415 79036736 1 -6.608223860002894e-4 79036736 79036736 0
16 2969 rs12930428 53414756 1 -6.594095352649165e-4 53414756 53414756 0
16 6664 rs4238828 89335818 1 6.592155626669638e-4 89335818 89335818 0
16 1106 rs12918979 10772501 1 -6.58116767130917e-4 10772501 10772501 0
16 3733 rs8063879 61016679 1 6.557233184046781e-4 61016679 61016679 0
16 6279 rs7198093 85226863 1 6.543586012981363e-4 85226863 85226863 0
16 3655 rs930443 60365853 1 -6.497742616000942e-4 60365853 60365853 0
16 2469 rs13330462 30364805 1 6.494383018290644e-4 30364805 30364805 0
16 5031 rs2880781 77737858 1 6.417977299181097e-4 77737858 77737858 0
16 552 rs13334230 7235448 1 6.404104731102169e-4 7235448 7235448 0
16 6541 rs17697632 87141024 1 6.382672975240023e-4 87141024 87141024 0
16 2054 rs3785383 24046568 1 -6.280066623953293e-4 24046568 24046568 0
16 607 rs4257224 7395292 1 6.258289920740652e-4 7395292 7395292 0
16 5286 rs369487 79236908 1 6.22387133183963e-4 79236908 79236908 0
16 3462 rs691483 57953314 1 -6.192152697924358e-4 57953314 57953314 0
16 1153 rs243324 11354970 1 6.155694073950238e-4 11354970 11354970 0
16 2835 rs6499751 51678560 1 -6.104701157122602e-4 51678560 51678560 0
16 4556 rs4788684 73013633 1 6.085732458431879e-4 73013633 73013633 0
16 3710 rs1424203 60798217 1 6.054084259008057e-4 60798217 60798217 0
16 820 rs1731017 8839954 1 6.044376953327662e-4 8839954 8839954 0
16 5330 rs821237 79567790 1 6.027188370724302e-4 79567790 79567790 0
16 1987 rs8055169 22989407 1 6.026289192749754e-4 22989407 22989407 0
16 317 rs12446663 5966037 1 5.993461906638327e-4 5966037 5966037 0
16 2744 rs8054797 50419204 1 5.990440875141779e-4 50419204 50419204 0
16 839 rs4985087 9131247 1 5.936435775011691e-4 9131247 9131247 0
16 3131 rs8055853 55078667 1 -5.833431406330293e-4 55078667 55078667 0
16 258 rs653127 5505637 1 -5.796066147208405e-4 5505637 5505637 0
16 6244 rs7188498 84958018 1 -5.770837948901691e-4 84958018 84958018 0
16 5041 rs16946429 77775672 1 5.75130652926563e-4 77775672 77775672 0
16 1543 rs2293736 15841830 1 5.743704995212577e-4 15841830 15841830 0
16 5983 rs7203798 83516486 1 5.74304088688854e-4 83516486 83516486 0
16 3962 rs7184164 64281609 1 5.67466389253562e-4 64281609 64281609 0
16 1636 rs1377550 16932796 1 5.665363812876186e-4 16932796 16932796 0
16 927 rs17550532 9744095 2 5.662959980770121e-4 9744095 9744095 0
16 417 rs12929958 6666748 1 -5.647682460319713e-4 6666748 6666748 0
16 1662 rs11866797 17087440 1 -5.632780604489863e-4 17087440 17087440 0
16 1681 rs12324928 17409998 1 5.62673687659687e-4 17409998 17409998 0
16 5753 rs1865228 82498047 1 5.619336917370638e-4 82498047 82498047 0
16 771 rs8057314 8313272 1 -5.610575980420811e-4 8313272 8313272 0
16 3430 rs16958462 57667120 1 5.583649410100041e-4 57667120 57667120 0
16 6195 rs3743667 84520292 1 -5.571904562172909e-4 84520292 84520292 0
16 6298 rs13339618 85580716 2 5.517117108622993e-4 85580716 85580716 0
16 2897 rs12918945 52359470 1 -5.440334051508635e-4 52359470 52359470 0
16 1920 rs16970950 21145657 1 5.42118960030139e-4 21145657 21145657 0
16 3542 rs1020977 58942066 2 -5.40585773792313e-4 58942066 58942066 0
16 6505 rs8057453 86769827 1 -5.38324406539231e-4 86769827 86769827 0
16 4075 rs9939833 65502450 1 5.377276537376995e-4 65502450 65502450 0
16 3379 rs289726 57074451 1 5.365878927593685e-4 57074451 57074451 0
16 4805 rs17559027 76254341 1 -5.326563255493371e-4 76254341 76254341 0
16 2704 rs34214571 49671177 2 -5.324478414230208e-4 49671177 49671177 0
16 5910 rs8060436 83137339 1 -5.316265552085785e-4 83137339 83137339 0
16 3432 rs17379472 57693498 1 -5.300458343967802e-4 57693498 57693498 0
16 505 rs7187213 7093767 1 5.291564066386143e-4 7093767 7093767 0
16 468 rs6500824 6820960 1 5.284113115477076e-4 6820960 6820960 0
16 1376 rs13333201 13229319 1 5.269942015280391e-4 13229319 13229319 0
16 279 rs12930250 5623455 1 5.213257889975231e-4 5623455 5623455 0
16 1756 rs11074388 19355577 1 -5.211949629164252e-4 19355577 19355577 0
16 4044 rs16968667 65216241 1 -5.20816722361261e-4 65216241 65216241 0
16 5248 rs7200433 78955140 1 -5.205981800082259e-4 78955140 78955140 0
16 2821 rs11076016 51557928 1 5.194154029228119e-4 51557928 51557928 0
16 5773 rs8060066 82579944 1 -5.167280246799923e-4 82579944 82579944 0
16 5737 rs6565005 82286572 1 -5.165861821642126e-4 82286572 82286572 0
16 5931 rs889722 83260763 1 -5.153380186820366e-4 83260763 83260763 0
16 6486 rs1559451 86676242 2 5.152807633260103e-4 86676242 86676242 0
16 2252 rs8048431 26335819 1 -5.049799147971325e-4 26335819 26335819 0
16 5643 rs9929793 81395603 1 -5.048653358494979e-4 81395603 81395603 0
16 3095 rs1151277 54620503 2 -5.037742767498177e-4 54620503 54620503 0
16 3883 rs219586 63334244 1 4.973594698006577e-4 63334244 63334244 0
16 5066 rs12445901 77963488 1 4.960036345646012e-4 77963488 77963488 0
16 4333 rs9937080 68885039 1 -4.865871738917582e-4 68885039 68885039 0
16 4706 rs8049101 74906114 1 4.8354399642320807e-4 74906114 74906114 0
16 5026 rs2880779 77699078 1 4.809644115764248e-4 77699078 77699078 0
16 2882 rs2540764 52207769 2 4.796944681173681e-4 52207769 52207769 0
16 202 rs8129 4562351 1 4.7669000389923303e-4 4562351 4562351 0
16 6168 rs13336802 84412028 1 -4.750890899882664e-4 84412028 84412028 0
16 2900 rs7196579 52361831 2 -4.743487581580162e-4 52361831 52361831 0
16 919 rs11646265 9720982 1 4.7322759498611e-4 9720982 9720982 0
16 6336 rs11117418 85966527 1 -4.720241015592847e-4 85966527 85966527 0
16 1198 rs12932782 11543870 1 -4.716892119170516e-4 11543870 11543870 0
16 3820 rs2911301 62624382 1 -4.692850182717967e-4 62624382 62624382 0
16 5812 rs8045995 82697948 1 4.678906935592861e-4 82697948 82697948 0
16 5765 rs766291 82567970 1 -4.645142483589064e-4 82567970 82567970 0
16 3674 rs3990579 60513639 1 4.637843870802224e-4 60513639 60513639 0
16 498 rs1105004 6972216 2 4.60021361562442e-4 6972216 6972216 0
16 4854 rs7192798 76844155 1 4.5920514273246383e-4 76844155 76844155 0
16 4679 rs3851729 74485529 1 -4.5715980153065473e-4 74485529 74485529 0
16 128 rs11077325 3277251 1 4.5643888751825375e-4 3277251 3277251 0
16 6295 rs2035489 85459134 1 4.5635748794630647e-4 85459134 85459134 0
16 45 rs2941955 1522176 1 -4.5620013969694e-4 1522176 1522176 0
16 3549 rs1370251 58996454 1 -4.5548168043011377e-4 58996454 58996454 0
16 2859 rs4783960 51848382 1 4.550122408717988e-4 51848382 51848382 0
16 647 rs8050946 7592161 1 4.52995216935385e-4 7592161 7592161 0
16 4690 rs7193541 74664743 1 4.504954734781823e-4 74664743 74664743 0
16 1263 rs8049296 12506846 1 4.463313341634064e-4 12506846 12506846 0
16 605 rs6500949 7386523 1 -4.454120116823338e-4 7386523 7386523 0
16 6629 rs11646212 88677118 1 4.436925413902183e-4 88677118 88677118 0
16 448 rs1978293 6758922 1 -4.4352736749264074e-4 6758922 6758922 0
16 887 rs8054451 9585097 1 -4.431470482811109e-4 9585097 9585097 0
16 2639 rs1972586 49019194 1 4.398228632666452e-4 49019194 49019194 0
16 4637 rs12920607 73728620 2 4.381596494940109e-4 73728620 73728620 0
16 1394 rs1018891 13457714 2 4.344846135828462e-4 13457714 13457714 0
16 5601 rs16954755 81171635 1 -4.33949247658249e-4 81171635 81171635 0
16 4876 rs1502444 77059172 1 4.319317594269981e-4 77059172 77059172 0
16 1736 rs2352982 19240711 1 4.308443174770967e-4 19240711 19240711 0
16 3809 rs12925410 62426551 1 4.300526840481973e-4 62426551 62426551 0
16 2474 rs7197475 30642867 1 -4.271348697164939e-4 30642867 30642867 0
16 2686 rs7196550 49537110 2 -4.27098276753922e-4 49537110 49537110 0
16 6439 rs12921058 86422686 1 -4.2690340850055984e-4 86422686 86422686 0
16 371 rs10500337 6303869 1 -4.245714977113e-4 6303869 6303869 0
16 4354 rs153052 69446526 1 4.244580430080214e-4 69446526 69446526 0
16 4539 rs9930344 72381557 1 4.240399510077102e-4 72381557 72381557 0
16 1548 rs6498573 15879373 1 -4.230406953421929e-4 15879373 15879373 0
16 5891 rs12597778 82994130 2 4.203205356695806e-4 82994130 82994130 0
16 6120 rs9933734 84069394 1 -4.192968797888454e-4 84069394 84069394 0
16 4237 rs3743725 66955434 1 -4.18540358805198e-4 66955434 66955434 0
16 5068 rs11645365 77965017 1 4.158340818610349e-4 77965017 77965017 0
16 5268 rs2202423 79076706 1 -4.1502347462863255e-4 79076706 79076706 0
16 1737 rs3785351 19250219 1 4.133654448028253e-4 19250219 19250219 0
16 3378 rs4784754 57071963 1 -4.1314170623263455e-4 57071963 57071963 0
16 6034 rs12932980 83718063 1 4.1131878767528576e-4 83718063 83718063 0
16 2044 rs8051034 23925134 1 4.098954824635618e-4 23925134 23925134 0
16 3960 rs1559331 64172803 1 -4.098775777223856e-4 64172803 64172803 0
16 5477 rs11859036 80305551 1 4.097422638443453e-4 80305551 80305551 0
16 1719 rs10451103 18094687 1 -4.074131421752748e-4 18094687 18094687 0
16 3219 rs837550 55562466 1 4.067641514509056e-4 55562466 55562466 0
16 1389 rs12232403 13367049 2 -4.057466352466792e-4 13367049 13367049 0
16 5389 rs11150222 79860772 1 4.0513090167463694e-4 79860772 79860772 0
16 5020 rs1449210 77664810 1 4.0272571121477e-4 77664810 77664810 0
16 6343 rs305059 85976018 1 4.024773682382644e-4 85976018 85976018 0
16 395 rs813914 6534369 1 -4.0105997404510737e-4 6534369 6534369 0
16 5657 rs11865203 81488893 1 -3.995299509810972e-4 81488893 81488893 0
16 2733 rs8050299 50038302 1 -3.977630093743459e-4 50038302 50038302 0
16 2998 rs7193144 53810686 1 -3.969459592978451e-4 53810686 53810686 0
16 3589 rs11076322 59542037 1 -3.967237005277439e-4 59542037 59542037 0
16 6129 rs3785028 84136622 1 -3.961711087006629e-4 84136622 84136622 0
16 5380 rs4243183 79828775 1 -3.940150541795509e-4 79828775 79828775 0
16 4811 rs9939043 76340905 1 -3.932292046126208e-4 76340905 76340905 0
16 3428 rs7196304 57647543 2 3.923933911424192e-4 57647543 57647543 0
16 1864 rs7188098 20326407 1 3.9012065279028015e-4 20326407 20326407 0
16 1393 rs1858993 13457439 2 -3.890882035285245e-4 13457439 13457439 0
16 1306 rs9926239 12673270 1 3.8795414157070886e-4 12673270 12673270 0
16 4703 rs4328467 74876612 1 -3.863081633153724e-4 74876612 74876612 0
16 4641 rs6564491 73760302 1 -3.861678399637452e-4 73760302 73760302 0
16 5355 rs11866972 79738425 1 -3.8350555058948294e-4 79738425 79738425 0
16 357 rs9935453 6188504 1 -3.8180860687437007e-4 6188504 6188504 0
16 5961 rs8052595 83423535 2 -3.805726453578389e-4 83423535 83423535 0
16 6282 rs4783151 85242284 1 -3.76873187145478e-4 85242284 85242284 0
16 1824 rs12102869 19918987 1 -3.729676069529572e-4 19918987 19918987 0
16 5909 rs4411488 83135503 1 -3.71001238126721e-4 83135503 83135503 0
16 5749 rs11150465 82474501 1 3.7022298805867505e-4 82474501 82474501 0
16 4820 rs7185647 76462538 1 3.6858300469388327e-4 76462538 76462538 0
16 4572 rs4788700 73137924 1 3.6735225368621064e-4 73137924 73137924 0
16 2091 rs985729 24394451 1 3.6592253398775904e-4 24394451 24394451 0
16 6265 rs3829514 85094998 1 3.644879858639789e-4 85094998 85094998 0
16 3333 rs1561140 56864398 1 -3.6288892664344065e-4 56864398 56864398 0
16 1821 rs13330807 19902138 1 -3.6258163728728913e-4 19902138 19902138 0
16 1190 rs9924102 11511856 1 -3.624301333731078e-4 11511856 11511856 0
16 2465 rs11642612 30030195 1 3.617209480880951e-4 30030195 30030195 0
16 3824 rs2131402 62633196 1 -3.614791487718512e-4 62633196 62633196 0
16 708 rs8063561 7955873 1 3.584833794990001e-4 7955873 7955873 0
16 2444 rs7201546 29020294 1 -3.58233736794713e-4 29020294 29020294 0
16 1668 rs11860576 17135449 1 -3.565835178997585e-4 17135449 17135449 0
16 720 rs4559892 7987743 1 3.547216314637398e-4 7987743 7987743 0
16 5123 rs16947257 78223246 1 3.527325748221582e-4 78223246 78223246 0
16 4733 rs11640018 75328308 1 3.510592614493065e-4 75328308 75328308 0
16 3289 rs1478478 56402531 1 3.5076081266769354e-4 56402531 56402531 0
16 3168 rs7204268 55253123 1 3.503477238595086e-4 55253123 55253123 0
16 4026 rs257338 65054942 1 -3.49794456962604e-4 65054942 65054942 0
16 4617 rs9934948 73439355 2 3.4973372910128886e-4 73439355 73439355 0
16 2156 rs9932249 25445588 1 3.495271373887882e-4 25445588 25445588 0
16 3920 rs4949143 63754345 1 -3.4912198823424637e-4 63754345 63754345 0
16 5853 rs8051326 82822712 1 -3.4786045470109e-4 82822712 82822712 0
16 655 rs7190647 7616856 1 -3.4132247698605327e-4 7616856 7616856 0
16 1968 rs189013090 22826046 1 3.4083803584513295e-4 22826046 22826046 0
16 3725 rs7190623 60914065 1 -3.403477690667357e-4 60914065 60914065 0
16 1989 rs972911 22995535 1 3.402931751733093e-4 22995535 22995535 0
16 6567 rs3762179 87325912 1 3.3989994604213076e-4 87325912 87325912 0
16 3121 rs4784429 54859732 1 -3.382014020275788e-4 54859732 54859732 0
16 3220 rs8059138 55578456 1 -3.378064259194573e-4 55578456 55578456 0
16 907 rs12149759 9651823 1 3.3755884990789066e-4 9651823 9651823 0
16 1375 rs204018 13227829 1 -3.3709845659423505e-4 13227829 13227829 0
16 2778 rs1390762 50895174 1 3.3636971779193797e-4 50895174 50895174 0
16 6200 rs247856 84542415 1 3.3487447848581367e-4 84542415 84542415 0
16 3093 rs8051442 54605600 1 -3.3386836603366597e-4 54605600 54605600 0
16 1572 rs7198766 16105965 1 -3.335709868867672e-4 16105965 16105965 0
16 6143 rs4150116 84219849 2 -3.3250955488530127e-4 84219849 84219849 0
16 3813 rs7200019 62518621 1 3.320416802354199e-4 62518621 62518621 0
16 1072 rs1540524 10529400 1 3.313418402732356e-4 10529400 10529400 0
16 5769 rs8046910 82575913 1 -3.3128768645450943e-4 82575913 82575913 0
16 4831 rs7206446 76525278 2 3.265378919031962e-4 76525278 76525278 0
16 2577 rs16945716 47980267 1 3.2476978662448564e-4 47980267 47980267 0
16 4047 rs4377158 65257766 1 3.233019398634954e-4 65257766 65257766 0
16 1249 rs350267 12239338 2 -3.225090763955803e-4 12239338 12239338 0
16 3357 rs9989419 56985139 1 3.2011831206278966e-4 56985139 56985139 0
16 1219 rs154148 11956478 1 -3.199272887643579e-4 11956478 11956478 0
16 5582 rs2549822 81015560 1 3.167848040745288e-4 81015560 81015560 0
16 4744 rs2738792 75565284 1 -3.134539832928907e-4 75565284 75565284 0
16 1519 rs4985124 15125441 1 3.1259419762977504e-4 15125441 15125441 0
16 1221 rs10852344 12016919 1 -3.1011783806688954e-4 12016919 12016919 0
16 1373 rs16961126 13194411 1 -3.0902112823793794e-4 13194411 13194411 0
16 880 rs1594041 9528277 2 -3.073347957065556e-4 9528277 9528277 0
16 4647 rs328395 73835699 1 3.061685209859024e-4 73835699 73835699 0
16 2815 rs1420982 51416422 1 -3.0591383965834464e-4 51416422 51416422 0
16 1413 rs7200899 13572974 1 3.0360737665680786e-4 13572974 13572974 0
16 1200 rs9939731 11557982 1 3.0264634610694394e-4 11557982 11557982 0
16 1638 rs1563096 16943031 1 3.0168478870894536e-4 16943031 16943031 0
16 3427 rs12708990 57640552 1 3.0085475983933856e-4 57640552 57640552 0
16 2930 rs12324961 52682139 1 3.00253963818957e-4 52682139 52682139 0
16 2341 rs16976492 27031395 2 -2.996059092060303e-4 27031395 27031395 0
16 4720 rs989925 75141060 2 -2.9901449345058644e-4 75141060 75141060 0
16 2112 rs7184410 24714032 1 -2.9846223450648936e-4 24714032 24714032 0
16 4408 rs3096380 71319646 1 -2.9756805425042236e-4 71319646 71319646 0
16 1478 rs11861769 13871313 1 -2.969858779931184e-4 13871313 13871313 0
16 2055 rs6497714 24056797 1 2.9696846278613287e-4 24056797 24056797 0
16 5825 rs7194615 82769498 1 2.954557409850665e-4 82769498 82769498 0
16 6585 rs8056477 87599250 2 2.9242469912554403e-4 87599250 87599250 0
16 4644 rs1511924 73805209 1 -2.920421532682462e-4 73805209 73805209 0
16 5609 rs1453324 81190613 2 -2.9128021174136163e-4 81190613 81190613 0
16 4280 rs8060686 67911517 1 2.9081451202511916e-4 67911517 67911517 0
16 49 rs4786772 1532837 1 2.891203215707233e-4 1532837 1532837 0
16 4313 rs698728 68625253 1 -2.8849290362845803e-4 68625253 68625253 0
16 3146 rs1825730 55122421 1 -2.8813038499202496e-4 55122421 55122421 0
16 4252 rs1061356 67304915 1 -2.853575279419073e-4 67304915 67304915 0
16 4524 rs7202323 72217113 1 -2.8490846703057085e-4 72217113 72217113 0
16 6545 rs7342713 87160954 1 2.784450585854575e-4 87160954 87160954 0
16 5106 rs144601717 78148935 1 -2.750606116290241e-4 78148935 78148935 0
16 108 rs7193548 2950185 1 -2.742481733440837e-4 2950185 2950185 0
16 707 rs11649687 7952180 1 -2.7291695630536747e-4 7952180 7952180 0
16 3170 rs2397379 55256106 1 2.721119825852548e-4 55256106 55256106 0
16 5913 rs17279341 83141167 1 2.7023941370279346e-4 83141167 83141167 0
16 6297 rs8061209 85537421 1 2.69803445132682e-4 85537421 85537421 0
16 5008 rs8045050 77621601 1 -2.692363881044745e-4 77621601 77621601 0
16 9 rs419949 334890 1 2.685155747465199e-4 334890 334890 0
16 5406 rs10514470 79968790 1 2.684499416219494e-4 79968790 79968790 0
16 5926 rs8055236 83212398 1 -2.677430106953351e-4 83212398 83212398 0
16 5058 rs4510022 77896021 1 -2.675871463797113e-4 77896021 77896021 0
16 773 rs921473 8328333 1 -2.668295209655645e-4 8328333 8328333 0
16 614 rs8050422 7442794 1 -2.6298367256210643e-4 7442794 7442794 0
16 6189 rs2241639 84495770 1 -2.62431795210468e-4 84495770 84495770 0
16 1209 rs9932684 11707291 1 2.614835536161243e-4 11707291 11707291 0
16 2997 rs1121980 53809247 1 2.612152392385277e-4 53809247 53809247 0
16 2099 rs8061169 24470713 1 -2.604121069657048e-4 24470713 24470713 0
16 2279 rs4787850 26547937 1 2.602647221891007e-4 26547937 26547937 0
16 4020 rs463625 64964233 1 2.5974708759090887e-4 64964233 64964233 0
16 4063 rs818383 65445472 1 -2.593794278781628e-4 65445472 65445472 0
16 6331 rs10514611 85955242 1 2.58017501989501e-4 85955242 85955242 0
16 436 rs12102441 6738546 1 -2.5569454821882987e-4 6738546 6738546 0
16 2371 rs4787956 27378249 1 -2.551999496846665e-4 27378249 27378249 0
16 5114 rs7190335 78190218 1 -2.544665971164988e-4 78190218 78190218 0
16 1682 rs9925059 17415786 1 2.5367744683735965e-4 17415786 17415786 0
16 439 rs17140942 6746136 1 2.532791994676717e-4 6746136 6746136 0
16 3413 rs604965 57521274 1 2.5156328936331326e-4 57521274 57521274 0
16 1276 rs3865110 12589502 1 -2.5034588091770533e-4 12589502 12589502 0
16 6291 rs9933677 85379272 1 -2.4973776013219334e-4 85379272 85379272 0
16 3727 rs7188689 60922505 1 2.482225317037966e-4 60922505 60922505 0
16 1171 rs1345879 11404762 1 -2.464804903622642e-4 11404762 11404762 0
16 5557 rs9927624 80924253 1 2.463224166760839e-4 80924253 80924253 0
16 1969 rs457812 22836249 2 -2.4565569159398846e-4 22836249 22836249 0
16 4189 rs7189512 66324048 1 -2.453117707976949e-4 66324048 66324048 0
16 1280 rs3865113 12595967 2 2.3882306614690977e-4 12595967 12595967 0
16 4543 rs11075945 72747560 1 2.3695397489639745e-4 72747560 72747560 0
16 141 rs11640177 3458609 1 -2.3650418766023892e-4 3458609 3458609 0
16 2791 rs11076545 51015161 1 2.350915378360852e-4 51015161 51015161 0
16 3535 rs9926959 58884681 1 2.3477367040468364e-4 58884681 58884681 0
16 2893 rs1477015 52315252 1 -2.3426674751718352e-4 52315252 52315252 0
16 3157 rs9922031 55216971 1 -2.334913402726338e-4 55216971 55216971 0
16 1926 rs16971234 21217061 1 2.3262219689265592e-4 21217061 21217061 0
16 3559 rs4430729 59171239 1 2.3098266795712003e-4 59171239 59171239 0
16 1833 rs1886713 20023218 1 -2.3082681507528187e-4 20023218 20023218 0
16 401 rs17540794 6569372 1 -2.299283984129504e-4 6569372 6569372 0
16 3423 rs8058898 57631371 1 -2.29008543683676e-4 57631371 57631371 0
16 1803 rs13336298 19670448 1 2.2886064703348425e-4 19670448 19670448 0
16 4760 rs3743599 75646576 1 -2.2483531139087063e-4 75646576 75646576 0
16 715 rs4396517 7973527 1 2.221253416762568e-4 7973527 7973527 0
16 1517 rs4782165 14551039 1 -2.178272560000039e-4 14551039 14551039 0
16 3116 rs7198507 54796410 1 2.1562093964047445e-4 54796410 54796410 0
16 836 rs4076904 9052473 1 2.143884718810366e-4 9052473 9052473 0
16 914 rs7192817 9703561 1 2.129895475432433e-4 9703561 9703561 0
16 4835 rs8054609 76558450 1 2.103439898015075e-4 76558450 76558450 0
16 1863 rs4238593 20314682 1 2.103069495504461e-4 20314682 20314682 0
16 5818 rs1870846 82709257 1 2.096963142006794e-4 82709257 82709257 0
16 434 rs35435717 6733771 1 2.0854518168844503e-4 6733771 6733771 0
16 3795 rs12929095 62218299 1 2.0749492148822423e-4 62218299 62218299 0
16 3461 rs489106 57952870 1 -2.0574815865981067e-4 57952870 57952870 0
16 82 rs3848348 1890056 1 -2.0544953754903536e-4 1890056 1890056 0
16 2241 rs11074761 26264310 1 -2.0334556849109544e-4 26264310 26264310 0
16 3946 rs11865482 64017129 1 -2.0173263422536245e-4 64017129 64017129 0
16 5988 rs4782543 83552798 1 2.0150478165402796e-4 83552798 83552798 0
16 4631 rs2432547 73565299 1 -1.9944305813428704e-4 73565299 73565299 0
16 6602 rs6540085 87852975 1 1.9932841268715544e-4 87852975 87852975 0
16 2861 rs11076194 51903470 1 1.9886174640821095e-4 51903470 51903470 0
16 206 rs934924 4643948 2 1.981851044370119e-4 4643948 4643948 0
16 5646 rs9930065 81398318 1 1.971581916944598e-4 81398318 81398318 0
16 6701 rs1110400 89986130 1 1.9691017018414332e-4 89986130 89986130 0
16 41 rs61587627 1273444 1 1.9683216493893152e-4 1273444 1273444 0
16 2346 rs11074843 27090311 1 1.958333620293784e-4 27090311 27090311 0
16 5236 rs13332126 78871055 1 -1.944819297730269e-4 78871055 78871055 0
16 390 rs9931078 6448291 2 1.939374207673939e-4 6448291 6448291 0
16 3911 rs935813 63717319 1 -1.9346213165289408e-4 63717319 63717319 0
16 1861 rs6497453 20258838 1 -1.924332407869384e-4 20258838 20258838 0
16 3576 rs725517 59408342 1 1.8906550730811192e-4 59408342 59408342 0
16 5649 rs8062805 81422951 1 1.8892398765615805e-4 81422951 81422951 0
16 3366 rs16965039 57047299 1 -1.8458490690486848e-4 57047299 57047299 0
16 125 rs393461 3239518 1 1.8299840589092403e-4 3239518 3239518 0
16 1653 rs4782058 17004238 1 1.8237359439403017e-4 17004238 17004238 0
16 2854 rs8063143 51803936 1 1.810257102555732e-4 51803936 51803936 0
16 4153 rs1559306 66066037 1 -1.8041650789210088e-4 66066037 66066037 0
16 5180 rs1540763 78545984 1 1.7826932449556938e-4 78545984 78545984 0
16 3433 rs736570 57711563 1 -1.777816343030731e-4 57711563 57711563 0
16 3393 rs7197204 57221865 2 1.7674102109516317e-4 57221865 57221865 0
16 5850 rs12934135 82820866 1 1.748874775713693e-4 82820866 82820866 0
16 6214 rs4782638 84608584 1 1.7392357973803452e-4 84608584 84608584 0
16 2462 rs11860782 29989739 1 -1.719975452253934e-4 29989739 29989739 0
16 6639 rs7188200 89167094 1 1.7154548746666572e-4 89167094 89167094 0
16 4339 rs193968 69000588 1 -1.7106282045646555e-4 69000588 69000588 0
16 1066 rs12443943 10428747 1 1.7038742275920983e-4 10428747 10428747 0
16 3805 rs10500465 62306893 1 -1.6959220450261985e-4 62306893 62306893 0
16 944 rs11639519 9845006 1 -1.6845483614147053e-4 9845006 9845006 0
16 4586 rs11075971 73197239 1 -1.6740514257880664e-4 73197239 73197239 0
16 6106 rs7186171 83927239 1 1.6672396766899433e-4 83927239 83927239 0
16 1874 rs4496151 20373290 1 -1.635413135955816e-4 20373290 20373290 0
16 1802 rs9937808 19666048 1 -1.6346312819294755e-4 19666048 19666048 0
16 4176 rs23840 66178141 1 -1.6308895995656797e-4 66178141 66178141 0
16 2240 rs1424220 26263239 1 1.608870061048809e-4 26263239 26263239 0
16 6012 rs2059246 83662283 1 -1.600145977657665e-4 83662283 83662283 0
16 5156 rs3764342 78466758 2 -1.5940691533178217e-4 78466758 78466758 0
16 4909 rs4243134 77177128 2 1.578215471651373e-4 77177128 77177128 0
16 1104 rs2719701 10766516 1 -1.5518535430194e-4 10766516 10766516 0
16 2365 rs3024630 27366126 1 -1.5448906131773635e-4 27366126 27366126 0
16 4337 rs10500546 68956625 1 -1.5440107940791926e-4 68956625 68956625 0
16 5173 rs8054906 78526622 1 -1.5149022621219603e-4 78526622 78526622 0
16 1392 rs176077 13407712 1 -1.5070291358597711e-4 13407712 13407712 0
16 936 rs1543889 9798087 1 1.500522840996727e-4 9798087 9798087 0
16 2863 rs1110495 51914974 2 -1.4947049466632688e-4 51914974 51914974 0
16 5684 rs7202205 81884639 2 1.4853198024730513e-4 81884639 81884639 0
16 1199 rs6498194 11544824 1 -1.4793169002220058e-4 11544824 11544824 0
16 4291 rs9932251 68131732 1 1.4757038239499054e-4 68131732 68131732 0
16 4858 rs12385989 76888971 1 1.4465442084172364e-4 76888971 76888971 0
16 2123 rs117821015 24788549 1 1.4350923267094783e-4 24788549 24788549 0
16 5998 rs12444964 83572237 1 -1.4083018167390226e-4 83572237 83572237 0
16 5430 rs10514482 80151927 1 -1.4011438740409683e-4 80151927 80151927 0
16 1117 rs8048114 10948770 1 -1.3981844530893962e-4 10948770 10948770 0
16 1165 rs398364 11387164 1 1.3855595894446702e-4 11387164 11387164 0
16 5108 rs11648121 78181986 1 -1.380668629349776e-4 78181986 78181986 0
16 181 rs2601828 4103871 1 1.3769745993387494e-4 4103871 4103871 0
16 3877 rs1369926 63276158 1 -1.369550000693763e-4 63276158 63276158 0
16 5489 rs9933411 80398966 1 1.366857341270143e-4 80398966 80398966 0
16 1180 rs8056559 11470066 2 -1.3618694110346258e-4 11470066 11470066 0
16 5813 rs11646011 82699726 1 -1.361790684525169e-4 82699726 82699726 0
16 297 rs8063739 5778928 1 1.3505853290965604e-4 5778928 5778928 0
16 2887 rs1894878 52241761 1 -1.3277902144198385e-4 52241761 52241761 0
16 4832 rs4888517 76526428 1 -1.2962985615629443e-4 76526428 76526428 0
16 6270 rs1566465 85127825 1 1.2613634980138973e-4 85127825 85127825 0
16 6625 rs7185018 88464220 1 1.2573065308318568e-4 88464220 88464220 0
16 6113 rs62640905 83999548 1 -1.2497968348844165e-4 83999548 83999548 0
16 2122 rs6497755 24787195 2 1.2213324198345315e-4 24787195 24787195 0
16 446 rs7196815 6756689 1 -1.1683137099929848e-4 6756689 6756689 0
16 1724 rs74546628 18166320 1 -1.1672010977116971e-4 18166320 18166320 0
16 3615 rs4784090 59776257 1 -1.158330933195562e-4 59776257 59776257 0
16 5566 rs7187651 80937545 1 -1.1532129404215212e-4 80937545 80937545 0
16 5997 rs11640984 83571892 1 -1.1420858819188666e-4 83571892 83571892 0
16 62 rs2235641 1608177 1 1.134808293958659e-4 1608177 1608177 0
16 2672 rs8057939 49394276 1 1.1301583791571102e-4 49394276 49394276 0
16 5378 rs16951388 79817112 1 -1.1269993491617964e-4 79817112 79817112 0
16 901 rs8062824 9631928 1 -1.1253075017245994e-4 9631928 9631928 0
16 3506 rs7188697 58622178 2 1.1071109186873428e-4 58622178 58622178 0
16 4156 rs1116185 66086080 1 1.0976987158442456e-4 66086080 66086080 0
16 362 rs11077011 6259081 1 -1.0911130183573912e-4 6259081 6259081 0
16 6198 rs11643825 84534796 1 -1.0884689573665242e-4 84534796 84534796 0
16 4568 rs7200212 73033513 1 -1.0718156769441496e-4 73033513 73033513 0
16 6268 rs2291962 85120609 1 -1.0534406399774188e-4 85120609 85120609 0
16 2458 rs1057451 29833488 1 -1.02338817134268e-4 29833488 29833488 0
16 5906 rs8045680 83102072 1 1.002281238412398e-4 83102072 83102072 0
16 3511 rs16960359 58704496 1 9.938377706859864e-5 58704496 58704496 0
16 356 rs9939521 6186577 1 -9.84090613021334e-5 6186577 6186577 0
16 519 rs17736941 7143815 1 9.681938463105576e-5 7143815 7143815 0
16 5198 rs3853362 78604831 1 -9.62771950302702e-5 78604831 78604831 0
16 4749 rs2550888 75572495 1 -9.481162858435842e-5 75572495 75572495 0
16 4520 rs7201225 72210050 1 9.431264942587812e-5 72210050 72210050 0
16 1744 rs8052275 19330103 1 9.366567642700275e-5 19330103 19330103 0
16 3293 rs7189122 56471410 1 -9.336911185339972e-5 56471410 56471410 0
16 2471 rs12921440 30408765 2 9.18723882926127e-5 30408765 30408765 0
16 4149 rs17698251 66050995 1 -9.177086335730296e-5 66050995 66050995 0
16 3387 rs8056241 57128388 1 8.966204353983551e-5 57128388 57128388 0
16 4203 rs2344565 66419668 1 -8.906692932715953e-5 66419668 66419668 0
16 735 rs4787108 8047081 1 8.869461366690607e-5 8047081 8047081 0
16 2357 rs16976568 27165832 1 8.8144229489449e-5 27165832 27165832 0
16 6640 rs7200676 89168911 1 -8.767525995894885e-5 89168911 89168911 0
16 6626 rs11076691 88465992 1 8.658139629726721e-5 88465992 88465992 0
16 1132 rs9652600 11174014 1 8.614017976724147e-5 11174014 11174014 0
16 2748 rs4511529 50474887 1 -8.512940617713414e-5 50474887 50474887 0
16 4999 rs282969 77577415 1 8.325017978119792e-5 77577415 77577415 0
16 5794 rs8063330 82627952 1 8.307788480887929e-5 82627952 82627952 0
16 6258 rs1875247 85044207 1 8.240251739648112e-5 85044207 85044207 0
16 2956 rs11644234 53036844 1 8.215256922984744e-5 53036844 53036844 0
16 2532 rs11866987 31659915 2 -8.119393030865525e-5 31659915 31659915 0
16 3113 rs4257585 54793796 1 8.024388087934955e-5 54793796 54793796 0
16 3167 rs7204223 55249926 1 -8.020852693213767e-5 55249926 55249926 0
16 632 rs7193689 7534239 1 -7.981025786305388e-5 7534239 7534239 0
16 2711 rs1477023 49727574 1 -7.898140654009463e-5 49727574 49727574 0
16 4365 rs33063 69640217 1 -7.843764911864723e-5 69640217 69640217 0
16 5247 rs9931349 78930530 1 -7.833438108876375e-5 78930530 78930530 0
16 6438 rs12923934 86422256 1 -7.828673571577116e-5 86422256 86422256 0
16 5452 rs11643917 80203882 1 -7.71688771082575e-5 80203882 80203882 0
16 3045 rs2665271 54127879 1 -7.63670808377105e-5 54127879 54127879 0
16 6654 rs72819401 89293730 2 -7.629113171725756e-5 89293730 89293730 0
16 6204 rs12447843 84575896 1 -7.586034323310979e-5 84575896 84575896 0
16 3292 rs8059717 56465425 1 -7.462030268975911e-5 56465425 56465425 0
16 5502 rs9937686 80486041 1 7.318860990159535e-5 80486041 80486041 0
16 6161 rs444804 84326070 1 7.09631794315036e-5 84326070 84326070 0
16 5957 rs11639762 83417177 1 -6.98005348842021e-5 83417177 83417177 0
16 6450 rs11117502 86493418 1 -6.770649123720825e-5 86493418 86493418 0
16 72 rs2235490 1743511 1 -6.664879478363164e-5 1743511 1743511 0
16 2729 rs11076508 49927731 1 -6.540043043554169e-5 49927731 49927731 0
16 2894 rs11075433 52320342 1 -6.478716419303042e-5 52320342 52320342 0
16 4688 rs7204804 74657421 1 -6.463889451897702e-5 74657421 74657421 0
16 368 rs9940011 6282896 2 6.452497591166606e-5 6282896 6282896 0
16 4955 rs6564434 77396835 1 -6.428996194625966e-5 77396835 77396835 0
16 63 rs11648609 1616201 1 6.388482923698374e-5 1616201 1616201 0
16 6215 rs2967846 84613405 1 6.155677419191892e-5 84613405 84613405 0
16 6603 rs12598848 87854337 1 5.983970560683985e-5 87854337 87854337 0
16 4605 rs12149821 73408674 1 5.886085691147188e-5 73408674 73408674 0
16 762 rs1376657 8198871 1 -5.723714142503703e-5 8198871 8198871 0
16 3411 rs223848 57460493 1 -5.626227763248085e-5 57460493 57460493 0
16 194 rs10974 4404620 1 5.615262667145454e-5 4404620 4404620 0
16 4862 rs4611480 76910045 1 -5.4882862100185185e-5 76910045 76910045 0
16 935 rs1362327 9797639 2 -5.355183020059809e-5 9797639 9797639 0
16 5239 rs8054190 78897381 2 -5.2497285128884135e-5 78897381 78897381 0
16 6242 rs1391103 84943219 1 5.177539261632022e-5 84943219 84943219 0
16 4715 rs11149788 75025548 1 -5.150387572212925e-5 75025548 75025548 0
16 6448 rs11117500 86478363 1 5.106250988076015e-5 86478363 86478363 0
16 4329 rs12599393 68829021 1 -5.015506132673003e-5 68829021 68829021 0
16 2026 rs8058061 23653020 1 5.0035396589862016e-5 23653020 23653020 0
16 5080 rs403055 78016402 1 4.881396247587847e-5 78016402 78016402 0
16 2002 rs35541113 23079621 1 4.621834689950602e-5 23079621 23079621 0
16 682 rs9929491 7767262 2 4.5255481138702975e-5 7767262 7767262 0
16 4349 rs76116020 69385641 1 4.4742890236405e-5 69385641 69385641 0
16 885 rs9932006 9577109 1 -4.446848731617959e-5 9577109 9577109 0
16 1856 rs8059941 20231496 1 4.443930728605072e-5 20231496 20231496 0
16 3818 rs288580 62558165 1 -4.3793012678074674e-5 62558165 62558165 0
16 2498 rs12928810 31311715 2 4.235031019380524e-5 31311715 31311715 0
16 5615 rs11641758 81205590 2 4.138930810611405e-5 81205590 81205590 0
16 1665 rs16968289 17108374 1 -4.083892624792386e-5 17108374 17108374 0
16 2086 rs8047869 24359043 1 4.0320283632594035e-5 24359043 24359043 0
16 623 rs7186570 7454496 1 4.025228244710235e-5 7454496 7454496 0
16 2259 rs11074780 26459921 1 3.983801617870533e-5 26459921 26459921 0
16 5884 rs6565081 82962110 1 -3.9093096031760153e-5 82962110 82962110 0
16 3406 rs2239354 57418987 1 -3.8183468919509305e-5 57418987 57418987 0
16 5478 rs9319551 80315306 1 3.7382934920809826e-5 80315306 80315306 0
16 3635 rs2582597 60125785 1 3.617311178457225e-5 60125785 60125785 0
16 1311 rs11647617 12677321 1 3.5757678137837595e-5 12677321 12677321 0
16 286 rs9922300 5646205 1 -3.501134783576309e-5 5646205 5646205 0
16 3447 rs2967172 57795394 1 2.946648938528444e-5 57795394 57795394 0
16 2215 rs4522422 25976314 1 2.9231620480582345e-5 25976314 25976314 0
16 6228 rs16974538 84783658 1 2.8454726381449865e-5 84783658 84783658 0
16 865 rs1428809 9429916 1 -2.634867824668771e-5 9429916 9429916 0
16 4281 rs10468274 67922342 1 2.5830603741908733e-5 67922342 67922342 0
16 6136 rs4150173 84213254 1 2.4580229663988045e-5 84213254 84213254 0
16 3117 rs11076057 54827785 1 2.3269347805718173e-5 54827785 54827785 0
16 2229 rs11862834 26117039 1 2.2397218607673616e-5 26117039 26117039 0
16 553 rs9930591 7235947 2 2.1968386043583057e-5 7235947 7235947 0
16 2273 rs9939729 26532143 2 -2.1883943451241387e-5 26532143 26532143 0
16 4521 rs17604349 72210865 1 -1.8240989095890063e-5 72210865 72210865 0
16 2590 rs11863236 48250026 1 1.809462842607181e-5 48250026 48250026 0
16 1222 rs3850997 12043512 1 1.7703901687519785e-5 12043512 12043512 0
16 5542 rs4513113 80760582 1 1.730071348712241e-5 80760582 80760582 0
16 1397 rs886218 13464491 2 1.682756053728741e-5 13464491 13464491 0
16 3606 rs8053280 59722672 1 -1.6597168186427727e-5 59722672 59722672 0
16 5824 rs10514564 82741256 1 1.5514648222720324e-5 82741256 82741256 0
16 2659 rs194422 49273988 1 1.5413490062650172e-5 49273988 49273988 0
16 2497 rs9888879 31310372 1 -1.4469477851570125e-5 31310372 31310372 0
16 83 rs9806945 1894961 1 -1.4365166318903246e-5 1894961 1894961 0
16 643 rs8060394 7589189 1 -1.4119952506758964e-5 7589189 7589189 0
16 1869 rs13333226 20365654 1 -1.2891723315272107e-5 20365654 20365654 0
16 2271 rs11864624 26518263 1 -1.157195562975145e-5 26518263 26518263 0
16 1808 rs11866218 19684392 1 1.0498115000414033e-5 19684392 19684392 0
16 2786 rs13333062 50922786 1 -8.188583890217331e-6 50922786 50922786 0
16 4622 rs8057817 73522400 1 7.198005404173536e-6 73522400 73522400 0
16 4146 rs11649437 66047360 1 -7.183829798660571e-6 66047360 66047360 0
16 5637 rs6564859 81277960 1 -4.775491113319238e-6 81277960 81277960 0
16 4136 rs7184357 66021963 1 4.376337867200615e-6 66021963 66021963 0
16 3789 rs11863646 62020880 1 -3.343412599830217e-6 62020880 62020880 0
16 3791 rs8050940 62100211 1 3.2499432356917102e-6 62100211 62100211 0
16 6324 rs11646550 85938835 1 1.5292571568930263e-6 85938835 85938835 0
16 2792 rs1976113 51015654 1 4.69556662907481e-16 51015654 51015654 0
16 709 rs8048172 7956034 1 3.638609445607933e-16 7956034 7956034 0
16 5034 rs12448977 77745712 1 1.6768367947668432e-16 77745712 77745712 0
16 3811 rs1834087 62456500 1 1.1634180813055452e-16 62456500 62456500 0
