CHR Group SNP.lead BP.lead Size W BP.min BP.max BP.width
11 850 rs4938573 118741842 5 0.15026326781910207 118477367 118741842 264475
11 469 rs647152 64109118 4 0.06408143689931925 64026144 64210652 184508
11 578 rs11232169 80207247 9 0.04638082127374452 80202876 80282364 79488
11 2 rs10398 308180 1 0.04014405065616255 308180 308180 0
11 6 rs11246262 680647 4 0.03795078774225118 643348 709567 66219
11 851 rs523604 118755738 2 0.03764661376328998 118754353 118765600 11247
11 782 rs4936661 111587495 10 -0.03662949975350695 111431614 111916647 485033
11 468 rs614397 63883985 5 0.03554230447724303 63849330 64018687 169357
11 673 rs1255522 95376448 3 0.03463316661041908 95376448 95411600 35152
11 166 rs1993116 14910234 3 0.03376369387910942 14261886 14915310 653424
11 488 rs3829241 68855363 3 0.03366830798318496 68847156 68899814 52658
11 431 rs2218868 57925977 12 0.03301068548922874 57731052 57987034 255982
11 333 rs693163 35074665 2 0.03260114113671886 35052489 35123195 70706
11 725 rs1711399 102460777 8 0.0321443205779706 102460777 102599054 138277
11 191 rs4353250 18323517 6 0.03047352587555881 18278098 18357180 79082
11 34 rs10466385 3170174 2 0.03044258212321262 3141109 3181085 39976
11 32 rs10766497 2987303 2 0.02963610274912017 2987303 3105508 118205
11 713 rs11224313 100472288 5 0.02847031237585185 100424060 100534422 110362
11 780 rs4938534 111275133 8 0.02793941010629523 111196858 111306908 110050
11 441 rs117801657 60183189 4 0.02623898015466154 60130796 60270173 139377
11 610 rs10501600 85609559 4 0.02522918889560329 85548049 85642444 94395
11 189 rs7950705 18073039 4 0.02459398268696696 17954082 18159254 205172
11 427 rs1792509 56670810 2 0.02405384762037503 56627064 56905911 278847
11 761 rs425538 108219339 10 0.0231959354069207 107857145 108357137 499992
11 913 rs12417780 124426284 1 -0.0231913081067503 124408415 124452329 43914
11 614 rs10898501 86285825 15 0.02224980322903672 86264881 86416932 152051
11 524 rs653263 73670645 8 0.02147563768132877 73346041 73670645 324604
11 180 rs11024102 17008605 11 0.02140175994164618 17008605 17422955 414350
11 327 rs12294809 34431506 13 0.02134534463683731 34370840 34516250 145410
11 390 rs1425851 43116022 5 -0.02090143428674967 42968875 43137851 168976
11 958 rs7932088 128317168 4 0.02050179808407593 128281184 128350686 69502
11 79 rs1466974 6719027 1 -0.02040839841324984 6685558 6719118 33560
11 480 rs2509712 67408090 7 0.0202896757121918 66910826 67408241 497415
11 130 rs7101677 11427040 2 0.02019385352845086 11422607 11446045 23438
11 446 rs12293191 60806747 4 -0.01918566802167239 60763134 60824609 61475
11 5 rs936469 606749 6 0.01901976438514014 436461 621826 185365
11 961 rs10893900 128502222 2 0.01798875803069698 128502222 128540106 37884
11 626 rs7949449 87808350 12 0.0178180190712883 87678532 87821219 142687
11 334 rs353634 35185056 2 0.01771012962381523 35131751 35192279 60528
11 70 rs4758369 6045931 2 -0.01766258400644087 6043277 6051317 8040
11 80 rs1354803 6768561 7 -0.01754959723299252 6737979 6915315 177336
11 472 rs3741392 64701030 5 -0.01733606836881128 64596916 64761779 164863
11 793 rs4590907 113263370 5 0.01731922476469992 113208098 113309869 101771
11 542 rs11236828 76360404 2 -0.01716249303571909 76347032 76371418 24386
11 616 rs1939108 86573310 4 -0.01708125698972434 86573310 86604406 31096
11 481 rs10736660 67419855 1 0.01690729582061508 67419855 67462549 42694
11 258 rs11820608 23776103 1 0.01677658127313523 23776103 23867685 91582
11 1036 rs1048761 134124124 8 0.01634836915456918 133941046 134194937 253891
11 37 rs7931660 3400334 2 0.0161428160821089 3371853 3402477 30624
11 554 rs949220 78400319 3 0.01614238838301615 78400319 78509582 109263
11 512 rs7944926 71165625 7 0.0160566479463465 71115446 71217959 102513
11 17 rs34134444 1972143 1 0.01595660875951937 1972143 2021075 48932
11 169 rs4597047 15191412 1 0.01565435489120999 15185729 15243593 57864
11 478 rs3737525 66306355 7 0.01561230685677981 66203025 66766754 563729
11 430 rs541245 57545948 4 -0.01527982935617283 57252328 57608992 356664
11 487 rs622082 68703959 7 0.01479318866368996 68597104 68793206 196102
11 832 rs11216129 116620256 4 0.01456629768801491 116584987 116662579 77592
11 145 rs6485561 12208393 3 -0.01455019782289003 12176273 12208393 32120
11 129 rs2403511 11399283 1 -0.01446430919682862 11399283 11399283 0
11 714 rs2088953 100623220 6 -0.01434008499575869 100553728 100739145 185417
11 654 rs3847554 92668826 2 0.01396680642447981 92668826 92714595 45769
11 719 rs11224983 101585195 4 0.01388722007226259 101416602 101591191 174589
11 384 rs10501281 41966359 3 0.0138455262507908 41867654 42047336 179682
11 345 rs3740962 36103381 3 -0.01363998002181275 36093636 36103381 9745
11 137 rs10458871 11798389 10 0.01361468315799984 11750180 11799968 49788
11 966 rs10488729 128962670 10 0.01351824954714811 128823766 129178233 354467
11 60 rs2227271 5528918 3 -0.013512366383474 5471746 5528918 57172
11 593 rs17143592 82194775 4 -0.01341468770701104 82081904 82236778 154874
11 148 rs7947131 12301823 4 -0.01330412425080373 12301823 12373851 72028
11 387 rs10768851 42692619 2 -0.01295657873040467 42523366 42715836 192470
11 499 rs7929885 69883969 7 -0.0126916255111203 69834983 69883969 48986
11 618 rs7925666 86669535 2 -0.01264830040897278 86657520 86710510 52990
11 627 rs7950565 87900372 6 0.01259813119964862 87836784 87911282 74498
11 370 rs7952564 40013964 1 0.01258522303664048 39947804 40082790 134986
11 611 rs4944558 85829867 10 -0.01248555167818742 85665172 85883303 218131
11 78 rs117368891 6661600 2 0.01247207386055559 6637504 6672457 34953
11 662 rs7950328 94099615 6 -0.01235654503035086 94037967 94215306 177339
11 262 rs7926241 24357146 3 -0.01230472215120816 24209184 24406140 196956
11 422 rs3729989 47370041 18 -0.01214596200145204 46734384 47873883 1139499
11 801 rs454802 114089104 4 0.01206598037074915 114053768 114105627 51859
11 704 rs10790789 99411774 2 0.011897942716914 99394978 99480175 85197
11 920 rs4078355 124931334 4 0.01180620737209918 124805619 124931334 125715
11 277 rs11029058 26009705 1 0.01155571701241551 25826554 26018893 192339
11 533 rs658573 75075866 4 -0.01147626294009795 75044640 75147661 103021
11 294 rs2793476 29370702 3 0.01133567214950048 29370702 29477079 106377
11 551 rs1144764 77870486 7 -0.01130298643323623 77731416 77893865 162449
11 331 rs1858169 34813187 3 0.01104063996939174 34672889 34858084 185195
11 959 rs11221332 128380974 2 0.0109619935616303 128361194 128398309 37115
11 177 rs2174164 16443567 5 -0.01090999699449884 16415904 16692990 277086
11 739 rs11226193 104005970 7 0.01083004039053004 103976293 104032160 55867
11 389 rs7938181 42864284 3 0.01080947737744619 42864284 42955957 91673
11 955 rs1793327 128088935 1 0.01067675017849485 128071256 128090006 18750
11 960 rs4245079 128420926 2 0.01060119883500103 128420926 128492739 71813
11 688 rs979406 97297218 2 0.01054477778051977 97216147 97297218 81071
11 685 rs7112003 96899834 4 0.01043359188175853 96850814 96945300 94486
11 31 rs3987740 2895800 1 0.01042703377448682 2895800 2920666 24866
11 460 rs544978 62685230 2 0.01036152293819789 62685230 62765869 80639
11 111 rs12223505 9691765 4 0.01020431293907791 9568463 9710354 141891
11 983 rs2640215 130426387 2 0.00992331773650765 130354353 130426387 72034
11 789 rs7129926 112862901 9 0.00977770142291965 112862901 113056323 193422
11 956 rs573624 128145470 2 0.00965694488727012 128136389 128159029 22640
11 888 rs1868752 122391442 2 -0.00962543063507546 122204383 122460079 255696
11 692 rs667679 97915543 3 0.00950932435029475 97804083 97917344 113261
11 223 rs1036923 20488453 2 0.00942358534799032 20383324 20522290 138966
11 690 rs1039951 97624373 3 0.00933621014320694 97560081 97659276 99195
11 339 rs649640 35508918 2 0.00931982687028212 35507700 35546732 39032
11 326 rs11824839 34332320 2 0.00928385867901883 34328563 34333973 5410
11 42 rs979942 4185595 2 0.00926287069709215 4079318 4234786 155468
11 540 rs11236689 76004313 4 -0.00922380014585553 76004202 76155555 151353
11 93 rs11041489 7653867 5 0.00910304117596818 7646734 7712661 65927
11 72 rs325609 6221249 4 0.00906714257321135 6190850 6262909 72059
11 644 rs16916160 91259052 1 -0.00899805652679283 91255951 91329571 73620
11 1009 rs7934599 132156872 1 0.00892444499771568 132058818 132177320 118502
11 254 rs7929370 23420932 1 -0.00885805339207833 23318440 23515684 197244
11 629 rs3888798 88027209 4 0.00883078990568012 88022988 88117923 94935
11 868 rs11602493 120456533 3 -0.00882001871854719 120408071 120497350 89279
11 406 rs4755884 44763401 1 0.0087325711593768 44698662 44784540 85878
11 94 rs1600970 7754959 11 0.00868845868944372 7721870 7904380 182510
11 647 rs11019822 91854828 5 0.00868687052384772 91682680 91868956 186276
11 173 rs7108738 15710084 5 0.00866356922655568 15649614 15735653 86039
11 652 rs3847535 92558024 3 0.00864329097625034 92319098 92618875 299777
11 933 rs11220462 126243952 2 0.00861275792370758 126241979 126292596 50617
11 693 rs7939072 98130056 6 0.00853931743937376 97919121 98130056 210935
11 734 rs10488755 103530292 2 -0.00851295724407286 103505169 103626209 121040
11 991 rs1894188 131030927 1 0.00837562995203072 131019691 131052399 32708
11 288 rs1387144 27635319 7 0.00833304721868248 27471596 27731983 260387
11 163 rs7925707 13940895 4 0.00819409015641995 13895577 13993498 97921
11 415 rs896331 45415035 2 0.00819196646729302 45337343 45423088 85745
11 238 rs11026120 21533812 2 -0.00811800451972 21474292 21534059 59767
11 794 rs6589382 113379824 5 -0.00810079670217502 113318408 113440331 121923
11 873 rs7105363 120687069 4 -0.00806005368174798 120663363 120723433 60070
11 527 rs2270676 74168411 3 -0.00801786638480549 74166320 74262213 95893
11 645 rs11019587 91390397 5 0.00800030270120229 91342130 91527559 185429
11 728 rs10502009 102821404 3 -0.00782462518567414 102810078 102835942 25864
11 772 rs2051466 110241999 5 0.00781031886293564 110222791 110364300 141509
11 1015 rs1395504 132729167 1 0.00773019065052668 132729167 132755278 26111
11 139 rs4757595 12005270 1 0.00765909132677659 12005270 12008908 3638
11 664 rs12276362 94356914 4 0.0075884562361601 94351961 94381707 29746
11 1027 rs6590705 133334522 2 0.00751173854082039 133296790 133398260 101470
11 485 rs7123564 68362164 2 0.00744038234103915 68182028 68387984 205956
11 758 rs7950899 107552110 3 0.0073504921639769 107535758 107554267 18509
11 847 rs656308 118031206 2 0.00732968982173603 118030186 118134785 104599
11 68 rs116908319 5989282 3 0.00716082172130447 5867283 6007613 140330
11 359 rs1563951 37182945 1 0.00714938876354774 37152778 37182945 30167
11 743 rs1503391 104912458 4 -0.00714056843502042 104897437 105042650 145213
11 486 rs897047 68544438 1 -0.00713883689092959 68446424 68550068 103644
11 59 rs2647582 5424170 8 -0.00704807492156605 5357881 5463061 105180
11 282 rs35317037 26587018 5 0.00703790927093839 26583061 26701172 118111
11 612 rs11603604 86070817 5 0.00694525412897151 85922070 86098732 176662
11 291 rs4923554 28676838 8 0.00693044204206235 28602221 28741136 138915
11 285 rs10767592 27062338 4 0.00690765424005957 27025520 27175455 149935
11 161 rs11022886 13584585 4 0.00686957553612851 13422274 13624089 201815
11 993 rs11606643 131213874 2 0.0067941729505183 131137503 131213874 76371
11 405 rs12420889 44657500 1 0.0067894107664735 44650927 44675888 24961
11 748 rs9285795 106264835 1 -0.00677007600692891 106255343 106279611 24268
11 875 rs536333 120860200 4 -0.00673351706937234 120805056 120864922 59866
11 439 rs574700 59855483 2 0.00673247814781171 59815640 60039058 223418
11 910 rs12576449 123971044 6 0.00670615959046998 123925974 123971044 45070
11 329 rs717582 34642823 6 -0.00650231446988479 34588886 34657144 68258
11 531 rs4944992 74864280 4 0.00643753980693472 74801374 74883577 82203
11 929 rs3740912 125891269 1 0.00633209453342108 125889526 125924669 35143
11 774 rs7951655 110604293 4 0.00629933312941655 110562578 110697604 135026
11 971 rs2087888 129540690 7 0.00624848210423418 129459840 129551393 91553
11 828 rs4936353 116397649 1 0.0061451248773432 116397649 116397649 0
11 848 rs12274926 118295117 3 0.00612874332451731 118144804 118297391 152587
11 624 rs10501651 87527561 3 0.00610645468781129 87515374 87620018 104644
11 106 rs931756 8735662 4 0.00603320473778454 8735662 9008674 273012
11 1010 rs61746413 132204951 3 0.00603309132266131 132184339 132321504 137165
11 541 rs7936562 76278258 2 -0.00602856711096806 76270683 76322550 51867
11 764 rs2553761 108754443 4 -0.00600909012891584 108503672 108764449 260777
11 646 rs7951876 91560288 4 0.00599018308773653 91549126 91674642 125516
11 787 rs7938281 112676385 3 0.00597610997011118 112654974 112705402 50428
11 434 rs10896877 58678387 3 -0.00596087258585568 58468173 58766266 298093
11 519 rs1783585 72889018 1 0.00593253952570729 72485175 72890304 405129
11 805 rs670668 114436944 3 -0.00592531570262236 114271207 114442103 170896
11 671 rs10831357 95221480 5 0.00587898288188628 95189206 95237923 48717
11 659 rs625359 93570633 3 0.00582263237418058 93408743 93575238 166495
11 833 rs11216210 116848329 5 0.00579561357864938 116693871 117095361 401490
11 40 rs7931756 3792657 2 -0.00578563293992075 3690558 3792657 102099
11 176 rs1356647 16219341 4 0.00574203432563151 16004562 16329009 324447
11 579 rs1917851 80339237 3 -0.00568520362815838 80338182 80346212 8030
11 276 rs2172582 25724484 1 0.00555224868194722 25712300 25801048 88748
11 491 rs4426151 69174986 3 -0.00554425964009966 69143284 69177047 33763
11 970 rs7933972 129438975 1 0.00552823868429369 129415217 129438975 23758
11 901 rs2714061 123283795 1 -0.00552772433309499 123283795 123283795 0
11 100 rs4758051 8238639 2 0.00533649100665402 8238639 8252853 14214
11 225 rs2276433 20673867 2 -0.00532769376545339 20638648 20681439 42791
11 799 rs10488696 114003347 2 -0.00532301632359766 113986162 114009255 23093
11 1012 rs2212487 132398054 5 0.00519912265128321 132388319 132493495 105176
11 795 rs2459969 113638374 5 0.00514080803760396 113469219 113818271 349052
11 56 rs10837582 5228708 1 0.00500458938298597 5221132 5231897 10765
11 195 rs10832979 18780344 1 -0.0049929721065985 18748046 18782916 34870
11 244 rs324172 21952288 2 0.0049502070442269 21936812 21997038 60226
11 419 rs3736508 45975130 3 0.00493354134158863 45929961 46157060 227099
11 594 rs1939641 82250265 2 -0.00492789766592455 82250265 82352407 102142
11 114 rs2957705 10375899 4 -0.00483498483868338 10375899 10426129 50230
11 823 rs490592 116298367 1 0.0048102641662831 116298367 116298367 0
11 7 rs6597981 803017 2 0.00478758339162973 723311 805712 82401
11 239 rs10766829 21542570 1 -0.00477420082637528 21539055 21582217 43162
11 731 rs12419850 103342939 3 0.00472956391542004 103156472 103350975 194503
11 425 rs10896271 56113575 7 -0.00470328946352043 55136219 56119356 983137
11 295 rs481303 29512184 3 0.00465060534425933 29500160 29527661 27501
11 95 rs7109112 7945818 1 -0.00460563554109476 7914606 7985439 70833
11 502 rs7930377 70032828 1 -0.00459839621504441 69978265 70089007 110742
11 607 rs11234221 84574040 3 0.00459802377672812 84391899 84610102 218203
11 586 rs1350422 81009680 6 -0.00452791560558388 80930458 81013539 83081
11 332 rs497582 34991727 5 0.00451211120437265 34859944 34991727 131783
11 701 rs12789966 99041999 10 -0.00450900567118408 99035893 99217421 181528
11 122 rs7946997 11069843 4 0.0045053714154426 11069843 11096770 26927
11 408 rs835784 44863818 3 0.00448601932921202 44835771 44873832 38061
11 1028 rs7127453 133495291 5 -0.00446015221435229 133433026 133505509 72483
11 274 rs2404090 25411216 1 -0.00445357116093381 25287389 25411216 123827
11 500 rs2515284 69932450 1 -0.0044439029982521 69919522 69941786 22264
11 681 rs12286856 96175391 3 -0.00441330959424244 96056711 96219609 162898
11 440 rs10897048 60099894 2 -0.00439044514348708 60049098 60107105 58007
11 658 rs1939560 93311765 1 0.0043412870533724 93281716 93348268 66552
11 455 rs7925016 62043929 5 0.00428933660681949 61885073 62043929 158856
11 749 rs953816 106288554 1 0.00423274316278289 106288554 106399482 110928
11 392 rs770765 43307196 4 -0.00420796799444157 43285881 43539013 253132
11 490 rs10896451 69016893 7 0.00407956147670862 68973970 69074201 100231
11 565 rs471435 79077745 5 0.00402337390188914 79058250 79149013 90763
11 560 rs10793362 78829575 4 0.00401749216751239 78816852 78868436 51584
11 620 rs12804243 86975706 4 0.00395717129601429 86960516 87110152 149636
11 221 rs871401 20282368 1 -0.00393582732927506 20253599 20291315 37716
11 248 rs12793010 22436299 2 0.00388429176377108 22395570 22525081 129511
11 668 rs658272 94833262 2 0.00385232341256226 94807261 94882279 75018
11 385 rs11036673 42083016 3 0.00381558028282164 42060072 42211231 151159
11 436 rs17153770 59224738 3 -0.00380332743345529 59160868 59228670 67802
11 539 rs94111 75915139 3 0.0037972754754042 75890695 75979986 89291
11 939 rs484820 126467667 4 0.00379572394655998 126452032 126513773 61741
11 694 rs6589444 98254968 3 0.0037869259481063 98156507 98318632 162125
11 386 rs1605655 42418577 5 0.00373548414381919 42346695 42503940 157245
11 825 rs2102405 116348168 1 0.00371437306185001 116329043 116348168 19125
11 559 rs11237714 78800073 1 -0.00367180643974059 78772558 78804058 31500
11 179 rs367992 16862657 4 0.00361450816898291 16847317 16994581 147264
11 543 rs7127747 76412663 1 0.00360490085851778 76396289 76420719 24430
11 1033 rs329649 133765666 7 -0.00352789576381886 133710914 133814191 103277
11 211 rs7934251 19893621 1 0.00352389793725632 19855883 19898874 42991
11 494 rs657315 69332712 2 -0.00352365312786935 69332260 69351911 19651
11 352 rs11600757 36473784 3 0.00352245976979233 36460081 36491389 31308
11 172 rs7936873 15575772 3 -0.00351857516215372 15471048 15616694 145646
11 311 rs6484569 32378306 6 0.00351103678811736 32378306 32522007 143701
11 462 rs1944041 62864324 3 -0.00350767665917812 62839667 63071009 231342
11 661 rs1138800 93862493 3 -0.00349759101108676 93812039 94032198 220159
11 279 rs2349798 26070407 2 -0.00349420356069796 26057154 26172770 115616
11 296 rs10160238 29757305 5 -0.00349353043079272 29552091 29822057 269966
11 638 rs2510752 90213472 3 -0.00342946239301666 90086953 90348024 261071
11 423 rs17800968 48384631 4 -0.00332159800110932 47907641 48518893 611252
11 253 rs4923083 23288324 1 0.0033053248471618 23169049 23304889 135840
11 708 rs12790700 99837846 1 -0.0032877142297699 99832557 99880282 47725
11 354 rs4756338 36750146 3 -0.00328671527813844 36741120 36834398 93278
11 107 rs1136966 9042331 4 -0.003233014603785 9042331 9074535 32204
11 404 rs16937996 44559898 5 0.00322115624795739 44559898 44636839 76941
11 798 rs17116334 113961762 1 0.00319113821981161 113961762 113969561 7799
11 41 rs7951076 3890853 2 0.00318433577385435 3851383 3918601 67218
11 537 rs531117 75456134 1 0.00317966114773571 75455021 75833980 378959
11 24 rs736609 2538580 4 -0.00314929424400525 2534483 2550730 16247
11 507 rs947854 70565076 1 -0.00314186953125005 70496641 70565076 68435
11 194 rs1867877 18727448 2 -0.00312948966827829 18714623 18742043 27420
11 287 rs3929244 27355031 2 -0.00312846010050598 27355031 27456059 101028
11 157 rs10766040 13124064 3 0.00312662608142879 13071286 13135055 63769
11 757 rs1939900 107471983 3 -0.00311542845519579 107355600 107481518 125918
11 589 rs12289167 81548571 7 -0.00311217668352769 81303817 81568926 265109
11 344 rs262426 36041260 2 0.00310947828264626 36041260 36078941 37681
11 726 rs17860955 102649482 3 -0.00309805268664106 102605579 102655487 49908
11 52 rs11034615 4934503 5 -0.00307888892632183 4913057 4946158 33101
11 292 rs12792701 28988343 2 0.00305972100863172 28753841 29086045 332204
11 904 rs12574747 123383072 2 0.00303980350791247 123345497 123395864 50367
11 552 rs4945300 78282632 5 0.00300784744524786 77920563 78289074 368511
11 475 rs35487354 65366882 4 0.00297630723873638 65319265 65564035 244770
11 978 rs7125179 130031829 3 -0.00294369848219497 129990587 130050822 60235
11 150 rs952251 12450237 1 -0.00292979234970921 12434458 12469397 34939
11 8 rs7941920 876755 6 0.00291769927382022 830044 1044938 214894
11 998 rs386795 131396444 2 0.00291597364490467 131383662 131396444 12782
11 568 rs17138705 79366322 4 -0.00290409412278033 79333777 79373772 39995
11 142 rs7478802 12082861 1 -0.00288830538997183 12082861 12108029 25168
11 432 rs7111538 58034651 7 -0.00287428337655966 57990372 58391501 401129
11 224 rs12787810 20545926 3 -0.00286824236515544 20545926 20630163 84237
11 503 rs947781 70212755 5 0.00286778206206051 70118489 70269777 151288
11 894 rs11218891 122795688 2 -0.00286299039435209 122795688 122843987 48299
11 1049 rs1871265 134869557 4 0.00283415080596253 134773425 134940416 166991
11 510 rs2919721 70953650 1 0.00281386941139647 70932944 71018309 85365
11 1024 rs7122854 133168523 4 -0.00279227084426504 133101524 133194915 93391
11 318 rs831630 33743019 6 0.00278758446474938 33724992 33830115 105123
11 1007 rs11222955 132021146 3 0.00278675666507262 132015077 132028281 13204
11 117 rs10840473 10715721 2 -0.0027839181654877 10715721 10754074 38353
11 351 rs10836561 36457253 2 -0.00273749246837551 36419929 36458997 39068
11 566 rs7117322 79184840 3 -0.00272127267967132 79169409 79198096 28687
11 855 rs2195525 119235404 1 -0.00272074495528092 119219124 119235404 16280
11 138 rs4376903 11818120 4 0.00268967274829378 11802361 11996757 194396
11 316 rs1883916 33578510 3 0.00266429808031323 33449347 33617771 168424
11 265 rs906882 24642587 2 0.00264356997192108 24637870 24718860 80990
11 676 rs61749253 95826485 2 0.00263035456100536 95793701 95845917 52216
11 394 rs11037574 43726211 1 0.00261620226836445 43605304 43876698 271394
11 197 rs4643051 18866536 3 -0.00259283385934967 18809135 18941110 131975
11 932 rs8177399 126160826 1 -0.00257531566396161 126060763 126201290 140527
11 126 rs4909979 11319245 3 0.00256024181425972 11285886 11322309 36423
11 304 rs12419837 31922718 1 0.00254331097858999 31871538 31936515 64977
11 336 rs7111949 35373874 5 -0.00253097605260236 35255821 35380789 124968
11 209 rs11819786 19787053 2 -0.00252984692474877 19787053 19787053 0
11 1014 rs1945948 132602521 2 0.00252574535527253 132600307 132717062 116755
11 1000 rs2324509 131469511 5 -0.00248728838131523 131468095 131501007 32912
11 227 rs12270521 20855440 1 0.00244910914561651 20840492 20862685 22193
11 286 rs4597027 27235715 1 0.00238308244063681 27198361 27319188 120827
11 556 rs671290 78667936 2 -0.00237958453945264 78644581 78694515 49934
11 730 rs61898615 103019260 1 -0.00237119845837818 102991197 103060671 69474
11 670 rs498018 95024932 3 0.00236028303818224 95022652 95120556 97904
11 698 rs12278762 98781993 2 0.00235590101971969 98719996 98831017 111021
11 890 rs12422102 122483315 1 0.00233290459139034 122483315 122585573 102258
11 773 rs1971356 110432204 2 0.00229403844332581 110380131 110508040 127909
11 1005 rs12789646 131839039 1 -0.00228295710587071 131793993 131839039 45046
11 744 rs2510183 105405416 2 0.00227720693702965 105111394 105483629 372235
11 203 rs17594372 19471443 3 0.00226459730061703 19440246 19532506 92260
11 82 rs6578828 7113134 1 0.00226373439304435 7020629 7186198 165569
11 250 rs1499244 22798431 5 0.00224754552227152 22721656 22860940 139284
11 14 rs3740627 1754400 1 0.00223177775562248 1754400 1807114 52714
11 183 rs2190453 17533397 3 0.00222111498970962 17530484 17538539 8055
11 674 rs1255161 95494313 5 0.00219976796052275 95437738 95718000 280262
11 121 rs7112994 10994559 5 0.0021973262533287 10960394 11060923 100529
11 992 rs1113928 131097709 2 0.00217269070146391 131081460 131103087 21627
11 391 rs1353461 43266834 5 -0.00213946887305115 43138659 43266834 128175
11 256 rs11027313 23577442 2 -0.00212974361404794 23536654 23591590 54936
11 214 rs12099071 20009681 3 -0.00211220807528798 19973768 20009681 35913
11 680 rs483905 96023427 3 0.00209944780855327 95990888 96036844 45956
11 596 rs551450 82508987 5 0.00207130053988315 82462980 82758885 295905
11 174 rs11023714 15785074 1 0.00201531505647215 15752803 15838137 85334
11 115 rs2071020 10478228 2 -0.00200479933910344 10433426 10499995 66569
11 328 rs836141 34537316 3 0.001998515088386 34537316 34579376 42060
11 229 rs10833428 21012786 2 -0.00198271666567141 20959004 21012786 53782
11 207 rs1364795 19711993 1 0.00196316534541669 19671524 19711993 40469
11 356 rs1383349 36938773 2 0.00195909534181686 36906202 36983798 77596
11 383 rs899036 41682910 6 0.0019466688285976 41611349 41799496 188147
11 603 rs2449588 83665176 3 -0.00192620349931034 83655564 83954724 299160
11 615 rs1075702 86461180 5 0.00191740799735461 86452908 86526082 73174
11 930 rs4448703 125972495 1 0.00190198628361839 125947954 125974071 26117
11 50 rs4375437 4755505 1 -0.00189712248777891 4755505 4755505 0
11 619 rs589193 86891077 2 0.00187811178635098 86724222 86928253 204031
11 980 rs17139281 130159409 2 -0.00186394646397744 130109301 130255113 145812
11 806 rs7127218 114550760 5 -0.00186205056784286 114471076 114627619 156543
11 816 rs569462 115753077 2 0.00183947781805206 115685475 115753077 67602
11 369 rs10768556 39902443 1 -0.0018376200070974 39709068 39916430 207362
11 508 rs10751308 70712156 1 -0.00181194837032925 70637054 70766554 129500
11 428 rs143192258 56954985 5 0.00181156158011087 56910484 57137424 226940
11 665 rs11020909 94426502 1 0.00180866701995135 94393285 94463093 69808
11 775 rs7121739 110811931 4 -0.00177694839796028 110721187 110824960 103773
11 840 rs1892903 117669619 1 0.00177497365778424 117649675 117698483 48808
11 689 rs11827713 97477422 7 -0.00177200436483571 97315831 97541637 225806
11 298 rs7121585 30059736 2 0.00174944390300895 29994465 30170373 175908
11 35 rs11025909 3223297 3 0.00174390930109229 3199846 3226934 27088
11 299 rs7123626 30325865 6 -0.00173569790108026 30255185 30558056 302871
11 146 rs869279 12221737 4 -0.00171654729101186 12219442 12248766 29324
11 27 rs231359 2694606 1 -0.00168577766902844 2694606 2694606 0
11 778 rs10891240 111140462 2 0.0016641946818189 111140462 111171709 31247
11 444 rs12803813 60578205 3 0.00165574046526526 60559805 60709520 149715
11 525 rs17132610 73745395 2 -0.00165204918494637 73679232 73965162 285930
11 948 rs7924331 127331680 3 -0.00165120950116093 127328188 127394822 66634
11 300 rs16920925 30574638 1 0.00164689134478615 30574638 30661029 86391
11 755 rs11212024 106947600 1 0.00162915068779687 106941553 107038741 97188
11 426 rs616683 56257302 2 -0.00162168917848151 56128081 56610412 482331
11 91 rs10839814 7588591 2 -0.0016211410802557 7566293 7616191 49898
11 11 rs2943510 1263776 2 -0.00162078172882194 1262189 1438103 175914
11 768 rs17109617 109248945 2 0.00161571401365907 109243629 109666687 423058
11 30 rs2237892 2839751 1 0.00160617464315135 2821065 2858546 37481
11 322 rs7120520 34053873 1 -0.00159386182933285 34013886 34062951 49065
11 964 rs7951996 128672508 1 -0.00157151682479559 128651219 128672581 21362
11 473 rs1195962 64941419 2 -0.00156273166645839 64802388 65124408 322020
11 967 rs10894029 129228519 3 0.00155224552535764 129200363 129251227 50864
11 290 rs2585807 28532658 2 -0.00154646622107875 27792891 28537505 744614
11 584 rs2948381 80821706 4 0.00154268698406122 80818238 80854375 36137
11 722 rs2846848 102180563 1 0.00151563068310518 102155474 102272839 117365
11 457 rs2509979 62204613 1 0.00150689328359208 62204613 62209586 4973
11 312 rs7950535 32548278 2 -0.00150652196444699 32530384 32583695 53311
11 809 rs10891792 114870096 1 0.00149698899965477 114869751 114999873 130122
11 335 rs2295756 35241229 1 -0.00148265246968763 35223945 35245907 21962
11 124 rs1875775 11172701 3 0.00147144713809941 11159305 11198251 38946
11 973 rs12416704 129616272 1 0.001471072282081 129613324 129616272 2948
11 162 rs7926942 13739556 2 -0.0014452560796519 13698833 13871193 172360
11 650 rs689349 92201077 3 0.00144518617931188 92046408 92201077 154669
11 942 rs4937222 126850764 6 0.00144374048152002 126792818 126892213 99395
11 877 rs687560 121076285 2 0.00143771848864962 121072088 121161106 89018
11 483 rs1547890 67915693 4 -0.00143639737103246 67715028 67959806 244778
11 379 rs12419049 41090233 2 -0.00142534248464896 40985242 41133162 147920
11 418 rs1562455 45776968 3 0.00141393036450935 45724061 45904477 180416
11 935 rs111418068 126343227 2 0.00141075466897202 126323328 126369158 45830
11 206 rs7931824 19614747 1 0.00139963402114094 19599971 19614747 14776
11 127 rs901554 11354393 1 0.00139524425634821 11338267 11359886 21619
11 435 rs11229889 59020419 2 0.00138310337080557 58942848 59030490 87642
11 39 rs2271586 3659993 1 0.00138058254002074 3643778 3659993 16215
11 784 rs7109000 112435333 3 0.00135195010803475 112263027 112456221 193194
11 310 rs764669 32302799 3 -0.00133108910977475 32296109 32364187 68078
11 171 rs12420460 15418219 1 -0.00129896009169765 15329304 15452247 122943
11 87 rs11041372 7441737 2 0.0012922315884649 7441401 7458223 16822
11 198 rs12798330 19184916 1 0.00128978334984319 19072151 19184916 112765
11 830 rs551141 116480631 1 0.00128629639312394 116464992 116491621 26629
11 648 rs12786200 91979018 3 0.00128469110063335 91951447 91988838 37391
11 684 rs585732 96780465 2 0.00126642393817369 96610573 96845364 234791
11 353 rs61753861 36680719 2 0.00126322492080217 36579290 36728261 148971
11 931 rs12421177 126026645 3 -0.00126053884554529 126026645 126043977 17332
11 1042 rs12577387 134368252 2 0.00125987420347779 134367820 134395242 27422
11 388 rs11037018 42722587 1 -0.00124581815493054 42722587 42837715 115128
11 284 rs79461805 26885197 3 -0.00123832515904404 26786121 27015690 229569
11 175 rs7112764 15858203 2 0.00123346361771203 15847373 15952294 104921
11 343 rs262418 36025118 1 -0.00123115922810223 35998208 36029375 31167
11 716 rs11571145 100999245 2 -0.00121962699987099 100877941 101145350 267409
11 414 rs6485591 45155411 6 -0.00120904370577676 45136509 45335053 198544
11 185 rs7483847 17692011 1 0.00120499543908676 17670293 17722192 51899
11 48 rs1908177 4659419 3 -0.00118913166886545 4659419 4694308 34889
11 376 rs7949003 40692912 1 -0.00118905697231129 40616724 40696128 79404
11 822 rs526151 116236775 1 0.00117628853486089 116216713 116245350 28637
11 770 rs10891063 110008339 1 -0.00117576864326649 109956346 110036365 80019
11 812 rs10502205 115416391 2 -0.0011740154274082 115212725 115416391 203666
11 132 rs7943717 11509984 2 -0.00116682073699539 11498983 11558740 59757
11 378 rs10768653 40961066 1 0.00116553118754673 40817882 40966294 148412
11 518 rs3781913 72373496 7 0.00115509134228948 72289291 72462634 173343
11 47 rs10836331 4617873 2 -0.00115210147724167 4593411 4647770 54359
11 792 rs7103866 113164768 1 0.00114247849308381 113146033 113193601 47568
11 349 rs12419146 36353471 1 -0.00113581808395745 36353471 36391882 38411
11 940 rs12291492 126588197 4 -0.00112115348752141 126560619 126603928 43309
11 897 rs12578013 123020231 2 -0.00111905239004699 123014015 123031834 17819
11 373 rs7924805 40211252 1 -0.0011048229793514 40185254 40222380 37126
11 981 rs10894200 130321640 1 -0.00110028567865743 130271209 130321640 50431
11 505 rs12363289 70445161 3 0.00106220898269639 70387122 70445161 58039
11 380 rs717112 41162903 2 0.00106116032649354 41140807 41257362 116555
11 786 rs1459658 112565534 3 0.00103282011399508 112565534 112626686 61152
11 33 rs7925089 3131418 1 -0.0010308122636217 3121785 3131418 9633
11 836 rs11216430 117376111 1 0.00101026238380519 117347947 117391966 44019
11 1016 rs7127891 132789046 2 -0.00100893280515388 132766569 132789068 22499
11 896 rs11218979 122965906 1 -0.00100646427525171 122926664 123001223 74559
11 420 rs4755349 46237731 3 0.00100040837532456 46171404 46274143 102739
11 466 rs10897449 63592621 4 9.973030451880223e-4 63592621 63718663 126042
11 962 rs615671 128594875 2 9.941246890006958e-4 128592637 128624811 32174
11 909 rs1476202 123816214 2 -9.924960489808214e-4 123773527 123919128 145601
11 516 rs1784257 72007984 3 9.896459103191611e-4 72007984 72196620 188636
11 25 rs2283169 2580299 1 9.83951932518097e-4 2565805 2580299 14494
11 633 rs7931721 88779776 1 -9.692166827986152e-4 88758601 88820022 61421
11 305 rs797370 31983665 3 9.585105688637896e-4 31945989 32017076 71087
11 245 rs10766914 22089616 1 -9.507246610530532e-4 22030566 22123113 92547
11 452 rs2524289 61687033 1 -9.383792691603976e-4 61669946 61692130 22184
11 923 rs725925 125114541 2 -9.372433333746764e-4 125052084 125129208 77124
11 989 rs2298566 130750642 1 9.315717056444002e-4 130705653 130839244 133591
11 740 rs4755031 104274535 2 9.304892608224628e-4 104063280 104296079 232799
11 246 rs11026505 22334571 2 9.18281989719367e-4 22207495 22368301 160806
11 738 rs361283 103960620 1 9.133187943488515e-4 103936469 103964427 27958
11 86 rs11041352 7421269 2 -9.080217831466642e-4 7400623 7431727 31104
11 1018 rs11223331 132892624 3 -9.080170923664036e-4 132841591 132892876 51285
11 632 rs1499172 88512538 7 9.079342206551653e-4 88472482 88669352 196870
11 613 rs663208 86193234 1 9.046523736543723e-4 86107966 86250544 142578
11 514 rs35844388 71701763 2 9.008750138403776e-4 71579229 71829967 250738
11 324 rs2755176 34265140 2 8.876078604934113e-4 34265140 34309519 44379
11 314 rs11032185 33182278 1 -8.806582167462997e-4 33036294 33291462 255168
11 76 rs7924933 6509393 1 8.769767522617405e-4 6495600 6555365 59765
11 530 rs11236236 74442931 2 -8.692880665579952e-4 74424075 74763783 339708
11 249 rs1399103 22567197 2 8.668745103573745e-4 22551767 22592845 41078
11 571 rs642770 79688804 4 -8.5602287262208e-4 79631786 79717254 85468
11 337 rs1923298 35384432 1 8.47690870761577e-4 35384432 35433448 49016
11 1002 rs11819970 131607351 1 8.46923973833242e-4 131539280 131637822 98542
11 569 rs2507919 79431849 2 -8.438858559942223e-4 79430411 79474831 44420
11 53 rs17339295 4961547 1 8.39456914259953e-4 4951599 5010905 59306
11 921 rs14065 124972208 1 -8.3379343612427e-4 124948628 124972691 24063
11 849 rs572126 118359161 3 8.269988114148637e-4 118341921 118430519 88598
11 456 rs4488202 62185598 4 -8.257381046007637e-4 62068685 62192931 124246
11 872 rs1945010 120617504 1 -8.178051767580117e-4 120592036 120621602 29566
11 374 rs10742530 40229937 2 8.111618750582335e-4 40227204 40357253 130049
11 720 rs7125076 101766279 2 -7.811359473041438e-4 101604445 101880768 276323
11 907 rs1841876 123549724 1 -7.586087285630103e-4 123549724 123562397 12673
11 997 rs12421680 131350968 3 7.552280500853335e-4 131331019 131359284 28265
11 268 rs10834486 24822016 1 -7.532514127520851e-4 24774037 24822016 47979
11 585 rs7102845 80916798 5 7.445223971854559e-4 80856703 80923036 66333
11 397 rs17795583 44036397 2 7.430019435175521e-4 44036397 44055694 19297
11 655 rs271055 92770289 5 -7.385936920194817e-4 92742186 92812922 70736
11 158 rs2197040 13182782 1 7.306679931624071e-4 13144810 13211208 66398
11 703 rs10893419 99370484 2 -7.275742672617088e-4 99321743 99370484 48741
11 517 rs375448 72261337 1 -7.25435300557102e-4 72224169 72281884 57715
11 506 rs11236898 70463510 1 7.24001974474758e-4 70456768 70463510 6742
11 700 rs11218323 98951110 2 7.178657926054472e-4 98932132 99032560 100428
11 131 rs7946706 11456749 1 -7.175753802922261e-4 11456749 11475480 18731
11 567 rs4073501 79216085 3 7.158798466411714e-4 79216085 79319999 103914
11 105 rs7947230 8646670 3 -7.0902257915816e-4 8402917 8679016 276099
11 470 rs10792438 64302526 6 7.07983718172928e-4 64251221 64334114 82893
11 364 rs1481294 38604075 3 7.074281274620493e-4 38396884 38611005 214121
11 201 rs2702705 19379879 1 7.056410014084283e-4 19313016 19379879 66863
11 581 rs11232407 80659466 1 -6.99332585682898e-4 80577828 80659466 81638
11 721 rs10791559 101944113 2 -6.956968375356835e-4 101934867 102070639 135772
11 136 rs4910407 11700694 1 6.849872306690352e-4 11700694 11700694 0
11 410 rs900851 44961840 1 -6.834615858503242e-4 44920626 44961840 41214
11 696 rs11216155 98481393 2 6.815481103025261e-4 98441476 98541621 100145
11 819 rs1894070 116076882 1 6.782329131662646e-4 116050271 116098634 48363
11 437 rs499037 59480952 1 -6.776583201523348e-4 59431837 59549840 118003
11 152 rs12292638 12625227 2 6.680157061605128e-4 12569384 12626621 57237
11 949 rs356256 127445359 1 6.625577479591945e-4 127440032 127446890 6858
11 711 rs11223581 100173537 1 6.623506531753735e-4 100171925 100175369 3444
11 273 rs10742072 25196853 2 6.618351417177718e-4 25180965 25208539 27574
11 705 rs7942402 99593788 1 6.610913077394501e-4 99491416 99611634 120218
11 1001 rs2739287 131531000 1 6.549456623252262e-4 131521797 131531000 9203
11 954 rs7933438 128041582 7 -6.537427281981516e-4 127940816 128044966 104150
11 181 rs757109 17462727 2 -6.528594561417092e-4 17433088 17491730 58642
11 979 rs673297 130072580 1 -6.483982633485473e-4 130069556 130086065 16509
11 604 rs17147136 83995603 1 -6.415052144025853e-4 83986071 84027768 41697
11 231 rs7937542 21061196 1 6.295016906434533e-4 21061196 21069877 8681
11 887 rs11218568 122144811 1 -6.245687351050893e-4 122123313 122195989 72676
11 844 rs11216693 117890386 2 6.217717430382053e-4 117823425 117890386 66961
11 810 rs10891807 115069951 1 -6.161190474636218e-4 115001429 115092997 91568
11 862 rs507622 119764234 3 6.15731781401898e-4 119763417 119831773 68356
11 1023 rs11223397 133083333 2 -6.103715133047405e-4 133083333 133088580 5247
11 293 rs17513662 29303887 1 6.08232679609056e-4 29115116 29360384 245268
11 241 rs7121359 21682567 3 -5.994569123982645e-4 21657218 21686312 29094
11 866 rs7936665 120147254 1 5.954029626285371e-4 120147254 120161886 14632
11 71 rs1381911 6134006 1 -5.9466611396696e-4 6088712 6179462 90750
11 360 rs1522679 37350828 3 -5.931128610570587e-4 37251134 37481054 229920
11 233 rs1945319 21165872 1 5.896885499619504e-4 21141191 21196180 54989
11 85 rs10769780 7367095 2 -5.877652481509363e-4 7366506 7398961 32455
11 51 rs4382897 4823689 1 5.870596145191081e-4 4790396 4909000 118604
11 308 rs689176 32134761 4 5.842047027340975e-4 32085297 32219851 134554
11 281 rs11029583 26516202 3 -5.736283036010602e-4 26382402 26576725 194323
11 678 rs722147 95961510 1 -5.651089828478973e-4 95906165 95961591 55426
11 451 rs174570 61597212 3 5.647600696374398e-4 61548796 61609750 60954
11 46 rs2657175 4561676 1 -5.592421325580413e-4 4539336 4576666 37330
11 882 rs1944683 121641496 1 5.553215814793261e-4 121525667 121649479 123812
11 1013 rs1939518 132582971 1 5.495354594043547e-4 132509174 132582971 73797
11 398 rs3107275 44104981 5 5.438396362713639e-4 44087311 44272522 185211
11 532 rs11236388 75013792 2 -5.330434586537452e-4 74916695 75013792 97097
11 1041 rs10791372 134340457 2 -5.247886156597908e-4 134323455 134344729 21274
11 606 rs12294169 84334329 3 5.178053613681555e-4 84240120 84370674 130554
11 837 rs755791 117433686 1 5.13619801005154e-4 117394979 117468794 73815
11 13 rs11040489 1721089 2 -5.090843503820588e-4 1714061 1736664 22603
11 222 rs16905974 20314643 3 5.07240456330892e-4 20310244 20362474 52230
11 213 rs967543 19924341 2 -5.048065212818725e-4 19924341 19947749 23408
11 156 rs7951763 13025736 1 -5.034251442964282e-4 13006721 13044773 38052
11 884 rs10892786 121803041 1 4.937935840988202e-4 121779467 121830239 50772
11 83 rs7106726 7232673 1 -4.912489505295724e-4 7198054 7232673 34619
11 323 rs1883959 34234145 3 -4.910841053719884e-4 34234145 34240676 6531
11 400 rs10838249 44293529 1 4.796567560942701e-4 44293434 44340618 47184
11 663 rs12295797 94304270 1 -4.771217078515168e-4 94239567 94326710 87143
11 267 rs2716449 24755890 1 -4.7515720763850137e-4 24755890 24756924 1034
11 200 rs4237740 19281653 1 4.723211629822357e-4 19281653 19308907 27254
11 89 rs10732509 7488872 3 -4.6828049257804927e-4 7488872 7509909 21037
11 550 rs921383 77710841 4 -4.593583310042678e-4 77267497 77727139 459642
11 313 rs7102857 32822434 1 4.5364020093496577e-4 32677070 32860138 183068
11 357 rs4756367 37050438 2 4.5020750840181814e-4 36995113 37113368 118255
11 941 rs4937216 126768090 2 -4.419873081909361e-4 126611464 126768090 156626
11 167 rs1353447 15032097 3 4.3769409626314554e-4 14967610 15121130 153520
11 945 rs2618195 127164405 1 4.29745411259375e-4 127083003 127184582 101579
11 965 rs675482 128726594 1 4.2369867194260065e-4 128701032 128737188 36156
11 600 rs11233743 83493425 1 -4.152375249240008e-4 83344753 83541199 196446
11 45 rs11032347 4485007 1 -4.097698611254499e-4 4460348 4485007 24659
11 813 rs976947 115463786 1 -4.035135699745372e-4 115443071 115477034 33963
11 340 rs12806627 35623483 1 3.9317057639568853e-4 35558748 35631174 72426
11 972 rs6590414 129597056 1 3.908371894192022e-4 129590695 129597476 6781
11 871 rs12270261 120577413 2 -3.7877778962387514e-4 120545929 120577423 31494
11 306 rs1033506 32036899 1 -3.6975388615363296e-4 32036899 32039609 2710
11 628 rs7105701 87971779 1 -3.669264104060776e-4 87938778 88009498 70720
11 511 rs1617603 71031696 4 -3.609886859845803e-4 71031696 71109373 77677
11 1021 rs1835725 133037241 2 3.6005369231213746e-4 133012261 133037241 24980
11 732 rs716273 103417868 3 3.563197501874222e-4 103380763 103436831 56068
11 926 rs521102 125514573 1 3.48816446112731e-4 125331639 125594258 262619
11 710 rs4754673 100020880 1 3.467020717173018e-4 100005864 100142834 136970
11 303 rs601305 31066467 1 3.439270566517093e-4 31048097 31835418 787321
11 697 rs12793263 98653719 1 3.4268844546542465e-4 98580186 98699317 119131
11 216 rs7124576 20107179 1 -3.3806134825578826e-4 20089944 20108966 19022
11 264 rs1509605 24577183 1 -3.379585625937696e-4 24575390 24618295 42905
11 164 rs7116296 14113759 2 3.28085075018945e-4 14021639 14114318 92679
11 999 rs11222697 131432722 1 -3.2697558812216747e-4 131432722 131461292 28570
11 717 rs4396256 101330807 1 3.260546586150952e-4 101172115 101345201 173086
11 651 rs586699 92289734 2 3.1241094545632537e-4 92234533 92313508 78975
11 760 rs7946698 107761550 1 -3.1221079565298647e-4 107660830 107841291 180461
11 489 rs11228530 68918985 1 -3.107792740773797e-4 68905440 68960391 54951
11 192 rs16935476 18509993 1 -3.057890490004894e-4 18415687 18542227 126540
11 906 rs2852732 123447713 2 3.0311782988850144e-4 123444860 123486517 41657
11 372 rs2953310 40137543 1 2.9426140387159755e-4 40137543 40137543 0
11 623 rs11235296 87435016 1 2.9377992059112344e-4 87435016 87440486 5470
11 65 rs4992800 5702462 2 2.936830178417425e-4 5688940 5718742 29802
11 546 rs7950506 76752248 1 -2.93182604954194e-4 76519899 76752248 232349
11 666 rs6483377 94674106 1 2.903058450471548e-4 94555708 94674106 118398
11 637 rs12787117 89943681 1 -2.8210666353713774e-4 89868755 90032662 163907
11 280 rs7930530 26303474 2 2.819565299155131e-4 26276143 26356083 79940
11 528 rs7941941 74273958 2 -2.7702101709111554e-4 74273958 74404218 130260
11 601 rs6592150 83562296 1 2.764760203262593e-4 83552659 83566115 13456
11 753 rs1944210 106805698 1 -2.7186427428910166e-4 106639648 106818037 178389
11 723 rs634814 102359477 2 -2.6949430733231135e-4 102357279 102386852 29573
11 84 rs16924357 7306095 2 -2.670570472961735e-4 7278401 7355999 77598
11 26 rs2157760 2615600 3 2.668876312474969e-4 2615600 2635797 20197
11 22 rs16928078 2320013 1 2.6308285092739147e-4 2320013 2339822 19809
11 807 rs10790037 114665170 1 -2.5641712400177965e-4 114644778 114738157 93379
11 366 rs7944994 39322214 1 2.5394065746275706e-4 39027161 39327959 300798
11 838 rs1892918 117531465 1 2.528145195908778e-4 117494945 117538766 43821
11 429 rs7107352 57145633 1 -2.522700676473661e-4 57145498 57203009 57511
11 814 rs1784964 115563555 2 2.5191968222951244e-4 115485361 115563555 78194
11 845 rs1893317 117960427 1 -2.5055326449845914e-4 117904029 117973673 69644
11 695 rs11215665 98369111 2 -2.4155167361332127e-4 98357660 98406723 49063
11 860 rs10790342 119630418 1 2.3956635073036297e-4 119630418 119696100 65682
11 834 rs511549 117285684 6 -2.3510383543393575e-4 117110740 117286064 175324
11 1034 rs627455 133887799 1 2.2561707812258463e-4 133881446 133899614 18168
11 641 rs12785311 90906453 3 2.2550541045941264e-4 90801491 90956214 154723
11 12 rs1989592 1628844 2 -2.2412502776221653e-4 1515271 1681001 165730
11 252 rs10833940 23122704 1 -2.2390335526531824e-4 23115362 23140654 25292
11 741 rs10791730 104688549 2 2.210426595750905e-4 104334328 104751979 417651
11 170 rs1945624 15267727 1 -2.1882639028618576e-4 15261668 15310981 49313
11 672 rs4384353 95314291 2 -2.1802887372490267e-4 95283557 95327374 43817
11 458 rs117162358 62344743 1 2.1716628426203977e-4 62286666 62444798 158132
11 123 rs1503930 11129275 2 2.1469159405677215e-4 11123656 11129275 5619
11 18 rs7924768 2108072 1 -2.1253567995803188e-4 2073913 2108072 34159
11 450 rs12285167 61492039 2 -2.0981182255907192e-4 61408449 61526071 117622
11 112 rs780382 9881475 1 -2.034573533280825e-4 9788673 9890714 102041
11 63 rs61756355 5632018 1 2.0295132419984244e-4 5618502 5633747 15245
11 534 rs482503 75158433 3 1.979638173985534e-4 75158433 75262141 103708
11 412 rs2046657 45030050 1 1.967789917059198e-4 45030050 45064490 34440
11 73 rs6578750 6294394 1 1.9172470480621791e-4 6294394 6301177 6783
11 895 rs11218921 122890439 1 1.8680123103026775e-4 122878095 122890439 12344
11 592 rs581701 81885721 2 1.8421234000100652e-4 81844707 82008671 163964
11 908 rs10750240 123677614 4 1.8296038996969052e-4 123585960 123762718 176758
11 377 rs11036058 40764896 1 1.8199407135746184e-4 40738299 40781345 43046
11 747 rs1939799 105966591 1 -1.712853946579118e-4 105962546 106232838 270292
11 733 rs4754967 103471509 1 1.70143185355076e-4 103454659 103475938 21279
11 574 rs7483049 80011790 1 1.625075296777811e-4 79977371 80038214 60843
11 727 rs4085170 102802722 3 -1.6192102656270493e-4 102675489 102804933 129444
11 729 rs608645 102887764 2 1.6084127990248986e-4 102848546 102887764 39218
11 879 rs297494 121291294 2 1.6063794862560064e-4 121291294 121308525 17231
11 922 rs11219926 125018570 1 -1.544465301799244e-4 124976515 125023928 47413
11 226 rs327025 20789657 1 -1.514074969155864e-4 20737138 20805855 68717
11 656 rs78676517 92895920 1 1.482493135081572e-4 92847230 92992874 145644
11 657 rs3019210 93059444 5 1.4804761769854303e-4 93013387 93261886 248499
11 471 rs7932775 64367862 1 1.4650908883059082e-4 64357072 64546391 189319
11 1019 rs9651672 132938307 1 -1.4079546708217316e-4 132914697 132940480 25783
11 202 rs4353249 19420097 1 1.3892854779365548e-4 19420097 19425092 4995
11 61 rs7932885 5547530 1 -1.381226443340615e-4 5535529 5578343 42814
11 141 rs16910421 12070665 1 1.377841047907143e-4 12038860 12073518 34658
11 660 rs4753116 93767360 2 1.353994245359185e-4 93630491 93793618 163127
11 361 rs10501184 37688849 2 1.345475493354517e-4 37528194 37812598 284404
11 21 rs7941585 2281501 3 1.3431980975646385e-4 2236689 2304554 67865
11 911 rs10502275 124011822 1 -1.3238541702161087e-4 124006972 124264636 257664
11 54 rs2445333 5080234 3 1.2821791034355913e-4 5020189 5138733 118544
11 57 rs4910736 5258989 1 1.1834454377096118e-4 5258989 5279355 20366
11 900 rs11602677 123176516 2 -1.1775921292425412e-4 123155262 123240173 84911
11 736 rs4145958 103817645 1 -1.1687307222638464e-4 103808152 103819333 11181
11 634 rs11018541 88960147 2 -1.16301411826521e-4 88878204 89037936 159732
11 495 rs7946645 69425840 1 -1.1344446723595872e-4 69395013 69442963 47950
11 259 rs10834232 23926630 1 1.1255271820912942e-4 23915409 24019431 104022
11 985 rs7116475 130514254 1 -1.0904332724481902e-4 130514254 130514254 0
11 497 rs10160812 69658210 1 1.0832146460378674e-4 69612823 69681843 69020
11 77 rs11825154 6568290 1 1.0692223535562742e-4 6568290 6618548 50258
11 66 rs11604371 5747303 1 1.0344679823428049e-4 5722444 5758062 35618
11 892 rs11218814 122664228 4 1.0314795952774962e-4 122664228 122704882 40654
11 996 rs1550976 131320070 1 1.0119942254900592e-4 131320070 131320070 0
11 228 rs7116897 20930997 2 -1.0092456321161848e-4 20887699 20942507 54808
11 297 rs1764528 29902645 1 -1.0068037479729782e-4 29827214 29941778 114564
11 320 rs7941248 33925975 1 9.52746692309202e-5 33908547 33943644 35097
11 210 rs918988 19817809 1 -9.218513114058e-5 19808063 19830495 22432
11 230 rs4923264 21041504 1 9.160145031315685e-5 21018940 21058731 39791
11 81 rs10839658 6942476 1 9.150578659700006e-5 6932396 6981488 49092
11 746 rs2155338 105840364 2 9.104465168696597e-5 105727407 105923564 196157
11 240 rs4378393 21604291 1 -9.028989890044222e-5 21599997 21654066 54069
11 476 rs34891773 65631361 5 -8.657680736122892e-5 65577516 66033430 455914
11 307 rs10835832 32073206 1 -8.348409735067508e-5 32064649 32073206 8557
11 885 rs12271706 121926872 1 -7.99404416227308e-5 121856320 121926872 70552
11 236 rs7126959 21377151 1 7.757608537762805e-5 21355150 21377151 22001
11 116 rs903823 10691080 4 -6.960827446178736e-5 10522120 10698073 175953
11 669 rs646667 94915978 1 6.720414047889702e-5 94915978 94968137 52159
11 1006 rs484096 131912780 2 -6.533402903311056e-5 131882731 131965039 82308
11 1029 rs2132488 133545017 1 -6.457855754350014e-5 133534203 133547856 13653
11 577 rs11232161 80195131 2 -5.7240261596030984e-5 80147284 80196298 49014
11 893 rs1879884 122710561 1 -5.498581213442635e-5 122710561 122752714 42153
11 547 rs7121629 76840798 3 -5.139198548770432e-5 76814110 76853783 39673
11 802 rs10128580 114115298 1 5.127246417693393e-5 114115298 114120774 5476
11 990 rs1347281 130908989 3 -5.090991619435847e-5 130908989 131007396 98407
11 278 rs12363688 26044992 3 -4.97621728163361e-5 26026233 26044992 18759
11 876 rs1939004 120920649 4 -4.856275260905303e-5 120907482 121062860 155378
11 988 rs1944147 130691920 2 4.808300259476551e-5 130654405 130692297 37892
11 975 rs10894162 129781016 1 4.7700535625406456e-5 129781016 129832270 51254
11 165 rs10832235 14244240 1 4.49570543938714e-5 14159137 14254570 95433
11 232 rs2040315 21129269 4 -3.2772425760994525e-5 21079942 21129269 49327
11 1046 rs2155304 134705943 1 3.259415894213605e-5 134671308 134706951 35643
11 38 rs2203402 3631121 1 -3.1784852865254486e-5 3583753 3638061 54308
11 777 rs949280 111111747 2 2.7337156020994355e-5 110954202 111111747 157545
11 742 rs4121642 104857066 1 -2.214277613063508e-5 104768141 104857221 89080
11 479 rs11227678 66842469 1 1.2581934025696144e-5 66826160 66842469 16309
11 602 rs11820448 83581307 1 -1.0486635080770922e-5 83579907 83633189 53282
11 375 rs12805321 40366058 1 1.0240406378675692e-5 40366058 40606832 240774
11 433 rs517679 58452608 1 -5.595017980139181e-6 58452258 58457495 5237
11 188 rs542350 17925059 1 -3.3184601277100177e-6 17872749 17925059 52310
