CHR Group SNP.lead BP.lead Size W BP.min BP.max BP.width
9 3115 rs2519803 136805789 1 0.04227365721491606 136805789 136805789 0
9 2097 rs4743150 100740124 1 0.03490853191045869 100740124 100769276 29152
9 2602 rs6478109 117568766 8 -0.03068438127772205 117558703 117584082 25379
9 3116 rs664026 136824023 2 0.028544084983948972 136824023 136824023 0
9 1989 rs1380 95147434 2 0.0277740904206911 94985637 95197471 211834
9 2606 rs873212 117735806 3 0.02739903231828632 117728895 117744430 15535
9 2793 rs10818605 124614496 1 0.02649172685911455 124604264 124614496 10232
9 2868 rs10818930 126991185 1 0.02603867427228824 126991185 126997079 5894
9 1206 rs831271 33270748 7 0.0254321015822014 33240225 33291520 51295
9 2614 rs16932349 117956937 1 0.02424480862232967 117951073 117975864 24791
9 377 rs1392524 8398021 1 -0.02415980945631088 8396388 8401031 4643
9 1225 rs7024727 34730395 2 0.02387016840665573 34710450 34743681 33231
9 246 rs7025867 4937872 1 -0.0230270368650292 4934896 4937872 2976
9 1943 rs10821507 93561614 2 0.02140547650513326 93546691 93563536 16845
9 1632 rs11138518 82768721 3 -0.02053485416350919 82768721 82788836 20115
9 2404 rs2039923 111598970 2 -0.02031340447354527 111587959 111605283 17324
9 1052 rs41305329 27284785 2 0.01965819434044917 27284363 27292474 8111
9 1537 rs561970 79318677 6 0.01954694094098861 79310246 79328461 18215
9 1913 rs10118363 92339924 1 0.01944261048253453 92321289 92339924 18635
9 259 rs17804441 5457733 2 0.01895353505492429 5457733 5461379 3646
9 88 rs6475120 1732880 4 0.01864111312966917 1721126 1732880 11754
9 1680 rs12551040 84256984 1 -0.01807830959708487 84256984 84256984 0
9 2931 rs11790967 130170561 2 0.01806645195882863 130165995 130172485 6490
9 557 rs10511576 12925921 1 -0.01783556328278764 12925921 12925921 0
9 2872 rs10818950 127130137 3 0.01779938236447058 127112027 127177161 65134
9 2599 rs11788229 117451896 5 -0.01767956505323 117439855 117453668 13813
9 2122 rs1967890 101417785 3 -0.0175802625054324 101384719 101427796 43077
9 2937 rs3802357 130478653 1 0.01732881204828749 130475442 130494486 19044
9 550 rs10809843 12780670 2 0.01678571895888895 12780295 12780670 375
9 3032 rs10901344 133946909 2 -0.01657722943513035 133942702 133948375 5673
9 2187 rs2485530 104473886 1 0.01623458451568752 104473886 104482845 8959
9 787 rs7871217 18929692 1 0.01604801908792549 18928210 18930880 2670
9 372 rs1155271 8312169 1 -0.01597154223008886 8310575 8312169 1594
9 2071 rs2025444 98994706 2 -0.01571755638983635 98985321 98997810 12489
9 132 rs520752 2550811 2 -0.01552313656128483 2544610 2551654 7044
9 1570 rs12555424 80491636 1 -0.01450492142229969 80485900 80500405 14505
9 2087 rs4743110 100326824 2 0.01440840489170988 100326824 100334586 7762
9 2472 rs578430 113563143 1 0.01437717105360677 113561251 113565027 3776
9 3037 rs10901052 134237148 1 -0.01429190553433859 134233268 134238629 5361
9 2142 rs417512 102108814 4 -0.01428596215113257 102092282 102123746 31464
9 1735 rs1529952 86719547 1 0.01410865975259964 86719547 86725070 5523
9 423 rs2065514 9412518 1 0.01404664753000981 9401487 9412518 11031
9 2925 rs10819243 129633328 3 0.01387876925292824 129633328 129726860 93532
9 1276 rs10125775 36993071 1 0.0138381887184581 36977798 36993788 15990
9 2988 rs1054874 132681619 1 0.01372858810329218 132681619 132714099 32480
9 2744 rs10818328 122279421 1 0.01355244749238815 122264713 122279421 14708
9 2779 rs2196311 124170490 1 0.01336251080354956 124170490 124201704 31214
9 2911 rs12683683 129224687 3 -0.01314791291662346 129221756 129237931 16175
9 882 rs7036656 21990457 2 0.01303483357978229 21970916 21990457 19541
9 2660 rs4091697 119654521 3 0.01300795190567844 119646682 119655950 9268
9 2016 rs12341268 96693709 2 0.0128774072166699 96693709 96693709 0
9 1555 rs10869915 79854729 2 -0.01286093979786144 79810889 79891964 81075
9 1283 rs7025491 37387177 2 0.01271105259597615 37382099 37390964 8865
9 1434 rs12002855 75435590 2 -0.01259601416546414 75382598 75435590 52992
9 1446 rs278727 76161901 1 0.01249215017056424 76152918 76184436 31518
9 60 rs12346252 1239644 4 0.01238403331752566 1239644 1239722 78
9 314 rs2770759 7197023 2 0.0121645828806782 7194214 7198770 4556
9 2314 rs2090409 108967088 2 -0.01170880453882006 108936674 108981298 44624
9 682 rs6475025 16289428 3 0.01157353672498764 16287778 16291556 3778
9 883 rs3217992 22003223 6 0.01155622736895177 21998035 22044122 46087
9 1508 rs2297343 78722328 1 0.01155440091254419 78721689 78724005 2316
9 1933 rs10123250 93161060 1 -0.01151318527521864 93161060 93194746 33686
9 2612 rs6478137 117921095 1 0.01144909308362173 117919576 117927395 7819
9 1315 rs4394481 38456840 3 -0.0113781917197867 38445998 38466944 20946
9 1877 rs7867717 90899627 1 0.01129181465170057 90899627 90899627 0
9 927 rs10811923 23404131 1 -0.01113675029331227 23404131 23422031 17900
9 2302 rs10120372 108440542 1 -0.0110873254758103 108440542 108440542 0
9 2120 rs2808541 101357407 1 -0.01091089988113881 101355624 101358348 2724
9 1893 rs3750399 91656963 4 0.0107309234497522 91656963 91670399 13436
9 142 rs1412693 2705874 5 0.01057660351917169 2699004 2705874 6870
9 1464 rs577787 77315134 1 0.01056950823799785 77312690 77315134 2444
9 2432 rs10980070 112584723 1 0.01047469167441992 112569588 112589454 19866
9 1458 rs10746956 76940344 3 -0.01035358626032676 76916282 76940344 24062
9 594 rs10961364 14074099 1 -0.01015437592052394 14074099 14074099 0
9 2848 rs2799465 126544609 1 -0.01009299165897595 126544609 126548090 3481
9 2869 rs4838140 127010114 1 0.00985945404465365 127001460 127010114 8654
9 3141 rs3128570 137743309 1 -0.00983259392026223 137743309 137743309 0
9 2196 rs12551744 104802828 1 -0.00959153474813936 104799619 104808575 8956
9 2028 rs12342274 97280338 2 -0.0095532707972749 97280338 97289583 9245
9 2418 rs7857376 112100958 1 -0.00937757912013753 112087325 112100958 13633
9 3084 rs628094 135877287 1 0.00930636027631753 135877287 135877287 0
9 582 rs7866165 13812685 1 0.00904382363368963 13812685 13812685 0
9 1720 rs10123088 85930972 2 -0.00887526705418427 85930972 85932455 1483
9 2941 rs7032368 130755881 2 0.00886426021668951 130755881 130770276 14395
9 1067 rs4879740 27750375 1 0.00882179845528921 27750375 27753227 2852
9 275 rs343494 6070342 1 0.00882117800987782 6070342 6070342 0
9 690 rs4612476 16388447 3 0.00881662715735094 16388447 16390697 2250
9 740 rs12684916 17937036 3 -0.00859904508545267 17937036 17937391 355
9 1930 rs2771090 93080054 1 -0.00841061683891207 93080054 93100550 20496
9 2824 rs972925 125377087 3 -0.00837646087118524 125365128 125381853 16725
9 2098 rs16912622 100843660 2 -0.00832131412646983 100843660 100843660 0
9 597 rs10810113 14200005 3 0.00803397906754407 14196340 14200005 3665
9 1525 rs11144898 79046297 4 -0.00802023557728606 78987645 79046297 58652
9 2466 rs35142681 113449489 3 0.00795176349812613 113403846 113449489 45643
9 233 rs7874378 4695068 1 0.00787673631347029 4695068 4695068 0
9 427 rs10977771 9455222 2 0.00786045540670772 9454258 9476425 22167
9 1798 rs4484780 88860820 5 0.00782088784268505 88847477 88860820 13343
9 1660 rs1332879 83691628 1 0.00778952841875319 83691628 83695647 4019
9 1158 rs1115507 30825999 2 -0.00769334960945725 30825999 30883856 57857
9 141 rs10738760 2691186 2 -0.00769308280140716 2679427 2691186 11759
9 1818 rs7021048 89453847 1 0.00768249576183045 89453847 89468654 14807
9 2050 rs6478302 98392340 2 0.00765710283488238 98391111 98402621 11510
9 2281 rs2437817 107690057 3 -0.00746613210399371 107686405 107690450 4045
9 3009 rs7860909 133331226 1 0.00745541294161409 133331226 133331226 0
9 2630 rs2418412 118541068 2 0.00741810171240427 118541068 118559109 18041
9 1713 rs17308435 85793511 1 -0.00739546969033109 85770608 85794098 23490
9 925 rs10811885 23321297 4 0.00736003340707003 23320406 23325084 4678
9 1653 rs6559588 83397674 3 -0.00733758695281569 83373425 83408197 34772
9 2553 rs818706 116148630 1 -0.00730277159205081 116148630 116148630 0
9 305 rs818887 7002389 2 0.00720830330920449 6997099 7006539 9440
9 1297 rs10814620 37788911 2 0.00720756683523905 37774893 37889858 114965
9 1775 rs329206 87806205 2 0.00718262306387725 87802989 87806205 3216
9 1056 rs1161680 27430232 1 0.00716043961000368 27428550 27441537 12987
9 887 rs10757282 22133984 2 0.00711827231205755 22133284 22134172 888
9 1736 rs11140391 86736004 2 -0.00700679434005677 86735718 86736004 286
9 293 rs1260463 6632061 1 0.00683012491568027 6631611 6635045 3434
9 1926 rs1539519 92950272 2 0.00682610046351812 92946648 92951303 4655
9 2535 rs10981574 115745577 2 0.00681653016980328 115745240 115783589 38349
9 1188 rs7042042 32451144 2 -0.00680202289870426 32451144 32456656 5512
9 1409 rs2297089 74305098 3 0.00678957400608342 74305020 74308389 3369
9 2250 rs653828 106746290 4 0.00670803130360447 106742792 106813465 70673
9 1795 rs10115513 88741540 1 0.00664490253899338 88741540 88756246 14706
9 67 rs7871293 1354036 2 0.00661363922289601 1354036 1354036 0
9 2509 rs7030545 114726308 2 0.00660746247474292 114721455 114729853 8398
9 1095 rs12005012 28539581 1 -0.00656996432953689 28539581 28539581 0
9 608 rs303727 14440552 1 -0.00647859842540825 14440552 14448497 7945
9 102 rs3829072 2127796 1 -0.00647543832471666 2123435 2127796 4361
9 2245 rs7864801 106554028 2 0.00639046340418655 106539597 106566612 27015
9 2873 rs928549 127192907 2 -0.00636327126095104 127190340 127192907 2567
9 3073 rs17149310 135450636 1 0.00635794140500856 135450636 135450636 0
9 3041 rs12115722 134428507 1 -0.00634722610853981 134428507 134430764 2257
9 230 rs4742027 4629595 3 0.00633974636752014 4622453 4635912 13459
9 1215 rs7036030 34085859 1 -0.00627686808080406 34065659 34085859 20200
9 919 rs2789476 23161189 1 0.00618360093793651 23161189 23171516 10327
9 825 rs2383134 20093557 1 0.00616183795981413 20093557 20093557 0
9 1659 rs1332855 83637787 1 -0.0061472396491506 83636366 83686226 49860
9 589 rs7855714 13968369 2 0.00610844963097142 13951940 13970315 18375
9 2290 rs10820780 107851745 2 0.006094702846983 107851745 107856582 4837
9 924 rs1544162 23307724 2 -0.00606066846179416 23307724 23316148 8424
9 941 rs959091 23775449 2 0.00600153418014284 23775449 23790800 15351
9 1418 rs11143080 74656309 1 0.00596368611508729 74656309 74656309 0
9 1349 rs13290881 71985169 5 0.00591484745644016 71973435 72016960 43525
9 2086 rs10759781 100324654 1 0.00583878413394693 100319031 100324654 5623
9 2049 rs7860540 98383097 4 -0.0057810537430202 98376367 98387529 11162
9 2018 rs10993045 96843245 2 0.00571484544979435 96773760 96861798 88038
9 1074 rs10757699 27950863 1 0.00567872125271771 27945758 27950863 5105
9 2002 rs4744198 95986997 2 -0.00564126568590794 95978265 96002983 24718
9 936 rs17780889 23624143 1 -0.00560852129474095 23608349 23624143 15794
9 2255 rs1507511 107045058 3 -0.00558398646573422 107013530 107051846 38316
9 2778 rs12340264 124109921 3 -0.00554110029660074 124075544 124128354 52810
9 2437 rs7035935 112706482 1 0.00543933770515675 112693360 112722869 29509
9 1238 rs34791102 35612978 2 -0.00542359693698689 35578001 35631423 53422
9 1879 rs12005022 90939033 1 -0.00539758352467063 90939033 90945833 6800
9 612 rs1318729 14515364 2 0.00539653664210779 14511645 14517555 5910
9 2635 rs7469818 118738647 4 0.0053325087540192 118736263 118741214 4951
9 1284 rs4878685 37394542 2 0.00532970032317993 37394542 37397532 2990
9 923 rs7022904 23274023 2 0.00530725087720465 23267111 23274023 6912
9 1703 rs7038698 85506296 1 -0.00526039773776743 85506296 85511504 5208
9 1235 rs943842 35395276 3 0.00525975379275482 35290205 35425169 134964
9 1256 rs1408469 36066220 1 -0.00525821548197948 36036003 36075435 39432
9 1741 rs7466124 86824068 1 -0.00523126530642368 86824068 86838505 14437
9 111 rs7024071 2227217 2 -0.00518272563559699 2227217 2227217 0
9 1856 rs3118839 90362777 1 0.00516961743133558 90355120 90362777 7657
9 2713 rs1327797 120967585 1 -0.00513273618079328 120967585 120967585 0
9 1643 rs11138659 83048003 4 0.00512133285510976 83048003 83070979 22976
9 2960 rs7873242 131984217 2 0.0051213232079495 131982125 131984706 2581
9 3149 rs10858300 137842500 1 0.0050696366649337 137840809 137856280 15471
9 2405 rs2000129 111607701 1 0.00504066107858578 111606792 111614150 7358
9 3 rs785838 248749 3 -0.00501709668265675 236828 250889 14061
9 865 rs2383192 21471726 2 -0.00500082867645196 21455814 21481556 25742
9 2642 rs4837261 119142351 1 -0.00497944172474867 119142351 119142351 0
9 2155 rs7853484 103391639 4 0.00494097101569068 103383109 103439019 55910
9 1573 rs11999145 80740886 2 -0.00492776847054208 80724067 80740886 16819
9 361 rs10758936 8114588 2 -0.00488484961450292 8114588 8125410 10822
9 1398 rs4744628 73931778 2 -0.00488432467369095 73931778 73935754 3976
9 817 rs7852773 19919331 1 0.00487379696344881 19904103 19919331 15228
9 1385 rs7875338 73444238 2 0.00484283676264829 73435028 73462784 27756
9 1161 rs12347982 31030360 1 0.00481738831498903 31023908 31030360 6452
9 1292 rs999988 37635299 1 -0.00478799817810247 37628858 37635299 6441
9 1889 rs9410429 91563034 3 -0.00475540092949804 91530748 91563034 32286
9 1361 rs13284442 72488417 1 0.00473293844457371 72479046 72489640 10594
9 3136 rs11103509 137654103 1 0.00469818475016245 137654103 137654103 0
9 818 rs7869796 19946627 1 0.0046915583268279 19940143 19946627 6484
9 2297 rs227888 108049866 5 -0.00465761793193219 107988197 108066854 78657
9 3113 rs2519098 136798370 1 0.00462469727396344 136798370 136798370 0
9 1476 rs1081877 77782517 1 0.00460572283288021 77782517 77782517 0
9 988 rs1537262 25538362 2 0.00459532184595208 25537109 25548319 11210
9 2885 rs829179 128316645 1 0.00455254306245226 128233506 128412676 179170
9 1494 rs2990413 78332803 2 -0.00451898734097971 78331051 78332861 1810
9 1419 rs7039742 74668581 2 0.00451281328103364 74664333 74668581 4248
9 2287 rs7850052 107797889 1 0.0044983820565122 107792622 107804674 12052
9 3120 rs10993924 136943067 1 0.0044733417649356 136943067 136943067 0
9 1042 rs621786 27118807 1 -0.00446019287505749 27118807 27120369 1562
9 2569 rs10124293 116800860 1 0.00444073068238368 116800860 116810204 9344
9 187 rs895236 4038228 2 0.00442556250739897 4038228 4040641 2413
9 1655 rs6559594 83501287 2 -0.00442138436205919 83462500 83503203 40703
9 2186 rs10989591 104449098 4 0.00430688992332064 104437373 104457236 19863
9 3118 rs3780792 136835343 1 0.00429576671695162 136835343 136835343 0
9 649 rs517928 15201410 4 -0.00427670160352646 15201410 15202417 1007
9 3157 rs11790742 138007995 2 0.00416370395132716 138007995 138008243 248
9 3088 rs658853 136009191 1 -0.00414902760463012 136007988 136009191 1203
9 2554 rs1805313 116151191 1 0.00413496026075111 116151191 116151191 0
9 3031 rs10901333 133927878 1 -0.00407683286170254 133927878 133927878 0
9 3097 rs9409872 136458311 2 0.00406786021115991 136458311 136466832 8521
9 571 rs10491754 13548060 1 0.00406616572968394 13548060 13562874 14814
9 1470 rs13299921 77535672 1 -0.00401659072363677 77530589 77535672 5083
9 1842 rs3758308 90110124 1 0.00399380251905643 90095024 90110825 15801
9 2096 rs3183927 100684757 4 -0.00396923032544205 100674565 100701446 26881
9 1277 rs4880050 36999024 2 -0.00393010348278239 36997417 36999024 1607
9 324 rs12554101 7357693 1 -0.00390612133402044 7355129 7360902 5773
9 1327 rs1411999 71215776 2 0.00385528033733707 71199545 71215776 16231
9 1888 rs10867131 91511000 1 -0.00383673984573677 91502970 91511000 8030
9 1722 rs2277176 85964563 2 -0.0038169980684935 85959871 85964563 4692
9 2775 rs12685344 123764991 1 0.00379880063804207 123757187 123824021 66834
9 4 rs526509 268740 1 0.00377819350033725 268740 270422 1682
9 807 rs17492143 19655267 2 0.00376124318060859 19639713 19655267 15554
9 387 rs7020239 8595338 2 -0.00370142306052166 8593035 8595416 2381
9 1455 rs3012844 76679339 3 -0.00367621684836129 76659915 76696788 36873
9 2677 rs11789213 119878770 1 0.00366629038517825 119876954 119880993 4039
9 576 rs642806 13671296 6 0.0036648912706398 13660128 13682827 22699
9 445 rs10491914 9896971 1 -0.00361576764795363 9896971 9896971 0
9 55 rs4741151 1158199 1 0.00358896742535766 1158199 1158199 0
9 966 rs7039242 24821877 1 0.00355245714036618 24821877 24821877 0
9 1903 rs11265908 92077132 2 -0.00354768647068958 92077132 92111105 33973
9 2017 rs10821278 96740079 3 0.0034955979481078 96713690 96740079 26389
9 3085 rs1330292 135884806 5 0.00347620492037935 135883620 135890991 7371
9 1733 rs11793330 86666444 2 0.003475977407247 86666444 86669330 2886
9 1440 rs1342020 75719701 1 -0.00347364087881292 75719701 75744524 24823
9 662 rs909323 15467175 4 0.00341451162882484 15429539 15467175 37636
9 2143 rs10819657 102128509 3 -0.00340927635859727 102128509 102159610 31101
9 2695 rs10983712 120368736 2 0.00340298554873056 120357123 120398385 41262
9 347 rs186629 7725346 2 0.00338636923561603 7722331 7734480 12149
9 2573 rs2418265 116865784 2 -0.00338607440921881 116861763 116867054 5291
9 1636 rs10780367 82900888 2 -0.00334608176254339 82890993 82913245 22252
9 1200 rs16918866 32923482 1 -0.00333495783433469 32923482 32923482 0
9 1859 rs10123732 90395684 1 0.00330325074842754 90387296 90395684 8388
9 796 rs957 19379367 2 -0.00327070801313796 19346729 19379367 32638
9 1280 rs7047479 37179379 4 -0.00320762236294527 37070398 37223862 153464
9 119 rs16938404 2324558 1 -0.00317988759819376 2321242 2324646 3404
9 1242 rs4879926 35700837 1 0.00317098356404916 35700837 35712003 11166
9 1309 rs4878797 38380350 1 -0.00316513255265626 38380350 38380350 0
9 2587 rs1687410 117051020 1 -0.003164790178741 117051020 117051020 0
9 1829 rs278669 89800215 1 -0.00315543501890246 89800215 89817082 16867
9 1341 rs4069737 71701174 1 -0.00315246606093156 71671116 71701174 30058
9 1675 rs10115264 84140380 2 -0.00313205786697214 84135839 84144714 8875
9 2815 rs45579335 125239501 1 0.00312965762711895 125239501 125239501 0
9 1504 rs6560480 78599133 3 0.00307888481111939 78594609 78608872 14263
9 296 rs1759402 6680477 3 -0.00307581532442472 6673285 6680477 7192
9 2229 rs10990599 105942389 1 0.00304671188988332 105937834 105942389 4555
9 1273 rs16933784 36944882 2 0.00304290114553184 36934760 36944882 10122
9 2073 rs12685240 99079114 1 -0.00302381364989881 99079114 99079114 0
9 2965 rs4366175 132049842 1 0.00302015848278276 132049842 132049842 0
9 1288 rs913280 37483309 4 0.00300401968269762 37483309 37483926 617
9 1046 rs565586 27170934 2 0.00299903071017394 27166159 27171373 5214
9 702 rs10962589 16783380 1 -0.00299368194669525 16778780 16783380 4600
9 2698 rs4837496 120450798 3 -0.00295562403807541 120441946 120464725 22779
9 2505 rs1413218 114658407 1 0.00294837323205049 114638922 114661611 22689
9 918 rs10757394 23132614 1 -0.00293203116180122 23132614 23132614 0
9 1734 rs2118166 86693470 1 0.00291387031688631 86682315 86693470 11155
9 3119 rs2789864 136852891 2 -0.00287214000969196 136852891 136852891 0
9 177 rs10814596 3777523 1 0.00286677972709093 3777523 3781983 4460
9 2636 rs6478223 118781688 3 -0.0028446683298405 118781688 118817903 36215
9 2511 rs4979071 114758073 1 0.00284253969574996 114753347 114759313 5966
9 11 rs7020261 316247 3 -0.00282683080950932 316247 331490 15243
9 2373 rs10120248 110857507 2 0.00281851635675705 110855243 110864436 9193
9 1649 rs13284117 83247711 2 0.00281122303583559 83221548 83253373 31825
9 950 rs4977912 24091818 1 0.00281073646405915 24075368 24111280 35912
9 2995 rs10988625 132927568 1 0.00280852808998848 132927568 132927568 0
9 2430 rs7022225 112536455 1 -0.00277579197225555 112531466 112536455 4989
9 538 rs791658 12493565 1 0.00277524776856528 12493565 12493565 0
9 566 rs1556577 13453984 2 -0.00275092417636482 13453984 13453984 0
9 1542 rs4744812 79442798 1 0.00275076467519842 79424168 79442798 18630
9 241 rs531122 4830849 1 -0.00272928681733134 4830849 4834394 3545
9 743 rs10963408 18044802 1 -0.0027098929846436 18032367 18044802 12435
9 256 rs1535453 5410624 2 -0.00268521063710895 5389122 5412546 23424
9 2033 rs16910850 97398792 1 0.00264332924821213 97398792 97403720 4928
9 1526 rs7032380 79085839 2 0.00263337743962007 79049157 79085839 36682
9 2992 rs8503 132902219 2 -0.00262607411119316 132902219 132906486 4267
9 1743 rs11790651 86886897 1 -0.00257885989427301 86879344 86893071 13727
9 2004 rs4633120 96093865 2 0.00251137386649333 96090008 96099377 9369
9 1982 rs12002478 94603970 2 0.00250042647899027 94589135 94607294 18159
9 631 rs16932282 14788886 3 0.00249401135000869 14783623 14788886 5263
9 1274 rs10814484 36958016 1 -0.00248441702265048 36952743 36958016 5273
9 2261 rs41277753 107288995 2 0.00248349574289968 107273553 107290126 16573
9 1797 rs1002960 88839915 2 -0.0024815362677685 88839915 88839915 0
9 1556 rs41289969 79938069 4 0.00246839398129445 79938069 79980974 42905
9 842 rs10964583 20508503 2 0.00243728446851019 20497142 20537343 40201
9 254 rs1322220 5340596 2 -0.00242498810375688 5335470 5346352 10882
9 2276 rs2230805 107624029 1 0.00241951490602374 107620299 107624029 3730
9 206 rs10814908 4272449 2 -0.00241856655421805 4265363 4272449 7086
9 92 rs7020364 1842469 1 -0.00241498819400061 1840933 1842469 1536
9 1892 rs34075341 91616843 2 -0.00239719961958782 91616843 91624397 7554
9 2597 rs12379659 117394595 2 0.00239024579182925 117394595 117396237 1642
9 2858 rs3861868 126835484 1 -0.00238733094556044 126835484 126848249 12765
9 689 rs7864648 16368732 2 0.00238473512752078 16368732 16373545 4813
9 2464 rs12236915 113364464 2 -0.00238010130560969 113364464 113366508 2044
9 1252 rs10972659 35978321 1 0.00236899656476045 35978321 35991115 12794
9 1864 rs6560041 90495370 1 0.00236320146195692 90495370 90496987 1617
9 309 rs7033001 7092759 1 -0.00235471485715371 7091968 7096061 4093
9 2154 rs10115383 103370532 1 0.00235300672169852 103370505 103377514 7009
9 118 rs12684262 2301610 1 0.00233356554003244 2301610 2301610 0
9 3004 rs914978 133277641 1 0.00233027397726717 133277641 133277641 0
9 1241 rs3829078 35679251 1 -0.00231491064990947 35679251 35679251 0
9 699 rs1888207 16696187 1 0.00231480420300346 16695690 16708269 12579
9 1377 rs10868854 73193371 1 -0.00231059283430714 73193371 73193371 0
9 2643 rs4837514 119181214 1 -0.00227931465357989 119181214 119182231 1017
9 2072 rs2476927 99038030 2 0.00227487429927175 99031628 99050794 19166
9 2082 rs11999505 100194825 1 0.00226613864199215 100194825 100194825 0
9 306 rs7857570 7032710 2 -0.00226291659965728 7032710 7038574 5864
9 1875 rs2482488 90821421 1 -0.00226180927350873 90816711 90835726 19015
9 867 rs7848909 21504973 2 -0.00224073804057967 21503097 21506356 3259
9 2048 rs10818991 98367717 2 0.00222944168074624 98364547 98367717 3170
9 753 rs7862129 18290410 2 -0.00221930065308248 18290410 18296065 5655
9 2457 rs2281937 113169126 2 -0.00219359559921177 113168501 113201276 32775
9 3006 rs10901326 133292993 1 0.00218924230986816 133292993 133295041 2048
9 1515 rs12684735 78792438 1 -0.00217616770530515 78792438 78800114 7676
9 2702 rs1927924 120559976 2 -0.00217514473325583 120539470 120565329 25859
9 167 rs10814219 3536260 1 0.00217178448812036 3496660 3547259 50599
9 255 rs7862502 5356333 4 -0.00214509204468343 5356333 5364592 8259
9 2846 rs7867502 126470140 2 -0.00213915780621392 126446778 126477127 30349
9 3090 rs6597604 136049780 3 -0.00212974319440799 136047139 136049780 2641
9 2043 rs7389278 98172085 2 -0.00210601546736649 98171417 98177956 6539
9 2148 rs1997368 102713580 5 0.0020714395435306 102669877 102723692 53815
9 1339 rs4745514 71629914 1 -0.00206190464235467 71629914 71634045 4131
9 1506 rs1339254 78688289 1 -0.00204325649530563 78686818 78688289 1471
9 1438 rs348460 75534760 1 0.00204174104539519 75529888 75545882 15994
9 2024 rs10993121 97024028 1 0.00203826584593388 97024028 97056183 32155
9 987 rs10966943 25522087 2 0.00203375649923117 25522087 25529599 7512
9 2859 rs10818918 126860510 2 0.00203001772183074 126859995 126862735 2740
9 1890 rs4570242 91587228 1 -0.00202624039052776 91575778 91587228 11450
9 1352 rs2777864 72091413 2 0.00201755560319163 72077866 72111875 34009
9 3003 rs7031579 133250275 2 0.00201203398499018 133250275 133250275 0
9 1919 rs2196923 92711789 1 0.00200783978633291 92711789 92723125 11336
9 2894 rs4838320 128831097 1 0.00200767153914168 128831097 128831097 0
9 3158 rs11103712 138037372 1 0.00199066609686863 138037372 138037372 0
9 2136 rs4743322 101835165 1 0.00197698824424893 101834340 101835165 825
9 1340 rs3763609 71647410 1 0.00197220995142957 71647410 71647410 0
9 1084 rs10511824 28205162 4 -0.00196263129719014 28198623 28220635 22012
9 913 rs10811813 22985856 1 -0.00193432689598573 22985856 22985856 0
9 1299 rs12345885 38003567 1 0.00192896318004539 37974481 38020544 46063
9 103 rs10811530 2142191 3 0.00192102601952549 2142191 2143543 1352
9 3094 rs55876802 136137547 2 -0.00191725103529363 136135238 136156067 20829
9 243 rs295254 4848630 2 0.00190263196837947 4844459 4856877 12418
9 668 rs2182934 15915382 1 -0.00189010839643996 15896393 15923770 27377
9 2227 rs1584415 105825222 1 0.00188924581348576 105815315 105837587 22272
9 2566 rs7034929 116672801 3 0.001871152528821 116660999 116680454 19455
9 56 rs1933041 1196586 1 0.001849757695122 1196570 1196586 16
9 249 rs10758669 4981602 1 0.00184651144304516 4974441 4981602 7161
9 1247 rs12000024 35892051 1 0.00183591745754723 35892051 35903370 11319
9 2568 rs10982035 116782921 1 -0.00183293108601388 116780314 116782985 2671
9 2648 rs16933690 119339463 2 -0.00183172440884638 119339463 119384592 45129
9 539 rs1325129 12512973 2 0.00183125148542807 12510515 12513587 3072
9 1100 rs4879261 28705607 2 0.00181889775701709 28651898 28705607 53709
9 2406 rs10979564 111621439 4 0.00179339496180508 111619707 111623055 3348
9 2861 rs2807602 126888457 2 0.00178534109222641 126888457 126888457 0
9 269 rs6477007 5857998 1 -0.00178483929938621 5850834 5864988 14154
9 819 rs9407950 19958389 1 0.00178058203870269 19958389 19989693 31304
9 3192 rs10747029 139534703 1 0.00177787580144181 139534703 139535714 1011
9 1150 rs10969625 30340919 1 0.00177211708872447 30297393 30340919 43526
9 2459 rs13286541 113251951 1 0.00177055048646922 113236797 113252011 15214
9 843 rs668703 20601177 2 0.00176454283116967 20597576 20601177 3601
9 1439 rs8187876 75564954 2 -0.00176134876026974 75554952 75586627 31675
9 967 rs973778 24848892 2 -0.0017566080700117 24848892 24848892 0
9 2400 rs10759310 111518150 1 -0.00173963098138717 111511992 111518150 6158
9 2487 rs7871113 113944432 1 0.00173345734287406 113921689 113957534 35845
9 2580 rs13300252 116974295 2 0.001729312981419 116974295 116974295 0
9 2054 rs1335049 98447883 3 0.0017196743179238 98444303 98452966 8663
9 752 rs2383068 18273100 1 0.00169343890511122 18267185 18280143 12958
9 896 rs7027027 22472289 1 0.00165787096502682 22471832 22487177 15345
9 2354 rs4978541 110451516 3 0.00164876371265563 110451516 110457258 5742
9 2757 rs2002821 122776605 1 -0.00164839533681834 122771568 122779915 8347
9 663 rs10125713 15517742 1 0.00164691318700428 15516375 15517742 1367
9 1618 rs10491791 82096194 1 -0.00163540862698858 82096194 82099407 3213
9 2326 rs1388235 109475636 2 -0.00163401722123866 109469564 109480510 10946
9 595 rs508940 14107096 3 0.0016235164026972 14087769 14117221 29452
9 212 rs11789633 4321558 2 -0.00160572643151701 4321558 4321558 0
9 1137 rs2152203 29835397 2 -0.00157278683808838 29823067 29847350 24283
9 1081 rs1839967 28083672 3 0.00157075641445915 28074530 28087657 13127
9 2806 rs1571586 124957525 3 0.00156778431156897 124957525 124957776 251
9 2000 rs7025554 95898531 2 0.00156495485606378 95898531 95907107 8576
9 2968 rs17457362 132098060 1 0.00155533280447077 132098060 132106034 7974
9 2628 rs10118264 118484799 2 0.00155528811996356 118413485 118484799 71314
9 2008 rs10122014 96353485 1 0.00155282134206257 96353119 96353485 366
9 2504 rs12379047 114629162 1 0.00154899603670598 114626595 114636015 9420
9 1314 rs2381871 38426961 1 0.00154850472565667 38426961 38440543 13582
9 795 rs2383090 19247848 4 -0.00154687641873059 19234830 19305959 71129
9 601 rs10810126 14292207 2 0.00154648308897012 14292207 14292720 513
9 2646 rs7042951 119305421 1 -0.00154376458261234 119285144 119307773 22629
9 2951 rs7853999 131146409 1 0.00151455703502053 131146409 131146409 0
9 671 rs1887677 16079296 2 0.00150236475364865 16069629 16079296 9667
9 1786 rs3860946 88123347 1 -0.00149386965418732 88123347 88123347 0
9 362 rs941904 8136132 1 0.00147379649479762 8132822 8140904 8082
9 3102 rs694821 136570740 1 -0.00146290973524652 136570740 136570740 0
9 656 rs688254 15335853 2 0.00145930409908584 15335853 15336653 800
9 534 rs1929425 12367988 2 0.00145346469293855 12362801 12372356 9555
9 696 rs6475059 16554405 1 0.00144185346279318 16554405 16576129 21724
9 2560 rs9644931 116443721 1 -0.00144149437959501 116443721 116443721 0
9 2059 rs1413178 98586312 2 0.00143949704077066 98586312 98695299 108987
9 2527 rs2676622 115454504 1 0.00143339569026057 115454504 115454504 0
9 1208 rs7022959 33420204 2 -0.0014294220183997 33420008 33420302 294
9 335 rs2890755 7539001 1 0.00142852181840766 7539001 7540496 1495
9 577 rs626778 13705679 2 0.00141723478783019 13685649 13708607 22958
9 360 rs10815757 8097977 1 0.00140895496520023 8097977 8106282 8305
9 943 rs3793595 23811127 2 -0.00140352311202365 23811127 23817548 6421
9 2324 rs10978560 109379687 1 0.00139918013648651 109379687 109389147 9460
9 1193 rs1328994 32717013 2 0.00139038515187074 32717013 32723639 6626
9 609 rs10810150 14452729 2 -0.0013893671215474 14452729 14456738 4009
9 1742 rs883431 86867036 1 0.00138724407032722 86857433 86867036 9603
9 1492 rs1410569 78306600 1 -0.00138230698800765 78296308 78308605 12297
9 617 rs10756576 14556659 1 0.0013810567298741 14556659 14557806 1147
9 2065 rs4743598 98918433 1 -0.00137430125444672 98918433 98918433 0
9 579 rs10756496 13762909 2 -0.00136854023892998 13758505 13765292 6787
9 1104 rs10968773 28795700 2 0.00136320990917337 28793694 28817957 24263
9 654 rs643531 15296034 1 0.00135395819365136 15294331 15300968 6637
9 1950 rs2290889 93639849 1 0.0013478103700687 93636664 93651657 14993
9 2881 rs10986578 127893864 5 0.00134715079588576 127820479 127913837 93358
9 2037 rs3802458 97741274 1 -0.00134593136751229 97702500 97741274 38774
9 1719 rs1535750 85910950 2 0.00132094649376389 85910642 85910950 308
9 3096 rs17150554 136269143 1 0.00131956428503689 136199466 136275188 75722
9 1211 rs10971520 33460846 3 -0.00130514097707815 33460141 33478434 18293
9 1031 rs1033991 26659562 2 0.00129340940228611 26659562 26684901 25339
9 1557 rs7860724 80041641 1 0.00129311396888989 80020874 80041641 20767
9 112 rs4741657 2239429 1 0.0012926987616751 2239429 2239429 0
9 590 rs7048074 13980085 1 0.00129123570477352 13980085 13983001 2916
9 1883 rs7867153 91377672 2 0.00128861916321982 91368043 91377672 9629
9 2327 rs10978628 109529338 1 -0.00128307819122813 109529338 109529338 0
9 344 rs328847 7684244 1 -0.00127582177562594 7684244 7688438 4194
9 2788 rs7047340 124441404 1 0.00126700928395987 124441404 124441657 253
9 2973 rs1780482 132293940 2 0.00126224215165633 132287630 132302923 15293
9 2961 rs395119 131996071 3 -0.00125748915777946 131992861 131996962 4101
9 1240 rs1339374 35660990 1 0.0012573765144322 35660901 35665153 4252
9 1487 rs10869593 78206328 1 -0.00125223466425481 78206328 78212566 6238
9 2116 rs1930409 101278541 1 -0.0012418658475649 101277609 101289991 12382
9 1986 rs10761137 94728959 2 0.0012401793904234 94696779 94746291 49512
9 3109 rs12344583 136723520 1 0.00123607072791104 136723520 136723520 0
9 74 rs7854400 1490577 2 0.00122620309961944 1489454 1490577 1123
9 1717 rs10867954 85845746 1 0.00121226022937965 85845746 85863174 17428
9 2901 rs2809443 128947475 3 -0.00120654874182195 128929023 128954507 25484
9 610 rs10961534 14470833 1 0.00120548933267072 14469146 14470833 1687
9 2193 rs7041807 104708430 3 -0.00120396317013294 104689325 104709020 19695
9 1817 rs1028880 89444725 1 0.00120269006876168 89443026 89448000 4974
9 2708 rs1930713 120733712 1 0.00119685257697476 120733712 120739065 5353
9 1835 rs6559979 89940123 2 0.00119531728880172 89934837 89942866 8029
9 428 rs2890870 9483035 1 -0.00118989627129821 9483035 9489220 6185
9 1498 rs3934253 78416813 1 0.00118751808166792 78412423 78425925 13502
9 2594 rs2296262 117265406 3 -0.00118679932856869 117249874 117275129 25255
9 1263 rs3780350 36639442 1 0.0011819351557545 36639442 36639442 0
9 2079 rs2447290 100062414 3 0.00117964873906812 100037880 100062414 24534
9 2844 rs10986064 126351423 3 -0.00116419758534453 126351423 126400092 48669
9 800 rs10811184 19438279 1 0.00116211727120228 19430331 19438279 7948
9 1768 rs4361832 87595734 2 0.00114980746554867 87585624 87595734 10110
9 1984 rs11789973 94651984 1 0.00114980141588846 94646958 94651984 5026
9 1162 rs13293430 31050747 1 0.00114311390049449 31038399 31076871 38472
9 591 rs12005778 14004053 1 0.00113919046532563 13992283 14010270 17987
9 3061 rs9411449 135206460 3 0.00113241621753305 135191473 135206460 14987
9 1622 rs1329743 82364676 1 -0.0011045705588779 82364676 82402797 38121
9 277 rs340892 6098662 2 -0.00110341253231919 6093790 6119329 25539
9 2394 rs7030851 111281164 1 0.00110187715682964 111279713 111281324 1611
9 657 rs498404 15347022 1 -0.00110159331975825 15347022 15347518 496
9 2282 rs2437819 107699196 1 0.00108572491349824 107695396 107699196 3800
9 1830 rs10113878 89843781 1 0.0010829078017770301 89820303 89843781 23478
9 3145 rs7851696 137779091 1 -0.00107938898618024 137779026 137780823 1797
9 2866 rs10760332 126975022 1 0.00107795868000796 126975022 126975022 0
9 2611 rs7034038 117910022 1 0.00107375682586134 117896349 117913870 17521
9 1064 rs7847656 27644077 1 -0.00107036288996692 27644077 27644077 0
9 1572 rs9314866 80717949 2 -0.00106989089615762 80712244 80719998 7754
9 183 rs581222 3934738 1 -0.00106524347732661 3928115 3936301 8186
9 1363 rs4487842 72568962 4 0.00106513181560057 72530831 72579310 48479
9 2531 rs4978511 115654246 1 0.00106468173887688 115654246 115655392 1146
9 2801 rs4837936 124810592 1 0.00106086449354751 124794591 124831273 36682
9 1623 rs10867429 82441651 1 -0.00105742946840187 82432302 82441651 9349
9 439 rs1174581 9763352 1 -0.00105457493713532 9756868 9772724 15856
9 667 rs2794632 15875162 2 -0.00105164070651922 15870465 15880229 9764
9 2957 rs2541161 131884802 2 0.00105115911459957 131873222 131909736 36514
9 581 rs10756506 13780196 1 -0.00104207006229521 13774329 13780196 5867
9 1483 rs7028332 78092361 1 -0.00103074822004271 78080515 78096565 16050
9 438 rs1934268 9730366 1 -0.00102694670488294 9724816 9740949 16133
9 320 rs10758855 7285207 1 -0.00102557705702099 7273950 7286273 12323
9 1960 rs7859968 93840753 1 0.00102378883300143 93837417 93842021 4604
9 2533 rs10759611 115683429 2 0.00101287995869403 115678033 115684234 6201
9 1040 rs17694631 27066070 2 -0.00101242373177314 27009100 27083814 74714
9 2103 rs7854249 100975694 2 0.00101177232668075 100963653 100981757 18104
9 665 rs10119257 15552399 1 0.00100604532638437 15552399 15602101 49702
9 2483 rs2900522 113844435 2 0.00100578993555245 113837908 113850877 12969
9 2396 rs1930102 111343627 2 -0.00100176211257381 111334514 111343627 9113
9 1765 rs1838158 87473009 1 -9.966443543738008e-4 87473009 87473009 0
9 973 rs1381148 25049865 2 9.954522760936824e-4 25049865 25049865 0
9 2133 rs1023249 101752484 1 -9.924611836257349e-4 101749498 101752484 2986
9 2117 rs1999498 101308111 1 -9.863433812814034e-4 101307334 101308111 777
9 2694 rs1252015 120331278 1 -9.83032369113391e-4 120331278 120353610 22332
9 1436 rs348483 75515114 2 -9.819661856597592e-4 75512300 75515669 3369
9 1138 rs7871951 29894841 1 -9.777124084843496e-4 29863319 29894841 31522
9 2818 rs1329954 125274730 1 -9.728286213329556e-4 125274730 125276867 2137
9 1552 rs10869896 79714137 2 -9.679729944649772e-4 79706284 79714137 7853
9 1335 rs883952 71514651 3 9.67800898050568e-4 71512668 71516542 3874
9 2035 rs471161 97500580 3 9.646295806927336e-4 97487704 97586542 98838
9 2768 rs10125592 123161735 2 -9.640563247778856e-4 123161735 123171755 10020
9 1194 rs664241 32769523 1 9.636974686112816e-4 32755028 32784838 29810
9 13 rs1410221 354913 1 9.589724983185436e-4 348772 354913 6141
9 3018 rs10901226 133483217 1 9.546209276508572e-4 133439577 133488494 48917
9 942 rs16907782 23802442 2 9.51737631917202e-4 23802442 23802442 0
9 3055 rs9411446 135015927 1 9.426940612685888e-4 135009024 135018146 9122
9 844 rs2780840 20608377 1 -9.420021433362112e-4 20608377 20617114 8737
9 2020 rs10761317 96898436 1 9.344497211666606e-4 96898436 96898436 0
9 286 rs2890707 6331324 1 -9.233883011760892e-4 6322415 6358849 36434
9 555 rs6474741 12886899 1 -9.143847342270264e-4 12886899 12886899 0
9 1544 rs7031918 79511499 1 9.053278287516764e-4 79511499 79511499 0
9 291 rs12347506 6549841 1 -8.94912538533341e-4 6549841 6549841 0
9 2099 rs2795491 100911422 1 -8.908811476622097e-4 100911422 100913376 1954
9 2318 rs17290816 109175575 1 8.89367715478254e-4 109175575 109205274 29699
9 804 rs4977547 19526674 2 8.82077602759224e-4 19523984 19526712 2728
9 223 rs6476874 4527201 1 8.799514426771354e-4 4527201 4527201 0
9 2021 rs4744321 96932414 1 8.743297985728543e-4 96913764 96944581 30817
9 2476 rs544276 113640468 1 8.670771968521524e-4 113635929 113644930 9001
9 1922 rs10991799 92804166 1 8.634734266912218e-4 92804166 92814420 10254
9 1210 rs567691 33439829 1 -8.632465619348162e-4 33439738 33439829 91
9 598 rs10961424 14208724 1 8.627798225145412e-4 14208724 14213974 5250
9 3091 rs4379511 136101557 1 -8.610673456718347e-4 136086916 136102199 15283
9 963 rs4284108 24770615 1 8.572435438241602e-4 24770615 24770615 0
9 746 rs12238245 18107808 1 -8.525952251383955e-4 18090934 18108520 17586
9 2812 rs10306202 125159521 1 -8.468156601719364e-4 125159521 125159521 0
9 2328 rs4237185 109542204 2 -8.462466654945699e-4 109531515 109542204 10689
9 2455 rs11791314 113141959 1 8.458987016429483e-4 113141959 113141959 0
9 99 rs4741641 2072356 1 -8.439111080492517e-4 2072356 2073839 1483
9 1112 rs10757817 29192125 2 -8.434445518815158e-4 29162253 29192125 29872
9 684 rs6475036 16313409 1 -8.378043011856157e-4 16312990 16314909 1919
9 2665 rs4144636 119762707 1 -8.303741592590858e-4 119753179 119762707 9528
9 1564 rs7046214 80162570 1 8.302387059654229e-4 80159865 80164318 4453
9 1125 rs7026384 29508543 1 -8.28975912950197e-4 29504458 29508543 4085
9 3208 rs1123190 140958350 1 -8.212760142381349e-4 140955547 140958350 2803
9 1000 rs1231370 25754330 2 -8.207971031674153e-4 25748799 25755952 7153
9 1450 rs1352514 76256736 1 -8.167676612338706e-4 76249152 76256736 7584
9 2591 rs2636893 117151781 1 -8.129539972650786e-4 117150070 117162253 12183
9 2971 rs1810914 132178213 1 -8.115202766875405e-4 132174235 132178213 3978
9 3202 rs10867123 140432318 1 8.065884629672639e-4 140422452 140432318 9866
9 1586 rs3010671 81078138 1 -8.040613102913733e-4 81078138 81078138 0
9 772 rs7043157 18751638 2 -8.035202341292867e-4 18751638 18751638 0
9 1013 rs1836463 26180249 1 8.012248339758828e-4 26179065 26180249 1184
9 242 rs7861943 4836811 1 -8.003865587988925e-4 4836811 4836811 0
9 383 rs72694737 8497250 1 7.907557814472298e-4 8497250 8505087 7837
9 1334 rs17392931 71480296 1 -7.90625834383854e-4 71470111 71482288 12177
9 1744 rs7864584 86906932 1 -7.893463080641532e-4 86906107 86921615 15508
9 2053 rs817171 98434188 1 7.873163895182781e-4 98430835 98439240 8405
9 394 rs3802396 8787733 1 -7.794852858139902e-4 8787733 8796449 8716
9 2709 rs2245960 120757370 1 7.747086619034772e-4 120751155 120769844 18689
9 2449 rs10816959 113046742 1 -7.731840658494708e-4 113043999 113046742 2743
9 2199 rs10448296 104879699 4 7.730500943353544e-4 104856493 104879699 23206
9 2701 rs7027711 120524178 1 7.694749231586407e-4 120509393 120524178 14785
9 958 rs2844019 24598119 2 -7.615696083723093e-4 24595311 24605254 9943
9 3040 rs4740164 134386781 1 -7.556796202057365e-4 134385435 134402338 16903
9 618 rs10961577 14562314 1 7.510942960714459e-4 14562314 14562314 0
9 2350 rs7019214 110365337 2 -7.505967132766701e-4 110360883 110365337 4454
9 2410 rs562982 111840500 4 -7.484654771865699e-4 111776224 111857676 81452
9 166 rs10758256 3446277 2 -7.404742906004922e-4 3446277 3468075 21798
9 61 rs7037665 1265994 1 -7.385319601494764e-4 1265994 1265994 0
9 2603 rs2006996 117592638 2 -7.351329177289572e-4 117592638 117616813 24175
9 2184 rs1016429 104402364 2 7.232749001814536e-4 104378479 104410903 32424
9 39 rs962817 750892 1 -7.1765247935527e-4 750892 755034 4142
9 1730 rs2780974 86246984 2 7.164195745672228e-4 86229249 86262537 33288
9 65 rs12345947 1339942 1 7.151436717037472e-4 1336460 1342763 6303
9 3002 rs914977 133226582 1 7.140213382927816e-4 133226582 133226582 0
9 2613 rs7866181 117928419 1 7.116259380177804e-4 117928419 117936903 8484
9 3181 rs1556417 138672652 1 -7.082284934768671e-4 138672652 138672652 0
9 3186 rs1717455 138985141 2 7.072088332983168e-4 138985141 138985434 293
9 1460 rs11143958 77010681 1 7.066524682039985e-4 77002414 77010681 8267
9 253 rs3758239 5306824 1 7.040910417357236e-4 5306824 5306824 0
9 558 rs16929942 12931403 1 -7.028060231041601e-4 12931403 12931403 0
9 1863 rs10868668 90493423 2 -7.01256318260493e-4 90493423 90493423 0
9 669 rs3008725 16009322 3 6.935437346361878e-4 16009322 16012936 3614
9 2638 rs204505 118887949 2 6.887239115033092e-4 118887949 118887949 0
9 2194 rs1007468 104728905 1 6.851959442566543e-4 104728905 104728905 0
9 1484 rs10512042 78119359 2 6.669494087133182e-4 78108869 78127980 19111
9 2402 rs10512387 111551724 1 6.667517370583676e-4 111545688 111552022 6334
9 2198 rs320276 104849677 1 6.666168896597825e-4 104837536 104849677 12141
9 1184 rs992710 32310726 3 6.656700202016051e-4 32305020 32328019 22999
9 1021 rs10812394 26433751 2 6.623718648486855e-4 26433751 26433751 0
9 1007 rs1332339 25956931 1 6.616756431308149e-4 25956931 25956931 0
9 751 rs4424360 18214878 1 -6.603061274573491e-4 18205105 18216477 11372
9 1560 rs990000 80086534 1 6.564442908806975e-4 80086534 80110333 23799
9 355 rs1535480 7925381 1 -6.544927189609262e-4 7918996 7926652 7656
9 3030 rs45628035 133901752 1 -6.535277867268067e-4 133901752 133901752 0
9 341 rs10976481 7662198 1 -6.488251077808799e-4 7658953 7662501 3548
9 1400 rs10116204 74052978 1 6.417245922681385e-4 74039166 74052978 13812
9 3175 rs2297570 138475150 1 6.39882904300629e-4 138463166 138475150 11984
9 182 rs453166 3909453 1 -6.370057093852838e-4 3909453 3910190 737
9 3099 rs5320 136507473 1 6.248035960328847e-4 136505114 136509370 4256
9 2052 rs10991208 98425628 1 -6.194635353849846e-4 98420881 98425628 4747
9 1171 rs10970427 31573759 1 6.186652176341564e-4 31540903 31573759 32856
9 1291 rs4621903 37587742 1 6.179879813813906e-4 37583429 37591236 7807
9 2366 rs10521087 110709587 2 6.137442554876015e-4 110707050 110709587 2537
9 295 rs820505 6669474 2 -6.018838158134851e-4 6665010 6672097 7087
9 210 rs10974453 4317128 1 -5.983732242453109e-4 4314752 4317128 2376
9 2445 rs4978888 112963702 1 -5.970950627670171e-4 112963702 112973517 9815
9 802 rs7858547 19484869 1 5.872003654231221e-4 19484869 19484869 0
9 1337 rs12378665 71597840 1 5.862478485466077e-4 71595965 71597840 1875
9 2523 rs2593681 115334288 1 -5.841822291643167e-4 115289605 115334288 44683
9 1617 rs10491790 82080249 3 -5.777124018842464e-4 82033019 82080249 47230
9 2512 rs10981228 114810102 1 5.651743646413201e-4 114810102 114811564 1462
9 2800 rs7019095 124747323 1 -5.622443003651889e-4 124747323 124747323 0
9 643 rs4741450 15078040 1 5.6173374270746e-4 15075185 15078522 3337
9 76 rs6474880 1513074 1 5.601522884678982e-4 1513074 1520510 7436
9 2712 rs2806117 120913104 1 -5.563756837703192e-4 120875685 120949617 73932
9 2220 rs4237207 105589637 1 5.493670430576172e-4 105546493 105595627 49134
9 2475 rs474186 113622466 1 5.463101040669262e-4 113619757 113632279 12522
9 889 rs10757288 22159416 1 -5.444819641287713e-4 22158598 22159416 818
9 588 rs10961300 13921272 1 5.424698041783028e-4 13921272 13921272 0
9 1600 rs10125637 81535908 3 -5.373715125459349e-4 81518152 81535908 17756
9 203 rs732957 4219259 2 -5.342042998971186e-4 4217028 4226630 9602
9 2618 rs10982691 118104142 2 5.317393906714974e-4 118099068 118119365 20297
9 1781 rs1374507 88012713 1 -5.290636599283463e-4 88012713 88012713 0
9 1665 rs7867933 83850716 1 5.245060254902639e-4 83850716 83858558 7842
9 1058 rs2492813 27497792 2 5.203471916768719e-4 27488092 27516640 28548
9 2424 rs1109478 112281863 2 5.200220252960992e-4 112266667 112281863 15196
9 1303 rs2810723 38244221 1 5.18290593131891e-4 38232043 38244221 12178
9 2093 rs1877432 100543880 1 5.144259189724225e-4 100543880 100557291 13411
9 2855 rs10986181 126801596 1 -5.126472465898254e-4 126801596 126801596 0
9 1901 rs10797126 92043184 3 -5.07994159385191e-4 92039416 92047433 8017
9 2188 rs12340365 104498664 2 -5.043187449537002e-4 104492591 104535125 42534
9 1726 rs11140109 86078128 1 5.01028418897631e-4 86071342 86078128 6786
9 630 rs61732355 14776178 1 5.010197834715271e-4 14776178 14776178 0
9 1648 rs1328521 83199814 1 4.93973237817462e-4 83197354 83210614 13260
9 1855 rs4877370 90328478 2 -4.8135733961038535e-4 90317668 90328478 10810
9 2776 rs9408926 123914874 2 4.80316719092214e-4 123850770 123951917 101147
9 1704 rs11139868 85527035 1 -4.7503780834697577e-4 85524530 85527035 2505
9 224 rs10815017 4546594 1 -4.715028890753366e-4 4539377 4546594 7217
9 83 rs771889 1639619 1 -4.666693765442363e-4 1628468 1641933 13465
9 2609 rs113301777 117826096 1 -4.657984350101436e-4 117803271 117830812 27541
9 1769 rs4556163 87618526 4 -4.6485065091972713e-4 87616257 87632993 16736
9 1320 rs10116618 38769003 10 -4.648142889902632e-4 38741712 68170421 29428709
9 3011 rs474330 133360892 1 4.6405061845769785e-4 133360892 133371501 10609
9 621 rs1343705 14610866 1 4.618496733146887e-4 14610591 14622952 12361
9 935 rs274946 23585350 1 -4.6127933464129985e-4 23585350 23585350 0
9 2856 rs1887342 126820948 1 -4.611112488482931e-4 126809736 126823752 14016
9 998 rs13286578 25719019 1 -4.605934301171095e-4 25719019 25719019 0
9 2519 rs7862690 115137476 1 -4.5974180341538896e-4 115120143 115137476 17333
9 75 rs10756623 1499001 1 4.59144332497953e-4 1499001 1503356 4355
9 2428 rs10816855 112451003 1 4.5425975454599365e-4 112418293 112453013 34720
9 1692 rs1330823 85103465 1 -4.528785387586643e-4 85097651 85107147 9496
9 781 rs10811051 18861021 1 -4.504871897690947e-4 18853327 18861021 7694
9 698 rs1337395 16669912 1 4.494321629695673e-4 16669912 16669912 0
9 2197 rs1935373 104819955 1 -4.4578964533783193e-4 104813342 104819955 6613
9 1282 rs927928 37375126 1 -4.409430531681486e-4 37370479 37375126 4647
9 1421 rs4745167 74745434 1 4.4031348665514463e-4 74695444 74747787 52343
9 764 rs6475232 18580905 1 4.379409015082997e-4 18570279 18580905 10626
9 1139 rs9408148 29896950 1 -4.357802285820766e-4 29896950 29906484 9534
9 2985 rs11998910 132541344 2 4.339038008710138e-4 132541344 132541344 0
9 2481 rs3739707 113792706 1 4.284799255350436e-4 113792706 113815164 22458
9 155 rs3904464 3050464 2 -4.269582957583196e-4 3046849 3050940 4091
9 2068 rs10117895 98963734 1 -4.265557258289297e-4 98957977 98963734 5757
9 1771 rs630426 87704881 1 -4.249100115400218e-4 87704881 87704881 0
9 2771 rs10984971 123404508 1 4.21922484736205e-4 123370985 123467570 96585
9 548 rs1041174 12763001 2 4.139948094974007e-4 12758881 12772498 13617
9 1869 rs7864469 90630239 1 -4.130869255628125e-4 90630239 90631130 891
9 2203 rs12336157 104991804 2 -4.085240718045684e-4 104991230 104993672 2442
9 2994 rs10988617 132920576 1 4.080716692348338e-4 132920576 132923772 3196
9 1351 rs2781530 72056397 1 4.077751794147462e-4 72047599 72067942 20343
9 2723 rs1335254 121400064 1 4.0771636795971215e-4 121385397 121409332 23935
9 87 rs7038689 1709649 1 4.074769981406205e-4 1707496 1711307 3811
9 2252 rs1411103 106854958 1 4.065885923736118e-4 106854958 106882931 27973
9 1243 rs1570248 35751221 1 4.061041762156457e-4 35740902 35752252 11350
9 1333 rs10869396 71450960 1 -4.0272890201843985e-4 71450960 71453443 2483
9 1059 rs903603 27529316 1 -4.0225543480591416e-4 27529316 27544943 15627
9 3137 rs7855580 137661911 1 4.011156687606969e-4 137661911 137666414 4503
9 613 rs927969 14524438 2 3.9628224691833406e-4 14518829 14525980 7151
9 553 rs790279 12848845 1 -3.9540016807631086e-4 12839484 12852462 12978
9 2329 rs7027110 109599046 1 3.8940638877796774e-4 109557941 109610456 52515
9 789 rs4607710 18969584 1 -3.815713716802512e-4 18969584 18974072 4488
9 2183 rs9792648 104376601 1 -3.796766291595432e-4 104371037 104376601 5564
9 2503 rs12376643 114612458 2 3.7837741908878055e-4 114593311 114621854 28543
9 2623 rs12341727 118244107 1 3.773923219135813e-4 118241947 118255620 13673
9 2022 rs2675278 97000398 1 -3.763233161723109e-4 96963304 97000863 37559
9 3076 rs10901206 135603540 1 -3.7333068878480567e-4 135600320 135603540 3220
9 540 rs791681 12522037 1 -3.690417567601858e-4 12522037 12532584 10547
9 1880 rs4877464 91229667 1 -3.665098125114576e-4 91229667 91229667 0
9 378 rs7876037 8403640 1 -3.63213677043933e-4 8403640 8416196 12556
9 3057 rs7039329 135053756 1 3.593485248239379e-4 135051942 135053756 1814
9 1355 rs975645 72243177 1 -3.5481791279789776e-4 72243177 72243177 0
9 1394 rs1329776 73756531 3 -3.543950200136419e-4 73753420 73775928 22508
9 1501 rs7025650 78484125 1 -3.531480829239082e-4 78484125 78489484 5359
9 2299 rs41277797 108363426 2 -3.4903293605434465e-4 108234207 108380721 146514
9 616 rs10810178 14547556 1 -3.4563227908327555e-4 14547556 14552236 4680
9 2522 rs1411680 115229693 1 -3.454193243995759e-4 115200163 115265330 65167
9 1180 rs10970826 32176938 1 3.41914641843331e-4 32137678 32176938 39260
9 447 rs10978079 9909795 2 3.4143613510852623e-4 9908722 9910993 2271
9 1205 rs1702645 33218297 1 3.3875817591435257e-4 33212335 33218297 5962
9 2632 rs10759828 118634305 2 -3.3559318911234376e-4 118599720 118642639 42919
9 2940 rs41421145 130612459 1 3.3515313594801915e-4 130612218 130619637 7419
9 294 rs7868175 6658080 2 -3.3504438012825163e-4 6656630 6658900 2270
9 1583 rs3010744 80981110 1 -3.34046888037393e-4 80981110 81004253 23143
9 62 rs10960773 1282293 3 -3.327337086817311e-4 1282293 1294789 12496
9 2640 rs13298102 119022802 1 -3.311891533865427e-4 119022802 119022802 0
9 2150 rs10123913 103063826 1 3.310465314657127e-4 103046916 103065884 18968
9 2586 rs2636860 117030582 1 3.2938408691482034e-4 117030582 117030582 0
9 2682 rs10465132 120007625 1 3.2515353399102784e-4 120007625 120012421 4796
9 2047 rs928618 98362492 2 -3.2199146320360914e-4 98360116 98362492 2376
9 721 rs10963072 17378776 3 3.212777798591853e-4 17329964 17391531 61567
9 2135 rs2067986 101816399 1 3.1904833551829674e-4 101810339 101822302 11963
9 2529 rs4979163 115608188 1 -3.1415192323239e-4 115546442 115608188 61746
9 272 rs1478938 5931216 1 3.13924102738798e-4 5898829 5932616 33787
9 2731 rs2109619 121798140 1 -3.1343098258133857e-4 121798140 121805021 6881
9 1681 rs3814535 84304985 1 3.1315283969191585e-4 84304985 84304985 0
9 322 rs17601822 7342797 1 -3.104925670983055e-4 7338263 7342797 4534
9 836 rs224015 20323424 1 -3.065048655628491e-4 20323424 20323424 0
9 3140 rs4842173 137718113 1 3.0649720363647214e-4 137718113 137718113 0
9 131 rs955547 2537511 1 3.062302966284418e-4 2537511 2541567 4056
9 2891 rs1558836 128800424 1 3.057475440897659e-4 128792958 128800424 7466
9 641 rs1916309 15005594 1 3.056264227278069e-4 14994221 15005594 11373
9 2496 rs7875749 114387135 1 3.0561758112224077e-4 114371624 114387135 15511
9 2145 rs649057 102234323 1 -3.0487965480607496e-4 102233287 102271150 37863
9 3065 rs7037570 135296341 1 3.0247800747175397e-4 135296341 135296341 0
9 2880 rs12352758 127789443 2 3.017330784170926e-4 127733926 127801065 67139
9 1740 rs1932657 86815709 1 -2.996798361889665e-4 86811147 86815709 4562
9 2378 rs687992 110929030 1 2.9902338410412756e-4 110923883 110929030 5147
9 2942 rs10819333 130777468 1 2.951870295886392e-4 130777468 130777468 0
9 543 rs10809802 12599803 1 -2.9500496378934035e-4 12593124 12599803 6679
9 3103 rs511293 136577094 1 -2.926300317523763e-4 136577094 136582482 5388
9 1865 rs4076795 90501448 1 -2.905349877590726e-4 90500405 90501500 1095
9 900 rs2065846 22616426 3 -2.892946529604979e-4 22612584 22627742 15158
9 2896 rs12552226 128858795 1 -2.8915636082477234e-4 128858795 128858795 0
9 758 rs4961644 18395376 1 2.8892274666289514e-4 18395376 18395376 0
9 2095 rs7040232 100664194 1 2.875113197120306e-4 100650096 100669799 19703
9 2063 rs10760787 98888628 1 2.845902189075824e-4 98879734 98888628 8894
9 3064 rs11243755 135257703 3 2.8163487495684093e-4 135257703 135277341 19638
9 680 rs9407730 16231985 1 2.8111573256639315e-4 16230184 16233085 2901
9 2808 rs10985594 125081147 1 -2.789982814141017e-4 125075782 125081147 5365
9 264 rs4740820 5610381 1 2.7749018730123586e-4 5610381 5610381 0
9 1896 rs11137533 91805113 1 2.7672118433932235e-4 91764127 91805113 40986
9 2499 rs10981018 114461077 2 2.7532423866034146e-4 114444565 114468966 24401
9 891 rs961831 22362104 1 -2.752284943695393e-4 22362104 22364080 1976
9 1591 rs9695134 81190597 1 -2.7079781064270924e-4 81190597 81196948 6351
9 710 rs10962725 16933037 2 2.695226439857896e-4 16931342 16933037 1695
9 435 rs4742610 9687487 1 2.690773455514061e-4 9666444 9687487 21043
9 1870 rs11142050 90646449 1 -2.679241291281585e-4 90645727 90650880 5153
9 2847 rs9785285 126520068 1 -2.6736648770465824e-4 126513838 126525212 11374
9 834 rs7021788 20295863 1 2.6592873684557297e-4 20295863 20295863 0
9 470 rs16925740 10293792 1 2.636271110386127e-4 10293792 10295912 2120
9 1834 rs6559977 89932790 1 2.632922827093544e-4 89922395 89932790 10395
9 1831 rs10512182 89849237 1 2.62642771521563e-4 89849237 89858267 9030
9 547 rs2209278 12706652 1 -2.6142510839965934e-4 12706236 12716172 9936
9 1237 rs12338773 35559905 2 2.588067521203865e-4 35539003 35563361 24358
9 1039 rs10812505 26978170 1 2.5715327335257954e-4 26953102 26995787 42685
9 658 rs7870630 15350556 1 -2.540769889196195e-4 15350556 15357727 7171
9 1214 rs307682 33973324 1 2.536756125925561e-4 33932702 33973324 40622
9 332 rs1986733 7505902 1 2.512305034103158e-4 7505902 7511166 5264
9 1387 rs11142636 73500481 1 2.5068583543285544e-4 73497518 73500481 2963
9 1011 rs7035912 26125099 1 2.4993826464977167e-4 26100957 26125099 24142
9 154 rs2376770 3034077 1 2.4948185861063514e-4 3030814 3036584 5770
9 1317 rs11790597 38646995 1 2.4928554908224725e-4 38646995 38646995 0
9 1027 rs10511787 26582312 1 2.4293604446122416e-4 26582312 26582312 0
9 2025 rs9299419 97066584 1 -2.426551153285756e-4 97062295 97083206 20911
9 313 rs2770729 7178197 1 2.380964525622804e-4 7169311 7178197 8886
9 3101 rs2073817 136559460 1 2.3630310893953967e-4 136559460 136559460 0
9 1461 rs1323369 77148835 1 -2.3067497618235104e-4 77146468 77149837 3369
9 1006 rs1219942 25919851 1 2.2601973918441915e-4 25902763 25919851 17088
9 1670 rs10116365 84006221 1 -2.260167177936036e-4 83993434 84007124 13690
9 2415 rs1879069 111991700 1 2.2505590966477476e-4 111991700 111991700 0
9 1533 rs700802 79234712 1 2.212775013011313e-4 79232138 79236165 4027
9 2884 rs3122931 128185330 2 2.190053742534947e-4 128156648 128185330 28682
9 3125 rs4994332 137117194 1 -2.174996320791326e-4 137117194 137117194 0
9 2710 rs2722865 120841269 4 -2.1600127084372544e-4 120773585 120842790 69205
9 2216 rs7034261 105363327 1 -2.1086903361574385e-4 105355578 105376158 20580
9 2910 rs882749 129181728 1 -2.1022629333496633e-4 129181728 129216848 35120
9 100 rs17725419 2091914 1 -2.101660999176788e-4 2086352 2091914 5562
9 2215 rs4743564 105347447 1 -2.082638446531984e-4 105305028 105347447 42419
9 160 rs10813628 3176796 1 -2.079294721860087e-4 3176796 3176796 0
9 32 rs10815466 680714 1 2.071514151509337e-4 679901 682528 2627
9 1260 rs117143733 36169894 1 2.066593968707793e-4 36169598 36214971 45373
9 518 rs10960317 11848457 1 2.0151382883116023e-4 11830879 11850283 19404
9 2221 rs4743599 105611957 1 1.9988124222735607e-4 105603760 105619674 15914
9 3131 rs7037930 137417305 1 -1.9606854009713743e-4 137417115 137426334 9219
9 2976 rs1228439 132352178 2 1.9335958685368535e-4 132352178 132352178 0
9 1376 rs7034027 73165816 1 -1.922352907579232e-4 73161554 73173681 12127
9 1423 rs11143168 74821250 1 -1.9195416530147063e-4 74818142 74827066 8924
9 791 rs7875404 19087154 1 -1.9145245711381948e-4 19067147 19098712 31565
9 3049 rs3012755 134680532 1 -1.9088060649647564e-4 134680532 134680532 0
9 2540 rs12115536 115905850 2 -1.9042955779121577e-4 115897803 115905850 8047
9 1803 rs11792704 89148945 1 -1.8897930494053483e-4 89147815 89148945 1130
9 139 rs3780181 2640759 1 -1.863285256492718e-4 2640759 2640759 0
9 2721 rs10759982 121328526 1 -1.8461770833548777e-4 121327323 121359286 31963
9 1758 rs11140695 87240403 1 -1.806773666796425e-4 87240130 87256486 16356
9 1310 rs1555480 38386351 1 1.7940403686790029e-4 38384578 38386351 1773
9 2107 rs10985765 101056122 1 1.7925846047296088e-4 101056122 101056122 0
9 600 rs10961450 14247488 1 1.7711316762937765e-4 14247488 14247488 0
9 1862 rs12001141 90487391 1 -1.7697210625087508e-4 90487391 90487391 0
9 1060 rs17769294 27561628 1 1.7565444892705368e-4 27546890 27572255 25365
9 1124 rs10738817 29489987 1 -1.7439462237178258e-4 29472650 29489987 17337
9 3150 rs10124926 137883639 1 1.7414518087609045e-4 137883639 137886960 3321
9 2305 rs10739214 108620961 1 1.7393323628221024e-4 108608674 108626502 17828
9 934 rs17698074 23569870 1 1.7310357785342247e-4 23569870 23569870 0
9 2693 rs1985317 120292334 1 1.7256788808694084e-4 120275159 120299808 24649
9 260 rs11790653 5484418 1 1.6990483563561384e-4 5484418 5485166 748
9 2593 rs10982218 117200140 1 1.6782675940969435e-4 117200140 117214909 14769
9 1262 rs12379853 36318240 1 -1.6379983467323963e-4 36306809 36318240 11431
9 2119 rs1758799 101339690 1 -1.61124908544679e-4 101339690 101341534 1844
9 2274 rs2297400 107599481 2 1.6080837378920637e-4 107586753 107599481 12728
9 1118 rs12378755 29318695 1 1.560596834141296e-4 29308040 29331710 23670
9 1594 rs6559402 81331339 1 1.5553379502898803e-4 81331339 81339569 8230
9 1459 rs1953287 76956283 1 -1.5202545640153665e-4 76949180 76967832 18652
9 1532 rs7865529 79230108 1 -1.513883967945111e-4 79225259 79230108 4849
9 84 rs2476244 1661825 1 -1.5122505675712106e-4 1654030 1666693 12663
9 308 rs4742299 7065141 2 -1.480242523344777e-4 7065141 7084558 19417
9 80 rs1923928 1598885 1 -1.4658598545023294e-4 1590357 1598885 8528
9 568 rs10961109 13526525 1 -1.4592284494688583e-4 13526525 13526525 0
9 1481 rs1327377 78012662 1 1.446690726666074e-4 78012662 78012662 0
9 986 rs1360523 25499528 2 -1.4377285332093902e-4 25496361 25503991 7630
9 634 rs1889053 14856284 2 -1.400257841409859e-4 14851703 14856284 4581
9 505 rs12552533 11345138 1 -1.398130539692712e-4 11305052 11345138 40086
9 1332 rs17391596 71421343 1 1.3977736570262487e-4 71417919 71443540 25621
9 1602 rs10867315 81574729 1 -1.374646861250167e-4 81569998 81574729 4731
9 545 rs6474720 12643558 1 -1.370734143928382e-4 12643558 12658470 14912
9 2892 rs10217721 128810846 1 1.3522539979437766e-4 128808825 128810846 2021
9 14 rs10973014 376538 1 1.336264864966294e-4 368128 376538 8410
9 2112 rs10986084 101147503 1 1.2897903110996843e-4 101147503 101147503 0
9 1947 rs10993708 93606091 1 -1.281745726637307e-4 93603138 93606091 2953
9 1030 rs10511783 26649956 1 -1.265840986392071e-4 26649956 26652538 2582
9 1244 rs41277075 35811228 1 1.2486942631074278e-4 35789720 35812623 22903
9 1791 rs570699 88530072 1 -1.2105058082179143e-4 88530006 88530072 66
9 2284 rs715119 107737393 2 -1.2083864774861524e-4 107735920 107740191 4271
9 400 rs1897676 8926956 1 1.177290581763026e-4 8922467 8926956 4489
9 549 rs1326800 12778224 2 -1.166999538871082e-4 12778224 12778224 0
9 133 rs1590979 2559492 1 -1.1457932527462684e-4 2559492 2559492 0
9 1254 rs7871017 36023347 1 1.143518286269711e-4 36013929 36023347 9418
9 1430 rs7852729 75192049 1 1.1412720176775832e-4 75192049 75211603 19554
9 1413 rs4440687 74418406 1 -1.139441855415968e-4 74410755 74427419 16664
9 2888 rs10217522 128756075 1 -1.116820395387548e-4 128756075 128768663 12588
9 1250 rs10814302 35935158 1 1.1166397043144612e-4 35933323 35944775 11452
9 517 rs10429595 11775361 1 1.1138123370940892e-4 11775361 11796468 21107
9 1718 rs10867967 85876633 2 1.1077382527283162e-4 85876633 85904778 28145
9 2146 rs10819689 102400263 1 1.0834571842260084e-4 102400263 102596321 196058
9 2637 rs7032067 118843677 1 -1.0822276180549344e-4 118843677 118845404 1727
9 2667 rs10817976 119780936 2 1.0712213554491495e-4 119779810 119786753 6943
9 2306 rs6477477 108632678 1 1.0383689076347516e-4 108632678 108633515 837
9 2626 rs2900601 118314667 1 -1.030623579728588e-4 118314095 118352592 38497
9 677 rs1332488 16207279 1 1.0170690991518372e-4 16205165 16207279 2114
9 546 rs11791497 12687872 2 9.830857216291352e-5 12671693 12687872 16179
9 1955 rs291753 93681295 1 -9.670126435169386e-5 93681295 93692552 11257
9 2108 rs10985825 101072843 1 9.405204270084824e-5 101063070 101072843 9773
9 1159 rs10813381 30918764 1 9.348811157396088e-5 30918764 30955393 36629
9 1345 rs1890639 71888601 2 -9.239564942811924e-5 71886979 71901883 14904
9 3068 rs569434 135344407 1 8.878545841944892e-5 135344407 135344407 0
9 1545 rs10121560 79537871 1 -8.808599305178262e-5 79517030 79537871 20841
9 1737 rs1246264 86761781 2 -8.621208318402283e-5 86751792 86761781 9989
9 1431 rs1417614 75295593 1 -8.59267060032305e-5 75231217 75295593 64376
9 3110 rs2810472 136760639 1 8.564842495644338e-5 136759508 136760639 1131
9 1312 rs4878808 38404579 1 8.557180866320961e-5 38404352 38406458 2106
9 2792 rs7858071 124572031 1 8.48484385302047e-5 124571484 124572031 547
9 2521 rs1537055 115171986 1 8.402103961822947e-5 115155264 115182612 27348
9 1249 rs7046469 35923384 1 8.30048633293154e-5 35910945 35923384 12439
9 2320 rs12338993 109260333 1 -8.094759002614178e-5 109233842 109260333 26491
9 345 rs170620 7707372 1 8.082871659980179e-5 7694484 7707372 12888
9 1343 rs11145465 71766593 1 7.990690155709717e-5 71747395 71821388 73993
9 879 rs4478653 21853221 1 7.967634882968985e-5 21840298 21856777 16479
9 1038 rs10812494 26911025 1 7.903074273895311e-5 26899690 26945976 46286
9 77 rs1412255 1526304 1 7.880461006072031e-5 1521178 1528388 7210
9 1397 rs11142792 73914256 1 7.824747509360932e-5 73907625 73914369 6744
9 638 rs1916314 14925706 3 7.817536070950273e-5 14906868 14925706 18838
9 574 rs1590408 13600898 1 7.250700295109335e-5 13600898 13600898 0
9 2825 rs10124314 125384197 1 -7.122033211492753e-5 125384197 125388326 4129
9 2118 rs1167767 101328200 1 -7.105863864107585e-5 101328200 101328200 0
9 2867 rs953470 126984382 3 -6.931086104164017e-5 126978958 126985334 6376
9 2036 rs1530331 97620602 1 6.92019014838644e-5 97620602 97651128 30526
9 738 rs10120630 17819429 1 -6.84992141984124e-5 17814272 17829258 14986
9 980 rs7848925 25359813 1 6.528205497786165e-5 25353887 25385317 31430
9 3046 rs10901091 134644208 1 6.491980045008208e-5 134644208 134645767 1559
9 1126 rs12380193 29533691 2 6.118345209125487e-5 29531579 29548583 17004
9 2077 rs2165890 99448564 1 -6.071943200799297e-5 99448564 99463916 15352
9 480 rs988954 10572234 2 6.0498024786388195e-5 10559329 10572234 12905
9 2699 rs4986791 120475602 1 5.997133508545628e-5 120475302 120475602 300
9 3134 rs138579182 137593099 1 5.98495957500036e-5 137593099 137593099 0
9 765 rs10963676 18622043 1 5.929501392848805e-5 18617804 18622043 4239
9 115 rs7872273 2267871 1 5.908934889252981e-5 2267871 2270503 2632
9 916 rs1934115 23103266 1 5.881342331115298e-5 23103266 23103266 0
9 2532 rs4978512 115660368 1 5.7537977707132385e-5 115660368 115667355 6987
9 1828 rs76452933 89771569 1 5.724906147833818e-5 89771569 89771569 0
9 2106 rs10818692 101026301 2 5.5994367173543936e-5 101024887 101046441 21554
9 1222 rs10814123 34561808 2 5.516601521210581e-5 34554999 34564274 9275
9 863 rs10757219 21405363 1 -5.356404709129912e-5 21383734 21405363 21629
9 1037 rs7038314 26893662 1 5.310410022702653e-5 26843342 26893731 50389
9 3019 rs7852487 133571587 1 -5.263980814547584e-5 133554189 133572684 18495
9 2243 rs970512 106412053 1 -5.2537653230188584e-5 106409952 106412053 2101
9 351 rs4740916 7806697 1 5.251683922272839e-5 7806697 7814465 7768
9 704 rs10962619 16815861 1 5.227114520497039e-5 16815861 16815861 0
9 420 rs4273903 9326805 1 -5.135894188742821e-5 9311838 9327159 15321
9 1405 rs11142906 74204367 1 5.0437784558229186e-5 74197425 74204367 6942
9 808 rs2208557 19661935 1 4.948935654279151e-5 19661935 19665239 3304
9 1604 rs1341086 81673370 1 4.9367308227103065e-5 81657195 81675754 18559
9 410 rs10977486 9096813 2 4.93539862735566e-5 9096813 9104869 8056
9 194 rs806050 4121399 1 4.8135657864634024e-5 4117942 4124542 6600
9 2425 rs10979926 112322071 1 4.8046283489538e-5 112302220 112325051 22831
9 2467 rs4498626 113463246 2 4.259288382811599e-5 113463218 113466154 2936
9 2450 rs7869617 113060439 1 -4.2190691297780726e-5 113060439 113069090 8651
9 2528 rs1891403 115527183 1 -3.8010066496227934e-5 115517264 115527183 9919
9 384 rs10120190 8517545 1 -3.5462223922661365e-5 8512133 8517545 5412
9 1753 rs1332535 87075137 1 -3.408616444354732e-5 87075137 87089546 14409
9 1940 rs10993618 93413258 1 -3.3981678357952464e-5 93409161 93418243 9082
9 686 rs12686344 16324236 1 3.261558852126363e-5 16324236 16325026 790
9 905 rs10123107 22754513 1 -3.071449733730227e-5 22754513 22767236 12723
9 551 rs1887174 12794833 1 -3.070253189325482e-5 12794833 12801148 6315
9 771 rs1332704 18744966 1 -2.9883257987984462e-5 18736589 18746561 9972
9 52 rs1396634 1094973 1 -2.8739798064865597e-5 1094973 1094973 0
9 1650 rs4877612 83284737 2 -2.786922725618962e-5 83266060 83284737 18677
9 2581 rs2060129 116983847 1 2.699561594206201e-5 116983847 116989375 5528
9 2789 rs7040850 124457949 1 2.4853231796393217e-5 124457949 124457949 0
9 983 rs13300284 25452812 1 2.4700435336094224e-5 25440872 25452963 12091
9 1921 rs535599 92773125 1 2.249196749939108e-5 92773125 92777896 4771
9 122 rs4741690 2382247 1 2.041155069053032e-5 2382247 2387137 4890
9 2991 rs10988593 132869344 1 2.000659686890782e-5 132829354 132869344 39990
9 1605 rs7871268 81680914 1 1.8128402243848063e-5 81679875 81694374 14499
9 2507 rs10125129 114703215 1 1.6856966031300034e-5 114703215 114703347 132
9 495 rs7848707 10942628 1 1.5883218882570513e-5 10931959 10957549 25590
9 1507 rs1571792 78706282 1 1.587343158480734e-5 78706282 78706282 0
9 2015 rs10114476 96631459 1 -1.4977350742272166e-5 96631459 96661535 30076
9 859 rs2032061 21114105 1 -1.4612298167376213e-5 21108817 21115002 6185
9 68 rs682927 1358244 1 1.4465732511251593e-5 1358244 1358244 0
9 456 rs433922 10099327 2 1.409579396737456e-5 10099327 10103302 3975
9 2756 rs7872465 122763797 1 1.083056291863033e-5 122763224 122767607 4383
9 1411 rs25689 74360096 1 1.0079134559210995e-5 74350002 74360234 10232
9 1621 rs12349682 82302985 1 -9.075770204067105e-6 82298324 82345881 47557
9 2132 rs6478963 101708150 1 5.76377672102836e-6 101687361 101708150 20789
9 1350 rs11138566 72036369 1 -5.362482339660272e-6 72027641 72036369 8728
9 1253 rs1324459 35998726 1 -2.432671525390548e-6 35996326 36002881 6555
9 1840 rs2314 90036219 1 2.255978285416918e-6 90036219 90036219 0
9 2604 rs7866342 117627569 1 1.1992353330037025e-7 117627569 117636879 9310
