CHR Group SNP.lead BP.lead Size W BP.min BP.max BP.width
7 11882 rs10488631 128594183 1 0.126928823559642 128594183 128594183 0
7 11881 rs4728142 128573967 1 0.07011711919982887 128573967 128573967 0
7 4556 rs11984075 37436854 2 0.04909781155947402 37436854 37436854 0
7 11880 rs729302 128568960 2 -0.04180173924249007 128568960 128568960 0
7 2304 rs17365098 20408459 1 0.03667975726675114 20408459 20408459 0
7 10686 rs1799999 113518434 1 0.03333900363173942 113518434 113518434 0
7 2311 rs10257873 20439353 2 -0.03217090080964416 20439353 20439353 0
7 13642 rs10229125 149015443 1 0.02978520656643531 149015443 149015443 0
7 4771 rs2043260 38657224 1 0.02741141173800475 38657224 38657224 0
7 9033 rs2078032 93334446 1 0.02307502354918182 93334446 93334446 0
7 7438 rs2527366 74098949 2 -0.022459945868409482 74098949 74098949 0
7 8588 rs2263064 88208465 1 0.02161346906321825 88208465 88208465 0
7 6837 rs11763777 64075291 1 -0.0212948536269609 64075291 64075291 0
7 5824 rs12718290 48676230 1 -0.02021446588196059 48676230 48676230 0
7 2728 rs6461662 22757089 1 0.0199187913780955 22757089 22757089 0
7 10269 rs10487840 107771288 1 0.01882754587750367 107771288 107771288 0
7 10799 rs11983531 115169187 1 -0.01866037283092534 115169187 115169187 0
7 7488 rs7799638 76040527 2 0.01829580039909294 76040527 76040527 0
7 4548 rs17259252 37382520 1 0.01755167777243898 37382520 37382520 0
7 9466 rs16869462 97758335 1 0.01746009611734585 97758335 97758335 0
7 12761 rs7803490 138730361 1 -0.01626004343279462 138730361 138730361 0
7 14444 rs3763412 158525086 2 -0.01605395417833475 158525086 158525086 0
7 2334 rs17143056 20596929 2 0.01551152042342132 20596929 20596929 0
7 2727 rs10155981 22756463 1 0.01545907223320007 22756463 22756463 0
7 7402 rs17145817 73046779 1 0.01533260331989914 73046779 73046779 0
7 14008 rs4410821 153350882 1 0.01477341204179477 153350882 153350882 0
7 4213 rs10237930 34681220 1 0.01477304691092668 34681220 34681220 0
7 9732 rs7810922 101597464 2 0.01449505332279684 101597464 101597464 0
7 7416 rs6948963 73425238 2 0.01446075256401051 73425238 73425238 0
7 5888 rs12718168 49312703 1 -0.01439616422364454 49312703 49312703 0
7 7435 rs13238568 74076493 2 0.01427117160314041 74076493 74076493 0
7 5198 rs7808837 43393057 1 -0.01423176523457965 43393057 43393057 0
7 8321 rs11976258 84595806 1 0.01355469794149579 84595806 84595806 0
7 13107 rs12703545 143645824 1 0.013272359358527 143645824 143645824 0
7 984 rs10950342 11285157 1 -0.01325021400246192 11285157 11285157 0
7 272 rs6961561 3910657 2 -0.01320864491304668 3910657 3910657 0
7 12968 rs916011 141947082 2 0.01313770296307046 141947082 141947082 0
7 10001 rs2073791 104122989 1 0.01235745454980001 104122989 104122989 0
7 10606 rs7781871 112469673 1 0.01224283943655886 112469673 112469673 0
7 2930 rs16210 24267358 1 0.01182046930811482 24267358 24267358 0
7 608 rs17401720 8131828 1 -0.01157721395952503 8131828 8131828 0
7 284 rs6956208 4027536 1 0.01134945539633066 4027536 4027536 0
7 7404 rs1128349 73097654 2 -0.01131355108950562 73097654 73097654 0
7 2068 rs1178355 18204811 1 -0.01126553843600205 18204811 18204811 0
7 616 rs2058519 8214574 1 0.0112561195605569 8214574 8214574 0
7 5998 rs3779084 50568735 1 -0.0110572212201818 50568735 50568735 0
7 12834 rs35456446 139734069 1 0.01092627258007365 139734069 139734069 0
7 482 rs10229215 7171465 2 -0.0108246574281779 7171465 7171465 0
7 11020 rs11981239 117869066 1 0.01063587937200746 117869066 117869066 0
7 9528 rs9297145 98759117 2 -0.01041449754047105 98759117 98759117 0
7 2396 rs2159851 21103691 1 -0.01003669641786789 21103691 21103691 0
7 12050 rs10488388 130901669 1 -0.01001788147551876 130901669 130901669 0
7 3888 rs3807626 31834751 2 -0.00973515037955069 31834751 31834751 0
7 11861 rs339065 128371298 2 -0.00963301275223261 128371298 128371298 0
7 6834 rs1446886 64030116 1 -0.00955986791733871 64030116 64030116 0
7 4479 rs3807162 36908551 1 0.00948692121955575 36908551 36908551 0
7 6791 rs2894771 57417569 2 0.00936199502546184 57417569 57417569 0
7 11391 rs4731120 123411223 1 -0.0091224543001855209 123411223 123411223 0
7 12764 rs10273974 138735512 2 -0.00911968554548177 138735512 138735512 0
7 8040 rs1558371 81584569 1 -0.00907960682725131 81584569 81584569 0
7 430 rs6962026 6246523 1 0.0090052272359843 6246523 6246523 0
7 8343 rs17159737 84894831 1 0.00899121890039964 84894831 84894831 0
7 5935 rs1396277 50010988 2 0.00892016337400987 50010988 50010988 0
7 14110 rs729269 154512110 1 -0.00889229510193184 154512110 154512110 0
7 12778 rs140343844 138946363 1 0.00886817746869187 138946363 138946363 0
7 13882 rs9640300 151558997 1 0.00879126288027884 151558997 151558997 0
7 13689 rs1104881 150141809 1 0.0087766491482688 150141809 150141809 0
7 7422 rs223014 73579794 1 -0.0086967537508244 73579794 73579794 0
7 14241 rs9638077 156048322 2 0.00848727974863326 156048322 156048322 0
7 7781 rs10224582 78659092 1 0.00837583369626747 78659092 78659092 0
7 14396 rs11772608 157819325 2 0.00825497911133815 157819325 157819325 0
7 1400 rs10488260 13325060 1 0.00824863788288571 13325060 13325060 0
7 3835 rs218092 31504969 1 -0.00824315620357428 31504969 31504969 0
7 8557 rs10238607 87775157 1 0.00822195770255927 87775157 87775157 0
7 2301 rs206190 20360101 2 0.00808229241287955 20360101 20360101 0
7 9875 rs3914126 103505675 1 -0.00805442141209468 103505675 103505675 0
7 8302 rs7806920 83986207 1 0.0079740459392456 83986207 83986207 0
7 5439 rs1085924 46155974 2 0.00796090666496445 46155974 46155974 0
7 706 rs9886212 9045876 1 0.007907627492764 9045876 9045876 0
7 2378 rs6947953 20930177 1 0.00788320082501746 20930177 20930177 0
7 2076 rs625733 18328568 1 -0.00782600131662721 18328568 18328568 0
7 10259 rs1732164 107649288 1 -0.00759930959714647 107649288 107649288 0
7 697 rs4725148 8997725 1 0.00751847820904655 8997725 8997725 0
7 8457 rs11771901 86681257 1 0.00751169551085282 86681257 86681257 0
7 12710 rs1874326 138157390 2 -0.00749878905603434 138157390 138157390 0
7 12843 rs6948262 139976963 1 0.0074280579822241 139976963 139976963 0
7 9661 rs2898568 100810983 1 -0.00742532042077106 100810983 100810983 0
7 7149 rs12667664 68790622 2 -0.00737827294778651 68790622 68790622 0
7 3390 rs3779472 27823243 2 -0.00732068860320372 27823243 27823243 0
7 3016 rs2285690 24902762 1 -0.00725278830171351 24902762 24902762 0
7 14385 rs6944306 157700614 1 0.00723572064656628 157700614 157700614 0
7 5720 rs6463462 48142194 1 0.00721404580457294 48142194 48142194 0
7 5939 rs1567278 50122310 1 -0.00719452724711235 50122310 50122310 0
7 4137 rs12701341 34021755 2 0.00711752463245727 34021755 34021755 0
7 5634 rs4724619 47782640 1 0.00704596627875175 47782640 47782640 0
7 10824 rs10246006 115757442 1 -0.00698690045908434 115757442 115757442 0
7 11961 rs34752500 129668746 1 0.00686304232035423 129668746 129668746 0
7 3340 rs1055182 27420533 1 0.0068106884680735 27420533 27420533 0
7 2499 rs10241028 21523137 1 -0.00677606443894419 21523137 21523137 0
7 12153 rs2198051 131886839 1 0.00662498399157038 131886839 131886839 0
7 9216 rs7777424 95259612 1 0.00651363033523593 95259612 95259612 0
7 5083 rs1019043 42250418 1 -0.00644718059201306 42250418 42250418 0
7 9878 rs3914132 103527369 2 0.00639143019373325 103527369 103527369 0
7 11447 rs7784625 123951585 1 0.00629004762201551 123951585 123951585 0
7 3749 rs12672119 30831181 1 -0.00628822223182315 30831181 30831181 0
7 9440 rs2136704 97446702 1 0.00628744003196079 97446702 97446702 0
7 716 rs6463875 9128241 1 0.00622548822005843 9128241 9128241 0
7 301 rs10951446 4191811 2 0.00621658501051413 4191811 4191811 0
7 13175 rs1406716 144588780 1 0.00618437006457421 144588780 144588780 0
7 11849 rs7790478 128348405 1 0.00616930108415995 128348405 128348405 0
7 2134 rs17140423 19007884 1 0.00608036782124249 19007884 19007884 0
7 8301 rs594533 83936564 1 0.00602868827133447 83936564 83936564 0
7 321 rs10216277 4401148 1 0.00602647002724354 4401148 4401148 0
7 1828 rs569022 16615490 1 -0.00592701554660452 16615490 16615490 0
7 7874 rs6945349 79723943 1 0.00574250802081462 79723943 79723943 0
7 11863 rs17475665 128408313 1 -0.00563576010628728 128408313 128408313 0
7 12076 rs10155893 131281224 2 0.00562348142441309 131281224 131281224 0
7 1799 rs10499468 16490232 1 -0.00556992822775083 16490232 16490232 0
7 5340 rs3735494 45124286 1 -0.00555637885937198 45124286 45124286 0
7 2924 rs2107310 24246688 1 -0.00549955097565084 24246688 24246688 0
7 8712 rs1013540 88974907 1 0.00543978749478369 88974907 88974907 0
7 4285 rs343072 35562860 1 -0.00535779121585135 35562860 35562860 0
7 7288 rs4236247 70911123 1 -0.00531564614310166 70911123 70911123 0
7 572 rs2348763 7897715 1 0.00529583776697198 7897715 7897715 0
7 11987 rs5011386 130017309 2 -0.00518177076937521 130017309 130017309 0
7 4545 rs6974491 37374510 1 0.00515309281584483 37374510 37374510 0
7 13336 rs10952662 146497318 1 0.0051521775137006 146497318 146497318 0
7 2169 rs7796931 19371790 1 -0.0051309602450924 19371790 19371790 0
7 12324 rs1646667 134035080 1 0.00512872877187066 134035080 134035080 0
7 10175 rs41805 106234010 2 0.00504896305686399 106234010 106234010 0
7 4196 rs4723373 34532710 1 -0.00498965119525783 34532710 34532710 0
7 5749 rs17547816 48311658 1 -0.0049401667311153 48311658 48311658 0
7 4543 rs2700996 37369189 1 0.00492867794667642 37369189 37369189 0
7 3002 rs4722385 24788209 1 -0.00490980830577354 24788209 24788209 0
7 11589 rs10228582 125730694 1 -0.00490784050015437 125730694 125730694 0
7 5294 rs2908290 44216137 1 0.00489372546312928 44216137 44216137 0
7 6994 rs10279927 67261526 1 0.00488009943629994 67261526 67261526 0
7 8324 rs7800072 84628989 1 0.00486540600925015 84628989 84628989 0
7 5958 rs6583437 50350267 1 0.00486417813458116 50350267 50350267 0
7 3291 rs10486474 26784880 1 0.00482908992334308 26784880 26784880 0
7 11076 rs2402437 118580301 1 -0.00482639738579257 118580301 118580301 0
7 2551 rs2072220 21775387 1 0.00479351857961911 21775387 21775387 0
7 340 rs7799050 4539599 1 -0.00479134728099938 4539599 4539599 0
7 4069 rs17724206 33423761 1 0.00478041683616142 33423761 33423761 0
7 3949 rs7780609 32341916 1 -0.00476992468622364 32341916 32341916 0
7 3453 rs4722771 28279243 1 0.00464519771872797 28279243 28279243 0
7 466 rs10951991 6721661 1 0.00464049738030611 6721661 6721661 0
7 8975 rs1004051 92328956 2 -0.00462234697689136 92328956 92328956 0
7 2168 rs13221528 19368402 2 -0.00462135762970187 19368402 19368402 0
7 1047 rs10280808 11595832 2 -0.00459072693499432 11595832 11595832 0
7 4980 rs756439 41242812 1 -0.00458990607719838 41242812 41242812 0
7 2142 rs2074633 19035920 2 0.00456907094876347 19035920 19035920 0
7 10223 rs7794437 106892227 1 -0.00456258637951242 106892227 106892227 0
7 277 rs7804166 3925535 2 -0.00448728904497493 3925535 3925535 0
7 6349 rs1661615 52734568 1 -0.00446662894793901 52734568 52734568 0
7 2298 rs13231529 20337532 1 -0.00445837301186497 20337532 20337532 0
7 6351 rs12672075 52743803 2 -0.00437160970949127 52743803 52743803 0
7 4192 rs1468559 34523186 1 0.00435435194811742 34523186 34523186 0
7 3235 rs7776941 26519717 1 0.00425413255426404 26519717 26519717 0
7 5592 rs9876 47315291 1 -0.00424817564284626 47315291 47315291 0
7 13345 rs6946957 146599374 1 0.00423635871629323 146599374 146599374 0
7 7291 rs11561753 70946807 1 0.00420468944736365 70946807 70946807 0
7 3736 rs255152 30761852 1 -0.00419729539481852 30761852 30761852 0
7 10028 rs7781331 104275367 1 0.00415752714318848 104275367 104275367 0
7 11321 rs10255262 122762539 1 -0.00413475367309707 122762539 122762539 0
7 7943 rs1058425 80387766 1 0.00412569750439214 80387766 80387766 0
7 14161 rs1657263 154952461 1 -0.00409878781200397 154952461 154952461 0
7 13685 rs7393 150095271 1 0.00407977883425622 150095271 150095271 0
7 14203 rs1731835 155649488 1 -0.0040543052225897 155649488 155649488 0
7 4542 rs3847015 37360358 1 -0.00404051076392462 37360358 37360358 0
7 6988 rs12698621 67205472 1 0.00404011827668357 67205472 67205472 0
7 3782 rs7793414 31149283 2 0.00400359183258638 31149283 31149283 0
7 14425 rs7803342 158170316 2 -0.00399993134839214 158170316 158170316 0
7 374 rs2137502 4975010 1 0.00393983731241388 4975010 4975010 0
7 10600 rs2906787 112137676 1 0.00392972196962287 112137676 112137676 0
7 7231 rs7784844 70317727 1 -0.00391218363490733 70317727 70317727 0
7 10176 rs41827 106257186 1 -0.00385808587296011 106257186 106257186 0
7 11477 rs7793355 124215350 1 -0.00384210133794743 124215350 124215350 0
7 2154 rs3922356 19250811 1 0.00380069585650445 19250811 19250811 0
7 4138 rs10486625 34022301 2 -0.00379817683832301 34022301 34022301 0
7 9382 rs9692573 96946643 1 -0.00378368819329296 96946643 96946643 0
7 7403 rs8891 73096993 1 0.00375234381655934 73096993 73096993 0
7 654 rs17154637 8764246 2 -0.00367534914751345 8764246 8764246 0
7 9078 rs1858822 94032753 1 -0.00367284858676478 94032753 94032753 0
7 4901 rs6951760 39796229 1 0.00367280173804505 39796229 39796229 0
7 4773 rs6951440 38692014 1 -0.00367235682059077 38692014 38692014 0
7 484 rs724254 7186554 1 0.00366062032223417 7186554 7186554 0
7 9663 rs10953326 100814722 1 -0.00360931496712043 100814722 100814722 0
7 7018 rs6961611 67426323 2 -0.00360089210116293 67426323 67426323 0
7 11404 rs3808168 123588444 1 0.00359019968334925 123588444 123588444 0
7 3825 rs10238918 31377369 1 -0.00357668038061032 31377369 31377369 0
7 3336 rs11563973 27405091 1 0.00357586717212717 27405091 27405091 0
7 3009 rs7802069 24866690 1 -0.0035543792086035 24866690 24866690 0
7 6432 rs10232192 53299136 1 -0.00353254451209567 53299136 53299136 0
7 5288 rs17136076 44177191 1 -0.00351165196684949 44177191 44177191 0
7 7096 rs3846977 68251617 1 -0.00350743864677468 68251617 68251617 0
7 13706 rs3807382 150263795 2 0.00346034224733387 150263795 150263795 0
7 11366 rs17146066 123173713 1 -0.00343430375511146 123173713 123173713 0
7 14492 rs17837871 158875394 1 0.00340519348659545 158875394 158875394 0
7 2476 rs13229993 21372342 1 -0.00339667013241571 21372342 21372342 0
7 4214 rs2609240 34684184 2 -0.00338445427793729 34684184 34684184 0
7 14202 rs1225382 155641885 1 -0.00337390026888266 155641885 155641885 0
7 12447 rs4294134 135293128 1 -0.00336352345855862 135293128 135293128 0
7 7353 rs10950298 71603773 2 0.00336114308068135 71603773 71603773 0
7 8323 rs10261725 84627231 1 0.00335634503900827 84627231 84627231 0
7 13274 rs2692359 145807447 1 0.00334184269970395 145807447 145807447 0
7 3683 rs917145 29917385 2 -0.00327338203894297 29917385 29917385 0
7 2522 rs7803642 21641629 1 0.00325335256380569 21641629 21641629 0
7 2558 rs16872907 21782783 1 0.00321758867153626 21782783 21782783 0
7 411 rs308080 5888663 1 0.00321150003508687 5888663 5888663 0
7 6667 rs1554717 55337209 1 0.00319241452794284 55337209 55337209 0
7 11470 rs1181810 124185833 1 -0.00318864015584337 124185833 124185833 0
7 9547 rs12533251 99115677 1 0.00316866654854556 99115677 99115677 0
7 1145 rs6965929 12029512 1 -0.00316122947174641 12029512 12029512 0
7 12852 rs558 140033631 1 0.00314315770814548 140033631 140033631 0
7 677 rs17156731 8920903 1 0.00313796146463876 8920903 8920903 0
7 722 rs1581686 9212941 1 0.00313639874921188 9212941 9212941 0
7 7407 rs6951030 73133241 1 0.00310637971805594 73133241 73133241 0
7 6194 rs6947810 51804814 1 -0.00310431141199172 51804814 51804814 0
7 393 rs4357206 5402606 1 0.0030986751079452 5402606 5402606 0
7 7996 rs11531619 81000965 1 0.00308026331716899 81000965 81000965 0
7 8616 rs2519954 88402485 1 0.00307152163471399 88402485 88402485 0
7 11193 rs2402586 121333348 2 0.0030530512965738 121333348 121333348 0
7 10810 rs10280896 115357649 1 0.00302686839051398 115357649 115357649 0
7 5000 rs273209 41469325 2 0.00302440346708514 41469325 41469325 0
7 13240 rs850388 145135064 1 0.00299153775396522 145135064 145135064 0
7 4250 rs17791600 34944778 1 0.00297158067202455 34944778 34944778 0
7 11325 rs12706494 122773032 1 -0.00296370953813431 122773032 122773032 0
7 1822 rs7794591 16568529 2 0.00293645699575155 16568529 16568529 0
7 9698 rs10264271 101171175 1 0.00288464813551332 101171175 101171175 0
7 2315 rs7782524 20451427 1 -0.00285245201277856 20451427 20451427 0
7 2770 rs6973118 22883518 1 0.00285035024052918 22883518 22883518 0
7 7384 rs6460021 71967583 1 0.00284152371196871 71967583 71967583 0
7 2336 rs9885995 20613366 1 0.00283467958443898 20613366 20613366 0
7 2314 rs3807955 20443021 1 -0.00282863371684226 20443021 20443021 0
7 3692 rs35960711 29980471 1 0.00282511342585034 29980471 29980471 0
7 12571 rs1946332 136231030 2 -0.0028236305431719 136231030 136231030 0
7 7701 rs2192883 78096656 2 0.00281023015230257 78096656 78096656 0
7 9021 rs4729080 92969716 1 0.00280532096876807 92969716 92969716 0
7 4917 rs4723936 40271224 1 0.00279662193146285 40271224 40271224 0
7 9251 rs1488514 95627771 1 0.00279564670470421 95627771 95627771 0
7 7274 rs10256635 70778948 1 -0.00278685944849936 70778948 70778948 0
7 6198 rs631671 51827021 1 -0.00277820156153181 51827021 51827021 0
7 474 rs2280918 7119469 1 0.00276735012660863 7119469 7119469 0
7 829 rs12536973 10062341 1 -0.00275743306198468 10062341 10062341 0
7 10834 rs6968419 115823384 2 0.00273263040269898 115823384 115823384 0
7 9615 rs1734907 100315517 1 0.00270519836358334 100315517 100315517 0
7 11345 rs12706507 122935640 1 -0.00265701751897436 122935640 122935640 0
7 3818 rs1860795 31344595 1 -0.00262680605828239 31344595 31344595 0
7 5289 rs17769733 44177412 1 -0.00261484388796117 44177412 44177412 0
7 11195 rs6959329 121339238 2 0.00261471184259034 121339238 121339238 0
7 3281 rs11763033 26644642 2 -0.00261156638908271 26644642 26644642 0
7 8965 rs929412 92165862 1 0.00260711228267868 92165862 92165862 0
7 12846 rs4236486 139992324 1 0.00260529361815552 139992324 139992324 0
7 11133 rs6944490 120339674 1 0.00257678454092179 120339674 120339674 0
7 11815 rs3808084 127553025 1 -0.00254918244782822 127553025 127553025 0
7 13874 rs4726101 151513282 2 -0.00252972813636134 151513282 151513282 0
7 13787 rs12703105 150594658 1 -0.00251133216012939 150594658 150594658 0
7 730 rs1155197 9283806 1 0.00251031733716814 9283806 9283806 0
7 11443 rs1860577 123911882 2 0.002457885215347 123911882 123911882 0
7 10231 rs6979121 107066030 1 -0.00245338360274155 107066030 107066030 0
7 2070 rs1178328 18233458 1 0.00243139666083551 18233458 18233458 0
7 13538 rs2527068 147731239 1 -0.00242926531265217 147731239 147731239 0
7 3410 rs7806217 27937777 1 -0.00241685570454374 27937777 27937777 0
7 13639 rs7788681 148976137 1 0.0024063396684468 148976137 148976137 0
7 4988 rs37267 41337044 1 0.00239733569774016 41337044 41337044 0
7 13877 rs6950343 151536181 1 0.0023868869111898 151536181 151536181 0
7 12967 rs17689193 141943578 1 0.00237002225849189 141943578 141943578 0
7 2567 rs10256021 21801878 1 -0.0023509372905797 21801878 21801878 0
7 11196 rs11979908 121373962 1 0.00235092253056284 121373962 121373962 0
7 12384 rs17168029 134456444 1 0.00233841751303962 134456444 134456444 0
7 13860 rs4726070 151328218 2 -0.00233251554925786 151328218 151328218 0
7 2065 rs12171593 18193589 1 0.00232772332568345 18193589 18193589 0
7 756 rs17161716 9572098 1 0.00232717126709055 9572098 9572098 0
7 7799 rs1406153 78932041 1 -0.0023168812771306 78932041 78932041 0
7 4554 rs13235125 37424821 1 -0.00230236463090023 37424821 37424821 0
7 11832 rs145413607 127999459 1 0.00229908922894389 127999459 127999459 0
7 11253 rs157659 121799079 1 -0.00229456637309175 121799079 121799079 0
7 3682 rs740142 29894775 1 0.00228997710154249 29894775 29894775 0
7 14256 rs10246481 156184748 1 -0.00227319321087465 156184748 156184748 0
7 13498 rs2708240 147577537 1 0.00227141978697666 147577537 147577537 0
7 2015 rs4486086 17743719 1 0.00225440021809038 17743719 17743719 0
7 12729 rs3734936 138447395 1 0.00225417204261748 138447395 138447395 0
7 14265 rs2091154 156257405 1 -0.00225307456906039 156257405 156257405 0
7 1320 rs35385652 12675690 1 0.00225304621627117 12675690 12675690 0
7 8688 rs2214339 88813289 2 -0.00224989154311023 88813289 88813289 0
7 13931 rs12531982 152700399 1 -0.00223927595078039 152700399 152700399 0
7 345 rs10232337 4584559 1 0.00223755337559172 4584559 4584559 0
7 1729 rs10263175 16043897 1 0.0021860649138731 16043897 16043897 0
7 2731 rs1880242 22759607 1 0.00218524862971572 22759607 22759607 0
7 1825 rs7790525 16601536 1 0.00216857383081274 16601536 16601536 0
7 13660 rs11982494 149365696 2 0.00216648012457904 149365696 149365696 0
7 1084 rs9785045 11742920 1 0.00216618272927688 11742920 11742920 0
7 6717 rs11238386 56033141 2 0.00213327380766216 56033141 56033141 0
7 4158 rs318583 34294321 2 -0.00213231036797754 34294321 34294321 0
7 2946 rs10487605 24368686 1 -0.00213127534781799 24368686 24368686 0
7 4247 rs28480169 34917702 2 0.00207650820894185 34917702 34917702 0
7 3732 rs2267716 30716643 1 0.00206449910932129 30716643 30716643 0
7 12943 rs745162 141616506 1 -0.00206419718100961 141616506 141616506 0
7 6074 rs10245842 51046674 2 -0.0020575763980698 51046674 51046674 0
7 13063 rs41276054 143029874 1 -0.00205146190035938 143029874 143029874 0
7 1429 rs2568574 13500618 2 0.00204911015616076 13500618 13500618 0
7 1398 rs12374759 13316690 1 0.00204010600258592 13316690 13316690 0
7 78 rs17790410 2220092 1 -0.00202251780981033 2220092 2220092 0
7 6870 rs4718223 64770261 1 -0.00201887622416146 64770261 64770261 0
7 12345 rs2229542 134135621 1 0.00200453084967057 134135621 134135621 0
7 351 rs4720331 4600429 1 0.00200385061367583 4600429 4600429 0
7 8917 rs7808063 91039192 1 -0.00200217546262647 91039192 91039192 0
7 14201 rs1151790 155629975 2 0.00199072608522818 155629975 155629975 0
7 5711 rs2686784 48086778 1 -0.00198668373415281 48086778 48086778 0
7 9608 rs17855473 100160264 1 -0.00196459781049047 100160264 100160264 0
7 13179 rs2699473 144622959 1 0.00196365124111779 144622959 144622959 0
7 7440 rs2301907 74114847 1 -0.00195824395309585 74114847 74114847 0
7 11075 rs2402428 118570452 1 -0.00195646142373594 118570452 118570452 0
7 3182 rs4722551 25991826 1 0.00195633815917535 25991826 25991826 0
7 35 rs6959783 1192018 1 0.00194764801746781 1192018 1192018 0
7 6482 rs918944 53657870 1 -0.0019445721234258 53657870 53657870 0
7 14232 rs1014851 155980396 1 -0.00192816858732394 155980396 155980396 0
7 5761 rs10248040 48354820 1 0.00192239217978951 48354820 48354820 0
7 5153 rs10224910 43125022 1 -0.00191786723713796 43125022 43125022 0
7 7408 rs13232536 73219508 2 0.00190385109340487 73219508 73219508 0
7 7672 rs714437 77982497 1 -0.00189552579775814 77982497 77982497 0
7 11547 rs1464833 125115662 1 0.00189120773644503 125115662 125115662 0
7 12665 rs7796821 137514791 1 0.0018860781538613 137514791 137514791 0
7 14024 rs10155813 153623251 1 0.00187290168323851 153623251 153623251 0
7 11393 rs1395381 123432100 1 0.0018688191432164 123432100 123432100 0
7 1423 rs878643 13492340 2 0.00186629366979169 13492340 13492340 0
7 2184 rs9648255 19450683 1 -0.0018654687257052599 19450683 19450683 0
7 8455 rs4728669 86678967 1 -0.00185613454873647 86678967 86678967 0
7 5395 rs950971 45575915 1 0.00185451574490457 45575915 45575915 0
7 8334 rs2191483 84785117 1 0.00184790503553358 84785117 84785117 0
7 11146 rs41700 120639617 1 0.00182244453669946 120639617 120639617 0
7 13271 rs6975019 145796758 1 -0.00181712349845712 145796758 145796758 0
7 13402 rs826822 147054250 1 0.00181525817344784 147054250 147054250 0
7 13592 rs735787 148154833 1 0.00181490165873763 148154833 148154833 0
7 11910 rs6971551 129072024 1 0.00181380960944592 129072024 129072024 0
7 3621 rs1055010 29551124 2 -0.00181160813597062 29551124 29551124 0
7 7290 rs4236252 70942415 1 0.00179813926620851 70942415 70942415 0
7 1386 rs17166921 13275578 2 0.00179797877911822 13275578 13275578 0
7 369 rs4720435 4912398 2 0.00179644236006817 4912398 4912398 0
7 8581 rs2373452 88098737 2 -0.00177927930350369 88098737 88098737 0
7 989 rs4720952 11291400 2 -0.00176999714429531 11291400 11291400 0
7 5589 rs4724556 47305969 2 -0.00176357124531443 47305969 47305969 0
7 3165 rs10216251 25801774 1 -0.00175191243107209 25801774 25801774 0
7 13399 rs10276770 147042196 1 -0.00174974721379086 147042196 147042196 0
7 8099 rs10262899 82103053 1 -0.00173786545366874 82103053 82103053 0
7 2017 rs6953198 17746628 1 0.00173491633904905 17746628 17746628 0
7 12748 rs17160623 138620876 1 0.00172982486822488 138620876 138620876 0
7 8461 rs6948837 86706918 1 0.00172740681346091 86706918 86706918 0
7 8981 rs445 92408370 1 0.00171241767379074 92408370 92408370 0
7 12694 rs3805362 137794388 1 0.0017047586620173 137794388 137794388 0
7 1373 rs7778616 13077065 1 -0.00169771792184854 13077065 13077065 0
7 11921 rs13233824 129232720 1 0.00168966126279898 129232720 129232720 0
7 5382 rs11976218 45386995 1 0.00168449983527741 45386995 45386995 0
7 8528 rs4148735 87172881 1 -0.0016833339370123 87172881 87172881 0
7 622 rs9472 8302284 1 0.00168327870930596 8302284 8302284 0
7 7502 rs3108418 76854725 1 0.00168296084862583 76854725 76854725 0
7 8516 rs4148751 87143153 1 0.00166871209675271 87143153 87143153 0
7 9979 rs1557689 104007886 2 -0.00166358150880744 104007886 104007886 0
7 6833 rs4717195 63980233 1 0.00166023648462208 63980233 63980233 0
7 4405 rs17170619 36556593 2 -0.00165937051465427 36556593 36556593 0
7 7396 rs6976930 72885810 1 0.00165222910954256 72885810 72885810 0
7 9034 rs10254794 93338280 2 -0.00164575339462097 93338280 93338280 0
7 10626 rs2272260 112757862 1 0.00164358518798511 112757862 112757862 0
7 4893 rs17171612 39724464 2 -0.0016413932947606 39724464 39724464 0
7 12599 rs9656474 136534657 2 -0.00164048393214099 136534657 136534657 0
7 9489 rs10272977 98125908 1 -0.00163503008838319 98125908 98125908 0
7 265 rs2051918 3766819 1 0.00162960927087383 3766819 3766819 0
7 12405 rs1377297 134546119 2 0.00161548142569418 134546119 134546119 0
7 9435 rs1229545 97422195 1 0.00160206282975744 97422195 97422195 0
7 7211 rs4610627 70173197 1 -0.00159484592446033 70173197 70173197 0
7 610 rs887848 8179846 1 0.00158878113828652 8179846 8179846 0
7 5293 rs2971671 44211337 2 -0.00158713668686489 44211337 44211337 0
7 8103 rs10486969 82175885 1 -0.00158150538896912 82175885 82175885 0
7 6596 rs10238349 54751771 1 -0.0015771996892621 54751771 54751771 0
7 11188 rs17143591 121277383 1 -0.00157607178229292 121277383 121277383 0
7 9332 rs11982457 96377441 1 -0.00157463653356395 96377441 96377441 0
7 3087 rs11762772 25344021 1 0.00156898680476558 25344021 25344021 0
7 80 rs4719457 2230225 1 -0.00156875340081844 2230225 2230225 0
7 13348 rs10215441 146688750 1 0.00155893407428554 146688750 146688750 0
7 5980 rs4947437 50507893 1 -0.00155883202206672 50507893 50507893 0
7 3185 rs745580 26008052 1 0.00155283437181361 26008052 26008052 0
7 13883 rs12540735 151580648 1 0.00155064934853147 151580648 151580648 0
7 8556 rs17255978 87754915 1 0.00154139135331851 87754915 87754915 0
7 11695 rs1204526 126512514 1 -0.00154125855509291 126512514 126512514 0
7 8847 rs4728909 90273029 1 -0.00153381166304252 90273029 90273029 0
7 8232 rs6966242 83211117 2 0.00153279288177534 83211117 83211117 0
7 6965 rs6972789 67120558 1 0.00151951680303548 67120558 67120558 0
7 3327 rs10155834 27372021 1 -0.00150860220762137 27372021 27372021 0
7 8706 rs80006813 88964061 1 0.00150391271575643 88964061 88964061 0
7 11051 rs960885 118274228 1 -0.00149606339972132 118274228 118274228 0
7 8775 rs7791143 89687264 2 0.0014934100312047 89687264 89687264 0
7 10831 rs10224339 115795139 1 -0.00148362849264865 115795139 115795139 0
7 13405 rs1357896 147063313 1 0.00148229937350223 147063313 147063313 0
7 6068 rs10258680 50954338 1 0.00148193783458673 50954338 50954338 0
7 10156 rs7789066 105927752 1 -0.00147700614176707 105927752 105927752 0
7 8333 rs1029563 84738495 1 -0.00147180028896018 84738495 84738495 0
7 6286 rs10260088 52554215 2 -0.00146310844738343 52554215 52554215 0
7 6843 rs10234472 64118662 1 0.00146197908207095 64118662 64118662 0
7 9303 rs6961784 96150473 1 0.00145989759968077 96150473 96150473 0
7 14283 rs7790357 156464214 1 -0.00145824082985456 156464214 156464214 0
7 13515 rs12673711 147615015 2 0.0014479961954713 147615015 147615015 0
7 11893 rs12669653 128746301 1 -0.00144744469097995 128746301 128746301 0
7 2496 rs17144465 21504427 1 0.00144570464566924 21504427 21504427 0
7 9077 rs2299418 94032325 1 0.001442536467885 94032325 94032325 0
7 6754 rs1357741 56291170 1 0.00144119780311801 56291170 56291170 0
7 5407 rs45444695 45747949 1 0.00143634780597533 45747949 45747949 0
7 9359 rs3757493 96656572 2 -0.00142928097311942 96656572 96656572 0
7 11338 rs6961894 122894149 2 0.00142809410153443 122894149 122894149 0
7 3916 rs10274609 32206323 1 0.00142720052621433 32206323 32206323 0
7 162 rs10951010 3076053 1 0.00141137434135295 3076053 3076053 0
7 9366 rs7794886 96749012 1 0.0014063925867541 96749012 96749012 0
7 6471 rs10264027 53611898 1 0.00139761105764496 53611898 53611898 0
7 11807 rs741599 127339415 1 0.00139279189955298 127339415 127339415 0
7 12389 rs1563046 134498297 2 -0.00138841690490142 134498297 134498297 0
7 4978 rs10951647 41237214 1 -0.00137241250696448 41237214 41237214 0
7 3231 rs916969 26513728 1 -0.00136712672184829 26513728 26513728 0
7 7245 rs10265996 70572266 1 0.00135024106579244 70572266 70572266 0
7 350 rs10238077 4598404 1 -0.00134901843166251 4598404 4598404 0
7 6199 rs682792 51833487 2 0.00134611443240051 51833487 51833487 0
7 343 rs10276022 4560681 2 -0.00134496850630321 4560681 4560681 0
7 2190 rs10279064 19468258 1 -0.00134058556597552 19468258 19468258 0
7 5086 rs4724100 42264679 1 0.00133907921528544 42264679 42264679 0
7 8344 rs2178115 84905855 1 -0.00133628452351148 84905855 84905855 0
7 10821 rs9691405 115742657 1 -0.00133614563626345 115742657 115742657 0
7 9578 rs7787525 99493660 1 -0.00132891035389238 99493660 99493660 0
7 10776 rs10233079 114946569 2 0.00131856195440339 114946569 114946569 0
7 8129 rs9656532 82414933 1 -0.00131807280742018 82414933 82414933 0
7 12988 rs2960769 141988676 1 0.00131138184549267 141988676 141988676 0
7 731 rs2119217 9285814 2 -0.00130734161327643 9285814 9285814 0
7 502 rs2159191 7266939 1 0.00130288629085836 7266939 7266939 0
7 2931 rs16207 24269205 1 -0.0013015155613028 24269205 24269205 0
7 11792 rs6977152 127203830 2 -0.00128197945079529 127203830 127203830 0
7 12442 rs3828955 135054371 1 0.00127972219207358 135054371 135054371 0
7 9298 rs3113045 96102582 1 0.00127032547840974 96102582 96102582 0
7 14474 rs10275341 158710642 1 0.00126964667781343 158710642 158710642 0
7 4248 rs11771425 34920075 1 -0.00126449326122272 34920075 34920075 0
7 4582 rs6978014 37612345 1 0.00125648534308609 37612345 37612345 0
7 2547 rs11768670 21765497 1 0.00125357012416597 21765497 21765497 0
7 4235 rs10241616 34773528 2 0.00125184197401551 34773528 34773528 0
7 927 rs6973809 10881827 1 -0.00125100872850272 10881827 10881827 0
7 14437 rs3793177 158440275 1 -0.00124704087122855 158440275 158440275 0
7 11999 rs36196571 130274198 2 0.00124693006999712 130274198 130274198 0
7 3168 rs4719826 25814109 2 -0.00124653781002638 25814109 25814109 0
7 7673 rs976591 77983063 1 -0.0012407977569929 77983063 77983063 0
7 9532 rs13243638 98780395 1 -0.00123692310847805 98780395 98780395 0
7 8701 rs7778127 88919393 1 0.00123677702155985 88919393 88919393 0
7 6083 rs17134122 51075104 1 0.00122800714426907 51075104 51075104 0
7 13795 rs2373961 150681210 1 0.0012251066380175 150681210 150681210 0
7 2194 rs2192472 19496496 1 -0.00122319513885281 19496496 19496496 0
7 3299 rs213516 26938809 1 0.00121679942745779 26938809 26938809 0
7 2826 rs6974500 23744549 1 -0.00121545622213092 23744549 23744549 0
7 3257 rs730558 26588153 1 -0.00121369996446164 26588153 26588153 0
7 14471 rs1188960 158687998 1 0.00121272466878162 158687998 158687998 0
7 13626 rs1202470 148889043 1 0.00120797015362973 148889043 148889043 0
7 12593 rs10954546 136452082 1 0.00119550695187592 136452082 136452082 0
7 2177 rs10950719 19415207 1 -0.00118960009472963 19415207 19415207 0
7 7253 rs7807224 70675645 1 -0.00118957684052691 70675645 70675645 0
7 8209 rs17157388 82923367 2 -0.00118953935518021 82923367 82923367 0
7 14163 rs2951012 154975445 2 0.00118636379827703 154975445 154975445 0
7 4666 rs1464717 38052205 1 -0.00118379224597321 38052205 38052205 0
7 8899 rs6465305 90818888 1 -0.00118107808380093 90818888 90818888 0
7 9624 rs2247445 100427263 1 -0.00117743965410293 100427263 100427263 0
7 7399 rs2286276 72987354 1 0.00117577016563124 72987354 72987354 0
7 13398 rs7784277 147040881 1 -0.00117576627378758 147040881 147040881 0
7 8322 rs7794976 84597933 1 -0.00117289307218892 84597933 84597933 0
7 397 rs4724701 5528883 1 -0.00117165337311446 5528883 5528883 0
7 14328 rs6979947 157005863 1 0.00116569918705016 157005863 157005863 0
7 10974 rs10953849 117387108 1 -0.00115658669030523 117387108 117387108 0
7 6288 rs6972820 52554862 1 0.00115571251754199 52554862 52554862 0
7 1719 rs12670350 16007799 1 -0.00114094953757578 16007799 16007799 0
7 4791 rs6415270 38841447 1 0.00113954320666976 38841447 38841447 0
7 4745 rs1861239 38515584 1 0.00112507152900904 38515584 38515584 0
7 771 rs17161870 9642956 1 0.00112504209598841 9642956 9642956 0
7 7808 rs4730806 79030922 1 -0.0011230519077543 79030922 79030922 0
7 344 rs17134911 4565594 1 0.00112061826584725 4565594 4565594 0
7 12205 rs10256188 132317536 1 -0.0011202024292205 132317536 132317536 0
7 5590 rs10951901 47308241 1 -0.00111932623446012 47308241 47308241 0
7 14230 rs4294053 155851624 1 0.00111784479816898 155851624 155851624 0
7 7657 rs798337 77916282 1 -0.00111544832943533 77916282 77916282 0
7 6352 rs12534294 52751348 2 -0.00111386395571884 52751348 52751348 0
7 7949 rs17275986 80418689 1 -0.00110853954943296 80418689 80418689 0
7 8327 rs17559084 84644500 1 0.00110222242618567 84644500 84644500 0
7 3341 rs9648340 27422005 1 0.00109930855645151 27422005 27422005 0
7 702 rs6961566 9006896 1 -0.00108796732227695 9006896 9006896 0
7 12565 rs11761139 136150869 1 0.00108558168737849 136150869 136150869 0
7 4231 rs17197848 34758676 2 0.0010837476486912 34758676 34758676 0
7 60 rs7783715 1923385 1 0.0010772042718979 1923385 1923385 0
7 9242 rs319327 95550100 1 0.00107692950265508 95550100 95550100 0
7 5040 rs988329 41907182 1 0.00107657608479672 41907182 41907182 0
7 5104 rs6966512 42440761 1 0.00107087002076047 42440761 42440761 0
7 997 rs2189344 11347519 1 -0.0010685022238977 11347519 11347519 0
7 12972 rs6963035 141951780 1 -0.00106272183000096 141951780 141951780 0
7 353 rs4723895 4611655 1 -0.0010620163480847 4611655 4611655 0
7 2806 rs12540730 23483815 1 0.00105774370627106 23483815 23483815 0
7 4937 rs10486813 40728610 1 0.00105721969121698 40728610 40728610 0
7 13676 rs2074699 149547703 2 0.00105186037642205 149547703 149547703 0
7 7902 rs6467158 80055910 1 0.00104652383171724 80055910 80055910 0
7 1890 rs6962438 16931466 1 -0.00104272722459163 16931466 16931466 0
7 6413 rs7808774 53251092 1 0.00104067058117987 53251092 53251092 0
7 12573 rs12532126 136242210 1 -0.00104034297647389 136242210 136242210 0
7 3952 rs7779180 32347202 1 -0.00103812204334842 32347202 32347202 0
7 3613 rs3812325 29517909 1 -0.00103389720326986 29517909 29517909 0
7 1114 rs10270255 11855947 2 -0.00103243305172843 11855947 11855947 0
7 12031 rs7812207 130784051 1 -0.00102862405717669 130784051 130784051 0
7 4023 rs7785065 32915204 1 0.00102473915611884 32915204 32915204 0
7 9130 rs6465454 94702805 1 -0.00101977011209703 94702805 94702805 0
7 6294 rs741044 52570344 2 -0.00101521619438693 52570344 52570344 0
7 12310 rs1222430 133915760 1 0.00101503884529975 133915760 133915760 0
7 12577 rs10271343 136272383 1 0.00101283333473127 136272383 136272383 0
7 9952 rs1858915 103941535 1 -0.00100310335139089 103941535 103941535 0
7 7671 rs714438 77982305 1 -0.00100244642639365 77982305 77982305 0
7 1672 rs7787043 15698178 1 9.984102008383589e-4 15698178 15698178 0
7 1880 rs10232481 16878113 2 9.9557520557151e-4 16878113 16878113 0
7 11194 rs11971841 121334164 2 -9.90919518404822e-4 121334164 121334164 0
7 3507 rs4719946 28716154 1 -9.867194866482604e-4 28716154 28716154 0
7 4714 rs2072505 38424039 1 -9.86028554345301e-4 38424039 38424039 0
7 13595 rs6970519 148163784 1 -9.827878782837545e-4 148163784 148163784 0
7 868 rs17162816 10279486 1 9.710127655032048e-4 10279486 10279486 0
7 5399 rs11771815 45629845 2 -9.646852470163156e-4 45629845 45629845 0
7 8076 rs3801737 81786628 1 9.570703285036914e-4 81786628 81786628 0
7 12765 rs10245175 138735734 1 -9.496758416738992e-4 138735734 138735734 0
7 8336 rs2534868 84819357 2 9.4842309063897e-4 84819357 84819357 0
7 68 rs10950503 2039594 1 -9.428761460579124e-4 2039594 2039594 0
7 8772 rs6952664 89684555 1 -9.335021505616177e-4 89684555 89684555 0
7 5292 rs2971676 44194482 1 9.334615991519064e-4 44194482 44194482 0
7 1997 rs2215684 17663961 1 -9.301530534971666e-4 17663961 17663961 0
7 13197 rs1525461 144728291 1 9.296076596881908e-4 144728291 144728291 0
7 13971 rs960840 153061413 1 -9.272854310843932e-4 153061413 153061413 0
7 5642 rs6953528 47820962 1 9.262503094782556e-4 47820962 47820962 0
7 8497 rs2072383 87081349 1 -9.254453288527756e-4 87081349 87081349 0
7 2446 rs4515449 21277583 1 9.228516647009212e-4 21277583 21277583 0
7 14435 rs6972008 158427496 2 9.228311846028668e-4 158427496 158427496 0
7 2451 rs10807806 21284666 1 -9.2235985086962e-4 21284666 21284666 0
7 7811 rs6950887 79041630 1 -9.073285180787411e-4 79041630 79041630 0
7 12567 rs11767346 136205020 2 9.057391138886316e-4 136205020 136205020 0
7 306 rs6978817 4237382 1 -9.03047828092168e-4 4237382 4237382 0
7 12469 rs3112368 135411615 1 9.026921578654242e-4 135411615 135411615 0
7 2284 rs2892970 20139644 1 8.905208275746774e-4 20139644 20139644 0
7 5638 rs4724626 47795664 1 -8.8923258221652e-4 47795664 47795664 0
7 4184 rs11764303 34477795 1 8.887313099899249e-4 34477795 34477795 0
7 11681 rs10808227 126396330 1 -8.834040781161593e-4 126396330 126396330 0
7 5496 rs12535934 46665658 1 -8.832212936628221e-4 46665658 46665658 0
7 7389 rs6951638 72216292 1 8.726615099147083e-4 72216292 72216292 0
7 10677 rs10264560 113313374 1 -8.699227176867666e-4 113313374 113313374 0
7 10409 rs6949142 109251487 1 -8.684849961913745e-4 109251487 109251487 0
7 1636 rs12234378 15331080 1 8.680799004092707e-4 15331080 15331080 0
7 76 rs6967286 2212758 2 -8.628753846682559e-4 2212758 2212758 0
7 13794 rs3807370 150673314 1 -8.607609087128695e-4 150673314 150673314 0
7 14003 rs11763266 153305945 2 -8.60747558360575e-4 153305945 153305945 0
7 4941 rs1921752 40796618 1 -8.590578008209806e-4 40796618 40796618 0
7 6095 rs12719026 51145202 1 -8.582686689290898e-4 51145202 51145202 0
7 299 rs17134410 4187331 1 8.560005687209867e-4 4187331 4187331 0
7 10113 rs740309 105456869 1 -8.516221674933859e-4 105456869 105456869 0
7 13598 rs6464907 148188533 2 8.511424047699639e-4 148188533 148188533 0
7 334 rs314583 4477012 1 -8.478944080492299e-4 4477012 4477012 0
7 2279 rs4721864 20093641 1 8.475922210809816e-4 20093641 20093641 0
7 3387 rs17155705 27775705 1 8.471335639264563e-4 27775705 27775705 0
7 6076 rs12216580 51051491 1 8.465860926626892e-4 51051491 51051491 0
7 5869 rs10258925 49060792 1 -8.450218326913568e-4 49060792 49060792 0
7 12758 rs10252810 138704135 1 -8.380807134859379e-4 138704135 138704135 0
7 13879 rs3813852 151551793 1 8.372285391343968e-4 151551793 151551793 0
7 10407 rs2396135 109230184 1 -8.367756968185415e-4 109230184 109230184 0
7 4468 rs17329536 36851294 1 8.358503879012722e-4 36851294 36851294 0
7 2399 rs1860875 21111643 2 -8.343297304208826e-4 21111643 21111643 0
7 3238 rs6461949 26552429 1 8.328245461312808e-4 26552429 26552429 0
7 13169 rs1635354 144478662 1 -8.321470419286438e-4 144478662 144478662 0
7 7133 rs11983901 68571255 1 8.316186000376192e-4 68571255 68571255 0
7 5194 rs17723745 43371852 1 -8.312851337826518e-4 43371852 43371852 0
7 7947 rs12671126 80403185 1 -8.285740111531756e-4 80403185 80403185 0
7 13078 rs11760312 143161692 1 -8.275061186342291e-4 143161692 143161692 0
7 6790 rs12538910 57414165 2 8.202473082090835e-4 57414165 57414165 0
7 6368 rs2913036 52853441 2 -8.133656188329392e-4 52853441 52853441 0
7 438 rs3729790 6426954 1 -8.131380340354051e-4 6426954 6426954 0
7 9243 rs319325 95552114 1 -8.124563494534987e-4 95552114 95552114 0
7 7400 rs11974409 72989390 1 8.121482649938759e-4 72989390 72989390 0
7 10635 rs6466440 112908788 1 -8.111995479204411e-4 112908788 112908788 0
7 9286 rs6945303 96029077 1 8.048465531675546e-4 96029077 96029077 0
7 137 rs1182206 2811543 1 -7.986663402791948e-4 2811543 2811543 0
7 6628 rs10899766 54950551 1 -7.960993347795936e-4 54950551 54950551 0
7 803 rs929544 9852667 1 -7.865686783617718e-4 9852667 9852667 0
7 1502 rs17168036 14308206 1 -7.845105555963098e-4 14308206 14308206 0
7 4136 rs10276432 34017577 1 -7.821636041713907e-4 34017577 34017577 0
7 12400 rs3800739 134538147 2 -7.802857894275869e-4 134538147 134538147 0
7 5371 rs17172506 45273264 1 -7.781648649397295e-4 45273264 45273264 0
7 10240 rs2158837 107440451 1 -7.75293124545779e-4 107440451 107440451 0
7 14371 rs6459804 157510195 1 7.738283798464462e-4 157510195 157510195 0
7 1694 rs10950582 15852195 1 7.729545274849125e-4 15852195 15852195 0
7 11819 rs322840 127708975 2 -7.726032170470514e-4 127708975 127708975 0
7 3860 rs10252720 31618008 1 7.699487176219349e-4 31618008 31618008 0
7 10206 rs10226981 106556805 1 -7.668218753148406e-4 106556805 106556805 0
7 1993 rs10230521 17650204 1 -7.632136312354683e-4 17650204 17650204 0
7 714 rs12539486 9104637 2 -7.61756567503684e-4 9104637 9104637 0
7 13703 rs13231883 150261328 1 7.565211955311502e-4 150261328 150261328 0
7 10779 rs11771239 114949049 1 -7.5629528179462e-4 114949049 114949049 0
7 4296 rs10270008 35593568 1 7.557080270201684e-4 35593568 35593568 0
7 847 rs10271818 10137638 2 7.490083397814098e-4 10137638 10137638 0
7 848 rs10255407 10140489 1 -7.474288867932349e-4 10140489 10140489 0
7 2273 rs38152 20047575 1 7.471778587509965e-4 20047575 20047575 0
7 11426 rs1540352 123836711 1 7.419274177346941e-4 123836711 123836711 0
7 10602 rs3128399 112212780 1 -7.392191914043376e-4 112212780 112212780 0
7 9729 rs2906648 101571083 1 7.356583754038065e-4 101571083 101571083 0
7 4799 rs6955677 38933942 1 7.307429655152803e-4 38933942 38933942 0
7 14093 rs7800390 154428941 1 -7.256361264419064e-4 154428941 154428941 0
7 14092 rs12154602 154420513 1 -7.249383021440016e-4 154420513 154420513 0
7 9884 rs802786 103546408 1 -7.231558792798672e-4 103546408 103546408 0
7 5959 rs6583440 50361683 1 7.230780072941539e-4 50361683 50361683 0
7 3388 rs10214930 27784949 1 -7.216705995615836e-4 27784949 27784949 0
7 9368 rs12670377 96786625 1 -7.191174047019367e-4 96786625 96786625 0
7 346 rs4723872 4589079 1 7.184106136033846e-4 4589079 4589079 0
7 2793 rs1990365 23115966 1 -7.124228371492551e-4 23115966 23115966 0
7 435 rs4724800 6410528 1 -7.110247396818866e-4 6410528 6410528 0
7 11119 rs723908 120136191 2 7.059707030597133e-4 120136191 120136191 0
7 8544 rs9282564 87229440 1 -7.058359830532057e-4 87229440 87229440 0
7 13540 rs1990057 147735399 1 -7.050401221735873e-4 147735399 147735399 0
7 7405 rs61751896 73097713 1 7.039453546590693e-4 73097713 73097713 0
7 10695 rs1194328 113898450 1 -6.973395223496424e-4 113898450 113898450 0
7 5090 rs10275082 42311183 1 6.969874282654733e-4 42311183 42311183 0
7 9070 rs12669501 93995008 1 6.951906161741867e-4 93995008 93995008 0
7 6886 rs6949812 65387101 1 6.951460469160917e-4 65387101 65387101 0
7 7895 rs6467133 79993965 1 -6.931025458189213e-4 79993965 79993965 0
7 5185 rs17796324 43286908 1 -6.891244696077155e-4 43286908 43286908 0
7 389 rs6943227 5359680 1 -6.886661718508016e-4 5359680 5359680 0
7 8642 rs2107601 88511233 1 6.838815916177729e-4 88511233 88511233 0
7 8630 rs10246107 88444133 1 6.832017336006715e-4 88444133 88444133 0
7 10239 rs10248785 107438305 1 -6.810618673251591e-4 107438305 107438305 0
7 1392 rs1035085 13303201 1 6.775697731123429e-4 13303201 13303201 0
7 9710 rs740200 101259815 1 6.772660110463517e-4 101259815 101259815 0
7 5495 rs9648555 46656869 1 -6.770580387135254e-4 46656869 46656869 0
7 11862 rs2290228 128388648 2 6.7435347061054e-4 128388648 128388648 0
7 12885 rs528957 140769459 1 6.742039840332338e-4 140769459 140769459 0
7 1345 rs6460980 12872311 1 -6.716157068024349e-4 12872311 12872311 0
7 5434 rs788723 46086784 1 6.706555931181399e-4 46086784 46086784 0
7 10813 rs10273354 115473965 1 -6.688652097506729e-4 115473965 115473965 0
7 5639 rs1551278 47811850 1 6.683354322861519e-4 47811850 47811850 0
7 9592 rs941290 99678622 1 6.669868795723411e-4 99678622 99678622 0
7 3337 rs11563971 27408972 1 6.66419189714334e-4 27408972 27408972 0
7 4792 rs9639805 38843156 1 -6.592853222760412e-4 38843156 38843156 0
7 7421 rs2071307 73470714 1 6.579271526189393e-4 73470714 73470714 0
7 4233 rs11975122 34765059 1 6.549589254714733e-4 34765059 34765059 0
7 10980 rs2402267 117497811 2 6.501617066617242e-4 117497811 117497811 0
7 8460 rs17161290 86702671 1 6.493290511920026e-4 86702671 86702671 0
7 305 rs653625 4223652 2 -6.460318146107725e-4 4223652 4223652 0
7 12492 rs1562028 135553732 1 -6.45924509711697e-4 135553732 135553732 0
7 6677 rs11974368 55442775 1 6.452508639553037e-4 55442775 55442775 0
7 8017 rs11975846 81363334 1 6.440327879142575e-4 81363334 81363334 0
7 4272 rs2551796 35461773 1 -6.439133342216954e-4 35461773 35461773 0
7 1299 rs10249671 12547917 2 6.386198893336909e-4 12547917 12547917 0
7 3771 rs4988498 31009576 1 -6.379740125963032e-4 31009576 31009576 0
7 5794 rs11762388 48527244 1 6.36349976306795e-4 48527244 48527244 0
7 2808 rs11770192 23498358 1 -6.359553178020023e-4 23498358 23498358 0
7 12603 rs10488598 136587843 1 6.317992117138258e-4 136587843 136587843 0
7 3370 rs17155332 27522629 1 -6.23211715566491e-4 27522629 27522629 0
7 361 rs1568731 4665570 1 6.22190344687538e-4 4665570 4665570 0
7 5570 rs12702305 47165732 1 -6.203112015281559e-4 47165732 47165732 0
7 8091 rs38553 81877715 2 6.200336169143266e-4 81877715 81877715 0
7 9570 rs35649099 99472686 1 -6.147161724852272e-4 99472686 99472686 0
7 11067 rs1406739 118455178 1 6.14018567175853e-4 118455178 118455178 0
7 8875 rs2286696 90546764 1 6.122639528505357e-4 90546764 90546764 0
7 7116 rs7805438 68448569 2 -6.115731694090285e-4 68448569 68448569 0
7 13803 rs2303929 150761314 1 6.113938331213704e-4 150761314 150761314 0
7 7423 rs17145361 73697327 1 6.109425139256949e-4 73697327 73697327 0
7 5364 rs1294906 45235862 1 6.07765166650868e-4 45235862 45235862 0
7 5404 rs11767059 45732186 1 -6.0698607621836e-4 45732186 45732186 0
7 9135 rs13229820 94836537 1 -6.066364383071165e-4 94836537 94836537 0
7 1318 rs1318978 12661312 1 6.065784652308444e-4 12661312 12661312 0
7 5183 rs17172181 43283115 2 -6.0553491424633e-4 43283115 43283115 0
7 2729 rs7801617 22758082 2 -5.992696892356466e-4 22758082 22758082 0
7 3359 rs11767145 27453637 1 -5.97448138049564e-4 27453637 27453637 0
7 831 rs2906403 10064734 1 -5.954036844111006e-4 10064734 10064734 0
7 9944 rs12056177 103909059 1 -5.944976997173428e-4 103909059 103909059 0
7 4458 rs10276012 36805549 1 5.912642110341177e-4 36805549 36805549 0
7 13239 rs850390 145133150 1 5.908915728972915e-4 145133150 145133150 0
7 7131 rs3102796 68553958 1 5.875781378375819e-4 68553958 68553958 0
7 9267 rs2023698 95803746 1 5.849578513543804e-4 95803746 95803746 0
7 3565 rs3793306 29314083 1 -5.80985154672672e-4 29314083 29314083 0
7 14084 rs902743 154248268 1 -5.809608932630013e-4 154248268 154248268 0
7 4562 rs12540876 37460441 1 5.796355358373797e-4 37460441 37460441 0
7 11684 rs2299514 126409064 1 5.747351076836445e-4 126409064 126409064 0
7 4204 rs10274492 34607064 1 -5.745501660008626e-4 34607064 34607064 0
7 3893 rs7808892 31933965 1 5.73357556272964e-4 31933965 31933965 0
7 6635 rs11773818 55123968 1 5.73152342669434e-4 55123968 55123968 0
7 6992 rs6944468 67237875 1 -5.715774449020219e-4 67237875 67237875 0
7 8869 rs3779568 90522559 1 -5.708856345193197e-4 90522559 90522559 0
7 352 rs6972104 4608174 1 -5.70446022309e-4 4608174 4608174 0
7 2503 rs2158413 21563636 1 5.660093659193681e-4 21563636 21563636 0
7 8106 rs7793652 82178889 1 -5.655292413209789e-4 82178889 82178889 0
7 12832 rs2286198 139726207 1 5.652910868327772e-4 139726207 139726207 0
7 4583 rs1364729 37618173 1 5.652509776890201e-4 37618173 37618173 0
7 13838 rs10231083 151119265 1 5.628449520894423e-4 151119265 151119265 0
7 10994 rs2402296 117667791 1 5.612563300474418e-4 117667791 117667791 0
7 3896 rs6962770 31956217 1 -5.609316906875797e-4 31956217 31956217 0
7 12760 rs10280239 138715731 2 5.609129171010158e-4 138715731 138715731 0
7 2521 rs10224537 21640405 2 -5.577264737433613e-4 21640405 21640405 0
7 7003 rs10266956 67335673 1 5.550832572777139e-4 67335673 67335673 0
7 12727 rs17442029 138436498 1 5.526550806003417e-4 138436498 138436498 0
7 8121 rs997166 82331576 1 5.507686559502825e-4 82331576 82331576 0
7 12697 rs6953434 137878774 1 5.493667028248422e-4 137878774 137878774 0
7 14400 rs6961856 157866856 1 5.46200992359982e-4 157866856 157866856 0
7 12038 rs6467365 130887581 1 5.423598220148604e-4 130887581 130887581 0
7 13485 rs851712 147528731 1 -5.415457754413991e-4 147528731 147528731 0
7 6675 rs9649851 55398692 1 -5.381442508963249e-4 55398692 55398692 0
7 12453 rs4291211 135335373 1 -5.367204653953352e-4 135335373 135335373 0
7 6348 rs13243026 52734328 2 5.338329396716709e-4 52734328 52734328 0
7 8470 rs17161329 86770106 1 -5.303597910179076e-4 86770106 86770106 0
7 3294 rs490366 26851805 1 5.277675002877609e-4 26851805 26851805 0
7 4404 rs12531209 36556478 1 -5.244522588839992e-4 36556478 36556478 0
7 5039 rs718939 41899191 1 5.207313330748869e-4 41899191 41899191 0
7 10108 rs672416 105376750 2 -5.202821276161061e-4 105376750 105376750 0
7 2700 rs740294 22471195 1 5.168965214259733e-4 22471195 22471195 0
7 3544 rs7313 29070209 1 -5.165196906967999e-4 29070209 29070209 0
7 12730 rs4732330 138450098 1 5.159731701115981e-4 138450098 138450098 0
7 7344 rs844692 71454655 1 5.133299778817364e-4 71454655 71454655 0
7 5898 rs12668599 49360650 2 -5.121366875650453e-4 49360650 49360650 0
7 4964 rs6963950 41042490 1 5.10488980774819e-4 41042490 41042490 0
7 10444 rs1723563 109790867 1 -5.103078173916928e-4 109790867 109790867 0
7 10777 rs34984260 114947770 1 -5.096054105405589e-4 114947770 114947770 0
7 9141 rs10953141 94888158 1 5.094845732397477e-4 94888158 94888158 0
7 4068 rs3823763 33407894 1 -5.094737918252816e-4 33407894 33407894 0
7 13813 rs7786151 150912786 1 5.089145521354966e-4 150912786 150912786 0
7 5441 rs10499642 46170512 1 -5.080082938656182e-4 46170512 46170512 0
7 9281 rs11982522 95947916 1 -5.070369647921197e-4 95947916 95947916 0
7 1979 rs6972025 17561739 1 5.014775741795741e-4 17561739 17561739 0
7 14012 rs7794175 153378283 1 5.009591753901148e-4 153378283 153378283 0
7 3296 rs10486480 26872652 1 -5.001107572012397e-4 26872652 26872652 0
7 12406 rs7803531 134548572 1 -4.991556285616562e-4 134548572 134548572 0
7 13608 rs243538 148404379 1 4.953853781123488e-4 148404379 148404379 0
7 6733 rs17172508 56149847 1 -4.939134998813709e-4 56149847 56149847 0
7 14403 rs6459844 157952084 1 -4.924332611930652e-4 157952084 157952084 0
7 13705 rs2177188 150263761 1 4.90320233800885e-4 150263761 150263761 0
7 8877 rs10953026 90550191 1 4.840911633776447e-4 90550191 90550191 0
7 10913 rs2237712 116338658 1 4.828533699615599e-4 116338658 116338658 0
7 14262 rs7778219 156250444 2 -4.798593280124656e-4 156250444 156250444 0
7 5912 rs17394967 49542874 2 4.789764666053311e-4 49542874 49542874 0
7 12655 rs12707359 137132243 1 -4.789107015606459e-4 137132243 137132243 0
7 5750 rs17547830 48313510 1 4.7770881664060657e-4 48313510 48313510 0
7 12766 rs12535022 138771905 1 4.7623241879697035e-4 138771905 138771905 0
7 13637 rs3087882 148952312 1 -4.7611296606809433e-4 148952312 148952312 0
7 14094 rs11243339 154429560 1 4.7563980862075855e-4 154429560 154429560 0
7 10104 rs846931 105326131 1 -4.741715354875703e-4 105326131 105326131 0
7 14159 rs1881690 154925087 1 4.739501697747179e-4 154925087 154925087 0
7 13289 rs6464749 146020936 1 4.7339753828114846e-4 146020936 146020936 0
7 10072 rs10953454 104503813 1 4.728779822279561e-4 104503813 104503813 0
7 3473 rs7799687 28397794 1 -4.7183699995276333e-4 28397794 28397794 0
7 8215 rs2371656 82990977 1 -4.704239428044531e-4 82990977 82990977 0
7 11320 rs12706486 122758190 2 -4.697438652554964e-4 122758190 122758190 0
7 1750 rs10269890 16168502 1 4.692349557516147e-4 16168502 16168502 0
7 6866 rs654756 64747665 1 -4.679071390789301e-4 64747665 64747665 0
7 6656 rs940806 55279745 1 -4.678778112079009e-4 55279745 55279745 0
7 13837 rs1004340 151099634 1 4.6671912429829414e-4 151099634 151099634 0
7 6046 rs10248619 50751090 1 -4.6628962174367585e-4 50751090 50751090 0
7 5392 rs1525653 45562747 1 -4.6582802672935847e-4 45562747 45562747 0
7 4638 rs2598119 37936384 1 4.64347425852844e-4 37936384 37936384 0
7 4544 rs10242920 37369557 2 -4.640941828609696e-4 37369557 37369557 0
7 1192 rs13244303 12216707 1 -4.6316220439974223e-4 12216707 12216707 0
7 12192 rs10488374 132129571 2 -4.6106095913859294e-4 132129571 132129571 0
7 441 rs2303361 6449496 1 -4.60642105403682e-4 6449496 6449496 0
7 5030 rs257114 41830184 1 4.603112632733579e-4 41830184 41830184 0
7 11904 rs2303303 129019736 1 4.583657249095683e-4 129019736 129019736 0
7 2948 rs2722407 24371586 1 4.5766525823392535e-4 24371586 24371586 0
7 2324 rs7807424 20520093 1 4.56325194357143e-4 20520093 20520093 0
7 9909 rs10264307 103690016 1 -4.5427531354303146e-4 103690016 103690016 0
7 8019 rs2214825 81371619 1 4.539546073376234e-4 81371619 81371619 0
7 11944 rs3800602 129360201 1 4.538336030957044e-4 129360201 129360201 0
7 8931 rs2157998 91320854 1 4.525883507947977e-4 91320854 91320854 0
7 846 rs6463968 10125808 1 -4.521977506798248e-4 10125808 10125808 0
7 4741 rs1014570 38510787 1 4.519695724558541e-4 38510787 38510787 0
7 12043 rs1863011 130890470 1 4.514908036913248e-4 130890470 130890470 0
7 11400 rs2191308 123490879 1 4.513843887167591e-4 123490879 123490879 0
7 5583 rs10241085 47206621 1 -4.5040431753050336e-4 47206621 47206621 0
7 7768 rs37859 78420458 1 4.500396635756154e-4 78420458 78420458 0
7 8906 rs10277895 90870373 1 -4.4964769960657646e-4 90870373 90870373 0
7 2838 rs12669134 23788550 1 4.4940399087291336e-4 23788550 23788550 0
7 10237 rs10274201 107386810 1 -4.487343673579525e-4 107386810 107386810 0
7 2152 rs11535164 19249169 1 -4.460798195790781e-4 19249169 19249169 0
7 2128 rs17350355 18928503 1 4.451468898202628e-4 18928503 18928503 0
7 12504 rs11772302 135678299 1 -4.4507372843514937e-4 135678299 135678299 0
7 12990 rs965274 142014213 1 -4.4492551380698127e-4 142014213 142014213 0
7 1296 rs12699388 12536336 2 -4.4487772828634105e-4 12536336 12536336 0
7 10502 rs1528044 110427519 1 4.4330408655948814e-4 110427519 110427519 0
7 7953 rs17154583 80522906 1 4.429542561110846e-4 80522906 80522906 0
7 11249 rs279676 121757026 1 -4.4280467833612976e-4 121757026 121757026 0
7 7453 rs757359 75367376 2 -4.420696590726229e-4 75367376 75367376 0
7 171 rs1872881 3148092 1 -4.418625018037917e-4 3148092 3148092 0
7 2222 rs12539787 19721021 1 -4.3919921257998983e-4 19721021 19721021 0
7 386 rs13247861 5279887 1 4.3851633115248614e-4 5279887 5279887 0
7 8589 rs12531431 88209768 1 4.3712365490888486e-4 88209768 88209768 0
7 3325 rs11772043 27363392 1 4.336836269055293e-4 27363392 27363392 0
7 7722 rs1030012 78138977 1 -4.3359286545325063e-4 78138977 78138977 0
7 3894 rs10252546 31934481 2 4.323017015322985e-4 31934481 31934481 0
7 14247 rs7782633 156097080 1 -4.311637355642048e-4 156097080 156097080 0
7 1426 rs10155975 13493700 1 4.30607839686432e-4 13493700 13493700 0
7 9294 rs3094750 96081911 1 4.2845221096690634e-4 96081911 96081911 0
7 9284 rs10486028 96019473 1 4.2680941188440093e-4 96019473 96019473 0
7 7109 rs2079975 68372748 1 4.260428510526787e-4 68372748 68372748 0
7 9724 rs10264866 101537526 1 -4.255428155463019e-4 101537526 101537526 0
7 3048 rs2717885 25174332 1 4.252936396454131e-4 25174332 25174332 0
7 358 rs10262589 4658125 1 4.246868873324125e-4 4658125 4658125 0
7 1579 rs975689 14891202 2 -4.2232140652874266e-4 14891202 14891202 0
7 5891 rs10272048 49320837 1 4.209219716212275e-4 49320837 49320837 0
7 10624 rs2253640 112752594 1 4.193201001986679e-4 112752594 112752594 0
7 5318 rs1050331 44808091 1 4.178588604412385e-4 44808091 44808091 0
7 1396 rs6954677 13315977 1 -4.1712623691313514e-4 13315977 13315977 0
7 11476 rs6952573 124212465 1 -4.159748666860735e-4 124212465 124212465 0
7 6044 rs2237485 50749870 1 -4.158375434812761e-4 50749870 50749870 0
7 9919 rs10260238 103836980 1 -4.144489675640053e-4 103836980 103836980 0
7 10795 rs10215218 115148127 1 4.0703942353096767e-4 115148127 115148127 0
7 2712 rs10275628 22604319 1 4.063309687866601e-4 22604319 22604319 0
7 592 rs12670535 7988091 1 4.044633697964351e-4 7988091 7988091 0
7 5001 rs10486715 41478608 1 -4.0216645469174137e-4 41478608 41478608 0
7 13278 rs10248963 145833324 1 4.00998577018449e-4 145833324 145833324 0
7 4212 rs10245143 34667302 1 -3.977503495464249e-4 34667302 34667302 0
7 260 rs6462243 3732481 2 -3.9736839153380846e-4 3732481 3732481 0
7 7376 rs2909989 71919202 1 3.965000922811849e-4 71919202 71919202 0
7 13251 rs4601231 145580411 1 -3.957024181997275e-4 145580411 145580411 0
7 461 rs940870 6681619 1 -3.954745513982427e-4 6681619 6681619 0
7 169 rs3763496 3123248 1 -3.941125667743446e-4 3123248 3123248 0
7 3080 rs916893 25295346 1 3.940137367423379e-4 25295346 25295346 0
7 3715 rs2709803 30510534 1 -3.9361308059339e-4 30510534 30510534 0
7 10599 rs3095034 112135207 1 -3.923777575071649e-4 112135207 112135207 0
7 6032 rs2237455 50724129 1 -3.904826516868434e-4 50724129 50724129 0
7 13171 rs6958341 144566296 1 -3.89433280286531e-4 144566296 144566296 0
7 8379 rs12670014 85433391 1 3.891986555533861e-4 85433391 85433391 0
7 1980 rs10263424 17562902 1 3.8535698404762046e-4 17562902 17562902 0
7 10836 rs2402053 115836797 1 -3.8480800833920177e-4 115836797 115836797 0
7 11541 rs1427575 124991885 1 3.841602127596553e-4 124991885 124991885 0
7 4125 rs7457120 33899231 1 3.841519003043847e-4 33899231 33899231 0
7 1009 rs16876820 11381458 1 -3.809995551258856e-4 11381458 11381458 0
7 1122 rs2355129 11925539 1 -3.809458984099736e-4 11925539 11925539 0
7 8485 rs802026 86989039 1 -3.793980208721871e-4 86989039 86989039 0
7 7835 rs6955922 79248120 1 3.793600446532214e-4 79248120 79248120 0
7 14406 rs1130495 157959911 1 -3.788443074616896e-4 157959911 157959911 0
7 3834 rs218106 31492624 1 -3.787529420498612e-4 31492624 31492624 0
7 11833 rs983828 128006395 1 3.779295501640305e-4 128006395 128006395 0
7 12452 rs12530845 135329978 2 -3.7690910537497386e-4 135329978 135329978 0
7 5016 rs10486718 41659417 1 3.762327564522844e-4 41659417 41659417 0
7 6243 rs6592964 52126953 1 3.735327350660275e-4 52126953 52126953 0
7 12762 rs3735008 138732457 1 -3.725545406862547e-4 138732457 138732457 0
7 13340 rs12703845 146571183 1 3.720214966528948e-4 146571183 146571183 0
7 1488 rs7778972 14265179 1 3.7002189258604327e-4 14265179 14265179 0
7 257 rs12701044 3730909 1 3.6870617990684046e-4 3730909 3730909 0
7 7409 rs4255023 73239618 1 3.6625609926549206e-4 73239618 73239618 0
7 3816 rs6942902 31337504 1 -3.648482974837001e-4 31337504 31337504 0
7 5275 rs17551738 44083774 1 -3.599316406596931e-4 44083774 44083774 0
7 7507 rs1109968 76891485 1 3.592156799530332e-4 76891485 76891485 0
7 9614 rs1734908 100313768 1 3.5642746206389163e-4 100313768 100313768 0
7 12456 rs3112335 135376893 1 3.559197043495303e-4 135376893 135376893 0
7 4226 rs765023 34742051 1 -3.549588234967693e-4 34742051 34742051 0
7 12757 rs1604912 138692417 1 -3.5382635637040563e-4 138692417 138692417 0
7 11244 rs7787099 121726812 1 3.4941827962315503e-4 121726812 121726812 0
7 9099 rs35039803 94294982 1 -3.477900068289632e-4 94294982 94294982 0
7 12830 rs2267705 139696248 1 3.473445591202563e-4 139696248 139696248 0
7 7951 rs10954378 80488068 1 3.471836053326019e-4 80488068 80488068 0
7 13830 rs2975199 151016648 1 3.453780722680683e-4 151016648 151016648 0
7 6287 rs2159812 52554817 1 3.436885293887694e-4 52554817 52554817 0
7 10243 rs10242548 107462149 1 -3.4192602196353607e-4 107462149 107462149 0
7 10106 rs17151463 105348894 1 -3.3692990941463087e-4 105348894 105348894 0
7 7030 rs4717437 67633440 1 3.3256300528235297e-4 67633440 67633440 0
7 8503 rs2302387 87092185 1 3.3140722482964864e-4 87092185 87092185 0
7 13909 rs4726130 151703287 1 -3.306322173403608e-4 151703287 151703287 0
7 3438 rs757730 28165978 1 3.3025839242903506e-4 28165978 28165978 0
7 8986 rs6948945 92548398 1 3.2973592479695294e-4 92548398 92548398 0
7 2790 rs2286707 23028610 1 -3.296808575951439e-4 23028610 23028610 0
7 2796 rs1728327 23235483 1 -3.295207158503075e-4 23235483 23235483 0
7 5413 rs2960287 45765234 1 -3.2613663353554226e-4 45765234 45765234 0
7 7942 rs954410 80351673 1 -3.255662049123215e-4 80351673 80351673 0
7 9622 rs2250818 100422156 1 -3.2501506927076746e-4 100422156 100422156 0
7 10749 rs998903 114663499 1 -3.2383889294934816e-4 114663499 114663499 0
7 12759 rs10085553 138712700 1 -3.2324251330053094e-4 138712700 138712700 0
7 6193 rs965277 51798888 2 -3.2063429849842057e-4 51798888 51798888 0
7 12493 rs894795 135562501 1 -3.163540724821176e-4 135562501 135562501 0
7 8240 rs17158034 83369234 1 3.130310922610731e-4 83369234 83369234 0
7 6197 rs662083 51824832 1 3.1301318420198733e-4 51824832 51824832 0
7 6893 rs10479728 66140595 1 -3.1249702330321094e-4 66140595 66140595 0
7 13495 rs2373270 147567042 2 -3.1229179600622e-4 147567042 147567042 0
7 13918 rs6955085 152320069 2 -3.1190548686844944e-4 152320069 152320069 0
7 3858 rs2286710 31594166 1 -3.109907202713585e-4 31594166 31594166 0
7 10105 rs846936 105327647 2 3.097018362158304e-4 105327647 105327647 0
7 8197 rs1011944 82891787 1 -3.085313583506004e-4 82891787 82891787 0
7 6857 rs4717229 64451699 1 3.0789075088901547e-4 64451699 64451699 0
7 13666 rs855674 149464546 1 -3.0717194089067274e-4 149464546 149464546 0
7 8849 rs6958465 90275092 1 -3.0696262762389825e-4 90275092 90275092 0
7 12446 rs61459701 135269656 1 -3.0584136036805576e-4 135269656 135269656 0
7 2481 rs17144391 21433440 1 3.016589658418174e-4 21433440 21433440 0
7 4012 rs6950856 32649189 1 -3.015927350659397e-4 32649189 32649189 0
7 6097 rs7803708 51148028 1 3.007686372124028e-4 51148028 51148028 0
7 5594 rs12702333 47321050 1 -3.0067054836498553e-4 47321050 47321050 0
7 13497 rs2710102 147574390 1 2.99198763304515e-4 147574390 147574390 0
7 3480 rs10233653 28440320 1 -2.983017708855131e-4 28440320 28440320 0
7 12486 rs4636148 135512610 1 -2.9755703328200264e-4 135512610 135512610 0
7 12403 rs7789417 134540385 1 2.9662984501003397e-4 134540385 134540385 0
7 13236 rs850323 145121559 1 2.957147834377101e-4 145121559 145121559 0
7 3760 rs7780081 30894983 1 2.945666894361935e-4 30894983 30894983 0
7 1390 rs17704933 13293842 2 -2.94020184219626e-4 13293842 13293842 0
7 13195 rs7799590 144720781 1 2.9198392491481986e-4 144720781 144720781 0
7 1116 rs10253052 11916354 1 2.907752789309011e-4 11916354 11916354 0
7 14022 rs2190997 153622306 1 -2.8795876488113754e-4 153622306 153622306 0
7 4957 rs6954727 41007872 1 -2.8589797694738076e-4 41007872 41007872 0
7 3820 rs1880336 31349138 1 -2.8461411985300446e-4 31349138 31349138 0
7 521 rs6956860 7349495 1 2.8419840184630606e-4 7349495 7349495 0
7 34 rs6943934 1189178 1 -2.8355743334665363e-4 1189178 1189178 0
7 4789 rs6462864 38830952 1 -2.81166231100902e-4 38830952 38830952 0
7 9022 rs2106432 92970847 1 2.8066253110051035e-4 92970847 92970847 0
7 5266 rs61751727 43978084 2 2.80220597071969e-4 43978084 43978084 0
7 3394 rs6948467 27869782 1 2.79693462612799e-4 27869782 27869782 0
7 8270 rs4732531 83644954 1 -2.794422592432802e-4 83644954 83644954 0
7 3314 rs7782529 27297791 1 2.793418605029103e-4 27297791 27297791 0
7 10177 rs41836 106266554 1 2.7900484652963704e-4 106266554 106266554 0
7 10111 rs1209199 105431876 1 2.788667109827193e-4 105431876 105431876 0
7 11544 rs1593756 125000684 1 2.7519082706221486e-4 125000684 125000684 0
7 7205 rs4718966 70040558 1 -2.7462198121799174e-4 70040558 70040558 0
7 7765 rs1207866 78401341 1 2.7442879115960664e-4 78401341 78401341 0
7 5192 rs886550 43336243 2 2.7424640209015687e-4 43336243 43336243 0
7 9128 rs12536174 94634397 1 -2.736262337899282e-4 94634397 94634397 0
7 745 rs10266127 9448650 1 2.719634769764171e-4 9448650 9448650 0
7 12870 rs685182 140265434 1 -2.689623058856387e-4 140265434 140265434 0
7 7891 rs6978602 79987771 1 -2.686782726234351e-4 79987771 79987771 0
7 9197 rs2158137 95097248 1 2.684170116952466e-4 95097248 95097248 0
7 3792 rs6945601 31204503 1 2.683775924591063e-4 31204503 31204503 0
7 2792 rs10950938 23100220 1 2.6773709258946424e-4 23100220 23100220 0
7 5205 rs10246620 43424112 1 -2.6724735473731366e-4 43424112 43424112 0
7 12081 rs918339 131327818 1 -2.6706608042531885e-4 131327818 131327818 0
7 13835 rs6963048 151069296 1 -2.6642246344881106e-4 151069296 151069296 0
7 6078 rs12537931 51057161 1 2.655038095550614e-4 51057161 51057161 0
7 7033 rs17145184 67641115 1 2.6540621609692045e-4 67641115 67641115 0
7 3079 rs1011967 25290055 1 2.6538303492823956e-4 25290055 25290055 0
7 14436 rs2290393 158438186 1 -2.629983307853368e-4 158438186 158438186 0
7 7494 rs12540927 76432653 1 -2.62494947446446e-4 76432653 76432653 0
7 6025 rs17544971 50699818 1 2.6210485683144096e-4 50699818 50699818 0
7 7697 rs2302640 78085219 1 -2.5993636178074935e-4 78085219 78085219 0
7 7622 rs2074641 77756580 1 -2.590553861498245e-4 77756580 77756580 0
7 12518 rs7798858 135710436 2 -2.5865256166286856e-4 135710436 135710436 0
7 2519 rs6963535 21628237 1 2.585816376728883e-4 21628237 21628237 0
7 4289 rs6967110 35584937 1 -2.578420689519611e-4 35584937 35584937 0
7 3793 rs7809542 31213647 1 2.5722939604839074e-4 31213647 31213647 0
7 6859 rs6460219 64453136 2 -2.5691074531562465e-4 64453136 64453136 0
7 10229 rs2269970 107002806 1 -2.558672605236142e-4 107002806 107002806 0
7 638 rs6978212 8532844 1 2.531296494188508e-4 8532844 8532844 0
7 9115 rs1405842 94518995 1 -2.5298460341656383e-4 94518995 94518995 0
7 3209 rs2893245 26352073 1 2.513919572564111e-4 26352073 26352073 0
7 6246 rs11979834 52148307 1 -2.512231181834999e-4 52148307 52148307 0
7 308 rs4723454 4240085 1 -2.5022139596709593e-4 4240085 4240085 0
7 1720 rs1358449 16014131 1 -2.494758841252411e-4 16014131 16014131 0
7 8116 rs10486972 82197469 1 2.4632507969328066e-4 82197469 82197469 0
7 14456 rs11971753 158572273 1 2.4506583705905975e-4 158572273 158572273 0
7 8496 rs1014283 87076587 1 -2.4461441310374873e-4 87076587 87076587 0
7 1083 rs10257747 11742205 1 -2.442806297456982e-4 11742205 11742205 0
7 1130 rs2355757 11938607 1 -2.44278219836439e-4 11938607 11938607 0
7 11303 rs6945932 122566809 1 2.4370484232108156e-4 122566809 122566809 0
7 842 rs6463963 10113276 1 2.3886851268166016e-4 10113276 10113276 0
7 5004 rs1482548 41491762 2 2.378598243357052e-4 41491762 41491762 0
7 278 rs12532171 3938385 1 2.365490395087942e-4 3938385 3938385 0
7 6665 rs7809332 55293361 1 2.3505631993140053e-4 55293361 55293361 0
7 10096 rs1721492 105226180 1 2.3385082621682845e-4 105226180 105226180 0
7 4776 rs2116666 38721690 1 -2.3359844285285233e-4 38721690 38721690 0
7 5686 rs146750610 47955049 1 2.333649182822558e-4 47955049 47955049 0
7 13023 rs2367486 142492130 2 -2.3230811692928036e-4 142492130 142492130 0
7 253 rs12536936 3720117 1 -2.3199193232081912e-4 3720117 3720117 0
7 7425 rs10236516 73703236 1 2.301721389049933e-4 73703236 73703236 0
7 1507 rs10215028 14436385 1 2.294590958910089e-4 14436385 14436385 0
7 12536 rs834760 135840461 1 2.2924009671259612e-4 135840461 135840461 0
7 9441 rs1912445 97447728 1 -2.2746875643613472e-4 97447728 97447728 0
7 13684 rs6971465 150074994 1 -2.2706656988765052e-4 150074994 150074994 0
7 12421 rs17231212 134785741 1 2.254378285102653e-4 134785741 134785741 0
7 11344 rs4318999 122935021 1 -2.2310819978851596e-4 122935021 122935021 0
7 1819 rs11765776 16564431 1 -2.2211748321424065e-4 16564431 16564431 0
7 3058 rs3213642 25207963 1 -2.206652583952469e-4 25207963 25207963 0
7 6520 rs1406637 53870862 1 -2.190121800238312e-4 53870862 53870862 0
7 12397 rs2290363 134528383 1 -2.1884275093285124e-4 134528383 134528383 0
7 14350 rs10237006 157298250 1 -2.180473038058285e-4 157298250 157298250 0
7 5309 rs2304372 44606184 1 2.1572828750428497e-4 44606184 44606184 0
7 6752 rs816211 56284216 1 -2.1435991052849964e-4 56284216 56284216 0
7 3429 rs17156218 28062736 1 -2.139475278193693e-4 28062736 28062736 0
7 12490 rs17168496 135547365 1 -2.1258187313347065e-4 135547365 135547365 0
7 7444 rs1167829 75165018 1 -2.1139528835289684e-4 75165018 75165018 0
7 13875 rs13309585 151517839 1 2.109342819251341e-4 151517839 151517839 0
7 4403 rs6942586 36530276 1 2.0984747767191703e-4 36530276 36530276 0
7 13365 rs4559158 146879634 2 -2.089340532023527e-4 146879634 146879634 0
7 10449 rs7795982 109809055 1 2.084059027828488e-4 109809055 109809055 0
7 3180 rs878655 25955056 1 -2.0797231573922768e-4 25955056 25955056 0
7 662 rs6944987 8835856 1 -2.0643203247071797e-4 8835856 8835856 0
7 7624 rs987493 77766520 1 2.058647356436165e-4 77766520 77766520 0
7 1981 rs4721626 17566157 1 -2.053736251267663e-4 17566157 17566157 0
7 2771 rs10264536 22884898 1 -2.0500359910127693e-4 22884898 22884898 0
7 3308 rs2301721 27196113 1 2.0412366585827315e-4 27196113 27196113 0
7 11414 rs9918670 123721563 1 -2.0273990024490457e-4 123721563 123721563 0
7 5302 rs35397936 44301371 1 2.0249544163842783e-4 44301371 44301371 0
7 9763 rs12669274 102076562 1 2.0167821875849475e-4 102076562 102076562 0
7 12143 rs10258063 131828282 1 2.0131645916052465e-4 131828282 131828282 0
7 10604 rs7806781 112420072 1 1.9766873023091192e-4 112420072 112420072 0
7 13721 rs13234724 150325175 1 -1.9709186894589103e-4 150325175 150325175 0
7 9215 rs10238561 95241819 1 -1.970273020053481e-4 95241819 95241819 0
7 9468 rs10499944 97788764 1 1.969317392164239e-4 97788764 97788764 0
7 12680 rs10271444 137689901 1 1.9641770972360096e-4 137689901 137689901 0
7 5201 rs17172204 43403369 1 1.9634123992085247e-4 43403369 43403369 0
7 13027 rs7805607 142512803 2 1.953767296072076e-4 142512803 142512803 0
7 1877 rs7797977 16862235 1 1.938297312507168e-4 16862235 16862235 0
7 8885 rs4728949 90602176 1 -1.9342820980654453e-4 90602176 90602176 0
7 295 rs11766511 4173613 1 1.9206950547895728e-4 4173613 4173613 0
7 14329 rs1182398 157031269 1 -1.8999493200186384e-4 157031269 157031269 0
7 12193 rs2241733 132130033 1 1.8932349197168087e-4 132130033 132130033 0
7 11323 rs13244086 122770085 1 1.8775787300872755e-4 122770085 122770085 0
7 11331 rs1343905 122807680 1 -1.861961312592437e-4 122807680 122807680 0
7 2733 rs1524105 22785086 1 -1.856934450928156e-4 22785086 22785086 0
7 12850 rs6956771 140020787 1 -1.853448232224785e-4 140020787 140020787 0
7 6126 rs4948204 51300561 1 -1.8491693667190923e-4 51300561 51300561 0
7 2303 rs3757724 20395067 1 1.8278072793834703e-4 20395067 20395067 0
7 9844 rs540058 103359720 1 -1.827573939736156e-4 103359720 103359720 0
7 5624 rs10951916 47694270 1 -1.8234546351049056e-4 47694270 47694270 0
7 11159 rs13221538 120768246 1 1.819540534231612e-4 120768246 120768246 0
7 12925 rs736871 141130465 1 -1.8128041640254656e-4 141130465 141130465 0
7 10311 rs2267887 107968803 1 -1.8053893306842612e-4 107968803 107968803 0
7 8236 rs7807686 83295674 1 1.7992667968080622e-4 83295674 83295674 0
7 2777 rs17147385 22906383 1 -1.7706371248367095e-4 22906383 22906383 0
7 3167 rs10480044 25807078 1 -1.7601570631549474e-4 25807078 25807078 0
7 10431 rs1815112 109724732 1 -1.7588314680261658e-4 109724732 109724732 0
7 11900 rs2012919 128890812 1 1.7358953162280815e-4 128890812 128890812 0
7 9018 rs13224723 92941747 1 1.72444646349331e-4 92941747 92941747 0
7 3842 rs6972352 31534855 1 -1.7178106762592903e-4 31534855 31534855 0
7 3589 rs12112301 29438109 1 -1.7172491369466108e-4 29438109 29438109 0
7 13594 rs2717823 148156503 1 1.7172175306579587e-4 148156503 148156503 0
7 6958 rs13238909 67076373 1 1.6860338809603025e-4 67076373 67076373 0
7 8411 rs2708542 85904474 1 -1.682406411649537e-4 85904474 85904474 0
7 6858 rs4618579 64451963 2 -1.677480865847281e-4 64451963 64451963 0
7 13701 rs9690525 150254068 1 1.6749359442239678e-4 150254068 150254068 0
7 8495 rs4148824 87075362 1 1.674431917980048e-4 87075362 87075362 0
7 8165 rs10487657 82713148 1 -1.6579578763836343e-4 82713148 82713148 0
7 7044 rs3108037 67725315 1 1.6455787925780135e-4 67725315 67725315 0
7 12144 rs1399090 131829128 1 1.609407442365123e-4 131829128 131829128 0
7 9728 rs2906655 101569302 1 1.601100908726515e-4 101569302 101569302 0
7 13852 rs1029945 151275872 1 -1.593400582346569e-4 151275872 151275872 0
7 13917 rs6948868 152318718 1 -1.5919253303747617e-4 152318718 152318718 0
7 1331 rs4410798 12756756 1 -1.5809037408287332e-4 12756756 12756756 0
7 10428 rs7793344 109711537 2 1.5802166198254064e-4 109711537 109711537 0
7 10441 rs1722052 109782499 2 1.5789049774726847e-4 109782499 109782499 0
7 4242 rs324978 34814332 1 1.574478675514933e-4 34814332 34814332 0
7 3351 rs6957649 27440122 1 -1.572872584585531e-4 27440122 27440122 0
7 10745 rs2594442 114648223 1 -1.5638796815617032e-4 114648223 114648223 0
7 3285 rs6967151 26663492 1 -1.5632471187073787e-4 26663492 26663492 0
7 4855 rs10227915 39431588 1 -1.5612451307297232e-4 39431588 39431588 0
7 8919 rs7791302 91113318 1 -1.5378977241633222e-4 91113318 91113318 0
7 9249 rs17167270 95614521 1 1.5297218813678208e-4 95614521 95614521 0
7 10832 rs9649390 115801846 1 -1.5201695863593776e-4 115801846 115801846 0
7 13807 rs6970983 150825087 1 -1.5177711647070403e-4 150825087 150825087 0
7 4918 rs6964864 40284166 1 -1.5173408752699492e-4 40284166 40284166 0
7 8771 rs6952332 89684293 1 -1.501190619055319e-4 89684293 89684293 0
7 13934 rs1525041 152736800 1 1.4996940262196088e-4 152736800 152736800 0
7 220 rs17133292 3455249 1 -1.4975898321808716e-4 3455249 3455249 0
7 11362 rs10280991 123144234 1 -1.4895970369783822e-4 123144234 123144234 0
7 8463 rs7459046 86712595 1 1.4882457487482207e-4 86712595 86712595 0
7 3979 rs13223936 32487376 1 1.4782509638940636e-4 32487376 32487376 0
7 6265 rs10499702 52353822 1 1.4729822932331478e-4 52353822 52353822 0
7 12904 rs7790976 140996913 1 -1.4707935145270626e-4 140996913 140996913 0
7 4262 rs10486663 35392897 1 -1.4661499077194752e-4 35392897 35392897 0
7 9502 rs10256945 98296161 1 -1.4593160086415105e-4 98296161 98296161 0
7 833 rs2906392 10073338 1 1.4547456063169014e-4 10073338 10073338 0
7 491 rs11762665 7217796 1 1.454039204298275e-4 7217796 7217796 0
7 4679 rs1474346 38103949 1 1.4472600690168189e-4 38103949 38103949 0
7 6263 rs1860689 52336399 1 1.4363519843802e-4 52336399 52336399 0
7 12451 rs12540688 135329690 1 1.434930186491623e-4 135329690 135329690 0
7 13024 rs12539089 142496293 1 1.428520065774015e-4 142496293 142496293 0
7 10852 rs2896181 115897884 1 -1.4040979307999946e-4 115897884 115897884 0
7 4765 rs1030654 38623588 1 -1.400670102268052e-4 38623588 38623588 0
7 7451 rs2240132 75288670 1 1.3691657350029803e-4 75288670 75288670 0
7 3779 rs11979764 31131353 1 -1.3666747169114172e-4 31131353 31131353 0
7 2480 rs4389830 21431809 1 1.3632458332353052e-4 21431809 21431809 0
7 1944 rs4552804 17253922 1 1.3593731762445762e-4 17253922 17253922 0
7 9708 rs4727499 101238449 1 1.351196540678049e-4 101238449 101238449 0
7 5763 rs17712647 48361784 1 -1.3480961072930424e-4 48361784 48361784 0
7 2220 rs12536095 19716163 1 1.3403023504322012e-4 19716163 19716163 0
7 6292 rs720149 52559404 2 1.333770979503856e-4 52559404 52559404 0
7 9268 rs6959358 95806578 1 1.3198027814562507e-4 95806578 95806578 0
7 10898 rs6466587 116198001 1 1.3156937027604951e-4 116198001 116198001 0
7 8583 rs6977770 88161734 2 1.284893151485693e-4 88161734 88161734 0
7 4935 rs6977963 40726304 1 1.2736845204743978e-4 40726304 40726304 0
7 7196 rs11972637 69976237 1 1.2692608502276695e-4 69976237 69976237 0
7 10203 rs12667819 106546657 1 1.2587597422288586e-4 106546657 106546657 0
7 3826 rs962060 31395137 1 -1.2412937577547284e-4 31395137 31395137 0
7 1501 rs40450 14308129 1 1.2390908218443204e-4 14308129 14308129 0
7 10221 rs2536501 106711398 1 -1.237025028292212e-4 106711398 106711398 0
7 5038 rs2024031 41891246 2 1.2259065877672477e-4 41891246 41891246 0
7 9203 rs3801916 95121019 1 1.2037420586363576e-4 95121019 95121019 0
7 10676 rs10487510 113302262 1 -1.198056861619925e-4 113302262 113302262 0
7 10892 rs3807986 116177825 1 -1.1882299699322148e-4 116177825 116177825 0
7 994 rs17542300 11330387 1 1.184797013440938e-4 11330387 11330387 0
7 5195 rs17172198 43373648 1 -1.1799205333622724e-4 43373648 43373648 0
7 5562 rs17172817 47145978 1 1.1782019822729316e-4 47145978 47145978 0
7 509 rs7778301 7292458 1 1.1682997605643872e-4 7292458 7292458 0
7 7398 rs12539316 72977898 1 -1.1658647303770848e-4 72977898 72977898 0
7 10580 rs6466401 111782891 1 1.160142074320716e-4 111782891 111782891 0
7 9487 rs4144071 98124854 1 -1.1599482596758604e-4 98124854 98124854 0
7 13404 rs10268483 147061654 1 -1.1527279658749545e-4 147061654 147061654 0
7 10531 rs37713 110876320 1 -1.13712942166773e-4 110876320 110876320 0
7 1693 rs12113594 15833180 1 1.134320350442458e-4 15833180 15833180 0
7 3383 rs6462044 27743841 1 -1.1275903351927256e-4 27743841 27743841 0
7 1419 rs4721223 13476706 1 -1.12053215716507e-4 13476706 13476706 0
7 4268 rs2592857 35437169 1 -1.1159932157284524e-4 35437169 35437169 0
7 5390 rs885244 45498400 1 1.1105203102996804e-4 45498400 45498400 0
7 9027 rs1042138 93055650 1 -1.1103118465272276e-4 93055650 93055650 0
7 10326 rs2193248 108015239 2 1.1098644694342214e-4 108015239 108015239 0
7 13453 rs10226499 147280317 1 -1.0844055328241054e-4 147280317 147280317 0
7 827 rs6463960 10042560 1 -1.0804067150931356e-4 10042560 10042560 0
7 7042 rs3113123 67708317 1 -1.0704756595481564e-4 67708317 67708317 0
7 2137 rs17435661 19017368 1 1.0641447263759254e-4 19017368 19017368 0
7 2383 rs17143575 20998875 1 -1.0598419336107332e-4 20998875 20998875 0
7 3466 rs16874525 28391182 1 -1.0588458511648045e-4 28391182 28391182 0
7 6086 rs10230120 51097063 1 1.0580701321067504e-4 51097063 51097063 0
7 12132 rs4731841 131761018 1 1.0465842390581868e-4 131761018 131761018 0
7 12483 rs6946494 135488621 1 -1.045124767664213e-4 135488621 135488621 0
7 4928 rs17171696 40399193 1 -1.0372194410474842e-4 40399193 40399193 0
7 13177 rs2692390 144603425 1 1.0336473163297688e-4 144603425 144603425 0
7 219 rs17133289 3451138 1 9.903935957193928e-5 3451138 3451138 0
7 7339 rs974134 71411789 1 -9.848822206837706e-5 71411789 71411789 0
7 9025 rs17785143 93013606 1 9.67032428945908e-5 93013606 93013606 0
7 4121 rs11766089 33824673 2 9.470887187517244e-5 33824673 33824673 0
7 1399 rs12699473 13321206 1 8.994574193252618e-5 13321206 13321206 0
7 11069 rs11770908 118458421 1 8.982441250877134e-5 118458421 118458421 0
7 6479 rs2059407 53652608 1 8.777878967542616e-5 53652608 53652608 0
7 11337 rs6968706 122890164 1 8.723904406983392e-5 122890164 122890164 0
7 14268 rs6948903 156314702 1 -8.674592427268647e-5 156314702 156314702 0
7 6443 rs12718775 53330504 1 8.575207405286264e-5 53330504 53330504 0
7 9761 rs1983476 102065322 1 -8.52242950193032e-5 102065322 102065322 0
7 1674 rs10282109 15699816 1 -8.513057479900084e-5 15699816 15699816 0
7 6789 rs1916777 57408565 1 8.424877346085528e-5 57408565 57408565 0
7 309 rs13240660 4264920 1 8.373845628480205e-5 4264920 4264920 0
7 2818 rs4722242 23690640 1 -8.275709160996414e-5 23690640 23690640 0
7 1330 rs7797379 12732118 1 8.219052164524477e-5 12732118 12732118 0
7 3911 rs30593 32105096 1 8.033672442526432e-5 32105096 32105096 0
7 11839 rs13224784 128155563 1 7.920141344106391e-5 128155563 128155563 0
7 2266 rs6461469 19967857 1 7.861210194351293e-5 19967857 19967857 0
7 5308 rs17798255 44600376 1 7.78838991199889e-5 44600376 44600376 0
7 2722 rs6949149 22749157 1 7.658256632973531e-5 22749157 22749157 0
7 10128 rs10244533 105562881 1 7.642877939764266e-5 105562881 105562881 0
7 10474 rs2966406 110134191 1 7.573027297200494e-5 110134191 110134191 0
7 2453 rs10277012 21298242 1 7.476531345807141e-5 21298242 21298242 0
7 3548 rs320088 29083262 1 -7.422515487005392e-5 29083262 29083262 0
7 5072 rs17172014 42157147 1 7.371996002350996e-5 42157147 42157147 0
7 13708 rs2293172 150269542 1 7.13419558803604e-5 150269542 150269542 0
7 2746 rs13243243 22821019 2 -7.097440136730025e-5 22821019 22821019 0
7 8112 rs6467906 82188970 2 7.091806668358716e-5 82188970 82188970 0
7 9927 rs2188284 103864567 1 7.086262480466798e-5 103864567 103864567 0
7 3355 rs11563953 27447562 1 6.885719459409218e-5 27447562 27447562 0
7 8339 rs2159579 84845546 1 -6.873592255870465e-5 84845546 84845546 0
7 8585 rs6952109 88195330 1 6.853394364433291e-5 88195330 88195330 0
7 3597 rs10281343 29470739 1 -6.814458562464972e-5 29470739 29470739 0
7 5446 rs6968071 46199753 1 -6.791372578702798e-5 46199753 46199753 0
7 11804 rs2141259 127286897 1 6.731436853963635e-5 127286897 127286897 0
7 390 rs10278799 5366935 1 6.454348819446212e-5 5366935 5366935 0
7 4989 rs37277 41345488 1 -6.446756959146283e-5 41345488 41345488 0
7 12388 rs3304 134497231 1 6.446033823027489e-5 134497231 134497231 0
7 6515 rs6942701 53836224 1 -6.43413248904883e-5 53836224 53836224 0
7 10204 rs11766675 106548353 1 6.37279193557872e-5 106548353 106548353 0
7 5619 rs13235604 47665372 1 6.372697514181226e-5 47665372 47665372 0
7 3874 rs36047130 31732084 1 -6.345306355830265e-5 31732084 31732084 0
7 10794 rs9640766 115144978 1 6.314528253400932e-5 115144978 115144978 0
7 14127 rs3807294 154671880 1 -6.29838477988405e-5 154671880 154671880 0
7 4942 rs1921743 40824133 1 -6.202868109421547e-5 40824133 40824133 0
7 8018 rs12540393 81364187 1 6.0370931331040554e-5 81364187 81364187 0
7 8830 rs12113813 90136655 1 -6.017257472704221e-5 90136655 90136655 0
7 6640 rs4947490 55160538 1 5.9261889485714915e-5 55160538 55160538 0
7 10623 rs1599836 112751685 1 5.695468628347738e-5 112751685 112751685 0
7 7008 rs6460410 67365305 1 5.693558477055348e-5 67365305 67365305 0
7 2185 rs10950726 19451146 1 5.6022477620726816e-5 19451146 19451146 0
7 222 rs1403158 3464896 1 5.542234742913078e-5 3464896 3464896 0
7 3044 rs12673033 25132897 1 5.374971048667045e-5 25132897 25132897 0
7 12145 rs2598202 131834858 1 5.058939484220083e-5 131834858 131834858 0
7 1147 rs2058647 12047048 1 -5.017552446386708e-5 12047048 12047048 0
7 11260 rs7802078 121878287 1 4.985033898559512e-5 121878287 121878287 0
7 10073 rs10953457 104552636 1 -4.964402194909413e-5 104552636 104552636 0
7 5485 rs12537559 46472363 1 -4.856317526593536e-5 46472363 46472363 0
7 6247 rs10899740 52158949 1 4.821780926935524e-5 52158949 52158949 0
7 7769 rs37861 78422208 1 4.796874649501423e-5 78422208 78422208 0
7 11332 rs2140516 122809234 1 4.7953408546341146e-5 122809234 122809234 0
7 9127 rs17460316 94633926 1 4.710468599338181e-5 94633926 94633926 0
7 8710 rs74564278 88965150 1 4.702831174016057e-5 88965150 88965150 0
7 2688 rs17776545 22380050 1 -4.6407534763656925e-5 22380050 22380050 0
7 6093 rs1295402 51141764 1 4.2798136926773426e-5 51141764 51141764 0
7 590 rs13308567 7979957 1 -4.2577540772698494e-5 7979957 7979957 0
7 656 rs6463841 8797321 1 -4.2163442683466215e-5 8797321 8797321 0
7 9118 rs10230714 94540416 1 -4.206186089959694e-5 94540416 94540416 0
7 13224 rs3919487 144955976 1 4.119808615683692e-5 144955976 144955976 0
7 12648 rs1431093 137016297 2 -4.075819383115533e-5 137016297 137016297 0
7 8031 rs17155560 81466742 1 4.071674264210915e-5 81466742 81466742 0
7 365 rs9655042 4869751 1 3.9951888953891995e-5 4869751 4869751 0
7 12413 rs4732066 134569177 1 3.989781532145779e-5 134569177 134569177 0
7 1430 rs10277963 13501409 1 -3.957625444012201e-5 13501409 13501409 0
7 10427 rs1525513 109705384 1 -3.8299050502257026e-5 109705384 109705384 0
7 58 rs10275045 1920826 1 3.8182177005658016e-5 1920826 1920826 0
7 5375 rs2040863 45297878 1 3.719468379092552e-5 45297878 45297878 0
7 7210 rs3923606 70171159 2 3.6776410829490735e-5 70171159 70171159 0
7 2141 rs11984041 19031935 1 3.672040302081536e-5 19031935 19031935 0
7 3606 rs6462140 29496163 1 -3.64565842958918e-5 29496163 29496163 0
7 12134 rs4731844 131763974 1 3.615519554995177e-5 131763974 131763974 0
7 3620 rs10262722 29540205 1 -3.543584301293122e-5 29540205 29540205 0
7 13288 rs17170033 145998111 2 -3.542144800852145e-5 145998111 145998111 0
7 5131 rs1354537 42689264 1 -3.532134587709244e-5 42689264 42689264 0
7 3857 rs10243603 31587618 1 -3.481412177520184e-5 31587618 31587618 0
7 3498 rs216747 28603405 1 -3.4286841603872655e-5 28603405 28603405 0
7 4934 rs17437429 40723257 1 3.4184671823971695e-5 40723257 40723257 0
7 1251 rs139605380 12433390 1 3.377047299939191e-5 12433390 12433390 0
7 8525 rs4148737 87171152 1 -3.2007662280029687e-5 87171152 87171152 0
7 11754 rs10245698 126922129 1 3.1224101939307233e-05 126922129 126922129 0
7 1838 rs523615 16641749 1 -3.115821152599671e-5 16641749 16641749 0
7 1830 rs562687 16620928 2 -2.892250595993781e-5 16620928 16620928 0
7 10638 rs6962650 112922865 1 -2.7055168915229258e-5 112922865 112922865 0
7 12726 rs381821 138436480 1 2.64463754806299e-5 138436480 138436480 0
7 3436 rs10275834 28150475 1 2.4661326273376077e-5 28150475 28150475 0
7 11368 rs12538107 123207609 1 -2.4646037890720483e-5 123207609 123207609 0
7 9465 rs7807472 97734248 1 2.404403991067389e-5 97734248 97734248 0
7 12487 rs13242172 135512942 1 -2.274914914003458e-5 135512942 135512942 0
7 8195 rs10264381 82881692 1 -2.2311878060454184e-5 82881692 82881692 0
7 1820 rs6461263 16566391 1 2.0336904733490487e-5 16566391 16566391 0
7 11913 rs691124 129098439 1 2.005732676585276e-5 129098439 129098439 0
7 2479 rs7781656 21406569 1 1.9533613517495366e-5 21406569 21406569 0
7 13494 rs2888536 147566862 1 1.9018229452708346e-5 147566862 147566862 0
7 1455 rs6965481 13858654 1 1.8378741976463315e-5 13858654 13858654 0
7 12983 rs6976829 141971825 1 -1.7521580130006805e-5 141971825 141971825 0
7 2968 rs7799805 24480963 1 -1.7220696182386714e-5 24480963 24480963 0
7 1699 rs11768573 15868471 1 1.7161860543573636e-5 15868471 15868471 0
7 4722 rs6953928 38435447 1 1.3769803082608436e-5 38435447 38435447 0
7 8764 rs17162755 89641818 1 -1.2818180898049188e-5 89641818 89641818 0
7 7352 rs10255136 71569185 1 1.2501694131085568e-5 71569185 71569185 0
7 8690 rs6465190 88864432 1 1.2201673839617162e-5 88864432 88864432 0
7 14095 rs936995 154443285 1 -1.182030352992951e-5 154443285 154443285 0
7 4072 rs6977744 33453281 1 -1.063799382222106e-5 33453281 33453281 0
7 9580 rs11974610 99527977 1 -1.038295553447701e-5 99527977 99527977 0
7 6242 rs1863081 52124519 1 1.000374111206282e-5 52124519 52124519 0
7 1696 rs1942655 15858350 1 9.772645284459083e-6 15858350 15858350 0
7 6196 rs721114 51813707 1 -9.09995665004784e-6 51813707 51813707 0
7 8227 rs1860610 83149564 1 8.725898760299201e-6 83149564 83149564 0
7 12390 rs9641997 134498984 1 -8.272907933827018e-6 134498984 134498984 0
7 3297 rs7804356 26891665 1 7.80077964351123e-6 26891665 26891665 0
7 9743 rs12668959 101674768 1 -7.687642081766749e-6 101674768 101674768 0
7 6264 rs11973288 52339274 1 7.123793480001895e-6 52339274 52339274 0
7 6442 rs6956897 53327665 1 7.011271908903885e-6 53327665 53327665 0
7 9734 rs12537526 101630597 1 -6.91267739794864e-6 101630597 101630597 0
7 5964 rs7780012 50438720 1 -5.938840648615498e-6 50438720 50438720 0
7 13010 rs11768398 142239119 1 5.771696584495306e-6 142239119 142239119 0
7 8493 rs4148826 87074419 2 -5.714902822141516e-6 87074419 87074419 0
7 3490 rs4722804 28532464 1 5.698982613450159e-6 28532464 28532464 0
7 1578 rs2358071 14890407 1 5.147133349701523e-6 14890407 14890407 0
7 3827 rs1006229 31413303 1 -4.82003838610221e-6 31413303 31413303 0
7 12833 rs2286195 139728584 1 4.366759287032493e-6 139728584 139728584 0
7 10496 rs2091309 110376327 2 4.037357461455539e-6 110376327 110376327 0
7 8030 rs7456425 81464708 1 -3.4621722597710413e-6 81464708 81464708 0
7 2151 rs17140802 19213238 1 1.6915763309606573e-6 19213238 19213238 0
7 12747 rs6963169 138615831 1 1.2152480546993056e-6 138615831 138615831 0
7 14372 rs6459805 157510294 1 9.916301040153695e-16 157510294 157510294 0
7 4297 rs10270692 35593963 1 3.0122121680904814e-16 35593963 35593963 0
7 11197 rs11983078 121373997 1 2.535807356885044e-16 121373997 121373997 0
7 5892 rs9649707 49320983 1 1.1586938655407806e-16 49320983 49320983 0
7 10899 rs8713 116199797 1 7.80826184264016e-17 116199797 116199797 0
