CHR Group SNP.lead BP.lead Size W BP.min BP.max BP.width
1 828 rs3790566 67814440 4 0.24234866312821712 67811356 67912259 100903
1 1432 rs3761959 157669278 6 0.06291777692194461 157556532 157670816 114284
1 9 rs3748816 2526746 6 0.05284925024664269 2513216 2713327 200111
1 1833 rs2488401 197702401 8 0.05115579384516584 197611682 197866357 254675
1 1317 rs10924106 117053745 3 0.04370079381309097 117053745 117104215 50470
1 1943 rs1772145 205695695 16 0.0393603492130543 205648707 205801872 153165
1 2194 rs2036775 229377038 1 0.03769199218884304 229377014 229462625 85611
1 1995 rs2272866 209929453 4 0.0337470446729153 209906675 210020971 114296
1 125 rs7524046 9307033 3 0.03310587289966495 9292282 9307033 14751
1 2041 rs340839 214161820 4 0.03251578437856799 214095868 214161820 65952
1 382 rs11247963 26855401 1 0.03130932368299687 26752129 26877708 125579
1 1785 rs2419063 190256835 3 -0.03107513098207323 190117274 190385136 267862
1 1719 rs1689797 182150978 3 0.030895617940516 182150978 182200659 49681
1 1331 rs17257575 118276535 4 -0.02832269159434376 118210899 118276535 65636
1 1952 rs3024505 206939904 4 0.02822750909639191 206939904 206946897 6993
1 1421 rs822431 156902281 7 0.02743135232472345 156862126 157041302 179176
1 1396 rs4240872 154436195 2 0.02728181989219176 154410955 154457855 46900
1 799 rs12409333 65417839 4 0.02609718968171042 65381861 65439566 57705
1 348 rs12401982 24372971 2 0.02604393331027433 24372971 24415723 42752
1 1078 rs550060 94524784 5 -0.02569748806553103 94512565 94531324 18759
1 1798 rs2760530 192538496 3 0.02473539210445937 192502783 192544795 42012
1 1146 rs1543421 101315934 1 0.02459264227642284 101222807 101415707 192900
1 1865 rs3767498 201020727 4 0.02359710498842449 200958111 201025682 67571
1 295 rs1416819 20193622 3 0.02272516253754251 20171860 20248709 76849
1 1686 rs6680476 178676965 2 0.02203714998901814 178633373 178676965 43592
1 884 rs4147207 74251125 2 -0.02110824785498976 74245076 74321238 76162
1 1481 rs528095 160738146 2 0.02069769001765942 160696304 160738146 41842
1 1512 rs10917640 162881307 2 -0.02066922741084911 162868338 162887988 19650
1 1367 rs267738 150940625 6 0.02038057231688994 150551327 150975108 423781
1 637 rs4927084 54760066 3 0.02013974696550796 54760066 54769520 9454
1 2133 rs11118895 222093006 7 0.01965002359498516 222072819 222111006 38187
1 1987 rs10863764 209400118 1 -0.01913385104347141 209336246 209400118 63872
1 822 rs2991356 67305306 2 0.01888001430463631 67262748 67327894 65146
1 660 rs390415 55984513 3 -0.01841429283620516 55920490 55989704 69214
1 273 rs2743208 19017855 1 0.01831874060016883 19017855 19017855 0
1 1099 rs1415564 95947234 3 -0.01829788570594155 95947234 96013073 65839
1 395 rs7349137 29569212 6 0.01778645955093336 29203907 29569212 365305
1 1007 rs4631724 86587726 4 -0.01723251794479477 86577829 86621256 43427
1 2107 rs601175 219141960 5 0.01585258561397652 219106550 219222948 116398
1 1243 rs4839417 111018598 2 0.0155196505811554 111009859 111018874 9015
1 2295 rs10797557 234754829 1 0.01541952401832427 234754829 234754829 0
1 1215 rs12039852 109075236 1 0.01518905588489579 108854166 109075236 221070
1 803 rs7528114 65805144 2 -0.01509014412717385 65703484 65808281 104797
1 1643 rs2205960 173191475 2 0.01480366193692863 173191475 173270649 79174
1 1729 rs10911269 183134719 1 0.01477526669652566 183134719 183176000 41281
1 518 rs4660214 39731550 4 -0.014716219751638 39583686 40050568 466882
1 1476 rs6427528 160516308 2 0.01460552847442473 160507016 160580549 73533
1 2 rs2649588 1314015 1 0.01450396630854085 1314015 1314015 0
1 365 rs12403541 25382556 6 -0.01447484494456443 25354020 25384533 30513
1 2464 rs12404604 244829280 1 0.01443233026342281 244829280 244877955 48675
1 2113 rs4240926 219983926 4 0.01440330425412246 219934317 220006085 71768
1 2152 rs6698799 224806555 3 0.01436438318728314 224752508 224822482 69974
1 2158 rs3949347 225582816 1 0.01422132960675106 225555602 225607144 51542
1 616 rs11205983 53102133 1 0.01421986393352329 53102133 53114736 12603
1 827 rs2902440 67670916 5 -0.01416499313619166 67670213 67760140 89927
1 2025 rs17019556 212846165 2 0.01409390195370623 212844187 212873431 29244
1 1642 rs10489267 173170152 5 0.01346543401316389 173103273 173170152 66879
1 428 rs4949294 31235936 3 0.01329449647619977 31231680 31235936 4256
1 1440 rs11264900 158045749 1 -0.01308720953561928 158036740 158050627 13887
1 477 rs727005 36281336 3 0.01283457792732425 36156432 36281336 124904
1 2111 rs17041734 219639896 1 -0.0126925698856422 219636951 219762581 125630
1 439 rs7518553 32315147 2 -0.01256649592449834 32277199 32315147 37948
1 503 rs883220 38616871 6 0.01238341271713182 38616871 38667704 50833
1 1889 rs4436441 202087936 4 -0.01237599082676161 202077927 202095590 17663
1 1358 rs1390510 147031323 1 0.01225587374881807 147004811 147048600 43789
1 2058 rs4465171 215886975 4 0.01221460247823406 215851464 215886975 35511
1 1172 rs7552098 104576954 1 -0.0121605585486574 104573697 104690071 116374
1 1286 rs2476601 114377568 4 0.01202578332973271 114080071 114448389 368318
1 2131 rs10863652 221923042 5 0.01192179146096125 221915967 221973909 57942
1 1100 rs585463 96143185 2 -0.01189850757607681 96051831 96145968 94137
1 1163 rs12035823 102995218 2 -0.01179311172360688 102922025 103080187 158162
1 1956 rs11120211 207276379 1 0.01174406338960323 207276379 207286381 10002
1 433 rs2889753 31871407 3 -0.01169458111307751 31697284 31889220 191936
1 131 rs6695925 9526956 1 -0.01166514891559572 9514846 9526956 12110
1 829 rs11209099 67982128 3 -0.01159407731156743 67944943 67982128 37185
1 1528 rs11800877 164159810 5 -0.01155357842677048 164130919 164226252 95333
1 941 rs159665 80403167 2 0.01146078813541724 80386090 80446510 60420
1 2507 rs1691255 247065472 3 0.01140705053349191 247065472 247107000 41528
1 1000 rs17124345 85726103 2 0.01102883605698957 85712287 85772009 59722
1 1180 rs2034525 105574256 3 0.01099474615215296 105484805 105593913 109108
1 77 rs1890191 5887140 1 0.01075284343786139 5887140 5887140 0
1 1160 rs2022858 102608577 5 -0.01074541462210123 102562640 102694690 132050
1 16 rs2455135 3219901 4 0.01074332679473033 3177480 3219950 42470
1 1454 rs2814779 159098713 3 0.01071552192605372 159098713 159117690 18977
1 1842 rs6686725 198618707 3 0.01064573858319297 198609305 198676063 66758
1 1011 rs1882753 86965419 1 0.01062547345790079 86959173 86988709 29536
1 1135 rs835004 100085388 2 -0.01061987926105803 100079760 100107407 27647
1 1062 rs10493860 92212703 2 0.01056047496169536 92211020 92224815 13795
1 1591 rs7512951 168309388 1 -0.01049903168709716 168309388 168338069 28681
1 1084 rs6668501 95050326 3 -0.01049590162093659 95025421 95070041 44620
1 289 rs3748748 20018195 1 0.01046673266156034 19992513 20020994 28481
1 2024 rs3123537 212811947 1 0.01033695333185391 212811947 212811947 0
1 302 rs10916761 20637374 4 0.0103049468887504 20617419 20703026 85607
1 1998 rs587203 210463786 2 0.01021185065774265 210458861 210463786 4925
1 1053 rs164898 91569689 1 0.00982416141192724 91530305 91569689 39384
1 1459 rs2121479 159581387 1 -0.0098009028671746 159563483 159582103 18620
1 1073 rs2893248 94160787 1 0.00979560583803309 94160787 94160787 0
1 1623 rs10798271 171187987 3 -0.00978396405472546 171133251 171220236 86985
1 1329 rs17037149 117883834 3 -0.00969586205640139 117818054 118087384 269330
1 351 rs7524076 24508710 2 0.00965930217415988 24505944 24519920 13976
1 968 rs12130650 82447191 7 -0.00959378190839097 82387711 82561559 173848
1 1860 rs12058730 200437506 2 -0.00957275616234725 200286231 200450197 163966
1 360 rs1002706 25051153 5 -0.00956407791291383 25029488 25188940 159452
1 1277 rs6658555 113098534 2 0.00954587440641978 113089006 113263711 174705
1 811 rs17451451 66388153 3 0.00947802917270394 66371682 66457244 85562
1 732 rs11808039 61303553 4 0.00943731282833638 61274442 61355010 80568
1 404 rs199613 30133502 2 -0.00933876100798546 30067017 30157559 90542
1 1254 rs10494129 111787072 3 0.00927897638211149 111773600 111787072 13472
1 2222 rs10779805 231124376 5 -0.00922858358945598 231041558 231134867 93309
1 1309 rs10923633 116391331 2 0.00908831513064264 116347890 116391331 43441
1 2071 rs2211118 216864218 1 0.00907438858003326 216836576 216880662 44086
1 1144 rs11583008 101085094 2 0.00886733912837388 101080152 101183825 103673
1 4 rs2459994 2024064 2 0.00871868414816462 2024064 2024064 0
1 2059 rs12141500 215921956 2 0.00843777275449008 215891174 215921956 30782
1 444 rs359955 33134774 2 -0.00843538551792567 33100815 33187046 86231
1 1189 rs17016826 106687949 2 0.00841644459905243 106649808 106726037 76229
1 1150 rs2010845 101778236 1 -0.00841426410177101 101768868 101830858 61990
1 361 rs4649036 25217346 1 -0.00838236085217603 25193155 25217346 24191
1 1379 rs6667458 152147305 4 -0.0083739980249898 152144260 152281745 137485
1 2042 rs1660368 214407335 6 0.00833850495934472 214318748 214408966 90218
1 117 rs4418632 8994112 2 0.0083187337785841 8991141 8994112 2971
1 756 rs17379608 62673365 2 0.00831630098341252 62657530 62677050 19520
1 1433 rs2873413 157737504 1 -0.00824000346138223 157718325 157804260 85935
1 1904 rs2494295 203218176 5 0.00818268043714846 203207520 203260756 53236
1 1173 rs7532317 104736156 2 -0.00814918136298811 104727130 104766179 39049
1 1439 rs7552600 158029021 1 -0.0079768418383256 158029021 158029021 0
1 2261 rs6687497 233279256 2 0.00795280505294589 233279256 233282323 3067
1 1864 rs11584383 200935866 3 0.00788707403163858 200877562 200938029 60467
1 669 rs2096086 56744527 3 0.00787107672725047 56701167 56760616 59449
1 2053 rs11807086 215064388 1 -0.00784254784586909 215058414 215112145 53731
1 788 rs12025819 64612395 1 -0.0078023553358119 64612395 64614011 1616
1 1619 rs12040328 170755811 1 0.00774111364898387 170664237 170773031 108794
1 1815 rs2131386 194679220 7 -0.00769628380940736 194572285 194713249 140964
1 170 rs5746026 12253062 1 -0.0076850787784939 12248942 12253062 4120
1 1423 rs7521824 157102939 2 0.00763924238732018 157095470 157130719 35249
1 807 rs12239571 66140817 1 -0.00750893620112851 66057441 66170362 112921
1 1552 rs10918196 165448157 3 -0.00749626360733772 165421320 165448157 26837
1 2443 rs10926883 243004424 3 -0.00744267512787304 242960398 243034750 74352
1 19 rs2493291 3329384 3 0.00734350045364914 3328659 3329384 725
1 1756 rs10798035 186050417 1 0.00731146756539575 185958737 186050417 91680
1 1044 rs1329644 90575147 1 -0.00730102832343297 90575147 90597198 22051
1 500 rs11210870 38449910 2 0.00727483311760042 38201371 38452059 250688
1 1076 rs486879 94478425 2 0.00723353790199969 94461717 94478425 16708
1 1828 rs12065463 196464754 2 0.00720887000023957 196186750 196525314 338564
1 1793 rs12119436 192088638 2 -0.00720001450220279 191923076 192089215 166139
1 1139 rs2640911 100331265 4 0.00719267800781702 100312175 100411287 99112
1 1182 rs4325188 105700935 2 0.00714305407962819 105700935 105748581 47646
1 1613 rs10919307 170118691 4 -0.00710396708663415 169951997 170168182 216185
1 355 rs6670829 24751920 4 0.00708043233301216 24710405 24780356 69951
1 2167 rs10495245 226640376 1 -0.00707799176014624 226618382 226640376 21994
1 431 rs10914251 31510263 2 0.00704271846433469 31413972 31539051 125079
1 2173 rs12033364 226965174 2 0.00702076796955411 226965174 227087243 122069
1 1834 rs12568860 197897332 3 -0.00699910491542543 197897332 197919693 22361
1 1375 rs1781421 151747733 5 -0.00693503027173449 151701345 151773167 71822
1 1152 rs7549900 101857117 1 -0.00684673679127778 101851347 101868913 17566
1 517 rs4147761 39467615 2 -0.00683236513109127 39467615 39518006 50391
1 487 rs1472823 37220721 2 -0.00679641372168134 37196958 37220721 23763
1 1248 rs4839069 111137811 3 0.00678564108066866 111137811 111173886 36075
1 1695 rs539181 179900199 3 -0.00674190503641362 179768464 179900199 131735
1 583 rs9333016 47399034 4 -0.00673125372990016 47265677 47441156 175479
1 1252 rs1418426 111498111 7 0.00672689116462457 111393436 111498111 104675
1 1997 rs138733991 210415570 6 0.00671713160698606 210318417 210433351 114934
1 1746 rs78444298 184672098 2 0.0066749238578146 184639886 184777880 137994
1 1577 rs16859085 167453334 1 0.00654074320341135 167453334 167455145 1811
1 367 rs11588172 25421990 2 0.00653119223184069 25418010 25421990 3980
1 438 rs34341430 32259791 1 -0.00652261378398583 32173360 32259791 86431
1 2070 rs12089054 216800699 2 0.0064803926464199 216755753 216800699 44946
1 1247 rs1769207 111093653 1 0.00647770149364167 111092596 111105514 12918
1 2433 rs10926744 242619825 1 0.00644815952976211 242603059 242619825 16766
1 1102 rs1935571 96414335 4 0.00641783314443868 96258121 96458324 200203
1 1960 rs2182913 207660378 5 -0.00638357160949966 207556770 207670928 114158
1 1484 rs36089872 161018896 1 -0.00637287477193109 160950966 161049383 98417
1 2170 rs497911 226779449 1 -0.00629260100121245 226772889 226807117 34228
1 1951 rs17014035 206841857 2 -0.00624906816374243 206813737 206890449 76712
1 1804 rs6694727 193369701 1 0.00622215376035307 193369701 193443157 73456
1 2218 rs2493151 230878561 1 -0.00617801077021149 230872906 230878561 5655
1 1955 rs291096 207110936 1 0.00615167537188325 207074905 207163372 88467
1 308 rs12404655 20943195 4 -0.00600186792256745 20933278 20988911 55633
1 1414 rs2296373 156386787 2 0.0059982485279828 156364720 156386787 22067
1 374 rs2786875 26061266 3 -0.00599769205450416 26013252 26081051 67799
1 139 rs2480777 10597551 4 0.00596952313853314 10567658 10642793 75135
1 604 rs1484406 49190234 2 0.00590747373555063 49190234 49210570 20336
1 2043 rs6682783 214418139 1 0.00589797662469503 214418139 214420735 2596
1 191 rs6681501 14320502 5 -0.00588879497554643 14301942 14338807 36865
1 662 rs6684790 56068326 3 -0.00588795629358094 56054865 56090323 35458
1 2151 rs6426110 224511533 3 0.00588794779164679 224454099 224707177 253078
1 129 rs2095904 9447371 1 0.005829823905609 9441040 9447371 6331
1 1708 rs3827706 181160271 1 0.00582647086225915 181160271 181160271 0
1 33 rs12077262 4170048 1 -0.00578798907367818 4158955 4170048 11093
1 912 rs315014 77033959 2 0.00577349250044952 77030764 77072458 41694
1 381 rs7532866 26741544 2 0.00576034178393176 26741106 26743903 2797
1 1611 rs5361 169701060 2 -0.00574808980280769 169665632 169701108 35476
1 2416 rs10157091 241650163 2 -0.00572975286046692 241633007 241690554 57547
1 775 rs2273367 64021096 4 -0.00572350461755844 63818393 64046766 228373
1 900 rs5745343 76273805 3 0.00570334831643445 76154750 76289004 134254
1 832 rs11585171 68055347 1 -0.00564355417129165 68055347 68084290 28943
1 328 rs1033455 22554625 5 0.00562066086395739 22537071 22588355 51284
1 1338 rs1779416 119453869 2 0.0055905766736833 119452758 119595949 143191
1 1095 rs142820652 95699829 1 -0.00558422333793276 95611717 95709939 98222
1 1744 rs1006224 184541602 6 -0.00558052360972057 184408478 184580250 171772
1 628 rs4575030 54024808 3 0.00557016860063267 54024808 54029856 5048
1 1382 rs10888510 152681835 1 0.00555842749097768 152550018 152697338 147320
1 609 rs1110220 50815397 1 0.00555450062911345 50815397 50815397 0
1 2050 rs3748697 214820099 1 0.00553082704477734 214776880 214863137 86257
1 538 rs2154319 41745770 1 -0.00548803594244482 41745770 41755652 9882
1 227 rs16852052 16201502 7 -0.00548566197069988 16134072 16358085 224013
1 1354 rs647596 146535394 1 0.0053970704922134 146508934 146535394 26460
1 2405 rs6690744 241133560 3 -0.00539695574286621 241133560 241161648 28088
1 1250 rs343789 111300993 3 0.00537589340870753 111257724 111342490 84766
1 1140 rs499479 100612675 2 -0.00536353521823632 100428784 100740485 311701
1 597 rs986027 48713394 4 -0.0053305887579892 48564267 48841815 277548
1 882 rs1475064 73882478 5 0.00531454427232886 73766431 74139105 372674
1 1510 rs2684879 162802615 4 -0.0052650971121918 162793865 162826331 32466
1 434 rs12132682 31955089 3 0.00523132166716593 31953898 32009650 55752
1 478 rs636832 36363475 3 0.0052312382950732 36363475 36581978 218503
1 2116 rs6541127 220401009 2 0.00520417756191738 220273564 220448330 174766
1 2211 rs11806158 230521031 2 0.00520118400804306 230496808 230523609 26801
1 846 rs6588326 68984066 3 -0.00515766286925356 68927513 69034457 106944
1 2258 rs41304133 233121884 2 0.00514975449273513 233119951 233134086 14135
1 2163 rs41441645 226034909 2 0.00510211255467076 226026406 226095048 68642
1 1268 rs3008538 112506564 3 0.00509653786154444 112488820 112506564 17744
1 71 rs971816 5707091 2 -0.00508828400258862 5701323 5707091 5768
1 488 rs484017 37303737 2 0.00508425732905816 37285123 37303737 18614
1 1405 rs6699043 154913021 2 0.00508398996304635 154832290 154944156 111866
1 2467 rs10927330 244997953 1 0.00502613558907793 244997953 245005828 7875
1 1353 rs6670984 145561594 2 -0.00502095614840663 145561594 145723645 162051
1 601 rs320025 49080074 1 0.00501604078844219 49070646 49083071 12425
1 370 rs742391 25525711 1 0.00500697598558658 25525711 25570081 44370
1 1606 rs12731646 169090660 4 0.00497346390464226 169087665 169121811 34146
1 2160 rs2615060 225873612 1 0.00496316792748448 225863133 225894423 31290
1 2207 rs1923950 230384970 2 -0.00494854423717729 230341905 230398445 56540
1 670 rs3005897 56786595 2 0.00494544953078998 56783425 56794965 11540
1 2450 rs10927118 244229199 2 -0.00493196561452893 244229199 244229199 0
1 2356 rs7540190 238534722 1 -0.00491072445592792 238513309 238534722 21413
1 2401 rs12744536 240977964 1 0.00483546878895223 240933445 240977964 44519
1 405 rs4949268 30186956 1 -0.00483507906321145 30172044 30186956 14912
1 1080 rs4147810 94576664 2 -0.00475248065243969 94564483 94577462 12979
1 1714 rs10797730 181541159 3 -0.00471198501890861 181541159 181614143 72984
1 990 rs7524576 84959734 2 -0.00468332742561593 84944989 85070877 125888
1 520 rs481423 40183922 1 -0.00466702217156459 40183922 40194903 10981
1 1709 rs7525299 181296112 6 -0.00465428744921081 181181995 181309400 127405
1 1332 rs1409055 118520042 3 -0.00464596705844618 118281822 118520042 238220
1 1757 rs41317489 186092103 1 0.00458618017242309 186092103 186143052 50949
1 956 rs1768400 81591135 1 -0.00457703899298033 81530739 81639173 108434
1 2460 rs3102460 244576717 2 0.00455911152580631 244576717 244612252 35535
1 1919 rs4338423 204231164 3 -0.00451874836990892 204198209 204242056 43847
1 1437 rs6686246 158009712 1 -0.00450369658660086 158009712 158009712 0
1 429 rs12756105 31313417 1 -0.00446205517532385 31267335 31313417 46082
1 1048 rs10922869 90993868 4 0.0044610443387113 90939247 91062107 122860
1 1636 rs2859228 172613241 2 0.00445686108683103 172469707 172638500 168793
1 2268 rs10797465 233633819 1 0.00444806244495957 233633819 233633819 0
1 416 rs12142410 30636759 2 -0.00444007780501032 30635302 30663554 28252
1 994 rs7512497 85335709 1 -0.0044392183642756 85335709 85340005 4296
1 2428 rs425246 242404260 1 0.00442432673570407 242375779 242404260 28481
1 561 rs660899 44117006 4 -0.00438804283020874 44024484 44137257 112773
1 2314 rs35714220 236176845 2 0.00436585348450454 236175327 236195181 19854
1 1706 rs11582767 181126503 1 -0.00434588057535494 181126503 181126503 0
1 1666 rs12061205 176554721 2 -0.00433206609566299 176547669 176706231 158562
1 2193 rs342834 229351259 2 0.00432895530471675 229307013 229367115 60102
1 1832 rs10494755 197480986 4 0.00432138897238518 197313189 197559324 246135
1 531 rs7511983 40966167 2 0.00431059027817486 40960619 41057570 96951
1 2178 rs16848112 227934750 4 -0.00430346593509262 227696594 227954677 258083
1 2049 rs2807650 214762003 2 0.00428874770718291 214677026 214763986 86960
1 587 rs2065946 47968050 6 -0.00425992165292024 47942422 47986452 44030
1 2006 rs1934621 210898549 2 -0.00425594196039418 210893635 210967997 74362
1 2465 rs2365958 244921530 1 0.00424771822259503 244885285 244921530 36245
1 2530 rs11804999 248322479 5 -0.00424388637856633 248145644 248322906 177262
1 356 rs185511 24857086 1 0.00421209378964505 24813155 24876383 63228
1 701 rs12726314 58792030 2 -0.00420359640223512 58784150 58794017 9867
1 195 rs9803674 14490497 4 0.00420086083987279 14473805 14496787 22982
1 658 rs1807871 55780821 3 0.0041817028380576 55764492 55781281 16789
1 1840 rs12083381 198485706 3 -0.00416449117794761 198393988 198520125 126137
1 2017 rs2970582 212080831 2 0.00415593199413767 211914587 212092918 178331
1 316 rs3767150 21894214 5 0.00414949804842953 21864206 21896767 32561
1 1240 rs615204 110759796 1 0.0041491243653352 110759796 110759796 0
1 401 rs927727 29793205 2 0.00411222888352756 29780757 29793205 12448
1 1445 rs10489829 158387196 1 -0.00409718074892126 158381815 158549511 167696
1 2285 rs642487 234438235 2 -0.0040819418447933 234435865 234439134 3269
1 106 rs707460 7838691 4 -0.00401033569446021 7823085 7909737 86652
1 14 rs7518255 3086464 2 0.00398880460782616 3072692 3086464 13772
1 825 rs11806560 67558275 3 -0.00398515705500387 67551209 67584335 33126
1 736 rs1419336 61477603 1 0.00397186678643997 61463426 61477603 14177
1 1555 rs6681 165619079 3 0.0039709802364963 165569268 165619079 49811
1 901 rs1770878 76456329 1 0.00393850768638095 76331320 76474354 143034
1 1556 rs12065621 165639264 2 0.00393141577673289 165625023 165658750 33727
1 2304 rs7554192 235523067 3 -0.00391653569172928 235359879 235523067 163188
1 2165 rs11800726 226523560 3 0.0039020935973924 226317841 226523560 205719
1 1498 rs1572495 162099301 3 0.00387033983890937 162062044 162118984 56940
1 2155 rs2574881 224966644 1 -0.00385565376935689 224966644 225021860 55216
1 2470 rs6692143 245228886 1 -0.00385509422214429 245155144 245228886 73742
1 2248 rs3795366 232650750 2 0.00384886561484762 232650750 232658615 7865
1 984 rs4636482 84190263 2 -0.00384390338847834 84172930 84223416 50486
1 1461 rs2808630 159680868 3 0.00384152518237353 159647988 159723619 75631
1 253 rs7340046 18312084 1 -0.00381679810765043 18297407 18312084 14677
1 84 rs61740145 6531124 1 0.00381410976573006 6531124 6531124 0
1 194 rs4661477 14467720 2 -0.00379450930942174 14448184 14467720 19536
1 892 rs10493547 75151932 1 -0.00377785181826091 75151932 75151932 0
1 610 rs7525764 50844697 2 -0.00375878160887519 50838990 51475488 636498
1 2164 rs4369199 226280915 2 0.00371217941426964 226183594 226285151 101557
1 1979 rs17013392 208968409 2 0.00368263414762432 208928098 208971963 43865
1 2388 rs10495459 240315968 2 -0.00367109567900106 240305244 240361446 56202
1 459 rs911216 34375199 1 0.00366326360574172 34375199 34382423 7224
1 475 rs4411101 35571417 2 0.00366304976481944 35403677 35571417 167740
1 288 rs1320978 19947973 2 0.00364499866287459 19827780 19963047 135267
1 683 rs517412 57560649 2 -0.00358928671979604 57541619 57568923 27304
1 1141 rs3119186 100781537 1 -0.00356577661608232 100766320 100800905 34585
1 2014 rs6702177 211774350 1 -0.00356237619893662 211774350 211798430 24080
1 821 rs1566246 67245275 2 0.00353662344200185 67155328 67245275 89947
1 2427 rs737133 242322870 4 0.0035181647788164 242304648 242350414 45766
1 472 rs12030047 35160305 2 0.0035070481655143 35122523 35170887 48364
1 1351 rs11249433 121280613 1 0.00349566518571293 121164607 121280613 116006
1 1541 rs12726675 164951316 4 -0.00346385339929076 164862578 164951930 89352
1 1236 rs390923 110499669 2 -0.00345147299790258 110478803 110503433 24630
1 12 rs12022429 2919942 1 0.00343556390508031 2919942 2944527 24585
1 507 rs2637878 38801128 1 -0.00343367779906418 38769077 38814355 45278
1 1851 rs17652603 199633712 1 0.00343130856604335 199598783 199636944 38161
1 940 rs17103753 80270404 4 0.00340672614248609 80239307 80338715 99408
1 887 rs79435376 74506942 2 -0.00339842186354783 74506942 74710450 203508
1 2219 rs12724252 230914229 7 0.00339427198085647 230883073 230917513 34440
1 1253 rs11102208 111610738 2 0.00339222476384167 111557266 111684276 127010
1 917 rs1004878 77324640 2 0.00337280124015926 77266676 77324640 57964
1 1812 rs12066981 194212515 2 -0.00337018183100476 194158003 194330700 172697
1 1208 rs17019810 108268801 1 0.00335522204571375 108247048 108288220 41172
1 1819 rs7538519 195386897 1 -0.00334962683489359 195366376 195531423 165047
1 1394 rs2072704 153935543 2 0.00334935417850467 153768451 154252860 484409
1 572 rs6666806 45466927 2 0.00332995832642167 45233638 45479709 246071
1 462 rs9425986 34541724 1 0.00332136837761563 34541724 34564936 23212
1 1669 rs2861885 177021726 1 -0.00330446432301502 177021726 177074669 52943
1 1094 rs10493881 95428051 2 0.00329258872571554 95428051 95586773 158722
1 2525 rs6657427 248032168 1 -0.00323035315352136 248023966 248040104 16138
1 1993 rs2072941 209811595 5 0.00322223359623625 209786078 209811595 25517
1 318 rs2275363 21940555 3 -0.00320522342961547 21940555 21966833 26278
1 1452 rs139161219 158943483 2 0.00320514747203247 158943483 158978596 35113
1 1300 rs4367784 115685684 3 0.00319579772080345 115683469 115800949 117480
1 255 rs4920428 18425601 2 -0.00318431096980238 18425601 18427031 1430
1 2182 rs61730829 228565329 2 0.00313242148294257 228402121 228565329 163208
1 1839 rs13375334 198207105 3 -0.00307858895894968 198104472 198333063 228591
1 1065 rs7551956 92441120 2 -0.00307783227994791 92416821 92608852 192031
1 880 rs11209998 73114150 2 0.00307292147194837 73114150 73236826 122676
1 548 rs6691697 42534375 1 -0.00306065596995969 42513929 42580407 66478
1 2493 rs9660719 246003671 3 0.00306015002226638 245979357 246003671 24314
1 425 rs544789 31083478 1 0.00305461151913367 31080612 31101134 20522
1 544 rs17363834 42076607 4 0.00302169228436303 42027561 42117737 90176
1 1057 rs483532 91980447 3 0.00302127495925163 91919058 92011467 92409
1 1653 rs723640 175325205 3 -0.00300710343150584 175286396 175378694 92298
1 1766 rs10494593 187158671 2 0.00299618147086858 187081199 187229039 147840
1 944 rs7529438 80735096 3 0.00299280285179446 80683370 80770605 87235
1 2482 rs819876 245555664 2 0.00299110354383092 245535862 245572794 36932
1 2191 rs4654644 229200011 4 0.00297156632730093 229181697 229229775 48078
1 107 rs34305100 7913029 1 -0.00296347657147612 7913029 7936272 23243
1 142 rs7514751 10762432 1 0.00296312760082042 10762432 10762432 0
1 2319 rs10924694 236358092 2 -0.00294164397573775 236357391 236413446 56055
1 1902 rs946261 203157873 1 0.0029384732813871 203151176 203157873 6697
1 2391 rs6679031 240490119 2 0.00292869753698317 240466440 240511965 45525
1 1809 rs606149 193921548 1 -0.00290699101569773 193849656 193929977 80321
1 1052 rs355644 91504195 1 0.00290494492537891 91444533 91517927 73394
1 549 rs343376 42693597 5 0.00288056063024792 42618740 42797765 179025
1 508 rs4284229 38850304 2 0.00287801193462703 38848996 38861996 13000
1 2272 rs1693210 233800613 2 0.00287571055948386 233775512 233813072 37560
1 1948 rs17021877 206652404 1 -0.00280086208458568 206652404 206656292 3888
1 1971 rs6704329 208461343 2 -0.00279718698379065 208461343 208529031 67688
1 1738 rs2296713 183909717 1 0.00276261748698147 183843104 183929771 86667
1 959 rs4512695 81828029 1 -0.0027386915358959202 81770597 81831533 60936
1 2032 rs320424 213703223 2 -0.00273456547083911 213703223 213746770 43547
1 2171 rs17522524 226829990 2 0.00273252966594229 226817467 226865254 47787
1 1258 rs3393 112042149 2 0.00272728420256181 112042131 112062212 20081
1 2074 rs12048695 216962893 3 -0.00271926197154202 216962893 216965834 2941
1 218 rs4661607 15537858 5 -0.00271911816238928 15509852 15550525 40673
1 643 rs1755588 55044940 3 0.00269431890592677 55033869 55064980 31111
1 703 rs12145683 58817583 3 0.00267839922446772 58811791 58859197 47406
1 2037 rs1588374 213873500 1 0.00267730018730849 213866694 213925444 58750
1 2337 rs11587851 237401055 3 0.00266034061306814 237382689 237401055 18366
1 40 rs10915535 4491460 2 0.00265565219001989 4441089 4493215 52126
1 1473 rs7521304 160342015 2 -0.00265132923564766 160342015 160342944 929
1 2094 rs17047306 218243697 1 -0.0026365730073895 218198668 218243697 45029
1 927 rs11811709 78714834 2 0.00263174804288664 78574129 78714834 140705
1 112 rs390468 8274018 3 0.00263056764652025 8274018 8285186 11168
1 1229 rs6537837 110119732 8 0.00259755608236496 110082886 110173775 90889
1 2303 rs6586361 235119382 1 0.00259375350623427 235119382 235119382 0
1 1448 rs2859971 158740662 2 -0.0025740268836996 158729346 158741091 11745
1 592 rs2282361 48240005 2 -0.00257371614211491 48236425 48282376 45951
1 127 rs9442562 9367908 4 0.00256490628147682 9367908 9392728 24820
1 585 rs3125630 47767914 1 -0.00256057847778786 47676233 47820192 143959
1 1549 rs1501494 165293002 1 -0.00255494999578774 165286141 165317996 31855
1 2061 rs975994 216047658 4 -0.00255118685677443 215974257 216054086 79829
1 1224 rs4970827 109748547 3 -0.00252305681541058 109745618 109807099 61481
1 412 rs267720 30497242 1 0.00251633218799862 30487342 30524419 37077
1 1494 rs35284289 161736209 1 0.00250911109867326 161710795 161943634 232839
1 221 rs7554324 15644729 1 -0.00250014966177842 15644729 15680451 35722
1 1230 rs11102001 110299691 3 0.00249239906456929 110253241 110300441 47200
1 379 rs4659431 26658391 1 -0.00247261839560586 26578233 26676257 98024
1 529 rs11208057 40885832 2 0.00246911469977653 40827598 40885832 58234
1 219 rs4644485 15566803 2 -0.00246362197554155 15558938 15566803 7865
1 1199 rs1335051 107658862 3 -0.00245341868523735 107656356 107697660 41304
1 1110 rs7513333 97663530 2 0.00244130329712728 97635212 97721392 86180
1 729 rs10889175 60901523 1 0.00243598398971338 60876146 60975097 98951
1 1478 rs11265461 160630143 1 0.00243419720305864 160616703 160630143 13440
1 1751 rs10911725 185395182 2 -0.00242888965042815 185389564 185422604 33040
1 1721 rs12136955 182358944 1 -0.00242772513193082 182301508 182372452 70944
1 717 rs1470407 59714992 3 0.00240840604555854 59703738 59731843 28105
1 1374 rs1891592 151554503 5 0.00240773879704625 151542176 151632646 90470
1 271 rs6703076 18934081 2 0.00240772204030445 18914423 18934081 19658
1 185 rs2235514 14146935 1 -0.0024012505700129 14143003 14148441 5438
1 1169 rs1406135 103764640 1 0.00239709222242842 103764640 103764640 0
1 2301 rs908319 235062181 2 0.00236020826465124 235062181 235062181 0
1 1082 rs12742802 94629643 1 0.00235014079208342 94607848 94792424 184576
1 344 rs2811946 23902416 2 0.00232456205574473 23895154 23902416 7262
1 1019 rs12402858 87845112 2 0.00231990940136484 87834794 87857993 23199
1 1087 rs1027307 95173343 1 0.00230741383535485 95122518 95177368 54850
1 1816 rs339567 194842734 2 0.00229184191139797 194736589 194910993 174404
1 1361 rs1908627 147260765 1 -0.00228732255808005 147254569 147340734 86165
1 1395 rs6685323 154295592 1 -0.00228485656163166 154291718 154368928 77210
1 178 rs2999878 13786622 1 0.0022834016371687 13783354 13802373 19019
1 659 rs7520205 55834309 1 -0.00227811791690924 55798691 55852987 54296
1 192 rs7414562 14359780 3 0.00226707571734493 14358807 14372163 13356
1 1801 rs7531013 192765943 1 -0.00226474814243351 192616195 192768324 152129
1 2300 rs908329 235051501 2 -0.00226391065762558 235025575 235053709 28134
1 2331 rs11583513 237199183 1 0.0022631012298443 237194523 237200616 6093
1 781 rs17125501 64221188 2 -0.00225937594725956 64209711 64256018 46307
1 2442 rs9943068 242946169 2 0.00225523810601524 242919558 242946169 26611
1 2062 rs2576002 216139209 2 -0.00224654752622756 216064898 216143270 78372
1 1153 rs1948369 101938561 4 -0.00224344336990125 101872865 101995341 122476
1 1846 rs1325187 199217307 3 0.00223945415218704 199136768 199234743 97975
1 280 rs2024727 19274525 1 0.00223575944992519 19255671 19335792 80121
1 1256 rs1832286 111873172 2 -0.00223212238780408 111852352 111908450 56098
1 527 rs10889285 40800486 2 0.00221482140842804 40800486 40800486 0
1 1526 rs16824651 164059430 2 0.0022111204052327 163957638 164060002 102364
1 1392 rs12043556 153407572 1 -0.0022091668628856 153404808 153479998 75190
1 1734 rs3754515 183562782 1 0.00220821427469496 183562782 183696656 133874
1 2190 rs595950 229145883 2 -0.0021870335095702 229128091 229145883 17792
1 1219 rs1149155 109349019 1 0.00218662317587676 109268441 109356362 87921
1 2119 rs12032166 220608142 3 0.0021847936087157 220599845 220801974 202129
1 321 rs4654986 22138198 1 -0.00217389229459082 22138198 22141983 3785
1 1835 rs1125953 197968386 1 -0.00217146982681565 197960889 197968474 7585
1 126 rs916380 9341038 1 -0.00216693662176436 9331952 9341038 9086
1 2326 rs10925193 236829348 5 0.00216673931728528 236796979 236848751 51772
1 2424 rs12568965 242070731 1 0.00215245369036666 242048674 242070731 22057
1 1831 rs41299623 197073196 1 0.0021412299613814 196995848 197306099 310251
1 1676 rs12402994 177690971 3 -0.00213821950864966 177670577 177742007 71430
1 2103 rs2965012 218786549 1 -0.00213704947168897 218741263 218786549 45286
1 1265 rs11102347 112391809 2 -0.00213487030037356 112385547 112415201 29654
1 619 rs1288406 53558270 3 -0.00212912052581258 53542793 53570659 27866
1 1922 rs2942133 204369875 2 -0.00212301227911023 204369875 204369875 0
1 541 rs2801962 41878988 1 0.00212277829767058 41861383 41883722 22339
1 2522 rs61730474 247875313 2 0.00212098541028906 247874551 247919340 44789
1 2395 rs12403071 240620131 1 0.00212045955659641 240620131 240639611 19480
1 38 rs351619 4368819 1 0.00210504625681177 4368819 4379687 10868
1 1984 rs11119200 209176721 3 -0.00209890528461552 209121677 209195248 73571
1 1546 rs10494434 165117237 1 0.00209796163357726 165111242 165121286 10044
1 1381 rs3753451 152485227 4 -0.00208181340816809 152480654 152530510 49856
1 914 rs1498365 77149849 2 0.00206416022951319 77146173 77187595 41422
1 2185 rs2295256 228874049 1 -0.00205550895461445 228849601 228916634 67033
1 1442 rs980937 158140205 3 0.00205178288610564 158140205 158215299 75094
1 1562 rs4074897 166086171 3 0.00204625971581611 166065145 166228386 163241
1 1942 rs2185811 205596870 5 0.0020457583854433 205588637 205615442 26805
1 532 rs11208727 41170670 1 0.00204271912851158 41073802 41204569 130767
1 613 rs17394584 52034812 1 0.00203582404076214 52026384 52163537 137153
1 2214 rs853459 230725824 3 0.00203504101478689 230687711 230747290 59579
1 49 rs763238 4743704 2 -0.00203345366986914 4723046 4743704 20658
1 44 rs12080165 4596700 2 0.00202039441733408 4596700 4625696 28996
1 1914 rs3911890 204030721 2 -0.00201061788412379 204011313 204030721 19408
1 685 rs17115390 57680109 4 -0.00196603012362616 57656501 57705650 49149
1 442 rs34885668 32842319 2 -0.00195232863811036 32842319 32842319 0
1 680 rs72670315 57320444 1 -0.00195036453761169 57320444 57396014 75570
1 2088 rs265120 217592945 1 0.001940712422115 217592945 217604654 11709
1 1463 rs61823162 159785413 1 0.00193641424859577 159782181 159785425 3244
1 1647 rs7525100 173475612 3 -0.00192704775896977 173376879 173475612 98733
1 922 rs4949802 77876353 2 0.00192657807233147 77827912 77886499 58587
1 1808 rs12036144 193824708 1 -0.00190095025683649 193788485 193824708 36223
1 334 rs12734877 22977883 3 0.00189717569301757 22934644 22989745 55101
1 1058 rs10874794 92045585 2 0.00189101993533091 92030967 92080059 49092
1 644 rs2117262 55089880 2 0.00189099707307614 55085499 55103945 18446
1 934 rs6424633 79566969 2 -0.00188168932793992 79501129 79572535 71406
1 421 rs12029866 30885349 2 0.00187745655179252 30850174 30887894 37720
1 1438 rs7527735 158023515 1 -0.00187512862862331 158023515 158023515 0
1 2284 rs628407 234432465 2 0.00186051123606293 234428792 234432465 3673
1 1093 rs2148366 95420286 1 0.00185101163401807 95412967 95421315 8348
1 1098 rs7526471 95897424 2 -0.00184855710097355 95834888 95929401 94513
1 480 rs2275480 36921533 2 -0.00184232863041869 36861854 36931373 69519
1 1866 rs142356235 201046058 1 0.00183389822071363 201044097 201052199 8102
1 1496 rs10158975 162010787 1 -0.00182728731871781 161984197 162011481 27284
1 2118 rs12754802 220539533 2 0.0018069849297186 220539533 220568157 28624
1 1717 rs4523491 181999723 1 0.00179469285355496 181841744 182027022 185278
1 2162 rs3753658 226012686 5 0.00179271847865455 225970284 226015116 44832
1 2463 rs7540302 244775026 3 0.00179215932937982 244775026 244809396 34370
1 2369 rs10495437 239297423 2 0.00179120609226276 239249308 239297423 48115
1 1086 rs10782987 95119790 1 -0.0017856910440292 95119790 95120228 438
1 814 rs12135034 66646184 1 0.00177548168008606 66646184 66766222 120038
1 1986 rs6692331 209256181 1 0.00177029112983008 209239811 209291638 51827
1 1161 rs2889234 102742475 2 0.00175079317166318 102714517 102743350 28833
1 1466 rs4378200 159941535 1 -0.00174948845903423 159922959 159941535 18576
1 1870 rs11801154 201188328 1 0.00174122013539068 201176651 201188328 11677
1 222 rs4661330 15687059 1 -0.00172997965785247 15687059 15697183 10124
1 2069 rs2377098 216715514 1 -0.00172855273023075 216707012 216725118 18106
1 267 rs1360918 18805988 5 -0.00172664426361444 18793520 18808292 14772
1 41 rs10915541 4505512 2 -0.00172167858254455 4496256 4510840 14584
1 1617 rs12044570 170443579 5 0.00172066006936783 170380480 170528547 148067
1 58 rs10915310 5068210 1 -0.00171199121702888 5061217 5068210 6993
1 843 rs12039098 68765106 1 0.00170635327934404 68748015 68773120 25105
1 1369 rs6587552 151018861 2 0.00170040485367893 151006691 151129254 122563
1 524 rs12118846 40553444 2 0.00169739613926491 40499302 40584798 85496
1 2289 rs750813 234557918 2 -0.0016965691656375 234521118 234557918 36800
1 1783 rs1320748 189960204 1 0.00168805079569808 189912146 189962502 50356
1 2227 rs6700950 231340433 3 -0.00168016452240535 231340433 231416547 76114
1 1336 rs2884876 119153514 4 0.001667467369888 119029958 119253471 223513
1 1768 rs12033946 187348438 2 0.00164998789091307 187333447 187435132 101685
1 690 rs1341322 58079143 1 -0.00164546026715803 57996397 58079143 82746
1 2254 rs10910594 232831301 2 0.00164051912624721 232831301 232897068 65767
1 1700 rs4651067 180494062 1 0.00163891823506655 180235728 180523777 288049
1 700 rs17117233 58743154 2 0.00163850008143825 58722310 58743499 21189
1 1725 rs10797788 182623509 1 0.00163733602334083 182589427 182632455 43028
1 1723 rs266511 182497021 4 0.00162189139480083 182433987 182543331 109344
1 254 rs1031567 18377790 2 -0.0016135489171948 18335916 18392608 56692
1 1165 rs2616009 103409558 1 0.00159879937899601 103322312 103409558 87246
1 2179 rs12565154 228027310 1 -0.00159770212787489 228024977 228038124 13147
1 1308 rs4074536 116310967 2 0.00158942467601462 116283343 116333773 50430
1 1407 rs7365544 155068748 1 -0.0015888939185283 155031376 155086905 55529
1 891 rs730645 75118172 5 0.00157768290948231 75055419 75130289 74870
1 573 rs4233496 45763650 5 -0.00157383023306376 45710771 45763753 52982
1 169 rs630542 12206866 1 0.00157179741296342 12206866 12217852 10986
1 2398 rs10926303 240740757 1 -0.00157017725441539 240712898 240740757 27859
1 2148 rs2488513 224216822 1 -0.00155072692990858 224216822 224216822 0
1 1485 rs4233367 161163037 2 -0.00154943651205939 161068836 161188893 120057
1 536 rs3856250 41374443 1 -0.00154377674900782 41370066 41404596 34530
1 1575 rs266820 167256468 1 -0.00153595084318017 167248664 167339632 90968
1 1133 rs6656134 100017701 1 0.00153531104628973 99960670 100019269 58599
1 1697 rs10913945 180169108 1 0.0015305772871968 180138800 180177266 38466
1 1550 rs10489743 165353548 1 0.00151905921790212 165340884 165353548 12664
1 79 rs1765719 5905929 1 -0.00151660417954066 5905929 5905929 0
1 2174 rs10916066 227098588 1 -0.0015153463287624 227090500 227118912 28412
1 172 rs7521256 12600396 1 -0.00151119790171233 12600396 12600396 0
1 427 rs7555715 31183812 2 0.00151092702741162 31167561 31184368 16807
1 1279 rs4378202 113331134 1 -0.00150527118696555 113284079 113338649 54570
1 2228 rs480902 231531627 1 0.0015011027977933 231520802 231711489 190687
1 1899 rs4950914 203041457 1 0.00149825965167365 203017087 203041457 24370
1 627 rs11206170 54010926 2 0.00149421283845597 54005060 54010926 5866
1 1488 rs11585941 161312656 1 0.00148690074818871 161312656 161380911 68255
1 1885 rs1390398 201891254 1 0.00148552121605539 201888969 201918527 29558
1 1346 rs592762 120247355 3 -0.00147900218045447 120229117 120272726 43609
1 1639 rs12066143 172814855 1 0.00147890770405319 172814855 172898402 83547
1 1778 rs4551597 188764543 1 0.00147457600739205 188761359 188764543 3184
1 1689 rs9728480 179089491 1 -0.00147431314212534 178989464 179242140 252676
1 1124 rs11166056 99110208 2 -0.00146337365177763 98983135 99132070 148935
1 1627 rs10798416 171429273 1 -0.00146280006540946 171415856 171578532 162676
1 739 rs7544358 61733856 1 0.00145928210201875 61671468 61733856 62388
1 2244 rs789360 232491315 2 -0.00145778357380553 232485906 232491315 5409
1 322 rs139500146 22165963 1 0.00145722577549717 22150118 22181895 31777
1 1523 rs13374982 163772455 1 0.00145671023561866 163674732 163805912 131180
1 1164 rs582076 103250731 3 -0.00145607272726005 103145383 103255403 110020
1 2502 rs10924771 246694480 1 -0.00145163175958355 246661236 246694480 33244
1 1759 rs76602544 186368092 2 0.00144480598625237 186273994 186659125 385131
1 905 rs2992502 76611703 1 -0.00144424030798634 76610397 76658531 48134
1 777 rs2269248 64102114 1 -0.00142709692294417 64102114 64102114 0
1 1884 rs1043823 201845432 2 -0.0014210539431644 201763912 201884952 121040
1 2110 rs2820455 219596070 1 -0.00141819400084828 219596070 219604950 8880
1 1129 rs302802 99636921 1 0.00140841079945024 99566473 99647421 80948
1 1554 rs422264 165499520 1 0.0014046155611076 165480347 165534130 53783
1 2355 rs12142622 238476102 1 0.00139802527860265 238471915 238504813 32898
1 2132 rs11118882 222053234 3 -0.0013952612375897 221991112 222053234 62122
1 242 rs4920374 17872028 1 -0.00138703740281797 17872028 17872028 0
1 2149 rs7517868 224251666 1 0.00138677011087915 224237716 224268954 31238
1 655 rs505151 55529187 1 -0.00138105412595059 55523984 55638075 114091
1 522 rs17570439 40324210 1 0.00137847252744845 40302463 40389420 86957
1 817 rs6684192 66931240 3 -0.00137548959564325 66866041 66931240 65199
1 741 rs2806440 61786398 1 -0.00136627257444517 61786398 61831890 45492
1 1728 rs20559 183099560 1 -0.00136026147186711 182930085 183101582 171497
1 2127 rs9725646 221685360 1 0.00135556518242386 221579628 221694627 114999
1 2130 rs17010629 221895393 1 -0.00134980137363499 221894739 221895393 654
1 935 rs10489655 79653433 1 -0.00134803849619644 79593296 79659418 66122
1 2260 rs2273676 233219627 1 -0.0013428976023529 233200867 233236580 35713
1 1242 rs12126959 110936383 1 -0.0013323455949418 110885736 110998854 113118
1 2023 rs3122713 212799870 2 0.00133113905150977 212764844 212799870 35026
1 1985 rs6685963 209222499 1 0.00133039957040498 209211775 209234358 22583
1 1843 rs1011338 198692364 3 -0.0013160005678529 198692364 198807862 115498
1 1821 rs12073625 195730565 2 0.00131412883587469 195686601 195804144 117543
1 1852 rs1346680 199772234 1 -0.00130694648138466 199764832 199889671 124839
1 2394 rs10754705 240613766 1 0.00130628533470791 240606591 240613766 7175
1 1060 rs1555890 92160886 4 0.00130421141688339 92154088 92181670 27582
1 801 rs17127359 65593407 1 -0.00128873199782388 65543802 65593407 49605
1 936 rs7555545 79741744 1 0.00128741906828725 79729175 79755185 26010
1 1171 rs1330408 104546820 3 0.00128725265562898 104383975 104562381 178406
1 2381 rs10495447 240051340 1 -0.00128446439634175 239994906 240051340 56434
1 1763 rs2144000 186967242 2 -0.00128424626949345 186862419 186967702 105283
1 2407 rs12059322 241205433 3 -0.00128316268264895 241202525 241212923 10398
1 547 rs3856258 42473397 1 -0.00128217456815697 42390317 42487523 97206
1 2030 rs12036568 213636801 1 0.00127968673406229 213617738 213636801 19063
1 2081 rs7532636 217228116 2 -0.00127928401609627 217228116 217240584 12468
1 1352 rs4636400 145444556 1 0.00127879178181096 145394955 145548864 153909
1 1970 rs2801193 208425671 2 0.00127116551664456 208419288 208425671 6383
1 969 rs6687277 82575142 2 0.001269066436609 82575142 82577274 2132
1 2321 rs6695464 236548122 1 0.00126816002356862 236546386 236557928 11542
1 2091 rs116780033 217915416 2 -0.00126265283083311 217915416 218018956 103540
1 565 rs6682866 44578764 1 0.00126168813379391 44559401 44595410 36009
1 744 rs4915745 61947516 1 -0.00125927026479666 61947516 61966582 19066
1 424 rs525813 31058914 2 0.0012552029442564 31010302 31062295 51993
1 1281 rs6537765 113493337 2 -0.00125479613124711 113416122 113502552 86430
1 1235 rs333966 110441792 1 -0.00125417871594589 110441792 110450177 8385
1 1807 rs17376588 193655428 2 0.0012535797194815 193592394 193763292 170898
1 761 rs3949904 62848090 2 -0.00124427252667148 62848090 62898142 50052
1 1841 rs16843430 198574902 1 0.00124198714999525 198574902 198595506 20604
1 1923 rs17406271 204396728 2 -0.00123756742067131 204392257 204426373 34116
1 1727 rs6681606 182878158 4 0.00122267409796439 182784022 182878158 94136
1 1404 rs1218565 154817687 2 -0.00122144215891781 154810030 154817687 7657
1 802 rs12566696 65608909 1 -0.0012210156110055 65608909 65678454 69545
1 758 rs41309173 62740264 1 -0.0012116894926067 62724753 62765049 40296
1 440 rs11805047 32336784 3 -0.00119865839952082 32336784 32438234 101450
1 1270 rs12566649 112606027 4 0.00119666009541507 112590049 112671286 81237
1 1206 rs4378232 108208282 4 -0.00119585423011038 108095617 108214333 118716
1 721 rs10889148 60119961 2 -0.001193350642894 60019782 60173734 153952
1 2494 rs10924375 246044081 2 -0.00118320265660545 246020370 246047468 27098
1 526 rs3737821 40768344 1 0.00118144256090748 40768344 40768344 0
1 1221 rs61754640 109446750 2 0.00117869393735352 109398917 109515735 116818
1 1588 rs2235207 168159262 1 -0.00117551818667413 168090899 168159890 68991
1 105 rs12756299 7758760 1 -0.00117186338094318 7758760 7758760 0
1 2390 rs6673167 240448434 1 0.00116627066858533 240442817 240456751 13934
1 1412 rs41265043 156314497 1 0.00115748359296398 156235120 156335111 99991
1 1519 rs4657270 163378647 2 -0.00113526415178891 163351311 163440717 89406
1 1887 rs4131469 201970748 1 0.00113316377449486 201970748 202013757 43009
1 1034 rs2765524 89417695 3 -0.00113149406728652 89222420 89427252 204832
1 1067 rs4294424 93139374 4 -0.00113128700398499 92975938 93259193 283255
1 1936 rs6664679 205340269 1 -0.00112878123913327 205313647 205358741 45094
1 299 rs12139100 20501582 1 0.00112345251397173 20487743 20501582 13839
1 848 rs7541833 69184038 1 0.00112333658908127 69184038 69422680 238642
1 43 rs780983 4586606 4 -0.0011209660301928 4548088 4586606 38518
1 889 rs1022915 74907002 1 -0.00112029489390519 74907002 74941293 34291
1 958 rs12026119 81759170 3 0.0011201918113261 81698720 81766935 68215
1 1940 rs12035825 205499495 1 0.0011192596175181 205499495 205515921 16426
1 1548 rs10753668 165218792 1 0.00111103462872803 165199023 165272872 73849
1 1796 rs6676076 192405661 1 -0.00110894432220033 192370110 192405661 35551
1 8 rs2494428 2339074 1 0.00110677165577088 2327075 2339074 11999
1 1493 rs16856590 161687220 1 0.00110108221466255 161676394 161706149 29755
1 359 rs4425931 24927001 2 0.00109931773531165 24922056 24932733 10677
1 1576 rs953809 167403625 2 0.00109654703284476 167399734 167433056 33322
1 663 rs1499676 56102040 2 0.00109506356229581 56099371 56163458 64087
1 2128 rs925944 221741182 1 -0.00109109956039127 221741182 221843191 102009
1 2044 rs9970083 214457286 1 -0.00108867430864127 214457286 214507580 50294
1 2200 rs643009 229910737 1 -0.00107696526180273 229863007 229910737 47730
1 1428 rs3845580 157386936 3 0.00107375852510994 157348712 157388083 39371
1 2035 rs11120179 213825023 1 0.0010604979139352 213793240 213825023 31783
1 1895 rs4950949 202810562 2 0.0010569579412689 202694072 202810562 116490
1 562 rs3762423 44445667 1 -0.00105681950933595 44188465 44475586 287121
1 2368 rs9428818 239171877 2 -0.00105654512470573 239144913 239184630 39717
1 1909 rs3900967 203583705 1 -0.00105640495131206 203575667 203595146 19479
1 1126 rs4908084 99310398 1 0.00104553542405028 99280693 99383364 102671
1 1903 rs946258 203190240 1 -0.00104440063672644 203190240 203195877 5637
1 2383 rs17606620 240102885 1 0.0010419652143899 240102885 240102885 0
1 2005 rs115026899 210857116 2 -0.00104196341904805 210800547 210862656 62109
1 1565 rs1494428 166454802 2 0.00103986889277377 166389338 166458160 68822
1 2509 rs12066507 247221730 3 -0.00103984383339497 247196539 247267269 70730
1 1826 rs12145838 196057313 1 0.00102767916840527 196032605 196104982 72377
1 1024 rs305447 88202958 2 -0.00102346162412567 88195672 88231861 36189
1 1068 rs11164854 93443043 4 -0.00101117537834745 93269824 93466960 197136
1 1947 rs7549189 206635295 6 0.00100815088988392 206595069 206643106 48037
1 2396 rs16840284 240680957 1 0.00100446140578543 240674472 240680957 6485
1 114 rs301806 8482078 6 9.997584168165005e-4 8395560 8586563 191003
1 1287 rs7519860 114482520 1 9.9829491812694e-4 114457769 114541955 84186
1 1522 rs2486834 163535283 1 -9.981015514862624e-4 163511425 163558749 47324
1 1597 rs1015001 168626707 1 -9.934510582802869e-4 168618641 168633890 15249
1 1933 rs114050151 205027790 3 -9.925744456025314e-4 205019226 205034552 15326
1 1872 rs1772849 201280163 2 9.920750380210596e-4 201278862 201312033 33171
1 467 rs705197 34844836 1 9.904966312994977e-4 34809587 34844836 35249
1 1460 rs984553 159599414 1 9.862141955742118e-4 159595682 159629342 33660
1 2199 rs4562666 229824770 1 -9.835568985167172e-4 229824770 229850656 25886
1 850 rs4650137 69685100 1 9.824432100659227e-4 69551411 69685100 133689
1 20 rs3806164 3380057 1 9.785833279091162e-4 3362256 3397062 34806
1 230 rs2863845 16561179 2 -9.66495553477058e-4 16505320 16653299 147979
1 2523 rs1493257 247980864 1 9.571471115930952e-4 247936783 247980864 44081
1 1836 rs6667378 198000253 2 9.567136026092964e-4 197976444 198000533 24089
1 1789 rs1431144 190989756 1 -9.423416218704456e-4 190932733 191149630 216897
1 1271 rs6537730 112773825 3 9.402990909002008e-4 112707172 112787396 80224
1 1741 rs4650656 184148645 1 9.38897880565312e-4 184145642 184300717 155075
1 2408 rs2492990 241255581 1 -9.351386667844652e-4 241242629 241259007 16378
1 347 rs12744386 24168019 3 9.275309113806284e-4 24018224 24168019 149795
1 982 rs10782813 84116142 2 -9.231716580001412e-4 84057173 84116142 58969
1 537 rs2268677 41542504 6 9.183539374550236e-4 41425864 41691323 265459
1 762 rs2031373 63083289 5 9.174636989935928e-4 62931632 63199272 267640
1 1615 rs12404913 170254142 1 9.167384024412876e-4 170202563 170254142 51579
1 2311 rs4660126 236077778 3 9.166136670781364e-4 236066991 236077778 10787
1 2487 rs12401628 245767834 3 -9.136824772850454e-4 245766651 245774993 8342
1 1187 rs12039028 106243448 2 -9.13007053786317e-4 106210496 106373548 163052
1 375 rs35019869 26131638 1 9.12929739316041e-4 26131638 26242882 111244
1 1155 rs10874506 102197513 3 9.107949663246552e-4 102189250 102243101 53851
1 389 rs10902678 28268573 1 -9.091281825550108e-4 28209305 28276389 67084
1 2051 rs12747547 214962756 1 -9.041017011873836e-4 214920883 214974463 53580
1 2292 rs3951276 234633308 1 8.959017590068301e-4 234633308 234638534 5226
1 1056 rs10801851 91747006 1 -8.95778535054911e-4 91730806 91784088 53282
1 251 rs620547 18231349 1 8.941711557612236e-4 18190225 18231349 41124
1 750 rs4915778 62263416 1 -8.941159897770149e-4 62248195 62263416 15221
1 1453 rs1772408 159005649 5 8.929669605068843e-4 158996895 159021506 24611
1 1001 rs530006 85913508 1 8.906514868296772e-4 85785751 85939476 153725
1 773 rs2031885 63654902 1 -8.860290700896118e-4 63630864 63659847 28983
1 1944 rs7517009 205815992 1 -8.808783261263612e-4 205814497 205857654 43157
1 1825 rs1597732 195954813 1 8.807163773107277e-4 195927451 195956629 29178
1 65 rs490606 5337844 1 -8.795218898826438e-4 5321139 5346474 25335
1 1029 rs12041762 88641601 1 -8.748905943419122e-4 88617883 88645313 27430
1 1125 rs4545356 99173681 2 8.741207265961923e-4 99141448 99242767 101319
1 2114 rs11118454 220077320 1 8.706185559227793e-4 220075257 220098329 23072
1 1630 rs12091786 171768793 3 8.695548038991932e-4 171652583 171774483 121900
1 1181 rs12022901 105674386 1 -8.69038530701613e-4 105637914 105674536 36622
1 1770 rs16827441 187668728 3 -8.671213779588992e-4 187607223 187715194 107971
1 2256 rs4649410 232972001 1 8.635466689168201e-4 232972001 233013887 41886
1 839 rs17130529 68614320 1 -8.634273884006139e-4 68586620 68631502 44882
1 1696 rs3845391 180119544 2 -8.633642946182319e-4 179903031 180119544 216513
1 1680 rs10158522 177938712 1 8.627105518877465e-4 177938437 177991255 52818
1 564 rs7519215 44532725 2 8.622689726722331e-4 44509551 44535401 25850
1 1132 rs713265 99937037 3 8.602528735511409e-4 99853467 99937037 83570
1 993 rs9724696 85246297 2 8.590295853820864e-4 85246297 85298111 51814
1 1540 rs1890535 164829035 1 -8.537369609676078e-4 164807830 164836521 28691
1 2293 rs6673545 234653716 1 -8.476150299439116e-4 234653716 234653716 0
1 1350 rs835573 120464165 2 -8.468583849500957e-4 120437884 120505532 67648
1 224 rs6685648 15825195 4 8.426276778227573e-4 15808767 16048005 239238
1 711 rs9436174 59321745 1 8.426022669766947e-4 59321745 59330763 9018
1 2439 rs10926825 242856854 1 -8.404525237319795e-4 242855782 242856905 1123
1 1446 rs41273523 158612719 4 8.383119904685693e-4 158553332 158626378 73046
1 798 rs310219 65315298 2 8.37871807950723e-4 65190713 65356951 166238
1 1120 rs11165996 98799369 1 8.372309932097837e-4 98755006 98799369 44363
1 2203 rs6663181 230187526 2 -8.359330381186533e-4 230137518 230187526 50008
1 93 rs6698548 7317541 2 -8.356451122056493e-4 7269283 7318534 49251
1 1211 rs10494083 108448202 1 -8.326899331080967e-4 108445371 108514072 68701
1 485 rs4653210 37074351 2 8.281894033611593e-4 37074351 37074351 0
1 2009 rs12134819 211202705 1 8.219228597357807e-4 211085683 211202705 117022
1 1431 rs115493285 157485504 1 8.213882638637395e-4 157485504 157537530 52026
1 7 rs884940 2223866 1 -8.212518425549795e-4 2223866 2223866 0
1 1176 rs17021671 105083405 3 8.190962275399379e-4 104989780 105113849 124069
1 233 rs3818042 17398849 1 -8.184872455342003e-4 17314702 17417253 102551
1 1389 rs821427 153275977 2 8.080638777007568e-4 153271621 153321584 49963
1 1594 rs2419114 168537645 1 -7.985895673217238e-4 168487659 168537645 49986
1 945 rs1549555 80858466 1 7.973251440066316e-4 80823037 80858466 35429
1 215 rs4520412 15359967 1 7.965302593032119e-4 15352820 15368553 15733
1 1587 rs10489202 167903079 2 -7.940829963174879e-4 167845787 168018840 173053
1 2188 rs1341715 229018916 2 -7.92976846349709e-4 229018195 229038351 20156
1 57 rs12754637 5023321 1 -7.925253639246542e-4 5023321 5023321 0
1 1915 rs16852826 204068110 2 7.873488732121718e-4 204049354 204069838 20484
1 2462 rs3003222 244713825 2 7.872772164306475e-4 244689029 244740518 51489
1 1130 rs12083740 99725220 2 7.816921786102798e-4 99697631 99748324 50693
1 2412 rs4359023 241403497 1 -7.814544215863922e-4 241395811 241455756 59945
1 1962 rs12731740 208024820 1 -7.759684793353587e-4 207893782 208029947 136165
1 1085 rs2996284 95107254 2 7.727477733400717e-4 95085927 95110447 24520
1 675 rs7539051 57042954 4 7.725951788158554e-4 57036017 57143986 107969
1 2134 rs6604694 222172405 3 -7.702847918847054e-4 222152402 222211329 58927
1 859 rs12028771 70272063 1 -7.676051344099795e-4 70248115 70272063 23948
1 2403 rs390488 241068852 1 7.674977859385943e-4 241042131 241078810 36679
1 2270 rs1693224 233739918 1 7.671399856536286e-4 233723638 233743103 19465
1 1773 rs1548796 187831735 2 7.637855009419928e-4 187812024 187835370 23346
1 306 rs10916824 20918912 2 7.592987460885341e-4 20890149 20918912 28763
1 354 rs41268753 24669457 1 7.586819571859897e-4 24669457 24708740 39283
1 2112 rs12091627 219877265 4 -7.582889977872033e-4 219822453 219931448 108995
1 1008 rs6420970 86651803 1 -7.582468952538245e-4 86636876 86697145 60269
1 466 rs1404350 34764974 2 -7.578791502411341e-4 34734066 34796092 62026
1 39 rs639739 4389262 1 7.542725669509156e-4 4384056 4426085 42029
1 1334 rs2145419 118938522 2 -7.512773433172814e-4 118854830 118981665 126835
1 1305 rs2334915 116000680 2 -7.404816133442861e-4 115943077 116011901 68824
1 2506 rs4926465 246968455 2 7.353568849879956e-4 246960463 246973283 12820
1 1978 rs1166868 208813119 1 -7.347058428720402e-4 208813119 208813119 0
1 1174 rs12034300 104851904 2 7.303408130578786e-4 104770475 104860634 90159
1 557 rs621559 43645411 2 -7.291780235686012e-4 43587725 43687464 99739
1 1873 rs68021059 201355669 6 -7.223900023386877e-4 201322209 201359697 37488
1 108 rs12068202 7961294 2 7.208875792643245e-4 7961206 8074334 113128
1 1935 rs2275868 205277781 1 -7.177546213792443e-4 205272926 205305048 32122
1 1645 rs1342038 173301516 2 7.146671869243325e-4 173301516 173301516 0
1 1262 rs3754026 112283838 1 7.118446506223985e-4 112283838 112329551 45713
1 2031 rs320379 213677091 3 7.116111136415308e-4 213659931 213677091 17160
1 186 rs7537478 14192950 1 7.014375784471481e-4 14190669 14192950 2281
1 1745 rs10797982 184622136 1 7.003972198596721e-4 184622136 184622136 0
1 1648 rs2860909 174274349 1 -6.991375085483453e-4 173615965 174794144 1178179
1 2235 rs11584798 232066277 2 -6.961336503884998e-4 232054078 232078614 24536
1 2296 rs1753579 234837359 2 -6.954619273912869e-4 234805957 234837359 31402
1 2080 rs10863288 217193687 1 6.952651191196801e-4 217177525 217222233 44708
1 1632 rs16843795 172040583 1 -6.920401063011119e-4 171977284 172095226 117942
1 1104 rs326677 96787405 1 -6.873891076624845e-4 96624820 96819562 194742
1 672 rs12133338 56871540 1 6.851415556228684e-4 56870834 56891414 20580
1 1310 rs2488433 116526772 1 -6.849912728553538e-4 116411227 116559153 147926
1 342 rs7516962 23723935 1 -6.848356640197118e-4 23723935 23794914 70979
1 1564 rs4542197 166364063 2 6.844193844573977e-4 166331478 166364063 32585
1 1722 rs6659412 182398201 1 -6.793379928693854e-4 182397765 182406654 8889
1 1663 rs2455730 176295837 1 -6.765107127098408e-4 176001496 176295837 294341
1 311 rs10493004 21442736 1 6.760721056545462e-4 21062001 21442736 380735
1 851 rs2249487 69715220 1 6.759892180836556e-4 69711165 69789580 78415
1 938 rs12028524 80128969 1 -6.743160472037636e-4 80116138 80207928 91790
1 943 rs11162940 80605894 2 6.701362062862133e-4 80556815 80662898 106083
1 103 rs12139470 7682489 1 -6.656650539496323e-4 7682237 7684030 1793
1 2269 rs1497090 233659290 2 -6.652940008542732e-4 233655782 233696745 40963
1 661 rs6588562 56027175 2 6.58378715150681e-4 56015915 56042151 26236
1 856 rs17325299 70154480 1 6.574526021755296e-4 70047731 70155099 107368
1 158 rs148957324 11733846 1 -6.543916803812324e-4 11733846 11733846 0
1 454 rs481776 34205859 1 6.543821800221065e-4 34189429 34213077 23648
1 2512 rs17720872 247364063 1 6.471161928827457e-4 247349364 247401645 52281
1 494 rs6426015 37770623 1 -6.467713627889996e-4 37704048 37770623 66575
1 1109 rs11165779 97564650 1 6.46125868081417e-4 97469804 97603679 133875
1 1516 rs2841993 163111066 1 6.417129827840297e-4 163073502 163126417 52915
1 818 rs699252 66941200 2 6.407016847302603e-4 66941200 66972478 31278
1 1777 rs12125250 188379428 1 -6.385477982603282e-4 188379428 188484287 104859
1 160 rs2274976 11850927 2 -6.368478847573601e-4 11836450 11907648 71198
1 519 rs6703320 40145297 1 6.336230332405636e-4 40104814 40145297 40483
1 2086 rs4498862 217439859 2 6.265566249827028e-4 217421415 217507258 85843
1 689 rs11207039 57923439 1 6.199823199897395e-4 57917398 57975111 57713
1 1511 rs2032049 162833401 1 6.176445849675295e-4 162832406 162860913 28507
1 1393 rs7536700 153640827 1 -6.161198026942542e-4 153622220 153720690 98470
1 1112 rs10875076 97837564 2 6.121979158364051e-4 97814678 97878068 63390
1 873 rs1577396 72101417 1 -6.082875303636947e-4 72090075 72274473 184398
1 966 rs571361 82126526 3 6.032082179268156e-4 82126526 82199372 72846
1 933 rs1571991 79471959 3 5.974843507280674e-4 79325216 79490302 165086
1 2317 rs6689258 236296079 2 -5.957354992914992e-4 236284300 236296079 11779
1 461 rs3131529 34514486 5 5.940136351375941e-4 34477581 34525105 47524
1 2007 rs9701252 211041590 1 -5.907169740078557e-4 210978485 211047846 69361
1 2084 rs1892259 217352068 1 -5.88697766828659e-4 217352068 217352068 0
1 835 rs6588283 68299797 2 5.869429152064636e-4 68278542 68373757 95215
1 2093 rs7546902 218147297 2 5.861317734054158e-4 218111556 218162375 50819
1 598 rs2798107 48959912 1 -5.743208059280195e-4 48882926 48973519 90593
1 2217 rs699 230845794 2 5.689968744394703e-4 230818841 230863423 44582
1 136 rs11121515 10125765 1 -5.658658504017232e-4 10029913 10165301 135388
1 2379 rs2841037 239934541 1 5.613188311493359e-4 239934541 239934541 0
1 2122 rs12073837 221010205 1 -5.572605734754743e-4 220973426 221011546 38120
1 1690 rs13306729 179316687 1 -5.563990314881235e-4 179267783 179335366 67583
1 1504 rs2282397 162344102 1 5.559332931837987e-4 162338485 162344102 5617
1 506 rs2480697 38733788 1 5.524197882869111e-4 38733788 38752476 18688
1 1457 rs3027061 159186600 3 -5.480303795059141e-4 159183713 159334850 151137
1 36 rs966321 4315204 1 -5.474895283209398e-4 4315204 4341843 26639
1 1495 rs10494362 161957719 1 -5.426216102901684e-4 161957719 161967681 9962
1 2320 rs10925109 236521008 2 -5.396661995823705e-4 236465416 236521008 55592
1 942 rs11162903 80486347 1 5.383064685568596e-4 80450993 80547435 96442
1 1490 rs4657039 161462728 1 5.378124261689711e-4 161462728 161472158 9430
1 2449 rs692981 244165607 2 5.33680596968219e-4 244155946 244179191 23245
1 1033 rs1760206 89069023 1 5.298637492904578e-4 89045338 89123443 78105
1 924 rs3104467 77971047 1 5.286370257750085e-4 77912969 77980235 67266
1 975 rs389112 83172684 2 5.28304574098081e-4 83136135 83249040 112905
1 2064 rs6419476 216236311 1 5.274503387773245e-4 216219781 216236311 16530
1 324 rs7553024 22308178 1 -5.264953088637387e-4 22308178 22345093 36915
1 265 rs7523920 18730305 1 -5.255259230678063e-4 18719844 18751864 32020
1 1047 rs17131031 90854258 2 5.221765384360081e-4 90816109 90926514 110405
1 893 rs3931020 75235317 1 5.096955230341856e-4 75170143 75252764 82621
1 1859 rs3861927 200199414 1 5.09546291500891e-4 200199414 200263697 64283
1 2065 rs1544299 216264388 2 5.080909388684042e-4 216258213 216295719 37506
1 1867 rs10753891 201100482 1 5.079611392917008e-4 201081943 201105708 23765
1 1486 rs4073054 161200487 4 5.06171844812677e-4 161193683 161215212 21529
1 2092 rs966209 218108088 3 5.031482505479755e-4 218030584 218108164 77580
1 2486 rs1771492 245728083 1 5.030517659693328e-4 245728083 245745337 17254
1 422 rs6673363 30933736 3 5.024417595192469e-4 30919030 30985076 66046
1 899 rs1332783 76092166 2 5.007263518789798e-4 75998695 76092166 93471
1 553 rs6674019 43353134 1 4.994813745114281e-4 43305753 43353134 47381
1 1192 rs1330226 106843175 1 -4.985925298431276e-4 106843175 106896377 53202
1 812 rs7530150 66513674 2 4.955800946770557e-4 66496108 66539046 42938
1 2515 rs2386551 247554949 1 4.928994174166567e-4 247552084 247568051 15967
1 2476 rs6671796 245358619 1 4.912727074098359e-4 245358619 245358619 0
1 1280 rs11102555 113400990 1 -4.890745890898326e-4 113384015 113400990 16975
1 1685 rs10913588 178618316 1 4.860468408878245e-4 178594196 178626526 32330
1 1111 rs4264037 97764073 2 4.840068795475501e-4 97748929 97771947 23018
1 87 rs7549198 6709610 1 4.8398998798741794e-4 6698390 6709610 11220
1 2330 rs11582059 237148460 1 -4.828866509365207e-4 237137760 237151125 13365
1 1994 rs3817870 209849002 1 -4.737561276659884e-4 209844517 209872590 28073
1 1579 rs1737487 167523387 1 -4.689391440578398e-4 167523387 167530546 7159
1 1573 rs6427069 167124834 1 -4.6594221632914194e-4 167103023 167136728 33705
1 617 rs6664794 53234874 1 -4.643482847683982e-4 53143271 53374666 231395
1 292 rs1317209 20140036 1 -4.63128157443952e-4 20140036 20140036 0
1 320 rs61749350 22030884 2 4.6293533166097373e-4 21997282 22127992 130710
1 2208 rs12757317 230419308 1 4.6058336965896786e-4 230415148 230435991 20843
1 681 rs582317 57413768 1 -4.5955384533547823e-4 57413768 57416335 2567
1 737 rs4620575 61574660 1 -4.589180865341638e-4 61567939 61629453 61514
1 1360 rs999095 147210227 1 4.5482472961042513e-4 147194005 147236233 42228
1 618 rs1288386 53535478 1 4.5321043954323173e-4 53476970 53535499 58529
1 1569 rs12029367 166832809 5 -4.5304526432234527e-4 166826655 167017409 190754
1 2153 rs12025142 224876101 2 4.530038173685457e-4 224836514 224907780 71266
1 590 rs6660568 48082491 2 4.514838981477787e-4 48066171 48085268 19097
1 997 rs541897 85438243 1 4.508272480384521e-4 85420044 85556791 136747
1 724 rs11207523 60302414 1 4.507954387768212e-4 60275095 60430348 155253
1 951 rs7411120 81161881 2 4.504202468805821e-4 81161337 81196872 35535
1 2195 rs238102 229483148 1 -4.468656795494991e-4 229483148 229508905 25757
1 907 rs4949624 76732617 2 -4.464836633715364e-4 76732617 76756343 23726
1 1961 rs6691117 207782931 1 4.459155317307412e-4 207748793 207875175 126382
1 2121 rs7537305 220956012 1 4.3995682258715223e-4 220900396 220964537 64141
1 731 rs1381170 61162222 2 -4.3847829930385943e-4 61157162 61235684 78522
1 1710 rs591650 181384078 1 -4.373886796809149e-4 181372624 181384078 11454
1 1726 rs10797793 182746231 2 -4.373518217932506e-4 182674978 182746231 71253
1 1307 rs7521023 116243380 1 -4.361279133203675e-4 116214846 116260604 45758
1 2313 rs1041111 236154012 1 -4.3547739119400306e-4 236141174 236157277 16103
1 446 rs10914632 33361287 1 0.00043405287437401323 33256884 33409551 152667
1 235 rs2977265 17503210 1 -4.3307490080685465e-4 17503210 17503210 0
1 586 rs6695969 47927545 3 4.322797906268728e-4 47861163 47938129 76966
1 2177 rs16847833 227626662 1 -4.321167043915583e-4 227622011 227673227 51216
1 1724 rs1144566 182569626 1 4.319398349388122e-4 182554557 182569626 15069
1 264 rs12566510 18705694 2 4.313677029329016e-4 18705694 18709741 4047
1 1670 rs12128612 177158631 2 4.3134968253450345e-4 177088703 177162809 74106
1 652 rs6682884 55474325 2 4.302779539334565e-4 55457815 55474325 16510
1 1737 rs9425322 183834061 1 -4.271778834345792e-4 183798877 183837032 38155
1 1715 rs199922 181735033 1 4.258391124053714e-4 181638511 181741301 102790
1 2473 rs945951 245329981 1 -4.194976636731637e-4 245316219 245329981 13762
1 2226 rs9431660 231311867 1 4.148345395899888e-4 231301889 231316174 14285
1 1022 rs12127587 88090813 1 -4.137321051625446e-4 88083782 88115934 32152
1 2156 rs1506071 225203129 1 -4.1349732164028665e-4 225026240 225289188 262948
1 1650 rs10489328 175113118 1 4.1072120536303784e-4 175090414 175125036 34622
1 2247 rs10910527 232599189 1 4.103736921250851e-4 232568041 232638674 70633
1 550 rs7418303 42876696 1 -4.094450948406637e-4 42806191 42880516 74325
1 987 rs11163907 84597396 3 -4.0941489972335494e-4 84548284 84722166 173882
1 1194 rs4440890 107110129 2 4.07258078087272e-4 106984123 107157877 173754
1 388 rs2474301 27773902 7 -4.045038377769195e-4 27773902 27800482 26580
1 2431 rs12097667 242547948 1 -4.025938262854305e-4 242546333 242555949 9616
1 552 rs12141653 43135438 2 3.990499828853666e-4 43101562 43297082 195520
1 2298 rs4626924 234909298 1 3.983834982738026e-4 234909298 234909298 0
1 2137 rs17461806 222584505 2 3.977900232842364e-4 222584505 222595058 10553
1 1559 rs4656467 165871705 1 3.940907151025941e-4 165831128 165896757 65629
1 1893 rs10465591 202308344 1 -3.9283998109514433e-4 202228042 202570776 342734
1 1016 rs12035326 87739930 1 -3.8758802509401385e-4 87702635 87746998 44363
1 1483 rs10908813 160895847 2 3.8608301607358345e-4 160846284 160921230 74946
1 1301 rs910330 115835500 3 3.844423566210552e-4 115829313 115857251 27938
1 2504 rs6683786 246840223 2 -3.8419682819666766e-4 246840223 246844066 3843
1 1863 rs7535122 200672699 1 3.841060588964913e-4 200672410 200852820 180410
1 2411 rs6662036 241388129 1 -3.831182106939104e-4 241356618 241388129 31511
1 2157 rs12564045 225449050 11 3.794741558997292e-4 225340241 225541372 201131
1 1602 rs882126 168907072 2 3.790883479074859e-4 168907072 168961407 54335
1 1341 rs3765949 119936263 1 -3.788598281179208e-4 119908763 119991429 82666
1 1772 rs6664686 187757027 2 3.787726191219754e-4 187757027 187757027 0
1 1813 rs4291483 194407083 1 3.786855855747959e-4 194377156 194416810 39654
1 1853 rs4465241 199963622 3 3.784962400908991e-4 199925306 200007432 82126
1 1193 rs7514699 106972853 1 3.7569166090838715e-4 106945362 106972853 27491
1 168 rs501525 12180805 1 -3.732398712659948e-4 12180805 12189561 8756
1 1657 rs2179158 175585503 1 -3.7300535564059817e-4 175581146 175585503 4357
1 1191 rs12568304 106792422 1 3.728425421532547e-4 106781612 106840774 59162
1 2520 rs1144815 247781569 1 3.714031931295552e-4 247745227 247781569 36342
1 1237 rs10127659 110619665 1 3.706157201070417e-4 110517396 110619665 102269
1 303 rs10799633 20740016 1 3.6808043472330663e-4 20717763 20745485 27722
1 315 rs4654947 21805048 2 -3.676662803775299e-4 21785981 21823292 37311
1 1802 rs4140450 192845807 1 3.5998868196953314e-4 192818018 192886814 68796
1 1355 rs17159890 146628374 1 3.594760300658496e-4 146589758 146757923 168165
1 1720 rs6659875 182259826 2 -3.579656479068947e-4 182226964 182269701 42737
1 1544 rs1343316 165018803 1 3.576043590181604e-4 165018803 165018803 0
1 525 rs6600323 40743727 4 3.5687309441100805e-4 40626918 40759231 132313
1 861 rs3767210 70651979 1 -3.56812670149462e-4 70541127 70715884 174757
1 2393 rs9729181 240600551 2 -3.5530248119357635e-4 240586392 240603534 17142
1 2531 rs4244187 248493511 1 -3.548568774866499e-4 248415662 248496863 81201
1 88 rs17029909 6882189 1 -3.5285166785938016e-4 6795230 6886649 91419
1 1106 rs1555543 96944797 1 -3.456279494713077e-4 96888650 97023641 134991
1 68 rs9660967 5581798 1 3.449735737927094e-4 5580192 5623965 43773
1 2389 rs12037713 240394879 1 3.447728312812288e-4 240383334 240418702 35368
1 2015 rs6670986 211809647 1 3.434576449703585e-4 211806784 211828134 21350
1 1557 rs10918271 165704732 1 3.38934311256698e-4 165687205 165704732 17527
1 1649 rs10489329 175022406 2 3.307035665138635e-4 174971682 175087729 116047
1 2003 rs12759944 210674600 2 3.2743002656484155e-4 210660195 210699653 39458
1 682 rs34341631 57489239 1 3.265547234356284e-4 57438919 57489239 50320
1 13 rs2817178 3047252 1 3.245276949902856e-4 3047252 3047252 0
1 712 rs6664131 59396262 1 3.230856238752126e-4 59355900 59396262 40362
1 1500 rs7528328 162247779 1 3.2188412745311033e-4 162247296 162263754 16458
1 1595 rs717450 168552192 2 -3.2187808271081427e-4 168552192 168563895 11703
1 606 rs10736388 50335528 1 -3.20477664192167e-4 49436107 50577654 1141547
1 625 rs12023145 53896599 1 -3.203608423853488e-4 53877199 53952141 74942
1 282 rs2273046 19566296 1 3.154403590212021e-4 19405237 19568972 163735
1 257 rs12126587 18478269 2 3.122113750636797e-4 18461490 18478269 16779
1 1327 rs12046117 117751365 3 3.119381567232406e-4 117749809 117773202 23393
1 1931 rs2802814 204906922 1 -3.093567802781119e-4 204905920 204927136 21216
1 2348 rs6700222 238003342 1 -3.0908196115007555e-4 238003342 238003342 0
1 384 rs12755215 27333622 2 3.0773677546431e-4 27220521 27358792 138271
1 239 rs1748020 17668609 1 3.07493527635646e-4 17655407 17674537 19130
1 1467 rs2789428 159959505 1 3.0477301602880246e-4 159959505 159959505 0
1 1614 rs12145587 170188108 3 3.040005510187363e-4 170174046 170188108 14062
1 2205 rs910501 230244869 1 -3.0216869754059463e-4 230244869 230263959 19090
1 1752 rs232298 185455790 1 3.019887819085534e-4 185453884 185500084 46200
1 2277 rs12734131 234102332 2 -2.9921533890793527e-4 234098452 234110847 12395
1 2286 rs1407149 234452980 1 -2.98705067796204e-4 234452980 234452980 0
1 283 rs12133034 19622270 1 2.971423116600088e-4 19576035 19627876 51841
1 2475 rs4658446 245352307 1 -2.9327686870277614e-4 245352307 245352307 0
1 1560 rs4657493 165917109 1 2.921590157132217e-4 165917032 165998608 81576
1 1304 rs7552722 115921355 1 -2.911799154772461e-4 115921355 115921355 0
1 1003 rs7518036 86064486 1 -2.9061166121106526e-4 86035513 86064486 28973
1 2266 rs3795374 233514975 2 -2.8791974184162365e-4 233514934 233554135 39201
1 1319 rs797999 117293763 1 2.8654739334614445e-4 117263790 117293763 29973
1 1567 rs558843 166634216 5 2.8636921763394805e-4 166544158 166656798 112640
1 1990 rs6696036 209667368 1 -2.8401753582542837e-4 209619557 209685058 65501
1 1731 rs2276879 183273751 2 -2.779476433700068e-4 183255908 183279029 23121
1 977 rs876339 83340310 2 2.7779255583748e-4 83297330 83465396 168066
1 728 rs298147 60838146 1 -2.7674113516096006e-4 60794707 60848538 53831
1 135 rs1220405 9922245 1 -2.7648978462430914e-4 9922245 9922245 0
1 1294 rs378188 114742357 1 -2.7309276377024844e-4 114741351 114807559 66208
1 1784 rs1418808 190104227 4 2.7303134876480476e-4 190010245 190104227 93982
1 2505 rs7526237 246898134 1 2.7242128348383516e-4 246886265 246940442 54177
1 897 rs1249839 75818341 2 2.7071788357238514e-4 75779404 75819102 39698
1 122 rs12145292 9118596 1 2.6853434963731374e-4 9116743 9155711 38968
1 1147 rs12746449 101589082 2 2.6833425209526877e-4 101573408 101638999 65591
1 26 rs6702935 3732707 3 -2.677267085457642e-4 3732596 3748513 15917
1 228 rs11588392 16375510 1 -2.6475230046192546e-4 16373124 16375510 2386
1 920 rs6688757 77550946 1 -2.638992429648985e-4 77550431 77655651 105220
1 753 rs1332631 62496360 1 -2.6296760075625346e-4 62458463 62511933 53470
1 2147 rs7535882 224045479 1 -2.574627581875088e-4 223912748 224058273 145525
1 1609 rs6678795 169533266 1 2.563658521801177e-4 169530837 169572645 41808
1 589 rs1108866 48060089 2 -2.55508461916455e-4 48048060 48060089 12029
1 1430 rs6680515 157463366 2 -2.5344402299338055e-4 157463366 157463366 0
1 317 rs829391 21921058 1 -2.5008765989844884e-4 21914362 21925603 11241
1 1792 rs12081603 191865100 1 -2.474637541519042e-4 191667913 191866249 198336
1 1197 rs4244120 107480854 2 2.474205852534791e-4 107440872 107481837 40965
1 1074 rs17881908 94353668 1 -2.4572839064847046e-4 94185344 94353668 168324
1 366 rs443523 25403783 1 -2.4568549454749057e-4 25397967 25403783 5816
1 263 rs10465918 18701899 1 -2.437730582295968e-4 18672774 18701899 29125
1 719 rs582333 59949289 2 -2.419260586819196e-4 59894323 59951705 57382
1 1678 rs34612022 177811499 1 2.3545090946039488e-4 177788008 177822050 34042
1 563 rs6429644 44487280 1 2.3400281667223852e-4 44487280 44487280 0
1 1006 rs17128768 86507592 1 2.3366650984320056e-4 86457334 86547798 90464
1 512 rs2985774 39071272 1 -2.3274946196012784e-4 39054557 39071272 16715
1 1406 rs141845046 154987704 2 2.319151468231972e-4 154987704 155019710 32006
1 2045 rs1472444 214554980 2 2.3142161714748984e-4 214527252 214571251 43999
1 2518 rs10802515 247647970 1 2.309563301431075e-4 247622940 247701607 78667
1 460 rs533861 34463451 1 -2.3058503188906377e-4 34432484 34470308 37824
1 2434 rs10926748 242633878 2 2.2948177998178673e-4 242628042 242653512 25470
1 733 rs4915717 61383717 1 -2.282693392873967e-4 61383717 61384107 390
1 953 rs11576605 81336822 3 2.2098437666567423e-4 81315043 81336822 21779
1 2500 rs2878079 246390090 6 -2.2016951250410929e-4 246374741 246557566 182825
1 1013 rs1936280 87528599 1 -2.1536902340321267e-4 87242062 87554612 312550
1 2259 rs17453089 233157853 1 -2.149685886558657e-4 233144081 233193800 49719
1 237 rs9803868 17578553 1 2.1274574346204824e-4 17559196 17593316 34120
1 855 rs4650295 70029922 1 -2.0973825359337097e-4 69943001 70029922 86921
1 1908 rs16851527 203374751 1 -2.0954885077976673e-4 203374751 203374751 0
1 2115 rs2230301 220197625 4 -2.0918700525307272e-4 220156704 220214212 57508
1 298 rs525380 20409374 2 2.0914422615493877e-4 20373391 20434402 61011
1 2099 rs1338445 218439928 1 2.091024248588444e-4 218391681 218439928 48247
1 1063 rs10493859 92273644 2 -2.081228149642526e-4 92242568 92309916 67348
1 579 rs2025384 46967890 2 -2.06380897025869e-4 46967890 46987718 19828
1 1701 rs4652519 180549164 1 2.0357120379862912e-4 180534407 180560692 26285
1 878 rs2815749 72814783 2 2.0023711834386197e-4 72750353 72875061 124708
1 545 rs17373758 42259133 1 1.9880524487249463e-4 42202714 42261889 59175
1 90 rs7543753 7078364 2 -1.9844059106507485e-4 7055024 7119202 64178
1 774 rs10493344 63734114 1 1.9788898355215567e-4 63668754 63775056 106302
1 970 rs17489092 82755843 2 -1.9771539652718012e-4 82690006 82800233 110227
1 1037 rs928655 89849574 5 1.9663431012766772e-4 89842042 90025519 183477
1 1021 rs1888732 87987841 1 1.9535445012950717e-4 87979762 88001013 21251
1 1662 rs7525623 175885411 1 -1.9380919296003912e-4 175832217 175889627 57410
1 2223 rs10864662 231191803 1 1.926270232841612e-4 231173379 231200830 27451
1 162 rs11804222 11936514 1 -1.9203221083326208e-4 11934928 11979556 44628
1 286 rs6661421 19755204 1 1.8923895965764983e-4 19747496 19798007 50511
1 403 rs6677824 29867677 1 1.8824573536831664e-4 29865107 29867677 2570
1 1282 rs1216878 113728629 1 -1.878363322581689e-4 113657092 113728629 71537
1 692 rs3131743 58234133 1 -1.8635199092298843e-4 58208267 58234133 25866
1 898 rs6658825 75974819 3 -1.847211796913522e-4 75830438 75982426 151988
1 853 rs4650278 69904379 3 -1.845895495362677e-4 69900116 69909512 9396
1 482 rs11804163 36984734 1 -1.8253942404744308e-4 36984734 36984734 0
1 921 rs11806344 77756532 2 1.8248866392447095e-4 77696822 77822519 125697
1 2376 rs17645304 239606858 1 -1.8008396250422895e-4 239581298 239699124 117826
1 1505 rs1047802 162356487 2 -1.759964393859548e-4 162356487 162440134 83647
1 2499 rs12128836 246349328 1 1.7536147797593882e-4 246303128 246349328 46200
1 1249 rs2797537 111193595 1 1.73695308593823e-4 111193595 111219344 25749
1 145 rs7555879 10890026 1 -1.707440993864836e-4 10890026 10907842 17816
1 276 rs7549129 19119606 1 -1.671046317968722e-4 19119606 19119606 0
1 1138 rs6689305 100268991 3 1.6689946041322445e-4 100203648 100275417 71769
1 2159 rs17500944 225679697 2 -1.6626746332691427e-4 225641541 225744337 102796
1 716 rs12753566 59654019 1 -1.6550720359969856e-4 59653630 59693470 39840
1 27 rs12082157 3811810 1 1.6517647958259586e-4 3803755 3823395 19640
1 2524 rs4925724 247991609 2 1.6399291477119676e-4 247986129 248018426 32297
1 1593 rs858099 168426153 2 -1.6382912219485912e-4 168413221 168426153 12932
1 1035 rs75161612 89523911 1 -1.6179187761463523e-4 89473453 89673196 199743
1 164 rs7550536 12067044 1 -1.6083435445307168e-4 12027308 12067044 39736
1 248 rs4920642 18128532 1 1.6057590718057978e-4 18119601 18128532 8931
1 455 rs474474 34238283 1 -1.5986973698135364e-4 34238283 34238852 569
1 2175 rs6426578 227357475 2 -1.565271617700007e-4 227280641 227428406 147765
1 1051 rs1725384 91260076 1 1.5638892135173772e-4 91243376 91330027 86651
1 809 rs17448446 66217402 1 1.5501524408453223e-4 66217402 66279125 61723
1 1817 rs10921706 194929606 2 1.5501096159455238e-4 194924039 195145923 221884
1 1411 rs1052067 156206121 1 -1.5343732656716494e-4 156184268 156206158 21890
1 667 rs12409063 56432184 2 -1.5287616923186735e-4 56420527 56448410 27883
1 1175 rs11185445 104898703 1 1.4423001150069755e-4 104885169 104981506 96337
1 516 rs6422258 39406644 1 -1.4348118749960793e-4 39395883 39406644 10761
1 1551 rs283698 165375835 3 -1.4315870336449165e-4 165375835 165409095 33260
1 2445 rs10803133 243454014 1 -1.3981490887390234e-4 243454014 243498533 44519
1 883 rs12145301 74170796 1 1.3796591255345176e-4 74166048 74175290 9242
1 1803 rs842796 192902415 1 1.3668322276077846e-4 192902415 193305723 403308
1 1079 rs554931 94557357 2 1.338573346561051e-4 94544233 94560938 16705
1 214 rs6667220 15347640 3 -1.3322027651738175e-4 15339960 15347640 7680
1 2083 rs12040162 217293917 1 1.3261481584682185e-4 217272170 217308047 35877
1 875 rs6661979 72458685 2 -1.3229460357825994e-4 72402880 72500375 97495
1 674 rs1930760 57007539 1 -1.321119268914321e-4 56965664 57016862 51198
1 1443 rs3181029 158219965 1 1.2923589841726312e-4 158219965 158361101 141136
1 931 rs7524036 79158657 1 1.2866459422082103e-4 79131805 79217345 85540
1 1261 rs4839154 112156965 1 1.2686937256362708e-4 112140475 112245587 105112
1 2489 rs1538961 245826977 1 -1.215152425490498e-4 245819228 245840409 21181
1 2089 rs10495060 217727217 1 1.21141456776072e-4 217680035 217762620 82585
1 1434 rs7524095 157879294 1 -1.2033815650152036e-4 157840353 157879294 38941
1 948 rs3737936 81006304 1 1.1734018048614634e-4 80970978 81059253 88275
1 212 rs12409399 15317488 1 -1.1529765637167356e-4 15317488 15320449 2961
1 498 rs6687329 38127154 1 1.1277268894647472e-4 38117142 38135687 18545
1 2426 rs10803015 242243178 1 -1.1246565823975788e-4 242243178 242293918 50740
1 2018 rs3010004 212152173 2 1.1231894771846363e-4 212152173 212332294 180121
1 632 rs637590 54461703 1 1.1121873260978594e-4 54375348 54482915 107567
1 220 rs572953 15609117 1 1.111420338661668e-4 15583819 15610004 26185
1 558 rs10493115 43707283 1 1.0968376450162268e-4 43695653 43748763 53110
1 2067 rs12134474 216446653 1 -1.084687163577896e-4 216446653 216630596 183943
1 2418 rs3007738 241720543 1 -1.0616978544028316e-4 241720543 241730054 9511
1 2239 rs9662895 232278540 2 -1.0294341252143224e-4 232277313 232311020 33707
1 2022 rs1331060 212702656 1 1.0256562526994436e-4 212693423 212747117 53694
1 2491 rs12045474 245924864 1 -1.0054554049803976e-4 245882414 245924864 42450
1 1491 rs2099684 161500130 1 -1.0029370950836152e-4 161500130 161500130 0
1 293 rs3806308 20142866 2 9.936556573536025e-5 20142681 20144332 1651
1 1025 rs2503273 88273790 2 9.919080455404496e-5 88257998 88273790 15792
1 1166 rs12731843 103491461 1 -9.880147939630964e-5 103420053 103548497 128444
1 1487 rs9651049 161258972 2 -9.72331837049391e-5 161239471 161272441 32970
1 1633 rs583578 172156886 1 9.645454921746688e-5 172134682 172186729 52047
1 676 rs9803799 57180072 1 9.597266513479648e-5 57180072 57180072 0
1 481 rs11263901 36960626 1 -9.371675668273005e-5 36937878 36960626 22748
1 1380 rs2146118 152412196 1 9.363318396027334e-5 152316590 152434009 117419
1 881 rs6660036 73390986 2 9.301975799194002e-5 73317559 73625777 308218
1 1179 rs4483421 105341180 1 9.21037330058214e-5 105341180 105341180 0
1 1651 rs2269650 175129691 1 9.193197218286718e-5 175129691 175162805 33114
1 89 rs6688732 6929760 1 -9.043815358278328e-5 6903599 7029262 125663
1 930 rs1333969 79090654 1 9.037822907944192e-5 79079566 79107140 27574
1 2490 rs3820246 245849729 1 9.019941980116628e-5 245849191 245849729 538
1 995 rs4907110 85371265 1 9.000868647184433e-5 85366164 85371391 5227
1 1088 rs1146267 95220161 1 8.943581742056942e-5 95207524 95279945 72421
1 418 rs4372305 30738480 1 -8.89377355983705e-5 30737443 30742979 5536
1 96 rs11120919 7482205 1 -8.794150149086811e-5 7448154 7482205 34051
1 134 rs11674 9811541 1 -8.665010362582808e-5 9804693 9842576 37883
1 1589 rs6702896 168183410 1 -8.652546803471517e-5 168182443 168258380 75937
1 1598 rs7542028 168687822 1 -8.614569192137042e-5 168665974 168692615 26641
1 1441 rs12088518 158073254 1 8.195124131459082e-5 158073254 158073254 0
1 217 rs4661582 15482932 1 -8.111284797008355e-5 15438990 15504073 65083
1 1824 rs4295871 195916887 1 -8.043606207946662e-5 195915909 195916887 978
1 70 rs945322 5684301 1 -7.938731146829392e-5 5679441 5684301 4860
1 31 rs10915659 4092949 1 7.934049905837084e-5 4091650 4092949 1299
1 1996 rs6674507 210066145 1 -7.730808759247108e-5 210043483 210134548 91065
1 1850 rs6691743 199531025 1 7.61311382183443e-5 199471616 199557306 85690
1 1844 rs6701884 198837151 1 -7.6015197870724e-5 198837151 198934601 97450
1 638 rs12564882 54794930 1 -7.420934567099754e-5 54794819 54826187 31368
1 82 rs6703057 6187086 1 7.35277419922597e-5 6187086 6190215 3129
1 501 rs6600436 38469500 1 7.127737209419328e-5 38469500 38522092 52592
1 1861 rs6688734 200535312 1 7.026880451427474e-5 200481934 200575794 93860
1 376 rs2736831 26357656 1 6.998802898551442e-5 26266697 26376607 109910
1 1311 rs74884121 116675909 1 -6.945469519765551e-5 116581479 116675909 94430
1 1359 rs1344 147119273 1 -6.925819840781163e-5 147119273 147166377 47104
1 886 rs717830 74376663 2 6.906310135749324e-5 74376663 74454701 78038
1 694 rs1202822 58346207 1 -6.733563006805137e-5 58314187 58376778 62591
1 1228 rs3738773 110048527 1 -6.706443476539749e-5 110048436 110048527 91
1 1830 rs41310132 196928188 1 6.680278950555997e-5 196844593 196929310 84717
1 633 rs12095916 54588636 1 6.646399586306475e-5 54505437 54592897 87460
1 546 rs2993120 42350837 1 6.552364572659375e-5 42296145 42350837 54692
1 54 rs6426440 4914910 2 6.483069745490436e-5 4906783 4928187 21404
1 187 rs9287293 14208571 1 6.44266949778386e-5 14208571 14225175 16604
1 727 rs1381888 60667904 1 -6.345644226535912e-5 60597914 60730938 133024
1 679 rs947639 57273172 1 -6.273074979889915e-5 57273172 57273172 0
1 996 rs1325278 85400182 1 -6.27291157765879e-5 85396158 85402997 6839
1 574 rs1494813 45957290 1 -5.804729959011308e-5 45800156 45957290 157134
1 985 rs12728368 84290288 2 -5.445146743840629e-5 84254551 84310193 55642
1 327 rs2807348 22533106 2 5.403482967800274e-5 22495215 22533106 37891
1 2508 rs55762230 247151487 2 5.365822699121182e-5 247142532 247173682 31150
1 2357 rs10925637 238560794 1 5.152363298575167e-5 238544006 238560794 16788
1 42 rs12140626 4533632 2 5.0532469754361464e-5 4533632 4535148 1516
1 2220 rs12038826 230922951 3 5.0273442484606665e-5 230922951 230959250 36299
1 1561 rs4074017 166036621 4 -5.023515708077117e-5 166011666 166044090 32424
1 190 rs12117960 14291910 2 -4.7212518377247467e-5 14281451 14297220 15769
1 1030 rs6679982 88757128 1 -4.564830180048444e-5 88661096 88823272 162176
1 2146 rs1419310 223859188 1 -4.3570869489828835e-5 223854684 223909709 55025
1 765 rs11208062 63399425 1 -4.317855239792077e-5 63396290 63401945 5655
1 2458 rs4658627 244511176 1 4.307655179576369e-5 244507827 244511176 3349
1 387 rs11247639 27679692 2 4.229539324314576e-5 27558522 27688633 130111
1 2318 rs911271 236310024 1 3.9046453371341695e-5 236310024 236329513 19489
1 699 rs515683 58648969 1 -3.793090568599589e-5 58544805 58674799 129994
1 2307 rs2841873 235743992 1 -3.464193379268632e-5 235715523 235749578 34055
1 877 rs12748679 72644585 3 -3.158349742496966e-5 72571364 72644585 73221
1 1069 rs12043577 93495280 1 -3.083435935899853e-5 93473150 93530980 57830
1 1769 rs7535036 187492543 1 3.0105745669335754e-5 187440916 187501925 61009
1 83 rs4908891 6481623 1 -2.991708049657586e-5 6352084 6494399 142315
1 337 rs2869511 23140700 3 -2.9120409177479055e-5 23134218 23171706 37488
1 1302 rs10776798 115862254 1 -2.83001103672552e-5 115862254 115871635 9381
1 1424 rs11264631 157176781 1 2.6582168941051545e-5 157176781 157176781 0
1 2109 rs6704463 219547825 1 2.562234625698254e-5 219530826 219586415 55589
1 243 rs12049589 17899151 1 -2.232324813794954e-5 17899151 17899151 0
1 913 rs341007 77115607 1 -2.2099300365792375e-5 77093530 77138904 45374
1 790 rs705551 64737015 1 2.2059955895866944e-5 64737015 64827193 90178
1 2275 rs16859773 234016310 2 -2.201028422003131e-5 233988285 234033331 45046
1 2370 rs4659904 239317135 1 2.1558068038172704e-5 239305236 239321213 15977
1 1797 rs12568724 192417494 3 2.1112327299867327e-5 192417416 192461456 44040
1 2343 rs1817410 237760083 1 -1.97167882168368e-5 237711457 237760083 48626
1 1612 rs12135726 169824104 4 1.9408036939244037e-5 169749154 169905053 155899
1 171 rs7546794 12336147 2 1.8022286750284455e-5 12316584 12480504 163920
1 1195 rs1519883 107291768 1 -1.5528661776998473e-5 107175696 107387406 211710
1 1214 rs538717 108739705 2 1.5522529067958082e-5 108698658 108753833 55175
1 252 rs661977 18272751 1 -1.494663067225453e-5 18268281 18272751 4470
1 1356 rs4950394 146767149 1 -1.235483189786595e-5 146767062 146858964 91902
1 806 rs1171279 65988493 1 -1.1594297038714817e-5 65946506 66053148 106642
1 116 rs12135416 8910347 1 1.0080997911768832e-5 8906301 8978514 72213
1 1212 rs4915093 108572106 1 9.535507301913076e-6 108554161 108635284 81123
1 1303 rs10776801 115882541 1 -8.490495633581894e-6 115882541 115895838 13297
1 1055 rs404716 91628655 1 -8.063192667281384e-6 91602551 91658368 55817
1 1838 rs1233827 198043697 1 -6.247317953202116e-6 198042715 198095880 53165
1 1266 rs605604 112433863 1 5.541181648380377e-6 112428953 112437344 8391
1 2448 rs559080 244096047 1 2.190139033330464e-6 244060651 244102151 41500
1 2435 rs2342271 242663273 1 9.790509373553e-7 242663273 242673570 10297
1 2076 rs1436900 217058479 2 -8.706679800548787e-7 217058479 217058479 0
